0 0.0
10 1.0574563146886056
20 0.22703790336159033
30 1.3097510522005131
40 0.05831579483483527
50 1.7945842136728265
60 1.0632572658473018
70 0.0
80 1.6090015157036535
90 0.36372472679672185
100 0.06097068847306988
110 0.0
120 1.7177017111654094
130 0.0
140 0.0
150 1.7945842136728265
160 1.230605954208413
170 0.5804742439257133
180 1.688301430740037
190 0.0
200 0.0
210 0.0
220 1.7945842136728265
230 1.6554409906160008
240 1.7945842136728265
250 0.0
260 0.0
270 0.21605218314899016
280 1.7945842136728265
290 1.7945842136728265
300 0.6655771533928817
310 1.7945842136728265
320 0.0
330 0.5528866294690233
340 0.0
350 1.1881848850992551
360 0.0
370 0.0
380 0.6557007662217706
390 1.7945842136728265
400 1.7945842136728265
410 0.0
420 0.0
430 0.0
440 0.9676762667393263
450 0.18182144271775535
460 1.7945842136728265
470 0.0
480 0.0
490 1.7945842136728265
500 0.0
510 1.7945842136728265
520 1.0838423355655102
530 0.9991717452172569
540 0.0
550 0.0
560 1.7945842136728265
570 1.2205911042926443
580 0.0
590 0.9719871004219195
600 0.9262742597373966
610 1.7945842136728265
620 0.0
630 0.0
640 0.0
650 1.7365363452666953
660 1.7945842136728265
670 1.4926271850363941
680 1.5967589438245218
690 0.0
700 1.4221709613881435
710 0.0
720 0.0
730 0.0
740 0.0
750 1.7945842136728265
760 0.0
770 0.3947623738917331
780 0.9681896603891624
790 0.0
800 1.7945842136728265
810 1.1131600452395685
820 0.0
830 1.2504508645715244
840 1.7945842136728265
850 0.0
860 1.3301846681115683
870 0.0
880 1.7945842136728265
890 0.8277391366122043
900 0.0
910 0.0
920 0.0
930 1.0245590940075189
940 1.5445668135700399
950 0.0
960 1.7945842136728265
970 1.7945842136728265
980 0.0
990 0.6652043206948468
1000 1.7945842136728265
1010 1.7945842136728265
1020 1.3626091677616325
1030 0.0
1040 0.0
1050 0.0
1060 1.7945842136728265
1070 0.0
1080 1.7945842136728265
1090 0.0
1100 0.0
1110 1.7945842136728265
1120 0.0
1130 0.0
1140 0.48774604753496925
1150 0.0
1160 0.24531085960622034
1170 0.3852141291264877
1180 0.6047011062689238
1190 1.0684252372057426
1200 0.6377325971494598
1210 0.48298123780877456
1220 0.0
1230 0.0
1240 0.0
1250 0.7540036431692217
1260 0.0
1270 0.0
1280 0.0
1290 1.2460643207893887
1300 0.0
1310 1.7019429838276445
1320 0.0
1330 0.0
1340 1.4462081252137473
1350 0.0
1360 1.1056073265312847
1370 1.0889414922770646
1380 0.0
1390 1.5069224594926525
1400 0.18742976834540215
1410 1.7945842136728265
1420 0.0
1430 0.0
1440 0.2903095515346242
1450 0.0
1460 1.503948285075237
1470 0.0
1480 0.0
1490 0.9607630954983153
1500 0.0
1510 0.0
1520 0.8289657247897865
1530 0.0
1540 1.7603825830137287
1550 0.034821380708507293
1560 1.7945842136728265
1570 0.370687666813653
1580 0.0
1590 0.0
1600 0.0
1610 0.0
1620 0.0
1630 0.2829568207560624
1640 0.0
1650 1.7945842136728265
1660 0.0
1670 0.0
1680 1.7945842136728265
1690 0.1508474746936091
1700 0.0
1710 0.0
1720 0.0
1730 0.0
1740 0.0
1750 1.243602728078247
1760 0.0
1770 0.042346394804701024
1780 0.36766145166058745
1790 0.0
1800 0.0
1810 0.0
1820 0.18254809382644224
1830 0.0
1840 0.0
1850 0.0
1860 1.7945842136728265
1870 0.0
1880 1.5130622132330502
1890 0.26500136595618334
1900 1.7945842136728265
1910 0.0
1920 1.4221709613881435
1930 0.02584868343920641
1940 0.0
1950 0.0
1960 0.0
1970 1.4482206348933429
1980 1.7945842136728265
1990 0.0
2000 0.039325095920943014
2010 0.0
2020 1.7945842136728265
2030 0.0
2040 0.0
2050 1.7945842136728265
2060 1.7945842136728265
2070 0.0
2080 0.9318607446018445
2090 1.7365363452666953
2100 0.0
2110 0.19964834078611715
2120 0.0
2130 0.4175771947820982
2140 1.629983393757555
2150 1.688301430740037
2160 0.0
2170 1.7945842136728265
2180 0.0
2190 0.7348135101112439
2200 1.7945842136728265
2210 0.0
2220 1.7603825830137287
2230 0.0
2240 1.7945842136728265
2250 0.0
2260 0.0
2270 1.0866606727881503
2280 0.0
2290 0.7438009622071443
2300 0.0
2310 0.5270048850498551
2320 0.0
2330 0.0
2340 1.7945842136728265
2350 0.0
2360 0.9218034013290064
2370 0.21497341574427026
2380 1.6463250823721007
2390 0.0
2400 1.5803542840253075
2410 1.4523264140219725
2420 0.0
2430 0.47171620688368837
2440 0.6957715988814526
2450 1.7945842136728265
2460 0.5700862230415082
2470 1.7945842136728265
2480 1.7177017111654094
2490 0.026878581897219523
2500 0.2056939820876904
2510 0.7334521805669348
2520 0.3071941043746313
2530 1.6225814611084937
2540 0.0
2550 0.5998978371548669
2560 0.5353793593018958
2570 0.9804791645326161
2580 0.0
2590 0.0
2600 1.7945842136728265
2610 1.7945842136728265
2620 0.36869080984013675
2630 0.0
2640 1.7945842136728265
2650 0.0
2660 0.0
2670 0.39503931404135073
2680 1.7945842136728265
2690 0.0
2700 1.1052982791481605
2710 1.7945842136728265
2720 0.0
2730 1.4122036222133285
2740 1.106847939355875
2750 1.5753173578964819
2760 0.13867338689811914
2770 0.0
2780 1.7945842136728265
2790 1.7945842136728265
2800 0.0
2810 0.0
2820 1.7945842136728265
2830 1.6027313439949988
2840 1.7945842136728265
2850 1.7945842136728265
2860 0.0
2870 0.22207371510998578
2880 1.7945842136728265
2890 0.3486535366903308
2900 0.0
2910 0.8747055471312696
2920 0.0
2930 0.24159031817191393
2940 0.10327316700602453
2950 0.0
2960 1.2233212544100738
2970 0.0
2980 0.0
2990 0.7651193881627942
3000 1.7945842136728265
3010 1.4872797456505225
3020 1.291429284848148
3030 0.2450548049037386
3040 1.7945842136728265
3050 0.0
3060 1.7945842136728265
3070 1.7945842136728265
3080 0.0
3090 1.427399788135041
3100 1.7945842136728265
3110 0.0
3120 0.0
3130 0.0
3140 1.7603825830137287
3150 0.0
3160 0.0
3170 0.4716765540757481
3180 0.02409063224856834
3190 0.0
3200 0.0
3210 1.6463250823721007
3220 0.20254424085477565
3230 0.0
3240 0.0
3250 0.0
3260 0.7928303544316164
3270 1.7603825830137287
3280 0.0
3290 1.7945842136728265
3300 0.23997575543991595
3310 1.1693232580682316
3320 0.0
3330 0.0
3340 0.5864759127801742
3350 1.7945842136728265
3360 0.0
3370 1.7945842136728265
3380 0.9898338297558094
3390 0.0
3400 0.0
3410 0.25935429407779487
3420 0.0
3430 1.7945842136728265
3440 0.0
3450 0.0
3460 1.7365363452666953
3470 0.21663348753961406
3480 1.7945842136728265
3490 0.0
3500 1.1080956972729603
3510 0.0
3520 1.7945842136728265
3530 1.7945842136728265
3540 1.047229485947921
3550 0.0
3560 0.0
3570 0.0
3580 0.0
3590 1.3511040210477367
3600 0.0
3610 0.4488234702515864
3620 0.2309024475312547
3630 1.7945842136728265
3640 0.0
3650 1.7945842136728265
3660 0.0
3670 1.389694158977833
3680 0.0
3690 0.7381648480859121
3700 0.0
3710 1.1128400155678806
3720 1.7945842136728265
3730 0.8643248131321807
3740 1.6156043255000954
3750 0.24841725089164224
3760 1.7945842136728265
3770 1.4608841039641813
3780 0.0
3790 0.6537686007574728
3800 0.6678846795570446
3810 0.0
3820 0.9788645911258671
3830 0.3984419375905284
3840 0.0
3850 1.6156043255000954
3860 1.7945842136728265
3870 0.0
3880 0.0
3890 0.9658027692793135
3900 0.0
3910 0.0
3920 0.0
3930 1.7019429838276445
3940 0.013649771620136244
3950 1.7945842136728265
3960 0.2683771419904824
3970 0.0
3980 0.0
3990 0.4748982963709121
4000 0.0
4010 0.0
4020 0.6920723875823958
4030 0.7551303847892539
4040 1.7603825830137287
4050 0.0
4060 0.1875378581458917
4070 0.29039924944234297
4080 0.24721913164214565
4090 0.0
4100 1.7945842136728265
4110 1.7945842136728265
4120 0.0
4130 1.7945842136728265
4140 0.0
4150 1.7177017111654094
4160 0.0
4170 0.0
4180 0.4202792495119156
4190 0.0
4200 0.0
4210 0.0
4220 0.0
4230 0.32126852514271803
4240 0.0
4250 0.0
4260 0.9343992085554048
4270 1.6378721185137197
4280 0.7427901971743236
4290 0.16147054329698454
4300 1.7365363452666953
4310 0.0
4320 0.0
4330 1.7945842136728265
4340 1.1304975190505882
4350 0.4684746599081607
4360 0.45416765635255485
4370 1.7603825830137287
4380 1.5568951093809416
4390 1.7945842136728265
4400 0.0
4410 0.752161020674068
4420 0.0
4430 1.409014819671244
4440 0.0
4450 0.29453579152934184
4460 0.0
4470 1.1800736524204964
4480 0.8663004741544449
4490 0.0
4500 0.0
4510 1.7945842136728265
4520 0.0
4530 0.016459731072071087
4540 1.7945842136728265
4550 0.0
4560 1.7177017111654094
4570 0.0
4580 0.15253383907604612
4590 0.0
4600 0.0
4610 0.7616454030139126
4620 0.0
4630 0.0
4640 0.0
4650 0.2327557268961197
4660 0.0
4670 1.1599105484727794
4680 0.0
4690 0.0
4700 0.0
4710 0.0
4720 0.9069272689444251
4730 0.0
4740 0.0
4750 0.0
4760 0.3389748575043587
4770 0.6809410138784904
4780 0.7673727647097452
4790 0.0
4800 1.7945842136728265
4810 1.7945842136728265
4820 0.0
4830 0.0
4840 1.7945842136728265
4850 0.0
4860 1.7945842136728265
4870 0.7101962376856896
4880 0.0
4890 1.7945842136728265
4900 0.0
4910 1.3626091677616325
4920 1.5753173578964819
4930 1.241777307739862
4940 0.11893975393264528
4950 1.3801660385329193
4960 0.0
4970 0.0
4980 0.0
4990 0.0
5000 1.7945842136728265
5010 1.5967589438245218
5020 0.7365611274932038
5030 1.5967589438245218
5040 1.4309846345870438
5050 0.0
5060 1.3106302424118472
5070 0.0
5080 1.7945842136728265
5090 0.0
5100 1.4544212760981223
5110 1.7945842136728265
5120 0.4276930835104558
5130 0.0
5140 1.5369250496606188
5150 0.0
5160 0.0
5170 1.7945842136728265
5180 0.0
5190 0.0
5200 1.7945842136728265
5210 1.1985678411636858
5220 1.7945842136728265
5230 0.0
5240 0.0
5250 1.5855938384051291
5260 1.7945842136728265
5270 1.7945842136728265
5280 0.0
5290 0.0
5300 0.5895860723501289
5310 0.21718739167326434
5320 1.7945842136728265
5330 0.0
5340 0.0
5350 1.5485533866503491
5360 1.7945842136728265
5370 0.6364645718735615
5380 0.0
5390 1.7945842136728265
5400 1.0866606727881503
5410 0.0
5420 1.0395014175766193
5430 1.1419171666301533
5440 1.7945842136728265
5450 0.0
5460 1.2272094953493586
5470 1.7945842136728265
5480 0.43996850721361735
5490 0.0
5500 0.5877477643759963
5510 0.441653190785242
5520 0.0
5530 0.0
5540 0.0
5550 0.0
5560 0.0
5570 1.0627469070992375
5580 0.0
5590 0.0
5600 0.0
5610 0.0
5620 0.0
5630 0.0
5640 0.0
5650 0.0
5660 1.2131449761745197
5670 0.0
5680 0.0
5690 0.5348825054122736
5700 0.18206361545665384
5710 0.0
5720 1.7945842136728265
5730 0.0
5740 0.0
5750 0.0
5760 1.3062771545098242
5770 1.7945842136728265
5780 1.7945842136728265
5790 1.0298025966375626
5800 0.0
5810 1.2211340611693209
5820 0.0
5830 0.0
5840 0.0
5850 0.0
5860 0.0
5870 1.009289190913204
5880 0.7001941420879259
5890 0.0
5900 0.5635867279092319
5910 0.0
5920 1.7945842136728265
5930 0.0
5940 0.0
5950 0.0
5960 0.0
5970 1.7603825830137287
5980 1.7945842136728265
5990 0.23771403240728606
6000 0.0
6010 0.0
6020 0.7942873080726848
6030 0.0
6040 0.0
6050 0.0
6060 0.0
6070 0.0
6080 0.6958392178603061
6090 1.7365363452666953
6100 1.3522200609726887
6110 1.7945842136728265
6120 1.7945842136728265
6130 0.0
6140 1.7945842136728265
6150 0.0
6160 0.0
6170 0.8994594596091039
6180 0.0
6190 0.0
6200 0.11679413867369452
6210 0.0
6220 0.0
6230 0.0
6240 0.0
6250 0.6488623529798218
6260 0.0
6270 0.0
6280 0.0
6290 0.0
6300 0.0
6310 1.7945842136728265
6320 1.7945842136728265
6330 0.11759524556198304
6340 0.7387778354111982
6350 1.7945842136728265
6360 1.1904975503505018
6370 0.0
6380 0.0
6390 1.7945842136728265
6400 0.0
6410 0.8631690963705043
6420 0.8185994539967287
6430 0.3940014251788544
6440 0.0
6450 1.7945842136728265
6460 0.0
6470 0.5514325321098712
6480 1.0965216615192086
6490 0.0
6500 0.0
6510 0.0
6520 0.0
6530 0.0
6540 1.7945842136728265
6550 0.859388420137217
6560 1.3626091677616325
6570 0.0
6580 0.0
6590 0.0
6600 1.7945842136728265
6610 1.183638244949854
6620 1.7603825830137287
6630 0.12194232602481575
6640 0.0
6650 0.39248231557206203
6660 1.5526600837076778
6670 0.0
6680 0.2591522134832522
6690 0.9213747400799219
6700 1.026729692783298
6710 0.5719473314562229
6720 1.4699533804150562
6730 1.7603825830137287
6740 0.0
6750 0.0
6760 0.34649485126064017
6770 1.0877981381659365
6780 1.7945842136728265
6790 0.0
6800 1.5485533866503491
6810 1.6027313439949988
6820 1.7945842136728265
6830 0.0
6840 1.0900908033369952
6850 0.9675053690848234
6860 1.629983393757555
6870 0.9315637218157946
6880 0.0
6890 0.0
6900 0.0
6910 1.4122036222133285
6920 0.0
6930 0.0
6940 1.7945842136728265
6950 0.0
6960 0.0
6970 0.5264726225266585
6980 0.0
6990 1.7945842136728265
7000 0.0
7010 1.7945842136728265
7020 1.4328082364118182
7030 0.493093818342282
7040 0.0
7050 0.0
7060 1.208504138896936
7070 0.0
7080 0.0
7090 0.0
7100 0.0
7110 0.0
7120 0.7731196900042223
7130 1.7945842136728265
7140 0.887746820737537
7150 0.0
7160 0.29956942152176713
7170 0.8708860628922731
7180 1.7945842136728265
7190 0.028411131125028778
7200 0.0
7210 0.0
7220 0.46431388615872393
7230 1.7603825830137287
7240 0.0
7250 1.7945842136728265
7260 0.0
7270 0.4220513759395114
7280 0.8977550179175584
7290 0.0
7300 0.0
7310 0.0
7320 0.11150434445215977
7330 0.0
7340 0.0
7350 1.7945842136728265
7360 0.0
7370 0.0
7380 1.4723086775531993
7390 0.0
7400 1.0974133902100842
7410 0.0
7420 0.0
7430 0.015982993515475784
7440 0.15295571224176938
7450 1.7945842136728265
7460 1.7945842136728265
7470 0.0
7480 0.0
7490 0.7704868528322415
7500 1.7945842136728265
7510 1.7945842136728265
7520 0.41213882561933035
7530 0.0
7540 1.7945842136728265
7550 1.7945842136728265
7560 0.09402278199043883
7570 1.7603825830137287
7580 1.4384102542257928
7590 0.0
7600 0.0
7610 0.5366465169105845
7620 0.0
7630 1.7945842136728265
7640 1.3272540532993777
7650 0.0
7660 0.0
7670 0.6523859856986538
7680 0.0
7690 1.7945842136728265
7700 1.7945842136728265
7710 0.0
7720 0.4302224929572302
7730 0.0
7740 0.0
7750 0.0
7760 0.0
7770 1.7945842136728265
7780 0.0
7790 0.5973868346959527
7800 1.4154572591907275
7810 1.7945842136728265
7820 0.0
7830 0.0
7840 1.7945842136728265
7850 0.0
7860 0.02994400581532147
7870 1.7945842136728265
7880 0.19607897231714877
7890 1.3638039545093927
7900 0.0
7910 0.0
7920 0.0
7930 0.0
7940 0.0
7950 1.7945842136728265
7960 1.5753173578964819
7970 0.8335075203575971
7980 0.0
7990 0.3040260941388028
8000 1.6762215446380355
8010 0.0
8020 0.5761398601933039
8030 0.0
8040 0.10329884205462776
8050 0.4627912652433584
8060 0.9118400851475659
8070 1.0827249605139473
8080 0.0
8090 0.06567834847604578
8100 0.0
8110 0.0
8120 0.0
8130 1.4187786596431915
8140 0.0
8150 1.688301430740037
8160 1.183189199555302
8170 0.5399211703894413
8180 0.0
8190 0.0
8200 0.0
8210 1.7945842136728265
8220 0.45701392602238333
8230 1.7945842136728265
8240 1.7945842136728265
8250 1.2588793736123078
8260 1.3869150747794268
8270 1.5910548326310534
8280 0.0
8290 0.0
8300 0.0
8310 0.0
8320 0.07851880407620894
8330 1.7945842136728265
8340 0.0
8350 1.7365363452666953
8360 1.5332569973399421
8370 0.0
8380 1.5485533866503491
8390 1.240570046780096
8400 0.0
8410 0.0
8420 0.0
8430 1.4256375316524659
8440 0.07325961016406654
8450 0.0
8460 1.7945842136728265
8470 1.7945842136728265
8480 0.13538259395106908
8490 0.0
8500 0.36365876051612256
8510 1.7945842136728265
8520 0.0
8530 0.0
8540 0.0
8550 1.7945842136728265
8560 1.7945842136728265
8570 0.7538429992810312
8580 0.0
8590 0.7952929818136133
8600 0.22472030222182035
8610 0.5336652320360027
8620 0.0
8630 1.313294278841228
8640 1.7945842136728265
8650 0.0
8660 0.0
8670 0.0
8680 0.0
8690 1.3020278995497008
8700 1.2300356902305085
8710 0.5384173647525092
8720 0.0
8730 0.0
8740 0.0
8750 1.4256375316524659
8760 1.7945842136728265
8770 0.0
8780 1.0129643429637856
8790 0.0
8800 1.7945842136728265
8810 0.0
8820 1.7603825830137287
8830 1.7945842136728265
8840 0.0
8850 1.3855429709987899
8860 1.501034165343519
8870 1.7945842136728265
8880 1.5130622132330502
8890 1.7945842136728265
8900 0.0
8910 0.0
8920 1.7945842136728265
8930 0.03132639703931081
8940 0.0
8950 1.7365363452666953
8960 1.7945842136728265
8970 0.5770330036847675
8980 1.7945842136728265
8990 1.7945842136728265
9000 1.7945842136728265
9010 0.0
9020 0.6421455788139643
9030 0.7606597096534103
9040 0.0
9050 0.0
9060 0.0
9070 0.6968550656208259
9080 0.0
9090 0.0
9100 0.0
9110 1.7945842136728265
9120 0.0
9130 0.0
9140 0.4774581602801547
9150 1.7603825830137287
9160 1.1267104978300404
9170 0.0
9180 1.7945842136728265
9190 0.45751550729942986
9200 1.7945842136728265
9210 0.0
9220 1.7945842136728265
9230 0.0
9240 1.3983265746621354
9250 0.0
9260 1.4981775233450396
9270 0.7144507433365834
9280 0.21477990019426368
9290 0.0
9300 1.2890694643041924
9310 0.0
9320 1.7177017111654094
9330 0.22770898857076816
9340 1.7945842136728265
9350 0.9073332433130682
9360 0.0
9370 0.0
9380 1.2588793736123078
9390 1.7945842136728265
9400 0.4127802388687236
9410 1.7945842136728265
9420 1.0340384853373585
9430 1.7945842136728265
9440 1.7945842136728265
9450 0.0
9460 0.0
9470 1.7945842136728265
9480 0.0
9490 1.4796056838539078
9500 0.2316040616109988
9510 0.5438177305247789
9520 0.254458806990807
9530 1.7945842136728265
9540 1.6554409906160008
9550 0.4602632432272362
9560 0.0
9570 1.7945842136728265
9580 0.46318126321725483
9590 1.2970585015361995
9600 1.7177017111654094
9610 0.0
9620 0.0
9630 1.388298733045857
9640 0.0
9650 1.7945842136728265
9660 1.7945842136728265
9670 1.1937810171563514
9680 1.3292023090725067
9690 0.0
9700 1.7945842136728265
9710 0.0
9720 0.0
9730 1.7945842136728265
9740 0.0
9750 0.16662405784589593
9760 0.5440479895627609
9770 0.0
9780 0.0
9790 0.0
9800 1.7945842136728265
9810 0.3496545816706367
9820 0.0
9830 0.0
9840 0.0
9850 0.0
9860 0.0
9870 0.605924164714817
9880 1.3224764155697148
9890 1.331172604794468
9900 0.0
9910 0.0
9920 1.7945842136728265
9930 0.0
9940 0.0
9950 0.0
9960 0.0
9970 0.0
9980 1.7945842136728265
9990 1.7945842136728265
