175.26397442817688
83.27220129966736
73.63032054901123
112.89439368247986
306.0922873020172
169.00067710876465
112.90097641944885
85.19591021537781
137.43360924720764
129.6286702156067
184.10663390159607
101.78467392921448
144.77123379707336
39.217405557632446
270.3868398666382
145.77940702438354
239.91789054870605
147.88253736495972
212.32241463661194
134.2238757610321
110.05004119873047
113.7026801109314
155.5824236869812
133.14323115348816
287.5728154182434
56.493070125579834
96.21607971191406
167.98564100265503
130.71738982200623
75.39979863166809
109.32885360717773
117.92771196365356
48.991302728652954
82.36695122718811
15.42126727104187
249.59212827682495
75.66927027702332
199.29935002326965
75.30555844306946
112.24401021003723
88.33484864234924
115.8713767528534
36.544156551361084
192.47959184646606
82.41159892082214
54.56331658363342
71.8932626247406
215.47391629219055
259.0218050479889
213.04949283599854
82.91480469703674
207.8746998310089
171.55640983581543
92.87065529823303
131.6518030166626
72.85404896736145
182.02268290519714
173.53291058540344
139.8200306892395
41.611512422561646
88.28938937187195
179.27435541152954
242.02168130874634
184.0680181980133
100.74315547943115
253.27299857139587
179.90577626228333
233.267347574234
82.3848385810852
74.95475673675537
106.61151504516602
108.98364400863647
18.300684213638306
148.38273930549622
13.375926494598389
105.02942132949829
19.041271209716797
214.96631002426147
187.72523736953735
177.13825225830078
161.45172333717346
102.00519394874573
108.74759292602539
64.47830605506897
164.06596326828003
176.71130347251892
81.59885478019714
81.15488696098328
105.00100541114807
106.49851489067078
18.91152262687683
146.34932565689087
214.08528900146484
212.04079294204712
76.79326248168945
171.06099271774292
143.6262912750244
162.81322693824768
78.3813693523407
54.502583265304565
246.3058683872223
212.0673406124115
216.78735399246216
271.9429271221161
217.02114152908325
21.44187021255493
82.16475939750671
118.76202034950256
152.16593647003174
175.21605682373047
79.74225902557373
90.32283139228821
194.3582034111023
150.2059497833252
152.84606671333313
128.3963062763214
63.28233861923218
76.24544429779053
206.84473729133606
157.86992740631104
89.62911653518677
77.51843094825745
107.16980338096619
152.34774351119995
197.09037470817566
255.68059968948364
3.266334533691406e-05
18.435098886489868
300.86920142173767
52.49095344543457
131.0630714893341
181.52021312713623
106.63541197776794
189.45258927345276
175.81855654716492
150.46615314483643
284.8510911464691
154.99198842048645
105.54495859146118
83.30073666572571
59.679742097854614
104.76410722732544
90.5802412033081
96.76224112510681
94.16552233695984
75.95620083808899
275.10674595832825
77.02605891227722
164.43115425109863
126.11820650100708
13.321969270706177
206.6051127910614
63.02630257606506
13.439587116241455
245.88339853286743
190.84585046768188
89.31505346298218
86.7609612941742
157.91974663734436
102.230055809021
54.87965226173401
74.5312774181366
107.03641057014465
195.45547080039978
89.83193325996399
153.980614900589
195.8229296207428
94.74999833106995
168.64596819877625
105.91413307189941
83.96837258338928
81.56630063056946
85.76850247383118
53.20129704475403
90.05094385147095
185.2681269645691
288.2359127998352
103.11585283279419
213.47672605514526
70.67447710037231
159.65903162956238
208.956627368927
237.82825207710266
259.54333996772766
79.83425450325012
77.34080839157104
189.1355209350586
81.52448225021362
72.91739821434021
81.83320307731628
130.64926195144653
233.6394419670105
132.6691553592682
192.7414517402649
238.67560839653015
110.78834104537964
102.26897358894348
123.74197459220886
154.95097422599792
187.9505217075348
171.40069913864136
290.0341920852661
132.28476881980896
150.26942086219788
184.76130747795105
93.08009338378906
81.76503109931946
4.408923387527466
73.39267373085022
38.91764307022095
198.084703207016
145.66163301467896
210.09824562072754
13.954339027404785
118.50705862045288
191.22801876068115
167.51977443695068
74.77742648124695
104.85373711585999
142.47675681114197
262.4813024997711
280.0861818790436
80.0520544052124
79.84229135513306
113.93818926811218
223.49767422676086
213.225115776062
128.02948474884033
36.95885181427002
108.45337224006653
115.28985595703125
165.14933943748474
218.80307793617249
149.6565227508545
82.63509106636047
120.94663858413696
179.49360370635986
169.12494039535522
163.70223760604858
59.699875593185425
97.25833129882812
215.59742522239685
127.88913011550903
54.729438066482544
154.5741765499115
93.56791567802429
171.1380798816681
82.39153456687927
128.58193182945251
146.24095940589905
111.40805435180664
240.93144750595093
89.26005148887634
169.34520149230957
130.86798405647278
132.99480652809143
121.07295083999634
170.25889825820923
188.0759117603302
206.1855936050415
106.49649667739868
195.55114793777466
84.51673793792725
125.39197134971619
118.44747686386108
81.50181984901428
192.6375846862793
114.56533932685852
190.1536602973938
128.6351706981659
127.3398859500885
79.04675316810608
11.77217984199524
84.14594268798828
97.50860571861267
193.41432881355286
133.9357283115387
125.1190996170044
141.91025519371033
76.527822971344
146.7677879333496
13.125541687011719
118.0120460987091
78.95763635635376
100.0965530872345
119.0266580581665
37.38643026351929
214.54105639457703
170.4051854610443
209.89709877967834
206.44730138778687
133.85045671463013
53.439446687698364
77.98242616653442
30.797441005706787
179.06548523902893
89.96107268333435
51.67846703529358
30.03596258163452
142.45661759376526
179.03507089614868
170.76638793945312
261.084105014801
17.683446168899536
175.47467947006226
214.40901947021484
3.533036947250366
134.6692292690277
81.4306149482727
148.87606739997864
73.24028205871582
126.91588401794434
78.8489899635315
90.06154108047485
115.61394190788269
151.64954137802124
50.89339756965637
75.06867456436157
81.57064890861511
161.35691618919373
40.92875647544861
157.03774309158325
58.1161208152771
91.09287619590759
100.73591303825378
92.53374910354614
141.7796974182129
112.67520236968994
174.86143112182617
104.74304556846619
85.1986780166626
121.28644919395447
176.2526216506958
40.273496866226196
58.6017906665802
121.84841656684875
103.94224572181702
90.54633569717407
298.22638034820557
106.79971122741699
40.42131042480469
106.13577127456665
182.24454808235168
172.3517541885376
93.02245807647705
134.1755542755127
64.23873376846313
91.52662587165833
88.82566905021667
24.762810468673706
43.41661071777344
131.26526403427124
5.334000587463379
194.80907368659973
101.83628296852112
47.9897198677063
74.03347992897034
39.67810606956482
35.71743059158325
141.86226058006287
72.19437837600708
61.746262311935425
72.70684790611267
58.222506284713745
183.7873318195343
62.7899968624115
83.07354259490967
160.9996931552887
216.92777800559998
133.39896321296692
121.25011229515076
64.41773867607117
88.56149673461914
24.36684823036194
88.44958996772766
88.28101897239685
88.83512568473816
175.73615765571594
15.008647203445435
83.09402656555176
181.83588790893555
122.64522624015808
218.34869241714478
59.170506715774536
121.00804829597473
36.41452932357788
162.32565236091614
70.81922817230225
119.64813017845154
71.49578595161438
196.98547220230103
103.88429689407349
83.26678586006165
147.71155381202698
106.01917362213135
69.21874904632568
105.30817747116089
40.15271806716919
56.736838817596436
155.15189027786255
71.64614653587341
270.21704626083374
72.44636058807373
126.8951826095581
126.48628830909729
240.01606702804565
133.37398052215576
74.90258884429932
114.98181462287903
151.53720688819885
100.55734848976135
143.7282965183258
88.9433913230896
118.32586121559143
12.164010286331177
56.064433574676514
166.8699893951416
258.96596932411194
176.4955689907074
143.7404124736786
82.44561696052551
149.27527165412903
30.089231491088867
27.640697479248047
74.63585376739502
73.75794863700867
103.83060145378113
176.0406529903412
92.4820499420166
143.9097900390625
53.90008568763733
53.531585454940796
72.90133547782898
113.13452410697937
165.3376271724701
115.01359462738037
25.767817497253418
54.068678855895996
51.41662311553955
159.982435464859
51.21717429161072
101.97250390052795
87.3568925857544
80.30261445045471
162.41020154953003
131.5344660282135
63.23268723487854
95.5827362537384
162.78531789779663
103.65796518325806
12.033280849456787
55.70459723472595
115.48792600631714
57.89239144325256
132.74416303634644
136.58159565925598
210.91560649871826
65.08659863471985
183.39687252044678
113.34142732620239
60.07162380218506
90.67241549491882
26.078429222106934
36.99321103096008
142.77458834648132
56.735774755477905
75.8965711593628
192.60323452949524
120.9173469543457
20.545547246932983
98.45968627929688
169.50021767616272
76.18491458892822
80.2427339553833
10.983118057250977
96.42500519752502
122.32175064086914
59.40321159362793
162.1022276878357
118.48592019081116
56.92517614364624
92.84303116798401
101.65811896324158
134.87755870819092
198.8308620452881
78.0725474357605
3.732670545578003
56.00313115119934
50.81802558898926
76.11954164505005
25.27294659614563
142.7441120147705
79.86466884613037
162.36545753479004
109.03259038925171
69.90598344802856
68.17983651161194
228.53963828086853
79.29231452941895
25.227638721466064
90.17638945579529
57.23896765708923
100.56868386268616
78.53885126113892
104.00073432922363
74.49621748924255
143.99282789230347
224.2966947555542
76.04227948188782
155.26103138923645
129.15157198905945
85.24903106689453
55.33957839012146
146.1740062236786
98.42783904075623
72.91949081420898
60.16356945037842
132.39533400535583
106.88438320159912
115.7948386669159
79.83344101905823
64.04127645492554
103.55469465255737
74.64688444137573
102.83846640586853
161.66967177391052
148.46333360671997
77.48740458488464
78.6675112247467
29.692540168762207
78.7290153503418
43.06639742851257
78.10115838050842
135.0637595653534
55.95413255691528
163.242830991745
133.78528094291687
132.54540371894836
105.82792639732361
77.87187433242798
147.58978295326233
118.20629119873047
117.15086269378662
56.54760146141052
88.3177330493927
11.57798457145691
115.55559611320496
59.04072976112366
163.79926800727844
115.1588921546936
57.30517077445984
146.67353868484497
76.14245271682739
74.25270390510559
57.978774547576904
59.21798539161682
89.23304414749146
149.13917231559753
132.47808527946472
119.85009121894836
22.64556097984314
134.18401098251343
64.58993482589722
183.26621627807617
102.70808553695679
59.49197030067444
58.24256610870361
90.96012544631958
103.66177797317505
101.16120195388794
59.79213762283325
145.65328311920166
79.0458676815033
61.782182455062866
52.743343114852905
86.38225984573364
75.73003673553467
104.91147065162659
147.03736233711243
106.18414044380188
120.74610352516174
118.91870546340942
55.81899571418762
88.59294843673706
148.62350344657898
56.40976142883301
54.19143772125244
103.84923362731934
132.8615427017212
163.64389824867249
44.33056092262268
161.48566007614136
55.54423809051514
56.09046196937561
87.94991755485535
101.58122634887695
74.58550119400024
88.51450729370117
76.67582845687866
55.87810564041138
113.76882719993591
72.60101103782654
195.6785271167755
102.21718072891235
78.05762934684753
89.78563070297241
76.29129433631897
84.9928822517395
74.8289065361023
102.62798714637756
58.589446783065796
116.51582956314087
74.82592344284058
55.108680725097656
55.713865756988525
73.58829689025879
121.5651490688324
135.42028546333313
79.17672491073608
105.54939603805542
41.59545969963074
149.34952759742737
133.6702082157135
86.86843585968018
55.92067885398865
88.514888048172
88.75049591064453
55.74003314971924
55.73411798477173
88.1797866821289
118.55219149589539
166.5726819038391
149.187602519989
56.021960496902466
53.89536786079407
58.172532081604004
55.32518219947815
159.18950080871582
148.2705762386322
104.78049659729004
74.94785857200623
87.9210090637207
126.13816785812378
176.81490969657898
79.76659154891968
54.7317533493042
124.12240982055664
75.99856567382812
116.12969708442688
147.39783930778503
77.65047550201416
55.394023180007935
86.42967104911804
168.57180500030518
163.12592697143555
56.50097465515137
24.357051134109497
75.89540433883667
89.16116833686829
117.75681829452515
111.89000201225281
75.6850016117096
100.91145133972168
77.18723821640015
59.96969795227051
88.75034928321838
44.81121349334717
193.5228774547577
165.1349368095398
73.61515259742737
119.27953052520752
116.99403595924377
186.60093307495117
131.5007677078247
88.75318336486816
53.72768497467041
57.18887209892273
56.08281421661377
137.03300547599792
75.91923999786377
87.92673826217651
77.13799023628235
102.30357193946838
162.58518886566162
87.98507690429688
28.99029779434204
72.66688799858093
47.50756859779358
145.23433351516724
28.128358602523804
118.74918127059937
61.111185789108276
91.58266639709473
241.62866711616516
148.1038737297058
119.05914163589478
14.866143226623535
72.98838424682617
50.756813526153564
88.22919988632202
205.54706239700317
74.62312626838684
77.91751289367676
109.82226777076721
72.86743116378784
149.30829787254333
59.063490867614746
73.2530210018158
105.48641753196716
117.9299705028534
13.1268949508667
56.61688590049744
56.189258337020874
118.31520223617554
55.49400591850281
88.74014735221863
73.30523657798767
74.04169702529907
104.46152949333191
194.07107305526733
91.0766658782959
89.6842999458313
102.07346963882446
112.49058103561401
133.55918979644775
74.07217764854431
129.78289604187012
130.09503984451294
145.43930745124817
138.4064540863037
129.36439990997314
56.165308475494385
88.58413887023926
54.81043481826782
135.31505155563354
51.92080354690552
134.437349319458
77.6269748210907
62.824491024017334
128.2816994190216
73.06648588180542
106.65513968467712
123.86135530471802
24.7522029876709
45.57306981086731
77.80442452430725
205.1416687965393
76.06461238861084
43.480201959609985
178.37700748443604
100.66900992393494
202.00043773651123
87.93490815162659
169.1184585094452
43.83892011642456
71.57506918907166
120.59417247772217
55.2285315990448
50.86539363861084
74.54973316192627
119.26509952545166
133.2663173675537
104.25520038604736
103.2136857509613
75.03040838241577
43.11612319946289
130.60801148414612
55.84120416641235
62.274094343185425
147.99433064460754
73.34621381759644
56.45411992073059
117.9101927280426
103.5073652267456
55.93453502655029
75.79195308685303
57.78643560409546
128.64709544181824
52.89685034751892
96.15881633758545
37.26413416862488
52.652551889419556
54.588510036468506
54.61896061897278
54.929113149642944
76.67148661613464
103.22705125808716
129.2924747467041
54.280322313308716
143.29405188560486
60.51450204849243
52.98295187950134
93.65426087379456
77.55986762046814
77.04843616485596
57.89663243293762
74.15695929527283
54.30833148956299
130.55161261558533
60.20579266548157
55.41001486778259
105.09325861930847
156.56407237052917
98.89527606964111
44.885990619659424
22.8765287399292
59.12071514129639
55.13418960571289
57.22467803955078
130.18818926811218
157.38817024230957
23.794228076934814
80.61362385749817
49.17787408828735
67.73574709892273
90.20614385604858
33.373966455459595
96.65899109840393
149.59234428405762
103.19718098640442
54.212353467941284
102.61105418205261
58.10809111595154
135.15989303588867
72.78702092170715
90.48183274269104
66.52042531967163
113.61347460746765
155.1775004863739
73.72400140762329
59.602030515670776
56.60037875175476
132.82706928253174
78.03964877128601
87.47225570678711
73.32455468177795
85.55788230895996
68.96886277198792
51.82703971862793
131.74325299263
113.88801670074463
43.86887979507446
126.52316331863403
61.139206886291504
64.83115983009338
55.6609160900116
52.533427715301514
53.513951778411865
77.52078986167908
28.462247610092163
54.6595983505249
97.82582831382751
11.780232906341553
96.06364107131958
104.5233223438263
73.08543705940247
45.56404185295105
87.49174880981445
77.36278128623962
113.8398654460907
128.41769671440125
82.97021579742432
82.36685371398926
79.20235061645508
110.98927187919617
83.60344958305359
75.7155179977417
108.57912135124207
74.71223735809326
114.76428723335266
105.39396810531616
146.54800987243652
145.41991710662842
55.60069966316223
98.95594215393066
118.92646169662476
49.46724081039429
51.33505392074585
48.46059274673462
49.51513338088989
47.87264561653137
49.09795880317688
45.242571115493774
45.823758602142334
56.69768786430359
100.84971976280212
38.390440702438354
56.71510648727417
73.565012216568
53.148974895477295
94.05585932731628
78.29154586791992
104.99238920211792
108.77328562736511
39.70108199119568
46.44778275489807
64.6760196685791
58.10069942474365
137.47994804382324
56.98897457122803
55.091017723083496
153.38168215751648
51.63775968551636
176.2910225391388
13.397959470748901
50.47988033294678
44.14943289756775
68.92497777938843
47.83647799491882
108.08868145942688
76.03211784362793
103.6184766292572
158.23122334480286
40.12845802307129
149.8403604030609
60.93906211853027
47.540565967559814
53.57520890235901
12.418254613876343
86.44941806793213
72.24214577674866
107.63315224647522
49.06022024154663
54.09447503089905
102.63078022003174
57.698200941085815
74.83566117286682
40.69192910194397
11.025697231292725
83.44151520729065
48.94594860076904
47.47300887107849
113.5761034488678
71.37152242660522
94.45020937919617
79.27714514732361
74.02068734169006
54.58184599876404
57.12320065498352
54.83875584602356
93.48300957679749
65.74363875389099
63.09414267539978
52.23919081687927
44.81764459609985
132.48588228225708
47.3374719619751
48.38939929008484
45.45844340324402
87.91860723495483
139.1624939441681
54.60651636123657
144.61180996894836
32.50465512275696
65.60334515571594
76.03333568572998
69.38224387168884
140.28179383277893
105.45426392555237
57.35406827926636
59.33135414123535
37.37657022476196
49.75761032104492
84.38216042518616
201.5926856994629
49.73013496398926
138.90233659744263
114.26010608673096
83.86146688461304
85.18129968643188
28.61183452606201
77.54298448562622
125.37655425071716
97.24513697624207
74.13720059394836
101.61380553245544
162.91094517707825
10.55681824684143
79.51534080505371
100.79797148704529
62.187713623046875
144.31966590881348
93.40019845962524
106.96981644630432
60.35145115852356
30.20107913017273
85.54133200645447
70.62745761871338
153.3495020866394
91.64620184898376
102.37444305419922
141.68522572517395
136.09437799453735
63.00258135795593
88.9320478439331
80.27133464813232
56.97435545921326
106.09501099586487
68.65665936470032
66.92068219184875
