
x disttype general-gaussian
x k 75254
x std 0.25
x N 50000
x alpha 0.0005

o 0 0.6870258036244938 0.7013887249267265
o 50 0 0.0020713641682267793
o 100 0.9993257723589519 0.9998990270247116
o 150 0.9988648919050603 0.9996818331281274
o 200 6.250781184871417e-08 0.0026863809835039826
o 250 0.492287290748948 0.5078726822900632
o 300 0.9989171466500019 0.9997094220119277
o 350 0.16370758731660595 0.20662882209645514
o 400 0.9992689677678938 0.9998761603306524
o 450 0.9998341327646891 1
o 500 0.9977748368846212 0.9990138439272555
o 550 0.9997848482419177 0.9999999949993749
o 600 0.6992866580683076 0.7134837634265914
o 650 0.9997041638433968 0.9999976422569008
o 700 0.9998341327646891 1
o 750 0.9965329270499893 0.9981368947272514
o 800 0.9987614482792014 0.9996255579024341
o 850 0.9989434220919949 0.9997230637730918
o 900 0.7975573173823207 0.8099402499841746
o 950 0.9998341327646891 1
o 1000 0.9959604210056143 0.9977097961293285
o 1050 0.9415718753086137 0.9486777619577631
o 1100 0 0.0020713641682267793
o 1150 0.8330090877006209 0.8444766577954828
o 1200 0.9998341327646891 1
o 1250 0.9998341327646891 1
o 1300 0.9667125413195735 0.9720886950624817
o 1350 0.9994730802517788 0.9999506585660495
o 1400 0.37335137623716563 0.3884887641034068
o 1450 0.9997848482419177 0.9999999949993749
o 1500 0.8015035709526737 0.8137926796315557
o 1550 0.9976078010658791 0.9989010690693864
o 1600 0 0.0020713641682267793
o 1650 0.170863030538365 0.21444145431537007
o 1700 0.26214639316342564 0.2759714680358467
o 1750 0.9743024545883628 0.9790162098587294
o 1800 0 0.0020713641682267793
o 1850 0.9998341327646891 1
o 1900 0.7772536910362874 0.7900906544815972
o 1950 0.9998341327646891 1
o 2000 0.022957366589997866 0.042544175191720206
o 2050 0.9998341327646891 1
o 2100 6.250781184871417e-08 0.0026863809835039826
o 2150 0.000736709291167083 0.006950583915313205
o 2200 0.9989434220919949 0.9997230637730918
o 2250 0.9997848482419177 0.9999999949993749
o 2300 0.7943200724631563 0.8067785752597346
o 2350 0 0.0020713641682267793
o 2400 0.6410334311879957 0.6559165181659101
o 2450 0.9995994914601743 0.999983053576263
o 2500 0.9830785819207598 0.986877035996313
o 2550 0.27343506852921357 0.287438954635834
o 2600 0.8544062014720024 0.8652324174009546
o 2650 0.9954161909056906 0.9972943612656446
o 2700 0 0.0020713641682267793
o 2750 0.8658317575952679 0.8762830584906145
o 2800 0.6313902125392847 0.6463629729477274
o 2850 0.032672454544769074 0.0552767677117997
o 2900 0.4285215821904146 0.4439799060400921
o 2950 0 0.0020713641682267793
o 3000 0 0.0020713641682267793
o 3050 0.9997848482419177 0.9999999949993749
o 3100 0.41896383499870893 0.43438088198045494
o 3150 0.588476318506065 0.6037712800025199
o 3200 0.9980156978384667 0.9991726778445826
o 3250 0.6020382983575872 0.6172447431858041
o 3300 0.00559325865062509 0.017023065641255584
o 3350 0.12531547457216066 0.16419372388281792
o 3400 0.07844700293884692 0.11077823082899022
o 3450 0.9775813582734936 0.9819761813079196
o 3500 0.9998341327646891 1
o 3550 0.9998341327646891 1
o 3600 0.9979431363013734 0.9991253358653118
o 3650 0.3523033157224557 0.3672639504935944
o 3700 0.9571517627723941 0.9632526805120649
o 3750 0.9994428736959391 0.9999411111022777
o 3800 0.9951907220735848 0.9971199601512749
o 3850 0.9987614482792014 0.9996255579024341
o 3900 0.9839076310731387 0.9876076909938292
o 3950 0.3855052625769703 0.4007307655988448
o 4000 0.9998341327646891 1
o 4050 0.9992409148798206 0.9998643624923792
o 4100 0.9996330653686876 0.9999891487861117
o 4150 0.9964638754550497 0.9980859969406028
o 4200 0.9834185386177984 0.987176958237752
o 4250 0.9998341327646891 1
o 4300 0.9666708501349974 0.9720504002918359
o 4350 0.9995349878824095 0.9999681957182616
o 4400 0.8168325062892212 0.8287386313533909
o 4450 0.9988130027235825 0.999653867701342
o 4500 0.9952808258304024 0.9971898049580877
o 4550 0.9658164463336308 0.9712650917730525
o 4600 0.9759403758366191 0.9804977281307409
o 4650 0.805997407044116 0.8181773442964912
o 4700 0.9998341327646891 1
o 4750 0.9902363741416506 0.9930765782058032
o 4800 0.9998341327646891 1
o 4850 0.9998341327646891 1
o 4900 0.9899329806584086 0.9928200924766653
o 4950 0.9998341327646891 1
o 5000 0.9997848482419177 0.9999999949993749
o 5050 0.9998341327646891 1
o 5100 0.999667827592453 0.9999940967944916
o 5150 0.9927463231219644 0.9951655732255656
o 5200 0.512990526317026 0.5285624705551065
o 5250 0.9084513310034393 0.9172493146378345
o 5300 0.887214777869327 0.8968929260495916
o 5350 0.6209671223374544 0.6360295620890293
o 5400 0.002473307911623271 0.011178161154965364
o 5450 0.9356221603853357 0.9430694558870634
o 5500 0.863228396336253 0.8737672860693428
o 5550 0.16585285782809653 0.20897397226700645
o 5600 0.9988648919050603 0.9996818331281274
o 5650 0.9995037605889316 0.9999597116202773
o 5700 0.0011254779614795 0.008050954653532552
o 5750 0.9998341327646891 1
o 5800 0.9997848482419177 0.9999999949993749
o 5850 0.05787560442607175 0.08644763601621319
o 5900 0.9374121818169311 0.9447588392000953
o 5950 0.9954839710957365 0.997346541069976
o 6000 0 0.0020713641682267793
o 6050 0.31713261954215405 0.33172656716592785
o 6100 0.9992972468519027 0.9998877222821807
o 6150 0 0.0020713641682267793
o 6200 0.047958643679196805 0.0744130936211431
o 6250 0.18257721231495538 0.22717516616355515
o 6300 0.8760688902031387 0.8861625201791695
o 6350 0.9998341327646891 1
o 6400 0.999667827592453 0.9999940967944916
o 6450 0.999667827592453 0.9999940967944916
o 6500 0.9965098982706067 0.9981199404896446
o 6550 0.9695087572500763 0.9746515354177486
o 6600 0.9966713515299812 0.9982383659018516
o 6650 0.999667827592453 0.9999940967944916
o 6700 0 0.0020713641682267793
o 6750 0.9997427320109892 0.9999995494141014
o 6800 0.9998341327646891 1
o 6850 0.9221507506012956 0.9303053431528122
o 6900 0.9998341327646891 1
o 6950 0.9998341327646891 1
o 7000 0.9997427320109892 0.9999995494141014
o 7050 0.9998341327646891 1
o 7100 0.9982843587370578 0.9993436167432376
o 7150 0.9991854194751925 0.9998401310800595
o 7200 0.9930986175276094 0.9954531192790135
o 7250 0.030492290960524467 0.052468389306101496
o 7300 0.6949775607285841 0.7092343040072151
o 7350 0.998064229430304 0.9992040792410946
o 7400 0.9998341327646891 1
o 7450 0.9898896710111115 0.9927834192764732
o 7500 0.007841398172602267 0.02075592095491125
o 7550 0.9996330653686876 0.9999891487861117
o 7600 0.9873253301362859 0.9905887440365985
o 7650 0.035302134902024634 0.05863343277186418
o 7700 0.9944511886390361 0.9965398929401245
o 7750 0.8861545654335856 0.8958734909829873
o 7800 0.9997427320109892 0.9999995494141014
o 7850 0.9995037605889316 0.9999597116202773
o 7900 0.9333395948088457 0.940912780367097
o 7950 0.9993545677321739 0.9999100498624323
o 8000 0.9954839710957365 0.997346541069976
o 8050 0 0.0020713641682267793
o 8100 0.9994730802517788 0.9999506585660495
o 8150 0.3906671912493611 0.4059270909827192
o 8200 0.9644629073488057 0.9700190859559744
o 8250 0.0026347926915506496 0.011514351585061058
o 8300 0.9943396753794714 0.9964514634102962
o 8350 0 0.0020713641682267793
o 8400 0.11990334293913839 0.15813045823990046
o 8450 0.9679012628724877 0.9731795727540354
o 8500 6.250781184871417e-08 0.0026863809835039826
o 8550 0.9938948615616373 0.996096499074382
o 8600 0.9697176711919889 0.9748425508165487
o 8650 0.10116866624847975 0.13695090712814526
o 8700 0.9853566537347827 0.9888781455992657
o 8750 0.8878468945242086 0.897500599235951
o 8800 0.9953484763535615 0.9972421153525235
o 8850 0.9984329360206247 0.9994347812916488
o 8900 0.9994730802517788 0.9999506585660495
o 8950 0.9996330653686876 0.9999891487861117
o 9000 0.42526882484344986 0.4407137620998718
o 9050 0.9998341327646891 1
o 9100 0.33371763652369113 0.34849592681942815
o 9150 0 0.0020713641682267793
o 9200 0.029623302498300776 0.051341983725983545
o 9250 0.9949434816817057 0.9969273383152478
o 9300 0.00039780109237607124 0.005802461929782443
o 9350 0.9668167746315666 0.9721844266336948
o 9400 0.9802395746456379 0.9843570428842623
o 9450 7.381303257431036e-05 0.004146138037869025
o 9500 0.9998341327646891 1
o 9550 0.999667827592453 0.9999940967944916
o 9600 0.018317272908326077 0.03621084255654462
o 9650 0.004334491639779346 0.014794176509792714
o 9700 0.020415475788750137 0.03910044874182857
o 9750 0.8713458198946429 0.8816071615882264
o 9800 0 0.0020713641682267793
o 9850 0.05245276082435974 0.0798968687479755
o 9900 0.26159103450562 0.27540701556999064
o 9950 0.99305453075004 0.9954172262285579
o 10000 0.9901062993756234 0.9929667048952382
o 10050 0.9701565057560688 0.9752435677523106
o 10100 0.9987614482792014 0.9996255579024341
o 10150 0.9332368086430339 0.9408156007037548
o 10200 0.9853566537347827 0.9888781455992657
o 10250 0.9258224748281703 0.9337923988258803
o 10300 0.9987871854159945 0.9996397540167666
o 10350 0.9839289070885431 0.9876264073575766
o 10400 0.8750711433625271 0.8852005988893158
o 10450 0.20369266378921538 0.24996623321579903
o 10500 0.9818480562605653 0.9857879972196026
o 10550 0.9998341327646891 1
o 10600 0.48045143858299 0.49603252468435566
o 10650 0.030057569148642566 0.05190541237527137
o 10700 0.7989131019906383 0.8112640129553433
o 10750 0.818838367164587 0.830692101665133
o 10800 0.9926364126036149 0.9950755327842727
o 10850 0.9998341327646891 1
o 10900 0.9998341327646891 1
o 10950 0.9991854194751925 0.9998401310800595
o 11000 0.9808951599568534 0.984941228324864
o 11050 0.9998341327646891 1
o 11100 0.644228470910862 0.6590804064465369
o 11150 0.9992689677678938 0.9998761603306524
o 11200 0.0011254779614795 0.008050954653532552
o 11250 0.1936028908666759 0.23910060815038517
o 11300 0.9854847403863201 0.9889900123432677
o 11350 0.9992972468519027 0.9998877222821807
o 11400 0.9992409148798206 0.9998643624923792
o 11450 0.9997848482419177 0.9999999949993749
o 11500 0.40905004482050406 0.42441802229367914
o 11550 0 0.0020713641682267793
o 11600 0.9995349878824095 0.9999681957182616
o 11650 0.7680800977467527 0.7811073120280971
o 11700 0.3939162748391092 0.40919690860595687
o 11750 0.2111532030166633 0.25797278822087727
o 11800 0.027459096153310002 0.04851776904139263
o 11850 0.07706566565113902 0.10916606639543282
o 11900 0.9886153760902778 0.9916982101017443
o 11950 0.9998341327646891 1
o 12000 0.00039780109237607124 0.005802461929782443
o 12050 0.9962802289563546 0.9979497738504884
o 12100 0.9973239637541158 0.9987051958885027
o 12150 0.9990496341945742 0.9997764839702483
o 12200 0.9998341327646891 1
o 12250 0.9986846867396849 0.9995825074237972
o 12300 7.381303257431036e-05 0.004146138037869025
o 12350 0.9997041638433968 0.9999976422569008
o 12400 0.972018139126789 0.9769413031515443
o 12450 0.33928804480387986 0.35412363069785857
o 12500 0.022957366589997866 0.042544175191720206
o 12550 0.9998341327646891 1
o 12600 0.9887015770536796 0.9917719760749854
o 12650 0.9922414058479271 0.9947507131873953
o 12700 0.8098445038850428 0.8219289641963208
o 12750 0.9984828397939827 0.9994647833575536
o 12800 0.9997848482419177 0.9999999949993749
o 12850 0.5956577939757083 0.6109073912481009
o 12900 0.9123795078910802 0.9209998325231813
o 12950 0.32950080284363603 0.3442341898968272
o 13000 0.9702610134927121 0.9753390246348899
o 13050 0.8625166555162822 0.8730792637515656
o 13100 0.9997427320109892 0.9999995494141014
o 13150 0.9995349878824095 0.9999681957182616
o 13200 0.8993565629497615 0.9085471049737166
o 13250 0.03179910823467526 0.054154687936453685
o 13300 0.743934139931461 0.7574213403493947
o 13350 0.9991034965092045 0.999802411507066
o 13400 0.9998341327646891 1
o 13450 0.10934690210282316 0.14623510412252344
o 13500 0.9997848482419177 0.9999999949993749
o 13550 0.004511386106804395 0.015115441277142825
o 13600 0 0.0020713641682267793
o 13650 0.9998341327646891 1
o 13700 0.999667827592453 0.9999940967944916
o 13750 0.999667827592453 0.9999940967944916
o 13800 0.9997848482419177 0.9999999949993749
o 13850 0.9997041638433968 0.9999976422569008
o 13900 0.9613229369736691 0.967120110126402
o 13950 0.9985580909074137 0.9995093820155713
o 14000 0.9952808258304024 0.9971898049580877
o 14050 0 0.0020713641682267793
o 14100 0.9982351769925621 0.9993128775364319
o 14150 0.9993257723589519 0.9998990270247116
o 14200 0.9998341327646891 1
o 14250 0.8206621179419159 0.8324677428442364
o 14300 0.9998341327646891 1
o 14350 0.9964868811160716 0.9981029745163158
o 14400 0.998507869102494 0.9994797052294315
o 14450 0.8645096545737933 0.8750056014560861
o 14500 0.9997041638433968 0.9999976422569008
o 14550 0.9996330653686876 0.9999891487861117
o 14600 0 0.0020713641682267793
o 14650 0.9998341327646891 1
o 14700 0.9904316278897554 0.9932412461098621
o 14750 0.14066577057260296 0.18127400565444818
o 14800 0.9822296494643528 0.9861262693599154
o 14850 0 0.0020713641682267793
o 14900 0.7447008812770326 0.7581743426197005
o 14950 0.5957781683728705 0.6110269764044646
o 15000 0.9998341327646891 1
o 15050 0.9998341327646891 1
o 15100 0.7120774789273057 0.7260886597849463
o 15150 0 0.0020713641682267793
o 15200 0 0.0020713641682267793
o 15250 0.8665437314709363 0.8769708477080471
o 15300 0.9971596588721745 0.9985896533979244
o 15350 0.9994130827814862 0.9999311292217218
o 15400 0.9962344237744081 0.9979156106725469
o 15450 0.9998341327646891 1
o 15500 0.9998341327646891 1
o 15550 0.957131032832384 0.9632334173823263
o 15600 0.21452606593311982 0.2615850684218534
o 15650 0.989781431345247 0.9926917017155498
o 15700 0.989846369265759 0.9927467381494961
o 15750 0.8220199497765434 0.8337894583347719
o 15800 0.9992130705901283 0.9998523473218875
o 15850 0.9998341327646891 1
o 15900 0.8816298181515821 0.8915197427989855
o 15950 0.6760584579502612 0.6905597457733251
o 16000 0.9997041638433968 0.9999976422569008
o 16050 0.997991479906699 0.9991569284568668
o 16100 0.9973239637541158 0.9987051958885027
o 16150 0.9998341327646891 1
o 16200 0.9998341327646891 1
o 16250 0.8658520990010973 0.8763027103161531
o 16300 0.9898247213393161 0.9927283946305469
o 16350 0.9998341327646891 1
o 16400 0.9998341327646891 1
o 16450 0.6862005745467339 0.7005742304939083
o 16500 0.7945830751460177 0.8070354848005405
o 16550 0.23689220397446806 0.25027425217509763
o 16600 0.0036382898523235952 0.013498064508532212
o 16650 0.9639010156277115 0.9695011664631588
o 16700 0.9983337061651669 0.9993741869624275
o 16750 0.6630243525289157 0.6776782206431422
o 16800 0.9994130827814862 0.9999311292217218
o 16850 0.6015567037038392 0.6167664996280102
o 16900 0 0.0020713641682267793
o 16950 0.9998341327646891 1
o 17000 0.9998341327646891 1
o 17050 0.9862969060506925 0.9896975494321735
o 17100 0.45431610667853994 0.4698566728974244
o 17150 0.01644672774551629 0.033592558316139734
o 17200 0.9994428736959391 0.9999411111022777
o 17250 0.02832331770289387 0.049648904349102796
o 17300 0.27887308800402494 0.29295908709892965
o 17350 0.9974891765373637 0.9988198190301234
o 17400 0.9923290970738102 0.994822983746071
o 17450 0.9249401750391375 0.9329549918110503
o 17500 0.9997848482419177 0.9999999949993749
o 17550 0.9998341327646891 1
o 17600 0.9977987982532218 0.9990298540327223
o 17650 0.3768974015540078 0.3920615388286619
o 17700 0.99758403254 0.9988848632863719
o 17750 0.9979672929505856 0.9991411475683077
o 17800 0.000617231858581449 0.006574120542913898
o 17850 0.9975128585703237 0.9988361124990661
o 17900 0.17301215576544718 0.21678275522582496
o 17950 0.9994730802517788 0.9999506585660495
o 18000 0.9995037605889316 0.9999597116202773
o 18050 0.35696162642127727 0.37196406221468736
o 18100 0.9998341327646891 1
o 18150 0.9988130027235825 0.999653867701342
o 18200 0.9879481807405424 0.9911256593378237
o 18250 0.9953484763535615 0.9972421153525235
o 18300 0.9652332356449481 0.9707284986746532
o 18350 0.9991579479265259 0.9998277281095277
o 18400 0.9981372773655357 0.999250926354604
o 18450 0.28431237437131596 0.29847795274806577
o 18500 0.9998341327646891 1
o 18550 0.9997041638433968 0.9999976422569008
o 18600 0.9838650818641949 0.9875702554390045
o 18650 0.998039947439641 0.9991883950191731
o 18700 0.4386212552038345 0.45411682233043943
o 18750 0.8536340931292583 0.8644847827923747
o 18800 0.9933855477319591 0.9956860562216823
o 18850 0.9998341327646891 1
o 18900 0.9135462016855538 0.9221127510770016
o 18950 0.9998341327646891 1
o 19000 0.9948986110824961 0.996892233424004
o 19050 0 0.0020713641682267793
o 19100 0.9998341327646891 1
o 19150 0.0008616339156207331 0.007321835254920478
o 19200 0.1463526640210214 0.18756151383652367
o 19250 6.250781184871417e-08 0.0026863809835039826
o 19300 0.24777116325559367 0.2613515888213092
o 19350 0.9997848482419177 0.9999999949993749
o 19400 0.9937617797195816 0.9959896455065353
o 19450 0 0.0020713641682267793
o 19500 0.993164775359099 0.9955069310599557
o 19550 0.0029630738907729477 0.012181603848747403
o 19600 0 0.0020713641682267793
o 19650 0.9468513902431903 0.9536364894304746
o 19700 0.04438156358019528 0.07000795225343849
o 19750 5.632956977942948e-06 0.0032118347953750117
o 19800 0.9998341327646891 1
o 19850 0 0.0020713641682267793
o 19900 0.9995037605889316 0.9999597116202773
o 19950 0.9998341327646891 1
o 20000 0.9687569535532766 0.9739635932051474
o 20050 5.632956977942948e-06 0.0032118347953750117
o 20100 0.7692316030438962 0.7822354220347728
o 20150 0.31200412088451157 0.326536805523321
o 20200 0.9997848482419177 0.9999999949993749
o 20250 0.7214281991224365 0.7352948098461194
o 20300 0.9627154410127365 0.9684071390965185
o 20350 0.9994130827814862 0.9999311292217218
o 20400 6.250781184871417e-08 0.0026863809835039826
o 20450 0.6045667971050651 0.6197553950454382
o 20500 0.43566686399690907 0.4511522111276218
o 20550 0.996926335569971 0.9984231783076815
o 20600 0.9072243079271766 0.9160767454344766
o 20650 0.0009913927362599764 0.007688463700958955
o 20700 0.9982351769925621 0.9993128775364319
o 20750 0.0005039517802439839 0.006191718166965772
o 20800 0.9971830790248113 0.9986062120708077
o 20850 0.24783062694038785 0.261412104896918
o 20900 0 0.0020713641682267793
o 20950 0.008610537935773608 0.02198085951972012
o 21000 0.5873731692098854 0.6026748000511138
o 21050 0.7903755236856765 0.8029244406281469
o 21100 0.8173187502892882 0.8292122252201837
o 21150 0.10116866624847975 0.13695090712814526
o 21200 0.05719608883625245 0.08563044286938981
o 21250 0.9998341327646891 1
o 21300 0.9995037605889316 0.9999597116202773
o 21350 0.32512554403852667 0.33981093206908897
o 21400 0.9998341327646891 1
o 21450 0.9998341327646891 1
o 21500 0.9922414058479271 0.9947507131873953
o 21550 0.9978949113662585 0.9990936226399519
o 21600 0.999667827592453 0.9999940967944916
o 21650 0.6216899905609607 0.6367464511685799
o 21700 0.741291112308549 0.7548252518061146
o 21750 0 0.0020713641682267793
o 21800 0.9997041638433968 0.9999976422569008
o 21850 0.9985580909074137 0.9995093820155713
o 21900 0.9473674784003886 0.9541202293606142
o 21950 0.9994130827814862 0.9999311292217218
o 22000 0.5490881749330677 0.564572669056541
o 22050 0.8836880683296388 0.8935008081961827
o 22100 0.9995668564461055 0.9999760166924246
o 22150 0.35090995349131393 0.36585778465574015
o 22200 0.32608008474855404 0.3407760677126222
o 22250 5.632956977942948e-06 0.0032118347953750117
o 22300 0.9997041638433968 0.9999976422569008
o 22350 0.026166607946631143 0.04681725339451743
o 22400 0.9991854194751925 0.9998401310800595
o 22450 0.5128704690725825 0.5284425682412224
o 22500 0.03376643991046851 0.056677081189168185
o 22550 0.9998341327646891 1
o 22600 0.9909314186088373 0.9936612524436669
o 22650 0.9997848482419177 0.9999999949993749
o 22700 0.9662956840752261 0.9717056927053969
o 22750 0.9930986175276094 0.9954531192790135
o 22800 0 0.0020713641682267793
o 22850 0.9788459557665183 0.9831111465266237
o 22900 0.9898030753680425 0.9927100491503229
o 22950 5.632956977942948e-06 0.0032118347953750117
o 23000 0.013576511529960667 0.02948063792648146
o 23050 0.9998341327646891 1
o 23100 0.9978708418570422 0.9990777223722845
o 23150 0 0.0020713641682267793
o 23200 0.000736709291167083 0.006950583915313205
o 23250 0.9991854194751925 0.9998401310800595
o 23300 0.9981861524596644 0.9992819780723425
o 23350 0 0.0020713641682267793
o 23400 0.9997848482419177 0.9999999949993749
o 23450 6.250781184871417e-08 0.0026863809835039826
o 23500 0 0.0020713641682267793
o 23550 0.9998341327646891 1
o 23600 0.999667827592453 0.9999940967944916
o 23650 0.885542967823755 0.8952852919418781
o 23700 0.04259964583331202 0.06779879495009956
o 23750 0.9998341327646891 1
o 23800 0.9947641439985893 0.9967867731137802
o 23850 0.9978708418570422 0.9990777223722845
o 23900 0.47797286041525805 0.49355193864428876
o 23950 2.947816983711372e-05 0.003692940350408797
o 24000 0 0.0020713641682267793
o 24050 0.4005750013911626 0.4158959305779109
o 24100 0.007270456610911262 0.01983142108403857
o 24150 0.9998341327646891 1
o 24200 0 0.0020713641682267793
o 24250 0.8148269194687275 0.8267848869510624
o 24300 0.3147073888990575 0.3292726204516348
o 24350 0.9973239637541158 0.9987051958885027
o 24400 0.9500733853017135 0.956653420729922
o 24450 0.999667827592453 0.9999940967944916
o 24500 0.9847594275651989 0.9883555881745534
o 24550 0.9998341327646891 1
o 24600 0.989586721736291 0.9925264879387281
o 24650 0 0.0020713641682267793
o 24700 0 0.0020713641682267793
o 24750 0.33662206450280163 0.3514305144600703
o 24800 0.709800819406416 0.7238460814696666
o 24850 0.4507411493234499 0.4662728367777538
o 24900 0.9997427320109892 0.9999995494141014
o 24950 0 0.0020713641682267793
o 25000 0.9988648919050603 0.9996818331281274
o 25050 0 0.0020713641682267793
o 25100 0.9998341327646891 1
o 25150 0.9945851794921465 0.9966458324047432
o 25200 0.6325351743083665 0.6474976268940945
o 25250 0.9998341327646891 1
o 25300 0.9998341327646891 1
o 25350 0.9998341327646891 1
o 25400 0.9998341327646891 1
o 25450 0.055612353694859104 0.083721865489194
o 25500 0.9992689677678938 0.9998761603306524
o 25550 0.9973475076700064 0.9987216292808385
o 25600 0 0.0020713641682267793
o 25650 0.9994130827814862 0.9999311292217218
o 25700 0.9998341327646891 1
o 25750 6.250781184871417e-08 0.0026863809835039826
o 25800 0.0016974653738742154 0.009466791134271763
o 25850 0.9997427320109892 0.9999995494141014
o 25900 0.9973239637541158 0.9987051958885027
o 25950 0 0.0020713641682267793
o 26000 0.9990764961900913 0.9997895193987295
o 26050 6.250781184871417e-08 0.0026863809835039826
o 26100 0.9995668564461055 0.9999760166924246
o 26150 0.989976298262593 0.9928567576948448
o 26200 0.007460175482632987 0.020140170534740175
o 26250 0.9964868811160716 0.9981029745163158
o 26300 0.808082820058973 0.8202112356345145
o 26350 0 0.0020713641682267793
o 26400 5.632956977942948e-06 0.0032118347953750117
o 26450 0.738164287315831 0.751753122523672
o 26500 0.0002119315321281961 0.00499828620196839
o 26550 0 0.0020713641682267793
o 26600 0.4236924573376101 0.4391306621126523
o 26650 0.9995349878824095 0.9999681957182616
o 26700 0.5876539670705132 0.6029539078172328
o 26750 0.9556390161955295 0.9618459326281833
o 26800 0.00029995700032225335 0.005405172829995002
o 26850 0.9981128936006965 0.9992353457234467
o 26900 0.9998341327646891 1
o 26950 0.9550797777140226 0.9613253579077785
o 27000 0.9997848482419177 0.9999999949993749
o 27050 0.007270456610911262 0.01983142108403857
o 27100 0.4024891579286486 0.41782112691580936
o 27150 0.993164775359099 0.9955069310599557
o 27200 0.002798082592817977 0.011848799571119218
o 27250 5.632956977942948e-06 0.0032118347953750117
o 27300 0.9998341327646891 1
o 27350 0.9997848482419177 0.9999999949993749
o 27400 0.9971362553709815 0.9985730778766531
o 27450 0.33003781572363194 0.344776994969375
o 27500 0.8614999679838707 0.872096289642635
o 27550 0.9997848482419177 0.9999999949993749
o 27600 0.9998341327646891 1
o 27650 0.20032705665340675 0.24634670502133496
o 27700 0.9954839710957365 0.997346541069976
o 27750 5.632956977942948e-06 0.0032118347953750117
o 27800 0 0.0020713641682267793
o 27850 0.9997848482419177 0.9999999949993749
o 27900 0 0.0020713641682267793
o 27950 0.9954161909056906 0.9972943612656446
o 28000 0.357041262328253 0.37204439934076344
o 28050 0 0.0020713641682267793
o 28100 0.9998341327646891 1
o 28150 0.999667827592453 0.9999940967944916
o 28200 0.8474591180433981 0.8585018139431027
o 28250 0.9997427320109892 0.9999995494141014
o 28300 0.9988130027235825 0.999653867701342
o 28350 0 0.0020713641682267793
o 28400 0.42281451516053803 0.4382489008764432
o 28450 0.9997848482419177 0.9999999949993749
o 28500 0.19024441406820541 0.23547395784412858
o 28550 0.45699259516799545 0.47253928120152944
o 28600 0.030057569148642566 0.05190541237527137
o 28650 0.9885722854206966 0.9916613172757087
o 28700 0.9998341327646891 1
o 28750 0.9726254051042658 0.9774938307785858
o 28800 0.15585192185011842 0.19801962707745158
o 28850 0.9991306438647725 0.9998151511351706
o 28900 0.7733937674965138 0.7863118672216899
o 28950 0.9998341327646891 1
o 29000 0 0.0020713641682267793
o 29050 0.9997848482419177 0.9999999949993749
o 29100 0.137826052519778 0.17812652938080004
o 29150 0.9998341327646891 1
o 29200 0.2815727227773238 0.2956985350687599
o 29250 0 0.0020713641682267793
o 29300 0.9991034965092045 0.999802411507066
o 29350 0.0032977924483657776 0.01284263213829883
o 29400 0.9887015770536796 0.9917719760749854
o 29450 0.9997427320109892 0.9999995494141014
o 29500 0.3746860656859891 0.38983362298355106
o 29550 0.9996330653686876 0.9999891487861117
o 29600 0.9885292012398138 0.9916244179430191
o 29650 0.9945851794921465 0.9966458324047432
o 29700 0.135225227292396 0.17523909717698966
o 29750 0.9997848482419177 0.9999999949993749
o 29800 0.0020008968191502574 0.010157982346740235
o 29850 0.00039780109237607124 0.005802461929782443
o 29900 0.021471604358458077 0.0405382979253622
o 29950 0.9878621980834297 0.9910516744692223
o 30000 0.879246130601736 0.8892242230573678
o 30050 0.5306838799461027 0.5462231584883328
o 30100 0.9998341327646891 1
o 30150 0.9998341327646891 1
o 30200 0.886725431649598 0.896422434964671
o 30250 0.021471604358458077 0.0405382979253622
o 30300 0.9998341327646891 1
o 30350 0.9998341327646891 1
o 30400 0.9287578941028423 0.9365760040159787
o 30450 0 0.0020713641682267793
o 30500 0.932106338868265 0.9397464462816817
o 30550 0.9993836603972313 0.9999207619417313
o 30600 0.9998341327646891 1
o 30650 0.9813820065210754 0.9853742109549315
o 30700 0.9981128936006965 0.9992353457234467
o 30750 0.9956423896922905 0.997468027183427
o 30800 0 0.0020713641682267793
o 30850 0.19792447953581135 0.24375990136507328
o 30900 0.2256235328969842 0.27343880125785347
o 30950 0.32429034905278514 0.33896641024672103
o 31000 0.0011254779614795 0.008050954653532552
o 31050 0.9992130705901283 0.9998523473218875
o 31100 0.9998341327646891 1
o 31150 0.9950108340448957 0.996979948886443
o 31200 5.632956977942948e-06 0.0032118347953750117
o 31250 0.9997041638433968 0.9999976422569008
o 31300 0 0.0020713641682267793
o 31350 0.908103649295077 0.9169171118745456
o 31400 0.016860824610016138 0.03417596064129381
o 31450 0.9986085425177147 0.9995388235318347
o 31500 0 0.0020713641682267793
o 31550 0.9280803142096042 0.9359338091017263
o 31600 0.9971596588721745 0.9985896533979244
o 31650 6.250781184871417e-08 0.0026863809835039826
o 31700 0 0.0020713641682267793
o 31750 0.987969680118603 0.9911441518314862
o 31800 0.9998341327646891 1
o 31850 0.9891977558137095 0.9921956057163326
o 31900 0.996602084488877 0.9981876856532611
o 31950 0 0.0020713641682267793
o 32000 0.999667827592453 0.9999940967944916
o 32050 0.9998341327646891 1
o 32100 0.9960516027518831 0.997778554776823
o 32150 0.06264455589046662 0.09215569767841625
o 32200 0.9998341327646891 1
o 32250 0.9998341327646891 1
o 32300 0.9937396147950911 0.9959718211155568
o 32350 0.8311228640733557 0.8426435099691829
o 32400 2.947816983711372e-05 0.003692940350408797
o 32450 0.9997041638433968 0.9999976422569008
o 32500 0.0057766540611287566 0.01733799708540771
o 32550 0.663205338235029 0.6778571742522943
o 32600 0.828790805800039 0.840376345423866
o 32650 0.9997848482419177 0.9999999949993749
o 32700 0.16156350836790914 0.20428248210836764
o 32750 0.6715521174804994 0.6861075967045047
o 32800 0.33815397663688757 0.352978083171659
o 32850 0.9970428031898106 0.9985066120860044
o 32900 0.9998341327646891 1
o 32950 0.9964638754550497 0.9980859969406028
o 33000 0.9059566417447601 0.9148648328510882
o 33050 0.9998341327646891 1
o 33100 0.008998225255060019 0.022590270531311005
o 33150 0.1072411017320462 0.1438505578635942
o 33200 0.022107366022133108 0.0413989436154162
o 33250 0.9506727808965939 0.9572138252961412
o 33300 0.005228978767087956 0.016390753158340304
o 33350 0.9713275190737914 0.9763121576265716
o 33400 0.5528143928625588 0.568285197392973
o 33450 0.9989171466500019 0.9997094220119277
o 33500 0.9997041638433968 0.9999976422569008
o 33550 0.9996330653686876 0.9999891487861117
o 33600 0.9178262059667102 0.9261913247093865
o 33650 0 0.0020713641682267793
o 33700 0.8485151293432337 0.8595254509875219
o 33750 0.018317272908326077 0.03621084255654462
o 33800 0 0.0020713641682267793
o 33850 0.9318802836780794 0.9395325766160505
o 33900 0.9997848482419177 0.9999999949993749
o 33950 0.9998341327646891 1
o 34000 0.11215755823678884 0.149411583566736
o 34050 0 0.0020713641682267793
o 34100 0.9798803406449227 0.9840364021605051
o 34150 0.2977570779479844 0.3121086834790611
o 34200 0.9953710406785244 0.9972595379004647
o 34250 0.9998341327646891 1
o 34300 0.0029630738907729477 0.012181603848747403
o 34350 0.9998341327646891 1
o 34400 0.9998341327646891 1
o 34450 0.9031972836317625 0.9122251079097279
o 34500 0.8850537228587836 0.8948146995783364
o 34550 0 0.0020713641682267793
o 34600 0.11098605104446975 0.14808845002245316
o 34650 7.381303257431036e-05 0.004146138037869025
o 34700 0.9998341327646891 1
o 34750 0.9792679692268883 0.9834889866119396
o 34800 0 0.0020713641682267793
o 34850 0.0005039517802439839 0.006191718166965772
o 34900 0.7577801979055634 0.7710106536110696
o 34950 0.9998341327646891 1
o 35000 0.9484825587804437 0.9551647774648324
o 35050 0.9998341327646891 1
o 35100 0 0.0020713641682267793
o 35150 0.0029630738907729477 0.012181603848747403
o 35200 0.9990229026390072 0.9997633135035763
o 35250 0.9997041638433968 0.9999976422569008
o 35300 0.33154946512757544 0.34630483313803356
o 35350 0.9998341327646891 1
o 35400 0.19216324509005256 0.2375466276686057
o 35450 0.9301955435455302 0.9379378767479469
o 35500 0.621428952749796 0.6364875766203744
o 35550 0.6362315037914169 0.6511600569022298
o 35600 0 0.0020713641682267793
o 35650 0.9345115511136204 0.9420204344306088
o 35700 0.9996330653686876 0.9999891487861117
o 35750 0.7682013055596354 0.7812260637211847
o 35800 0.9953484763535615 0.9972421153525235
o 35850 0.5798728069750455 0.5952176833783739
o 35900 5.632956977942948e-06 0.0032118347953750117
o 35950 0.9997848482419177 0.9999999949993749
o 36000 0.09953667459096248 0.13509042118339273
o 36050 0.9988648919050603 0.9996818331281274
o 36100 0.9994428736959391 0.9999411111022777
o 36150 0.9997848482419177 0.9999999949993749
o 36200 0 0.0020713641682267793
o 36250 0.9978949113662585 0.9990936226399519
o 36300 0.9983584448714466 0.9993894057514922
o 36350 0.9998341327646891 1
o 36400 0.9610944229578094 0.9669087007295334
o 36450 0 0.0020713641682267793
o 36500 0 0.0020713641682267793
o 36550 0 0.0020713641682267793
o 36600 0.9997848482419177 0.9999999949993749
o 36650 0 0.0020713641682267793
o 36700 0.9997041638433968 0.9999976422569008
o 36750 0.04818276845357834 0.07468786058498252
o 36800 0.9998341327646891 1
o 36850 0.9997848482419177 0.9999999949993749
o 36900 0.9865323268056774 0.9899020419087803
o 36950 0.9943619676638946 0.9964691597439108
o 37000 0 0.0020713641682267793
o 37050 0.5274807374288688 0.5430273794612658
o 37100 0 0.0020713641682267793
o 37150 0.8993974101518746 0.9085862441962547
o 37200 0.05651703336259777 0.08481279160537103
o 37250 0.059009134802038156 0.08780862450805049
o 37300 0.9998341327646891 1
o 37350 0 0.0020713641682267793
o 37400 0.9998341327646891 1
o 37450 0.9537547372171085 0.9600908408171072
o 37500 0 0.0020713641682267793
o 37550 0.90986271678021 0.9185974598888895
o 37600 0.008998225255060019 0.022590270531311005
o 37650 0.563915527430962 0.579340328544704
o 37700 0.0018479170238916607 0.009813601316796733
o 37750 0.9982106455758774 0.9992974473203098
o 37800 0.9856128669253911 0.9891018391136839
o 37850 0.9997427320109892 0.9999995494141014
o 37900 0.9551419082709286 0.9613832066002017
o 37950 0.997679243799504 0.9989495473086402
o 38000 0 0.0020713641682267793
o 38050 0.0005039517802439839 0.006191718166965772
o 38100 0.8237630290176955 0.835485798022465
o 38150 0.9998341327646891 1
o 38200 0 0.0020713641682267793
o 38250 0.9866393859063649 0.9899949432524439
o 38300 0.9997427320109892 0.9999995494141014
o 38350 0.9998341327646891 1
o 38400 0.8301899921625272 0.8417366927595533
o 38450 0.9995349878824095 0.9999681957182616
o 38500 0.8857672149241267 0.8955009702814426
o 38550 0.9984080584682808 0.9994197042904664
o 38600 0.9966251611325648 0.9982045915619627
o 38650 0.987561442649744 0.9907925430879196
o 38700 0.9983584448714466 0.9993894057514922
o 38750 0.3332800099420024 0.3480537017335069
o 38800 0.0036382898523235952 0.013498064508532212
o 38850 0.6305867578495798 0.6455666973098277
o 38900 0.2101899337158304 0.2569403027672781
o 38950 0.9998341327646891 1
o 39000 0.8752136719181374 0.8853380229251939
o 39050 0.9997427320109892 0.9999995494141014
o 39100 0.20200957064651576 0.24815675837097748
o 39150 0.9998341327646891 1
o 39200 0 0.0020713641682267793
o 39250 0.9678178102694261 0.9731030535114323
o 39300 0.12272572165525025 0.1612952405769817
o 39350 0 0.0020713641682267793
o 39400 0.001404989256082129 0.008765083991890832
o 39450 0 0.0020713641682267793
o 39500 0 0.0020713641682267793
o 39550 0.9991854194751925 0.9998401310800595
o 39600 0.6012557109644996 0.6164675934850298
o 39650 0.891212245060368 0.9007341299048592
o 39700 0.9896083485176614 0.9925448526680637
o 39750 0.0569696855523345 0.08535794368278005
o 39800 0.9998341327646891 1
o 39850 0.4736957651465175 0.48927047633019083
o 39900 0.999667827592453 0.9999940967944916
o 39950 0.9853566537347827 0.9888781455992657
o 40000 0.9998341327646891 1
o 40050 0.8161436881799458 0.8280676791476936
o 40100 0.9962802289563546 0.9979497738504884
o 40150 0 0.0020713641682267793
o 40200 0.866299620411626 0.8767350399936945
o 40250 0.9879911809906672 0.9911626428272261
o 40300 0.9998341327646891 1
o 40350 0 0.0020713641682267793
o 40400 0.9977031051647243 0.9989656589179496
o 40450 0.9986592401095499 0.9995680130057615
o 40500 0.8722821000312475 0.8825105699798869
o 40550 0.9982351769925621 0.9993128775364319
o 40600 0.9998341327646891 1
o 40650 0 0.0020713641682267793
o 40700 0.35497080143388504 0.3699555613782888
o 40750 0.9989171466500019 0.9997094220119277
o 40800 0.9994428736959391 0.9999411111022777
o 40850 0.2101899337158304 0.2569403027672781
o 40900 0 0.0020713641682267793
o 40950 0 0.0020713641682267793
o 41000 0.816589390331997 0.8285018283763974
o 41050 0.9998341327646891 1
o 41100 0.9985329522208015 0.9994945720557049
o 41150 0.745427293499101 0.7588876875053687
o 41200 0.9987102018538931 0.9995969315746575
o 41250 0.999667827592453 0.9999940967944916
o 41300 0.9546656185734261 0.9609396553568769
o 41350 0.0005039517802439839 0.006191718166965772
o 41400 0.4365850909674167 0.4520736740948826
o 41450 0.9977269908240748 0.9989817458746689
o 41500 0.08954051614080262 0.1236328646512493
o 41550 0.26464567989377175 0.2785113313739043
o 41600 0.9572139538455818 0.9633104686472549
o 41650 0.9998341327646891 1
o 41700 0.3568023552775564 0.3718033872923257
o 41750 6.250781184871417e-08 0.0026863809835039826
o 41800 0 0.0020713641682267793
o 41850 0.046838981772092204 0.07303830175849624
o 41900 6.250781184871417e-08 0.0026863809835039826
o 41950 0.9998341327646891 1
o 42000 0.9956877226395212 0.9975026664820246
o 42050 0.7487368230127969 0.7621370514569134
o 42100 0.8802036011087833 0.8901464341294563
o 42150 0.9631521322356114 0.968810301316428
o 42200 0.9997848482419177 0.9999999949993749
o 42250 0.9887662451053192 0.9918272831773343
o 42300 0.5866912422835744 0.6019969561693608
o 42350 0 0.0020713641682267793
o 42400 0.6687762723311537 0.6833643723873402
o 42450 0.9997848482419177 0.9999999949993749
o 42500 0.9853779987636305 0.9888967928088995
o 42550 0.1945629016452367 0.24013634850252638
o 42600 0.9998341327646891 1
o 42650 0.9995037605889316 0.9999597116202773
o 42700 0.8931709489575297 0.9026147749038098
o 42750 0.000617231858581449 0.006574120542913898
o 42800 0.932085787866839 0.9397270041146202
o 42850 0 0.0020713641682267793
o 42900 0.22345048778125973 0.27112139247927214
o 42950 0.9917380981304501 0.9943342369130319
o 43000 0 0.0020713641682267793
o 43050 0.9982351769925621 0.9993128775364319
o 43100 0.6666442979265033 0.6812570615402375
o 43150 0.9998341327646891 1
o 43200 0.7976180217638359 0.8099995253452972
o 43250 0.0026347926915506496 0.011514351585061058
o 43300 0.9372681241725487 0.9446229447536167
o 43350 0.9997427320109892 0.9999995494141014
o 43400 0.00039780109237607124 0.005802461929782443
o 43450 0.009779330690055163 0.02380346555290686
o 43500 0.993363453073668 0.995668161210665
o 43550 0.9557011626749101 0.9619037653875562
o 43600 0.029406342437765104 0.0510600974603482
o 43650 0.9968566305867094 0.9983729405286069
o 43700 0.9983832285394977 0.9994045786411974
o 43750 0.2895741831857149 0.30381435672109464
o 43800 0.026381692746177906 0.047100999821437235
o 43850 0.9995668564461055 0.9999760166924246
o 43900 0.9997848482419177 0.9999999949993749
o 43950 0 0.0020713641682267793
o 44000 0.013576511529960667 0.02948063792648146
o 44050 0.9998341327646891 1
o 44100 0.39455417300841505 0.40983879472487356
o 44150 0.9998341327646891 1
o 44200 0.9997041638433968 0.9999976422569008
o 44250 0 0.0020713641682267793
o 44300 0.9995668564461055 0.9999760166924246
o 44350 0.9998341327646891 1
o 44400 0 0.0020713641682267793
o 44450 0.9972065160734794 0.9986227536460884
o 44500 0.9949883769998434 0.9969624183275265
o 44550 0.9927683153359248 0.9951835711588028
o 44600 0 0.0020713641682267793
o 44650 0.9994428736959391 0.9999411111022777
o 44700 0.9958921299523235 0.9976581311058531
o 44750 0.8232360288404647 0.8349729738754723
o 44800 0.9237093423373309 0.9317862335168082
o 44850 0.9995994914601743 0.999983053576263
o 44900 0.0018479170238916607 0.009813601316796733
o 44950 0 0.0020713641682267793
o 45000 0.9998341327646891 1
o 45050 0.8897027557237244 0.8992841210482061
o 45100 0.9992689677678938 0.9998761603306524
o 45150 0 0.0020713641682267793
o 45200 0.007650494951947706 0.02044833171916564
o 45250 0.9981861524596644 0.9992819780723425
o 45300 0.9911491013581197 0.9938434801235939
o 45350 0.9906270565796893 0.9934057384895696
o 45400 0.013576511529960667 0.02948063792648146
o 45450 0.6263288218706036 0.641346062539405
o 45500 0.48478941141397053 0.5003730892182385
o 45550 0.1560897285934504 0.19828075512907797
o 45600 0.4344292962377885 0.44991019679728617
o 45650 0.9799437208004371 0.9840929999193175
o 45700 0.9996330653686876 0.9999891487861117
o 45750 0.9998341327646891 1
o 45800 0.9998341327646891 1
o 45850 0.9993836603972313 0.9999207619417313
o 45900 0.9998341327646891 1
o 45950 0.9989962943624098 0.9997500155155601
o 46000 0.032453961910646444 0.05499640271203251
o 46050 0.8039122710867685 0.8161431758675849
o 46100 0.9998341327646891 1
o 46150 0.9479456113385376 0.9546619038167067
o 46200 0.9756881967246437 0.9802699937075057
o 46250 0.015415719738675612 0.03212986994440162
o 46300 0.9893057427349891 0.9922875767895578
o 46350 0.9942282900275594 0.9963629052366137
o 46400 5.632956977942948e-06 0.0032118347953750117
o 46450 0.41475457242684405 0.43015156683565586
o 46500 0.28834301504984666 0.302565942991215
o 46550 0.9826963964510806 0.9865393571717674
o 46600 0.9946298867843633 0.9966811016233299
o 46650 0.21838343855584358 0.2657107192322156
o 46700 0.9412834122361763 0.9484063210148006
o 46750 0.2601432011467663 0.2739353413610516
o 46800 0.9994730802517788 0.9999506585660495
o 46850 0.034204729110324364 0.05723651632992128
o 46900 0.7571744888120553 0.7704165651451559
o 46950 0.9391619258427936 0.9464085132002473
o 47000 0.8819354670896545 0.8918139922208856
o 47050 0.9994130827814862 0.9999311292217218
o 47100 0.9998341327646891 1
o 47150 0.9995668564461055 0.9999760166924246
o 47200 0 0.0020713641682267793
o 47250 0.9967638850029296 0.9983057603656821
o 47300 0.9998341327646891 1
o 47350 0.0001356941374875258 0.004579646877596001
o 47400 0.9962344237744081 0.9979156106725469
o 47450 0.999667827592453 0.9999940967944916
o 47500 0.9990229026390072 0.9997633135035763
o 47550 0.9997848482419177 0.9999999949993749
o 47600 0 0.0020713641682267793
o 47650 0.9998341327646891 1
o 47700 0.1487250554436146 0.1901784612471839
o 47750 0.9998341327646891 1
o 47800 0.9989171466500019 0.9997094220119277
o 47850 0.9909749360150711 0.9936977171913548
o 47900 0 0.0020713641682267793
o 47950 0.9808105302465157 0.9848658876764615
o 48000 0.985057936925891 0.9886169708281594
o 48050 0 0.0020713641682267793
o 48100 0.9946746164213913 0.9967163483612504
o 48150 0.9998341327646891 1
o 48200 0.5696680241125909 0.5850658972912404
o 48250 0.5685054130824992 0.5839088992816568
o 48300 0 0.0020713641682267793
o 48350 0 0.0020713641682267793
o 48400 0.9943396753794714 0.9964514634102962
o 48450 0.9998341327646891 1
o 48500 0 0.0020713641682267793
o 48550 0.9998341327646891 1
o 48600 5.632956977942948e-06 0.0032118347953750117
o 48650 0.9998341327646891 1
o 48700 0.9990496341945742 0.9997764839702483
o 48750 0 0.0020713641682267793
o 48800 0.016033583751389944 0.0330082146209298
o 48850 0.9995994914601743 0.999983053576263
o 48900 0.3594702646446008 0.37449457453621354
o 48950 0.8600361120070578 0.8706806328235052
o 49000 0.9997848482419177 0.9999999949993749
o 49050 0.8513587144737425 0.862280919011439
o 49100 0.9970661424168631 0.9985232526257964
o 49150 0.30306152050285945 0.3174824403869049
o 49200 0.9998341327646891 1
o 49250 0.9998341327646891 1
o 49300 0.9998341327646891 1
o 49350 0.7498468439026672 0.7632266594635082
o 49400 0.9371652294253451 0.9445258737199901
o 49450 0.9998341327646891 1
o 49500 0.9244067740420918 0.9324485700581963
o 49550 0.9998341327646891 1
o 49600 0.9992689677678938 0.9998761603306524
o 49650 0.9998341327646891 1
o 49700 0.9998341327646891 1
o 49750 0.9991306438647725 0.9998151511351706
o 49800 0.9875399708708448 0.9907740229240057
o 49850 0.9899546384624309 0.9928384260869836
o 49900 0.6908302552335714 0.7051429987499545
o 49950 0 0.0020713641682267793
