
x disttype L1-general-gaussian
x k 1510
x std 0.55
x N 50000
x alpha 0.0005

o 0 0.7152409890745383 0.7292040906787154
o 10 0.9954839710957356 0.9973465410699824
o 20 0.9248786256124752 0.9328965616908313
o 30 0.9985078691024893 0.9994797052294327
o 40 0.7875036554380228 0.8001172675621205
o 50 0.9998341327646891 1
o 60 0.9962573212126038 0.9979326974599837
o 70 0.23623846384408315 0.24960821496963614
o 80 0.9979914799067023 0.9991569284568658
o 90 0.8883159168901336 0.8979514209379802
o 100 0.5217959501360121 0.5373540810065218
o 110 0.007528617560242397 0.0104781473311657
o 120 0.9976792437995069 0.9989495473086407
o 130 0.0949176655076905 0.10425746540498881
o 140 0.47279644864840786 0.4883700961406269
o 150 0.9993257723589525 0.9998990270247117
o 160 0.89288527274156 0.9023405460804673
o 170 0.8910694427821011 0.9005969796545107
o 180 0.9998341327646891 1
o 190 0.6444093330741293 0.6592594836038228
o 200 0.0011313649965060946 0.002439713796663079
o 210 0.002688238038480897 0.004561223072130582
o 220 0.9998341327646891 1
o 230 0.9998341327646891 1
o 240 0.9998341327646891 1
o 250 0.3807427332023322 0.39593490611638027
o 260 0.33417516278247283 0.34895824548618204
o 270 0.47325609614592623 0.48883029361682995
o 280 0.9998341327646891 1
o 290 0.9998341327646891 1
o 300 0.9570481151569129 0.9631563627773673
o 310 0.999784848241918 0.9999999949993749
o 320 0.07376966252792166 0.08213282041004677
o 330 0.9865751466801107 0.9899392062209095
o 340 0.002255805956077755 0.003994006559359109
o 350 0.9876258665005824 0.990848095043925
o 360 0.7896271739118965 0.8021930402054116
o 370 0.15759304476203242 0.16912050009552737
o 380 0.9741136467128502 0.978845082182915
o 390 0.9998341327646891 1
o 400 0.9998341327646891 1
o 410 0.5914048719178061 0.6066817424070441
o 420 0.5348684693677841 0.5503971603294682
o 430 0.03211137890303783 0.03784585269056773
o 440 0.9967638850029287 0.998305760365681
o 450 0.991323423552558 0.9939890856380003
o 460 0.9992130705901301 0.9998523473218889
o 470 0.006083697124280393 0.00876375746689928
o 480 0.03118969868357092 0.03684786776438531
o 490 0.9998341327646891 1
o 500 0.003160469757935061 0.005168649263019853
o 510 0.9998341327646891 1
o 520 0.882241127053292 0.8921082306147294
o 530 0.9891977558137093 0.9921956057163258
o 540 0.16733497798262015 0.17913522879359023
o 550 0.08028910940905677 0.08897110141200615
o 560 0.9998341327646891 1
o 570 0.9731911017743704 0.9780079416012174
o 580 0.6043661148077629 0.6195561447550979
o 590 0.9986592401095487 0.9995680130057608
o 600 0.9873253301362781 0.9905887440365998
o 610 0.999599491460172 0.9999830535762632
o 620 0.3472079275580892 0.36212106458937954
o 630 0.00972654438416226 0.013039245576241254
o 640 2.357743099213211e-06 0.0002958361566028911
o 650 0.9995037605889281 0.9999597116202779
o 660 0.9998341327646891 1
o 670 0.9995668564461039 0.999976016692425
o 680 0.9287989630013 0.9366149214681223
o 690 0.002084389327455776 0.0037655762255970338
o 700 0.9953710406785294 0.9972595379004648
o 710 0.04746679002139999 0.05432493853718434
o 720 0.0023074165458542226 0.00406235160562296
o 730 0.35104928660471046 0.36599840434909026
o 740 0 0.00016586723531085122
o 750 0.9998341327646891 1
o 760 0.006375221759788522 0.009112089374815446
o 770 0.6813101286026542 0.6957463151145116
o 780 0.9759403758366075 0.9804977281307443
o 790 0 0.00016586723531085122
o 800 0.9998341327646891 1
o 810 0.7506339857035008 0.7639992545135604
o 820 0.00036024598323412533 0.00121281458400746
o 830 0.9634017217998051 0.9690406279632612
o 840 0.9998341327646891 1
o 850 0 0.00016586723531085122
o 860 0.9912798280218552 0.9939526992962495
o 870 1.0851213888255374e-05 0.0003669346313138755
o 880 0.9998341327646891 1
o 890 0.9423961986659934 0.9494531642872649
o 900 7.923805826870094e-05 0.0006163396027676349
o 910 0.2784959579315914 0.29257634531906784
o 920 0.15575986227379807 0.16723431112510367
o 930 0.9920661683332538 0.9946060265349213
o 940 0.9997041638433971 0.9999976422569008
o 950 0.17167577649514634 0.18359294399748338
o 960 0.9998341327646891 1
o 970 0.9998341327646891 1
o 980 0 0.00016586723531085122
o 990 0.9769287851890152 0.9813889792132277
o 1000 0.9998341327646891 1
o 1010 0.9998341327646891 1
o 1020 0.9955065793665261 0.9973639193559748
o 1030 0.017493905603579506 0.021828758512479562
o 1040 0 0.00016586723531085122
o 1050 0.0018292325510135831 0.003420979978664307
o 1060 0.9998341327646891 1
o 1070 0.4116428805794821 0.4270243102358685
o 1080 0.999784848241918 0.9999999949993749
o 1090 0.9185023122425752 0.9268349937871474
o 1100 0.0038679190549972863 0.006060742028427879
o 1110 0.9998341327646891 1
o 1120 0.12992894876191163 0.1405940966506779
o 1130 0 0.00016586723531085122
o 1140 0.8115456320154715 0.823587268692503
o 1150 0 0.00016586723531085122
o 1160 0.8643062694791771 0.8748090542314667
o 1170 0.9174779431929702 0.9258597031982434
o 1180 0.8768630939996225 0.88692805222484
o 1190 0.9764659827176314 0.9809719408159061
o 1200 0.7641816537902034 0.7772870585051328
o 1210 0.9732539759124217 0.9780650460521036
o 1220 0.01473870344091649 0.018745034463308108
o 1230 0.46468375862747235 0.480245522718607
o 1240 0 0.00016586723531085122
o 1250 0.9848873351641612 0.9884676343477257
o 1260 0.0022386208961311434 0.003971206558449625
o 1270 0 0.00016586723531085122
o 1280 0.005520728928795493 0.008087010473244782
o 1290 0.9937396147950882 0.9959718211155568
o 1300 0.015642957115727576 0.019760425354347078
o 1310 0.9996678275924519 0.9999940967944916
o 1320 0.4849493478912741 0.5005330988189126
o 1330 0.05380492415554228 0.06106456146371719
o 1340 0.9996330653686861 0.9999891487861118
o 1350 0.0007180219276559361 0.0018138475403408627
o 1360 0.9852072689865071 0.9887475846132617
o 1370 0.9936288545622289 0.9958826344391312
o 1380 5.000625091698381e-09 0.00021515175808195508
o 1390 0.999442873695936 0.9999411111022777
o 1400 0.7467591143901374 0.760195421306685
o 1410 0.9998341327646891 1
o 1420 0.04170441961031861 0.04816936033547636
o 1430 0.6798411636053594 0.6942957723795837
o 1440 0.9921318600655772 0.994660306456631
o 1450 0.0077308138286514795 0.010715858235106124
o 1460 0.9982351769925596 0.9993128775364343
o 1470 0.05202028087168336 0.0591698350700256
o 1480 0.7309642123500102 0.7446756059009173
o 1490 0.9959148847383061 0.9976753617509324
o 1500 0.23370294847463668 0.24702459402300814
o 1510 0.07761393771972219 0.08616720474239614
o 1520 0.9946746164213873 0.9967163483612492
o 1530 0.0002104806012700251 0.0009235038099101311
o 1540 0.9995349878824064 0.9999681957182619
o 1550 0.5915653487335335 0.6068412116632531
o 1560 0.9998341327646891 1
o 1570 0.8960079088045791 0.9053368720782566
o 1580 0.0027578846474799633 0.004651523646439837
o 1590 4.5058589854506926e-07 0.0002572679890114893
o 1600 0 0.00016586723531085122
o 1610 0 0.00016586723531085122
o 1620 0.4088904928605102 0.42425762817992074
o 1630 0.9604713505616187 0.9663319818870897
o 1640 0.13502334630441962 0.1458579468838519
o 1650 0.9998341327646891 1
o 1660 0.37514425670636836 0.3902952769123559
o 1670 0.045454159024596236 0.052178284541749886
o 1680 0.9998341327646891 1
o 1690 0.36532461049369275 0.3803982466538446
o 1700 0.11493682737378651 0.12507138296636833
o 1710 0.3033198179884862 0.3177440552362232
o 1720 0.05594010843933568 0.06332862418220042
o 1730 5.000625091698381e-09 0.00021515175808195508
o 1740 0.04189755036383363 0.04837616060458638
o 1750 0.9989962943624112 0.9997500155155598
o 1760 0.2599250427693298 0.273713573941216
o 1770 0.5505705960533822 0.5660497491396022
o 1780 0.8213308846212699 0.8331187532078215
o 1790 0.008006886370307493 0.011039660141312746
o 1800 0.010023634495572165 0.01338202842858871
o 1810 0.2715896093145809 0.28556504113105907
o 1820 0.3565435415755765 0.371542288637015
o 1830 3.180428173812004e-05 0.0004650121175936439
o 1840 7.923805826870094e-05 0.0006163396027676349
o 1850 0 0.00016586723531085122
o 1860 0.9997427320109885 0.9999995494141014
o 1870 0.9760875136515337 0.9806305398356477
o 1880 0.9838438086667443 0.9875515362518517
o 1890 0.9636097421916465 0.9692325377234479
o 1900 0.999784848241918 0.9999999949993749
o 1910 0.625284518209734 0.640310716767885
o 1920 0.9997041638433971 0.9999976422569008
o 1930 0.705792008368933 0.7198962346916817
o 1940 0.21867497712170267 0.23169768734257645
o 1950 0.13533814101572855 0.14618304394175208
o 1960 4.5058589854506926e-07 0.0002572679890114893
o 1970 0.999297246851899 0.9998877222821806
o 1980 0.9998341327646891 1
o 1990 5.000625091698381e-09 0.00021515175808195508
o 2000 0.7155835603004573 0.7295414047868578
o 2010 0.0014933879139964572 0.0029571968101839152
o 2020 0.9998341327646891 1
o 2030 0.0008746641346896233 0.002056863698624789
o 2040 0.11668429689590788 0.12688331072528014
o 2050 0.9998341327646891 1
o 2060 0.9997041638433971 0.9999976422569008
o 2070 0.0017279107430003948 0.003282407593780956
o 2080 0.9609490201653529 0.9667741522476493
o 2090 0.9998341327646891 1
o 2100 0.19934893745413532 0.21195032182720241
o 2110 0.6791570165460097 0.6936201487129241
o 2120 0 0.00016586723531085122
o 2130 0.9991306438647708 0.9998151511351715
o 2140 0.999784848241918 0.9999999949993749
o 2150 0.9819328326435971 0.9858631909511664
o 2160 0.004906452413280383 0.007341611977483287
o 2170 0.9998341327646891 1
o 2180 0.6819339609019168 0.6963622737687702
o 2190 0.9929884278643608 0.9953633592455201
o 2200 0.9996678275924519 0.9999940967944916
o 2210 0.02975079210402783 0.03528729855044355
o 2220 0.9997427320109885 0.9999995494141014
o 2230 0.5964402361148271 0.6116846862067115
o 2240 0.9998341327646891 1
o 2250 0.300399224690362 0.3147856398322788
o 2260 0.6370953889592531 0.6520158818303172
o 2270 0.9933855477319553 0.9956860562216858
o 2280 0.022525216193833072 0.027395540799930673
o 2290 0.9926583880225167 0.9950935475867196
o 2300 0.052156031024092775 0.05931403693991888
o 2310 0.7227787226868494 0.7366238343366014
o 2320 0.0005802957095331146 0.0015919415317193764
o 2330 0.32094983274152694 0.3355880593374464
o 2340 0.9998341327646891 1
o 2350 0.017758806004069844 0.022123756185303156
o 2360 0.5967411807872212 0.6119836404178833
o 2370 0.9233401558856265 0.9314355426460548
o 2380 0.9913670292074385 0.994025461818258
o 2390 0.5355492679450451 0.5510761325790627
o 2400 0.9997427320109885 0.9999995494141014
o 2410 0.9981861524596591 0.9992819780723441
o 2420 0.23580264902837186 0.24916417822915726
o 2430 0.9066722278454632 0.915549008966356
o 2440 0.9578152319097996 0.9638689895292087
o 2450 0.9998341327646891 1
o 2460 0.9698430364679472 0.9749571431281038
o 2470 0.9998341327646891 1
o 2480 0.9995668564461039 0.999976016692425
o 2490 0.41563228596849516 0.43103355670321286
o 2500 0.5227767039852788 0.5383329968818777
o 2510 0.934223668909006 0.9417484123487456
o 2520 0.7702013457599596 0.7831853553589944
o 2530 0.9935845800559939 0.9958469300305962
o 2540 0.0016438338246257576 0.0031665762816579512
o 2550 0.7494431930649272 0.7628304452485246
o 2560 0.8853798829072912 0.8951284310828865
o 2570 0.5758225691887232 0.5911892828077472
o 2580 0.8092572535641608 0.8213564103906783
o 2590 0.005050663005471901 0.007517323555022104
o 2600 0.9998341327646891 1
o 2610 0.9998341327646891 1
o 2620 0.8336987422097595 0.8451467734852851
o 2630 0.060175786112030234 0.06781145606455607
o 2640 0.9998341327646891 1
o 2650 0 0.00016586723531085122
o 2660 0.0006717323004385943 0.0017402522987572944
o 2670 0.5005469814556924 0.5161302078605332
o 2680 0.9998341327646891 1
o 2690 0.000304323156902096 0.0011090285290428215
o 2700 0.9907791814137638 0.9935335518415193
o 2710 0.9998341327646891 1
o 2720 0.10469510068057569 0.11443664633189965
o 2730 0.9968566305867083 0.998372940528608
o 2740 0.985762399054934 0.9892322524004082
o 2750 0.9998341327646891 1
o 2760 0.8215132809733858 0.83329629604852
o 2770 0.005068703952431516 0.0075392729420531435
o 2780 0.9998341327646891 1
o 2790 0.9998341327646891 1
o 2800 0.10426375132861031 0.11398814480571384
o 2810 0.0030025269167148565 0.004966702589482397
o 2820 0.9998341327646891 1
o 2830 0.9995668564461039 0.999976016692425
o 2840 0.9998341327646891 1
o 2850 0.9998341327646891 1
o 2860 7.923805826870094e-05 0.0006163396027676349
o 2870 0.8873778999380427 0.8970497497474914
o 2880 0.9998341327646891 1
o 2890 0.8634520964988921 0.8739835114623478
o 2900 0 0.00016586723531085122
o 2910 0.7634545697005984 0.7765743855440453
o 2920 0.007014977712577282 0.009872026653801935
o 2930 0.5385529649351525 0.554071424529448
o 2940 0.0005954213588024984 0.001616771460508759
o 2950 0.19565238749999897 0.2081681343004106
o 2960 0.9956423896922855 0.9974680271834279
o 2970 0.39377673641773464 0.40905649421436396
o 2980 0.05039178098322256 0.05743891093909059
o 2990 0.9942951061238854 0.9964160553418016
o 3000 0.9998341327646891 1
o 3010 0.9988389036516672 0.9996678953600677
o 3020 0.9997427320109885 0.9999995494141014
o 3030 0.6996894158590667 0.7138808707512796
o 3040 0.9998341327646891 1
o 3050 0.646539575302982 0.6613685267020775
o 3060 0.999784848241918 0.9999999949993749
o 3070 0.9998341327646891 1
o 3080 0.20965217997391736 0.22248356225766086
o 3090 0.996833423718342 0.9983561661753741
o 3100 0.9998341327646891 1
o 3110 4.028837972215593e-05 0.0004962394110719082
o 3120 5.903205508420937e-06 0.0003321724075481258
o 3130 0.005177016253924449 0.007670902926190881
o 3140 0.994518159778464 0.9965928871040928
o 3150 0.35013368166956715 0.36507431941152646
o 3160 0.0005054279442954438 0.0014670477792010361
o 3170 0.9977509012387209 0.9989978077068434
o 3180 0.6427213315097051 0.6575880515081831
o 3190 0.0002104806012700251 0.0009235038099101311
o 3200 0.206388485396293 0.21914837061173753
o 3210 0.999784848241918 0.9999999949993749
o 3220 0.08064069394239766 0.08933939450553474
o 3230 0.0005352166424441244 0.0015171602060198852
o 3240 0.023115874203521666 0.02804466218801338
o 3250 5.000625091698381e-09 0.00021515175808195508
o 3260 0.9593295983490646 0.9652741164173909
o 3270 0.9991854194751913 0.9998401310800589
o 3280 5.903205508420937e-06 0.0003321724075481258
o 3290 0.9998341327646891 1
o 3300 0.8053698128677905 0.8175651478358045
o 3310 0.9753940776533289 0.9800042135412554
o 3320 0 0.00016586723531085122
o 3330 0.6683739999746263 0.6829667796026005
o 3340 0.7428244318650504 0.7563314194942101
o 3350 0.9998341327646891 1
o 3360 0.0050326252714616255 0.007495370968737203
o 3370 0.9998341327646891 1
o 3380 0.9737990474934105 0.978559788721901
o 3390 0 0.00016586723531085122
o 3400 0 0.00016586723531085122
o 3410 0.9041986906076327 0.9131833681563144
o 3420 0.0005802957095331146 0.0015919415317193764
o 3430 0.9998341327646891 1
o 3440 4.5058589854506926e-07 0.0002572679890114893
o 3450 0 0.00016586723531085122
o 3460 0.9998341327646891 1
o 3470 0.9102718769171957 0.9189881637986584
o 3480 0.9998341327646891 1
o 3490 2.357743099213211e-06 0.0002958361566028911
o 3500 0.9817632923403422 0.9857127910039591
o 3510 0.32848647451477353 0.3432088620943553
o 3520 0.9998341327646891 1
o 3530 0.9998341327646891 1
o 3540 0.9893705564962993 0.9923427377609763
o 3550 0.00033210463993232117 0.0011610963483328351
o 3560 5.903205508420937e-06 0.0003321724075481258
o 3570 0.0022386208961311434 0.003971206558449625
o 3580 0.08832253878394886 0.09737487953574397
o 3590 0.9995037605889281 0.9999597116202779
o 3600 0.0002366864964226909 0.0009770973609918299
o 3610 0.9764870136768585 0.9809909026306646
o 3620 0.5436799302358654 0.5591827336797324
o 3630 0.9998341327646891 1
o 3640 0 0.00016586723531085122
o 3650 0.9998341327646891 1
o 3660 0.5861497229048727 0.6014586575531709
o 3670 0.9938726701356374 0.996078701324011
o 3680 0.002618709956084054 0.004470804819852514
o 3690 0.9849086567218699 0.9884863050779251
o 3700 0.25018948936702845 0.2638124396433257
o 3710 0.9748271150971208 0.9794913700940219
o 3720 0.9998341327646891 1
o 3730 0.9493088419141958 0.9559382189650569
o 3740 0.999784848241918 0.9999999949993749
o 3750 0.45547455910507256 0.4710178295305275
o 3760 0.9998341327646891 1
o 3770 0.9981616966934683 0.9992664707710186
o 3780 0.28883944624679936 0.3030693431913233
o 3790 0.8836880683296212 0.8935008081961913
o 3800 0.9892625425935053 0.9922507937490819
o 3810 0.21206572752000158 0.2249491912308399
o 3820 0.8954567579456068 0.9048082061281582
o 3830 0.7578407698222812 0.7710700614502155
o 3840 0 0.00016586723531085122
o 3850 0.9989698028369101 0.9997365968529978
o 3860 0.9998341327646891 1
o 3870 0.0432499477402274 0.049823280677199544
o 3880 0.1044794229039484 0.1142123986687349
o 3890 0.9838438086667443 0.9875515362518517
o 3900 0.02835176805386242 0.03376683411505943
o 3910 0.07084464367202198 0.0790588606465974
o 3920 0.009615221766748753 0.012910616038472877
o 3930 0.9958693839527202 0.9976408916037288
o 3940 0.4186645793860755 0.4340802387029552
o 3950 0.996879851396403 0.9983897007921845
o 3960 0.7412507632807325 0.7547856143274062
o 3970 0.0001238396693464139 0.0007310322321077978
o 3980 0.6281564438933054 0.643157827020311
o 3990 0.91407845867542 0.9226203172374768
o 4000 5.000625091698381e-09 0.00021515175808195508
o 4010 0.76721146420667 0.7802562357733329
o 4020 0.9670044139534506 0.9723567240839699
o 4030 0.9735264750702936 0.978312454061794
o 4040 0.9976078010658749 0.9989010690693881
o 4050 0 0.00016586723531085122
o 4060 0.682557808287209 0.6969782173360709
o 4070 0.9161465630566835 0.9245915257026855
o 4080 0.9095354091091586 0.9182848763162209
o 4090 0.20063402847701944 0.21326479198156734
o 4100 0.9998341327646891 1
o 4110 0.998532952220799 0.9994945720557045
o 4120 0.028141091824185213 0.03353758754156877
o 4130 0.9998341327646891 1
o 4140 0.9983832285394911 0.9994045786411975
o 4150 0.9995037605889281 0.9999597116202779
o 4160 0.03422571476331896 0.040130751137623766
o 4170 0.09685638631729598 0.1062780729677475
o 4180 0.9011745011520438 0.9102885626033096
o 4190 0.010581540460866798 0.014023886275168485
o 4200 0.38375160626842164 0.3989650151291815
o 4210 0.13138422983994372 0.14209831489023783
o 4220 0 0.00016586723531085122
o 4230 0.8157790328053095 0.8277124561185776
o 4240 0.01845943445398955 0.022902859094351524
o 4250 0.09413450441275155 0.1034408979064233
o 4260 0.9991306438647708 0.9998151511351715
o 4270 0.9980156978384686 0.999172677844584
o 4280 0.7789515057018789 0.7917522728126287
o 4290 0.2894748931026551 0.3037136805245423
o 4300 0.9996330653686861 0.9999891487861118
o 4310 0.06297646928601873 0.07076978957300506
o 4320 0 0.00016586723531085122
o 4330 0.9998341327646891 1
o 4340 0.9940058868960785 0.9961854192572273
o 4350 0.9573590736792199 0.9634453002947276
o 4360 0.8825671765437615 0.8924220727028164
o 4370 0.9998341327646891 1
o 4380 0.9788248615975678 0.9830922480087277
o 4390 0.9998341327646891 1
o 4400 0.03462968531710418 0.040566634651376
o 4410 0.9251658633519169 0.9331692285007838
o 4420 0.5212555475929169 0.5368146655379963
o 4430 0.999103496509203 0.9998024115070666
o 4440 0.30957937218646714 0.32408237688745956
o 4450 0.9050571638982631 0.9140046095920216
o 4460 0.9617384926535194 0.9675044151384056
o 4470 0.9883784571451635 0.9914952196013018
o 4480 0.9993836603972324 0.9999207619417313
o 4490 0.45753191489966016 0.4730797794807323
o 4500 0.33417516278247283 0.34895824548618204
o 4510 0.9992130705901301 0.9998523473218889
o 4520 5.903205508420937e-06 0.0003321724075481258
o 4530 0.9593295983490646 0.9652741164173909
o 4540 0.9998341327646891 1
o 4550 0 0.00016586723531085122
o 4560 0.999784848241918 0.9999999949993749
o 4570 0.7548729605833289 0.768158862633788
o 4580 0.34559590848778426 0.360493629762377
o 4590 0 0.00016586723531085122
o 4600 0.0001722718904719812 0.0008420520734764292
o 4610 0.98146671546491 0.9854494722396919
o 4620 0 0.00016586723531085122
o 4630 0.7720399528129475 0.784986134119471
o 4640 0.14665716763109665 0.1578601288115392
o 4650 0.9227044023748142 0.9308315074099374
o 4660 0.49558691239504316 0.511171948503137
o 4670 0.9977748368846215 0.9990138439272586
o 4680 0.1908105905904443 0.2032115854519856
o 4690 0.17477435585595488 0.18677330407857184
o 4700 0.2645464964807807 0.2784105485139665
o 4710 0.18980289173397719 0.20217962868156292
o 4720 0.8911714441359974 0.9006949443925603
o 4730 0.097267701822134 0.10670661501481593
o 4740 0.4750947521403762 0.49067101751740605
o 4750 0.08357145783278856 0.09240761111384488
o 4760 0.7494230107295561 0.7628106343312591
o 4770 0.9762767273906853 0.9808012611465695
o 4780 0.9972299702688214 0.9986392778683405
o 4790 0.008689483652417708 0.011836757730588232
o 4800 0.9998341327646891 1
o 4810 0.9998341327646891 1
o 4820 0.32621929146354767 0.3409168137993205
o 4830 0 0.00016586723531085122
o 4840 0.9998341327646891 1
o 4850 5.000625091698381e-09 0.00021515175808195508
o 4860 0.9998341327646891 1
o 4870 0.7886159421269576 0.8012046095570643
o 4880 0.12703868787020536 0.13760535225793935
o 4890 0.9998341327646891 1
o 4900 0.14911933217869175 0.16039711917935118
o 4910 0.9547277375253254 0.9609975156619109
o 4920 0.993142719033892 0.9954889975318352
o 4930 0.9982843587370567 0.9993436167432374
o 4940 0.8608900031510569 0.871506457481769
o 4950 0.9694669786628086 0.974613328132676
o 4960 0.36060519735443375 0.3756392575515104
o 4970 0.01188730481848866 0.01551757953898647
o 4980 0 0.00016586723531085122
o 4990 0.7617581452781845 0.7749113768386879
o 5000 0.9998341327646891 1
o 5010 0.9994730802517786 0.9999506585660503
o 5020 0.9620710083819652 0.9678117879078223
o 5030 0.9885292012398177 0.9916244179430277
o 5040 0.999599491460172 0.9999830535762632
o 5050 0.010562926150829474 0.014002508418558213
o 5060 0.9913452251092921 0.9940072750035274
o 5070 0.021934953947896886 0.026746024087578313
o 5080 0.9998341327646891 1
o 5090 0.3642890610200528 0.379354146688321
o 5100 0.9991306438647708 0.9998151511351715
o 5110 0.9998341327646891 1
o 5120 0.9863824963889312 0.9897719275815435
o 5130 2.357743099213211e-06 0.0002958361566028911
o 5140 0.9885292012398177 0.9916244179430277
o 5150 0.006850214758641364 0.00967686764526099
o 5160 0.8584911508311038 0.8691861082299107
o 5170 0.9998341327646891 1
o 5180 0.008449400085856417 0.011556947811612428
o 5190 0.5053477777676002 0.5209277938872166
o 5200 0.9998341327646891 1
o 5210 0.9936731458773179 0.9959183219532978
o 5220 0.999784848241918 0.9999999949993749
o 5230 0.03609249837482035 0.04214329405658168
o 5240 0.2138662106314542 0.2267880939046314
o 5250 0.9996678275924519 0.9999940967944916
o 5260 0.9998341327646891 1
o 5270 0.9992130705901301 0.9998523473218889
o 5280 0 0.00016586723531085122
o 5290 0.12008206678943997 0.1304043694612912
o 5300 0.9870893839615271 0.9903847782332513
o 5310 0.7138909041113222 0.7278746275577579
o 5320 0.999784848241918 0.9999999949993749
o 5330 0 0.00016586723531085122
o 5340 0 0.00016586723531085122
o 5350 0.9934518554915925 0.9957397173533522
o 5360 0.9996678275924519 0.9999940967944916
o 5370 0.3003793578775938 0.3147655133886462
o 5380 5.000625091698381e-09 0.00021515175808195508
o 5390 0.9998341327646891 1
o 5400 0.9880556926137908 0.9912181067838138
o 5410 0.000276936226907186 0.0010565779080022875
o 5420 0.9690283870810166 0.9742120679725658
o 5430 0.9976554062814149 0.9989334115040904
o 5440 0.9998341327646891 1
o 5450 0.033898765349077584 0.03977781874287134
o 5460 0.9916507186090978 0.9942616533994505
o 5470 0.9998341327646891 1
o 5480 0.9778973113308842 0.9822601192044921
o 5490 0.3463720541574381 0.3612772211539975
o 5500 0.7844907257737649 0.7971712031179663
o 5510 0.7713125703456012 0.7842737595637544
o 5520 0.004421372617766747 0.006746961728259393
o 5530 2.357743099213211e-06 0.0002958361566028911
o 5540 0.05698881438969597 0.06443954881895508
o 5550 0.3357467247731484 0.3505461508508486
o 5560 0.007638878896105506 0.010607835279892841
o 5570 0.9891977558137093 0.9921956057163258
o 5580 0.20621048338021972 0.21896643338102784
o 5590 0.0058291367703854 0.008458445246825375
o 5600 0.05132223804222019 0.05842812469139114
o 5610 0.6005734719093395 0.6157900617399749
o 5620 0 0.00016586723531085122
o 5630 0 0.00016586723531085122
o 5640 0.008726442896943472 0.01187978216167429
o 5650 0.005575095705043879 0.008152615697667565
o 5660 0.9936509981065429 0.9959004803202396
o 5670 0.010079375308177584 0.013446263882625709
o 5680 0 0.00016586723531085122
o 5690 0.9590805805333684 0.965043217580116
o 5700 0.045241381449870784 0.05195113779598004
o 5710 0.0023246382490675443 0.004085115261693861
o 5720 0.9998341327646891 1
o 5730 0 0.00016586723531085122
o 5740 0.00793322842543673 0.0109533514549085
o 5750 0.2142619455328212 0.2271922240133022
o 5760 0.9622788632508763 0.9680038633244354
o 5770 0.9998341327646891 1
o 5780 0.9998341327646891 1
o 5790 0.9974418742737955 0.998787169461314
o 5800 0.16129964329873855 0.17293263107582524
o 5810 0.9983584448714474 0.9993894057514955
o 5820 0.32723353376594827 0.34194222762446236
o 5830 0 0.00016586723531085122
o 5840 0.7446605257758822 0.7581347116147646
o 5850 0 0.00016586723531085122
o 5860 0.4841896567237253 0.4997730461160669
o 5870 0.9889819144447517 0.992011530708872
o 5880 0.9940503293814098 0.996220954804112
o 5890 0.005575095705043879 0.008152615697667565
o 5900 0.9412009989397452 0.948328761733074
o 5910 0 0.00016586723531085122
o 5920 0.9998341327646891 1
o 5930 5.888889772228268e-05 0.0005571263040640151
o 5940 0.001115136713625694 0.002415967460000501
o 5950 0.9009702140036482 0.9100929176424852
o 5960 0.0043676406304762015 0.006680724481076483
o 5970 0.9997041638433971 0.9999976422569008
o 5980 0.9998341327646891 1
o 5990 0.9192809691908661 0.9275760781170452
o 6000 0.4476658102641155 0.46318921385637324
o 6010 0.005520728928795493 0.008087010473244782
o 6020 0.9793735118373914 0.9835834073297887
o 6030 0.2937645953519096 0.30806252157648084
o 6040 0 0.00016586723531085122
o 6050 0.0001722718904719812 0.0008420520734764292
o 6060 0.009930758455896999 0.013274944083232931
o 6070 0.06282082019928219 0.07060549326571619
o 6080 0.9821024231663356 0.9860135405926497
o 6090 0.9998341327646891 1
o 6100 0.9991579479265237 0.999827728109528
o 6110 0.9998341327646891 1
o 6120 0.9998341327646891 1
o 6130 0.5102893469953055 0.5258645598139629
o 6140 0.9997041638433971 0.9999976422569008
o 6150 0.0002905779880734113 0.0010828533499978032
o 6160 0 0.00016586723531085122
o 6170 0.8056937293147931 0.8178811233308058
o 6180 0.6064733460868043 0.6216482056444618
o 6190 0.686945292293903 0.7013092632319966
o 6200 0.9381119739347261 0.9454188143420978
o 6210 5.000625091698381e-09 0.00021515175808195508
o 6220 0.0001975884929334221 0.0008965034907969516
o 6230 1.694642373683569e-05 0.00040050853982798174
o 6240 0.5185936978204431 0.534157411770892
o 6250 0.6690980945900297 0.6836824422412313
o 6260 4.5058589854506926e-07 0.0002572679890114893
o 6270 0 0.00016586723531085122
o 6280 0.01969204557463212 0.024269778397729258
o 6290 0.030786652054452975 0.03641106104471303
o 6300 0.23219764067275342 0.2454904146500888
o 6310 0.9998341327646891 1
o 6320 0.999784848241918 0.9999999949993749
o 6330 0.8456519336155504 0.8567496002070956
o 6340 0.9401916045304023 0.9473784919771132
o 6350 0.9998341327646891 1
o 6360 0.9700520070383564 0.9751481018416543
o 6370 0.01155103742402133 0.015133985354106927
o 6380 0.008006886370307493 0.011039660141312746
o 6390 0.9998341327646891 1
o 6400 0.3786705749915898 0.3938477654167597
o 6410 0.9997041638433971 0.9999976422569008
o 6420 0.999103496509203 0.9998024115070666
o 6430 0.9543136436995684 0.9606117477534987
o 6440 0 0.00016586723531085122
o 6450 0.9998341327646891 1
o 6460 0.0004319869942391821 0.0013407598904513485
o 6470 0.6942728729739821 0.7085392278017844
o 6480 0.9971128682824996 0.998556485750206
o 6490 2.398330757498869e-05 0.00043314355389612036
o 6500 0.0015100441422738538 0.002980520524678121
o 6510 0 0.00016586723531085122
o 6520 0.07712591889198754 0.08565539362616847
o 6530 0.0030726616847531977 0.00505651831829379
o 6540 0.9996678275924519 0.9999940967944916
o 6550 0.999442873695936 0.9999411111022777
o 6560 0.9916944029342062 0.9942979506127954
o 6570 0.019711025685747997 0.024290791084046415
o 6580 0.695380248392866 0.7096314814624809
o 6590 0.45321761323428866 0.4687555370612958
o 6600 0.9998341327646891 1
o 6610 0.9928123100090981 0.9952195567343155
o 6620 0.9996330653686861 0.9999891487861118
o 6630 0.9225198446789011 0.9306561264315655
o 6640 0 0.00016586723531085122
o 6650 0.937412181816917 0.9447588392001042
o 6660 0.9997041638433971 0.9999976422569008
o 6670 0.003672553120738686 0.005816229222878833
o 6680 0.8196894221291805 0.8315207629506729
o 6690 0.9945404942367145 0.9966105410165468
o 6700 0.9930986175276119 0.9954531192790149
o 6710 0.9806836070770028 0.9847528552733716
o 6720 0.9984329360206239 0.9994347812916474
o 6730 0.9995037605889281 0.9999597116202779
o 6740 0.6197222245183693 0.6347948778848722
o 6750 0.289911772521156 0.30415665273659176
o 6760 0.8212092883499252 0.8330003900171791
o 6770 0.9096786039865923 0.918421633858583
o 6780 0.9998341327646891 1
o 6790 0 0.00016586723531085122
o 6800 0.9901496493698395 0.9930033376199513
o 6810 0.9990764961900899 0.99978951939873
o 6820 0.9998341327646891 1
o 6830 0.025673270768845975 0.030846316521817685
o 6840 0.9925485438632544 0.9950034404956384
o 6850 0.9888524925412426 0.991901002547524
o 6860 0.998064229430307 0.9992040792410983
o 6870 0.9653373638022974 0.9708243354937577
o 6880 0.8139153787272692 0.8258967316705915
o 6890 0.3944943694805518 0.40977861847569863
o 6900 0.6606113255563049 0.6752920567402924
o 6910 0.995100725915886 0.9970500070111683
o 6920 0 0.00016586723531085122
o 6930 0 0.00016586723531085122
o 6940 0.9998341327646891 1
o 6950 0.009263021648189271 0.012502968453285357
o 6960 0.00034613229865897415 0.0011869972764159131
o 6970 0.04481588337486831 0.05149678726219997
o 6980 0.0018800595103553234 0.003490101729393902
o 6990 0.9998341327646891 1
o 7000 0.3948531924297173 0.41013967418876374
o 7010 0.9976554062814149 0.9989334115040904
o 7020 0.999784848241918 0.9999999949993749
o 7030 0.9557425946540686 0.961942319566888
o 7040 0 0.00016586723531085122
o 7050 0.028198545366367185 0.03360011294246279
o 7060 0.972122815953708 0.9770365907657242
o 7070 0.268970504647713 0.2829050361483396
o 7080 0.0002905779880734113 0.0010828533499978032
o 7090 0.21172939373616467 0.22460563976006498
o 7100 0.01562410199056255 0.01973928785814094
o 7110 0.3871195149248803 0.4023559672197302
o 7120 0.9137509098716984 0.9223079748736948
o 7130 0.9998341327646891 1
o 7140 0.9482347236481289 0.9549326951784788
o 7150 0.0004319869942391821 0.0013407598904513485
o 7160 0.9497220806497043 0.95632484249044
o 7170 0.9467688249675125 0.9535590822073081
o 7180 0.9998341327646891 1
o 7190 0.2896933318242794 0.30393516761815453
o 7200 0.07685264913084705 0.08536875862542703
o 7210 0.22762301256755219 0.24082660153517677
o 7220 0.941736722949759 0.9488328594625045
o 7230 0.9996330653686861 0.9999891487861118
o 7240 0.018667874539180954 0.023134339338920173
o 7250 0.999599491460172 0.9999830535762632
o 7260 0.30771128004080284 0.3221911028984549
o 7270 0.9166381105424649 0.925059814894134
o 7280 0.38078258382527197 0.39597504201099776
o 7290 3.180428173812004e-05 0.0004650121175936439
o 7300 0.048957940236902836 0.055913259496484735
o 7310 0 0.00016586723531085122
o 7320 0.8097432522276172 0.8218302496252192
o 7330 0.2510220922477248 0.26465955341668856
o 7340 0.006502954885809156 0.009264294158840336
o 7350 0.999784848241918 0.9999999949993749
o 7360 7.923805826870094e-05 0.0006163396027676349
o 7370 0 0.00016586723531085122
o 7380 0.9983090111814502 0.9993589235528282
o 7390 4.5058589854506926e-07 0.0002572679890114893
o 7400 0.806564287868179 0.8187302743678223
o 7410 0.014230803167490477 0.01817313588431857
o 7420 0 0.00016586723531085122
o 7430 0.520034671730731 0.535595952558902
o 7440 0.5067481452425814 0.5223269545939048
o 7450 0.9998341327646891 1
o 7460 0.9998341327646891 1
o 7470 0.030613953688390292 0.03622382229075094
o 7480 0.00011227771781942915 0.0007027531481009763
o 7490 0.9941170284920611 0.9962742225482251
o 7500 0.9998341327646891 1
o 7510 0.9989698028369101 0.9997365968529978
o 7520 0.7844098488727128 0.7970921070221376
o 7530 0.1570805151303176 0.16859320544451983
o 7540 0.9998341327646891 1
o 7550 0.9998341327646891 1
o 7560 0.780831414253997 0.7935917364883394
o 7570 0.9998341327646891 1
o 7580 0.9974655152195606 0.9988035045674075
o 7590 0.01668101052675122 0.020921967684537912
o 7600 0.00026340314700223097 0.001030197163089941
o 7610 0.8788998374065718 0.888890631420326
o 7620 1.694642373683569e-05 0.00040050853982798174
o 7630 0.9998341327646891 1
o 7640 0.982229649464357 0.9861262693599148
o 7650 0.149178430488403 0.16045800058861004
o 7660 0.326815899910199 0.34152000307453567
o 7670 0.9018486931306877 0.9109341465726797
o 7680 0.10677376474530267 0.11659726385123781
o 7690 0.999784848241918 0.9999999949993749
o 7700 0.9998341327646891 1
o 7710 0.8868477653998885 0.8965400605412236
o 7720 0.9465211436408779 0.953326846029428
o 7730 0.006740468184714561 0.009546666556359495
o 7740 0.39760431029403026 0.41290762607178866
o 7750 0 0.00016586723531085122
o 7760 0.08732507711640165 0.09633268753828461
o 7770 0.9998341327646891 1
o 7780 0 0.00016586723531085122
o 7790 0.8750100603776914 0.8851417021919612
o 7800 0.9984080584682806 0.9994197042904669
o 7810 0.9998341327646891 1
o 7820 0.6207261702371353 0.6357905950882199
o 7830 2.357743099213211e-06 0.0002958361566028911
o 7840 0.9998341327646891 1
o 7850 0.12067140752156055 0.13101482562807865
o 7860 0.679780796962863 0.6942361592521786
o 7870 0.9998341327646891 1
o 7880 0.8538169560582483 0.8646618589842702
o 7890 0.9987614482791993 0.999625557902435
o 7900 0 0.00016586723531085122
o 7910 0.0009861560727413455 0.002225163115378459
o 7920 0.4521790725731791 0.4677144282212933
o 7930 5.000625091698381e-09 0.00021515175808195508
o 7940 2.398330757498869e-05 0.00043314355389612036
o 7950 0.9998341327646891 1
o 7960 0.9959148847383061 0.9976753617509324
o 7970 0.9158188898793822 0.9242793077534244
o 7980 0.3592512477391066 0.3742736656001794
o 7990 0.8545687574309517 0.8653898073253073
o 8000 0.9971596588721757 0.9985896533979276
o 8010 0.0016606220868165885 0.003189769386394814
o 8020 0.8866642654741015 0.8963636214765787
o 8030 0.20217626823307625 0.21484202565188326
o 8040 0.8913754509481228 0.900890869763282
o 8050 0.746537138372104 0.7599774715431233
o 8060 0.9839076310731325 0.9876076909938417
o 8070 0.9991306438647708 0.9998151511351715
o 8080 0.43033768628851565 0.44580318855244383
o 8090 0.5869319206391319 0.6022361969225927
o 8100 0.0001722718904719812 0.0008420520734764292
o 8110 0 0.00016586723531085122
o 8120 0.04230318156562104 0.04881038458464826
o 8130 0.9951682130791031 0.9971024818886722
o 8140 0 0.00016586723531085122
o 8150 0.9998341327646891 1
o 8160 0.9562605618870376 0.9624241792698636
o 8170 0.9550176489080109 0.9612675074633061
o 8180 0.6769034828966747 0.6913944376110965
o 8190 0.013723470850809213 0.01760067031686141
o 8200 1.0851213888255374e-05 0.0003669346313138755
o 8210 0.9998341327646891 1
o 8220 0.7398789415289542 0.7534378948528788
o 8230 0.9998341327646891 1
o 8240 0.9998341327646891 1
o 8250 0.9973946521725114 0.9987544386726732
o 8260 0.9997427320109885 0.9999995494141014
o 8270 0.9994730802517786 0.9999506585660503
o 8280 0 0.00016586723531085122
o 8290 0.0005954213588024984 0.001616771460508759
o 8300 0.00686851334565411 0.009698560360044461
o 8310 0.21459832706303525 0.2275357277422978
o 8320 0.06194541434942954 0.06968120632293562
o 8330 0.9998341327646891 1
o 8340 0.426625762092415 0.44207636649152493
o 8350 0.999599491460172 0.9999830535762632
o 8360 0.999784848241918 0.9999999949993749
o 8370 0.7934703996380332 0.8059485316667898
o 8380 0.999599491460172 0.9999830535762632
o 8390 0.9981861524596591 0.9992819780723441
o 8400 0.19306332607292687 0.20551808022040308
o 8410 0.11267939453848243 0.1227295947084932
o 8420 0 0.00016586723531085122
o 8430 0.9998341327646891 1
o 8440 0.3943149596100602 0.4095980890151242
o 8450 0.001627059471392074 0.003143369413291741
o 8460 0.9998341327646891 1
o 8470 0.9998341327646891 1
o 8480 0.7321338121380689 0.7458256148422041
o 8490 0.07230691946636775 0.08059607408032632
o 8500 0.9621749326696012 0.9679078287654472
o 8510 0.9998341327646891 1
o 8520 0.14986793260877546 0.16116826185948774
o 8530 0.003055118545361456 0.005034073772220871
o 8540 0.8201960263120004 0.8320139898659819
o 8550 0.9998341327646891 1
o 8560 0.9997041638433971 0.9999976422569008
o 8570 0.9913888358574415 0.9940436460716633
o 8580 0.0002905779880734113 0.0010828533499978032
o 8590 0.9808740014539269 0.9849223942398438
o 8600 0.46458386149374664 0.48014545355386407
o 8610 0.9160236832658172 0.9244744463218607
o 8620 0.021973023155454942 0.026787940605488725
o 8630 0.9982106455758747 0.9992974473203111
o 8640 0.9998341327646891 1
o 8650 0.3099172332415221 0.32442440119794247
o 8660 0.9781080181437533 0.982449339595007
o 8670 0.08060162784223486 0.08929847420234494
o 8680 0.0058291367703854 0.008458445246825375
o 8690 0.9914979077564119 0.9941345285456695
o 8700 0.9987614482791993 0.999625557902435
o 8710 0.796970519879534 0.8093672433068531
o 8720 0 0.00016586723531085122
o 8730 1.0851213888255374e-05 0.0003669346313138755
o 8740 0.08603449451425764 0.09498371841022568
o 8750 0.9997041638433971 0.9999976422569008
o 8760 0.9998341327646891 1
o 8770 0.0007646542765519723 0.001887106399303673
o 8780 0.9946298867843653 0.9966811016233338
o 8790 0.4562735164186751 0.4718186026030723
o 8800 0.9998341327646891 1
o 8810 0 0.00016586723531085122
o 8820 0.9964408811586623 0.9980690078933331
o 8830 0.9998341327646891 1
o 8840 0 0.00016586723531085122
o 8850 0.9927903109592581 0.9952015656674685
o 8860 0.996234423774403 0.9979156106725443
o 8870 0.9997041638433971 0.9999976422569008
o 8880 0.9977031051647232 0.9989656589179493
o 8890 0.9998341327646891 1
o 8900 0.0001238396693464139 0.0007310322321077978
o 8910 0.39493293144366204 0.4102199082109621
o 8920 0.9998341327646891 1
o 8930 0.9951457107559273 0.9970849969094725
o 8940 2.357743099213211e-06 0.0002958361566028911
o 8950 0.9998341327646891 1
o 8960 0.9998341327646891 1
o 8970 0.9972065160734749 0.9986227536460907
o 8980 0.9998341327646891 1
o 8990 0.9998341327646891 1
o 9000 0.9998341327646891 1
o 9010 0.6020784315939287 0.617284596467158
o 9020 0.9790147312782367 0.9832623124771007
o 9030 0.8580236408801297 0.8687337737952061
o 9040 0 0.00016586723531085122
o 9050 0 0.00016586723531085122
o 9060 0.20180058138585696 0.21445784076564378
o 9070 0.8229319992571296 0.8346771048090109
o 9080 0.9715576785760975 0.976521920034169
o 9090 0.22784082737932304 0.24104871249366477
o 9100 0.0002235160297511361 0.0009503658054283992
o 9110 0.9998341327646891 1
o 9120 0.25643480596622087 0.2701649980084825
o 9130 0.6259271621655029 0.6409478570783576
o 9140 0.9315925955436715 0.9392603603807421
o 9150 0.9996678275924519 0.9999940967944916
o 9160 0.9849939533934682 0.9885609775361613
o 9170 0.00033210463993232117 0.0011610963483328351
o 9180 0.9998341327646891 1
o 9190 0.6000116395961659 0.6152320828055926
o 9200 0.9998341327646891 1
o 9210 0.576424056080276 0.5917875936926372
o 9220 0.9998341327646891 1
o 9230 0.008098997452476166 0.011147507458757366
o 9240 0.9984828397939801 0.999464783357556
o 9250 3.180428173812004e-05 0.0004650121175936439
o 9260 0.9794157333399413 0.9836211711519002
o 9270 0.9975128585703185 0.9988361124990678
o 9280 0.015397894191168628 0.019485584285139468
o 9290 5.000625091698381e-09 0.00021515175808195508
o 9300 0.9744493305511616 0.9791492837390441
o 9310 0.005412072671498217 0.007955723035510731
o 9320 0.9998341327646891 1
o 9330 0.7797600445713825 0.7925434639359878
o 9340 0.9998341327646891 1
o 9350 0.9037694971611389 0.9127727042272121
o 9360 0.001744765969829579 0.0033055344181717183
o 9370 0.0010021922931565453 0.0022490987612791002
o 9380 0.4859289762087565 0.5015131402291514
o 9390 0.9998341327646891 1
o 9400 0.9696341014023335 0.9747661488741167
o 9410 0.9998341327646891 1
o 9420 0.9952132377921347 0.9971374316439408
o 9430 0.999784848241918 0.9999999949993749
o 9440 0.9998341327646891 1
o 9450 0.48169079952660615 0.4972727458448508
o 9460 0.004744471527153772 0.007143681542542635
o 9470 0.9998341327646891 1
o 9480 0.07002597812682644 0.0781978122984095
o 9490 0.9911708829515093 0.9938616895254021
o 9500 0.7561044473965141 0.7693669642018282
o 9510 0.8431548136340192 0.8543275518664841
o 9520 0.9930986175276119 0.9954531192790149
o 9530 0.9998341327646891 1
o 9540 0.9992130705901301 0.9998523473218889
o 9550 0.9950782432968917 0.997032502195308
o 9560 0 0.00016586723531085122
o 9570 0.9998341327646891 1
o 9580 0.9262944733582361 0.9342402434429598
o 9590 0.9988909714709572 0.9996956768430979
o 9600 0.9955291951801475 0.9973812900439158
o 9610 0.5557395820832759 0.5711990240539366
o 9620 0.4233931560807112 0.43883006447862827
o 9630 0.9976554062814149 0.9989334115040904
o 9640 0.023230239625989198 0.02817025411689056
o 9650 0.9998341327646891 1
o 9660 0.9998341327646891 1
o 9670 0.9906053334597175 0.9933874704093597
o 9680 0.9991854194751913 0.9998401310800589
o 9690 0.4410967696304678 0.45660047208770327
o 9700 0.9996330653686861 0.9999891487861118
o 9710 0.003672553120738686 0.005816229222878833
o 9720 0.06365750900498789 0.07148851098305475
o 9730 0.9998341327646891 1
o 9740 0 0.00016586723531085122
o 9750 0.5951963632192384 0.6104489770493167
o 9760 0.7739191548396838 0.7868263043898603
o 9770 5.000625091698381e-09 0.00021515175808195508
o 9780 0 0.00016586723531085122
o 9790 0.23340583909837442 0.2467218046139379
o 9800 0.9998341327646891 1
o 9810 0.9208796416874869 0.9290968744280046
o 9820 0.23617903398807705 0.24954766506790182
o 9830 0.4450899445624412 0.46060594907012453
o 9840 0 0.00016586723531085122
o 9850 0 0.00016586723531085122
o 9860 0.10549904493352304 0.11527242418550154
o 9870 0.9767604637803443 0.9812373585268428
o 9880 0.9648792531910853 0.9704026001626103
o 9890 0.9997427320109885 0.9999995494141014
o 9900 0.1908105905904443 0.2032115854519856
o 9910 0.0001238396693464139 0.0007310322321077978
o 9920 0.9998341327646891 1
o 9930 0 0.00016586723531085122
o 9940 0.0012291859474182001 0.0025817466336585104
o 9950 0.005412072671498217 0.007955723035510731
o 9960 0 0.00016586723531085122
o 9970 0 0.00016586723531085122
o 9980 0.9998341327646891 1
o 9990 0.9998341327646891 1
