
x disttype general-gaussian
x k 1530
x std 1.0
x N 50000
x alpha 0.0005

o 0 0.24586841504895876 0.2594149847019209
o 10 0.9360747261527383 0.9434967396331019
o 20 0.16037287454946966 0.20297843951357297
o 30 0.9610944229578102 0.966908700729536
o 40 0.24838562949771067 0.2619769134372799
o 50 0.9986085425177087 0.999538823531834
o 60 0.8478652649709464 0.8588955317652487
o 70 0.44516981321379784 0.4606860534571334
o 80 0.9732539759124217 0.9780650460521036
o 90 0.7346547118441628 0.7483038718649029
o 100 0.4723368077526907 0.48790989206265356
o 110 0.2506652584187523 0.2642965086793273
o 120 0.9862541181774765 0.9896603530448549
o 130 0.11356411093838735 0.15099860142173227
o 140 0.4415160292444135 0.45702107092448263
o 150 0.997371070376275 0.9987380436441108
o 160 0.8092775032017561 0.8213761539988357
o 170 0.39888027611975335 0.4141912288265873
o 180 0.9986085425177087 0.999538823531834
o 190 0.16275451522737408 0.20558615221739263
o 200 0.04438156358019328 0.0700079522534458
o 210 0.10443637330492195 0.1406681645564002
o 220 0.9988389036516672 0.9996678953600677
o 230 0.9281624394122597 0.9360116566052858
o 240 0.9993257723589525 0.9998990270247117
o 250 0.0023137429626986735 0.010840119172526475
o 260 0.33399612984832044 0.34877733910164754
o 270 0.5788902747327592 0.5942405459212681
o 280 0.9988648919050572 0.999681833128126
o 290 0.9988909714709572 0.9996956768430979
o 300 0.796383743205247 0.8087942157986019
o 310 0.9989171466500022 0.9997094220119266
o 320 0.009975735489535932 0.02410565566821532
o 330 0.5809155285144902 0.5962546113151551
o 340 0.04326732475371201 0.06862776617458599
o 350 0.9448704807193915 0.9517780586249526
o 360 0.48534919257216724 0.5009331193330239
o 370 0.10513722836591645 0.14146408914515585
o 380 0.9047709932729567 0.9137308753122478
o 390 0.9935845800559939 0.9958469300305962
o 400 0.9718506768834677 0.9767888222666089
o 410 0.33196717268616655 0.3467269839883079
o 420 0.24886135769977347 0.2624610233198964
o 430 0.34543670179939095 0.3603328903871047
o 440 0.9426847625371972 0.9497245043809454
o 450 0.20465468948922816 0.25099996093611066
o 460 0.9853779987636234 0.9888967928089134
o 470 0.009583366605082917 0.023500842351128592
o 480 0.015415719738673731 0.03212986994440459
o 490 0.9978708418570428 0.999077722372286
o 500 0.038607989203341374 0.06281063402882558
o 510 0.9881202178383257 0.9912735571030566
o 520 0.7011393986061584 0.7153104024164941
o 530 0.7676962780713742 0.7807312599340971
o 540 0.011561709336708753 0.026508685905284657
o 550 0.36542418452103326 0.380498638918802
o 560 0.9834397934675593 0.9871956958075485
o 570 0.8887237851294187 0.8983434171000984
o 580 0.11145458577944141 0.14861777142792132
o 590 0.99051846314176 0.9933143758515232
o 600 0.9290248490361507 0.9368289603586644
o 610 0.9897165109013889 0.9926366477506107
o 620 0.25962755758146105 0.27341116031480084
o 630 0.04773458253600049 0.07413826334984153
o 640 6.250781184823253e-08 0.0026863809835053765
o 650 0.9675049086636406 0.9728160606532301
o 660 0.9979190093140644 0.999109494009705
o 670 0.9806201550490328 0.9846963294997287
o 680 0.4164501778910179 0.4318553884125085
o 690 2.9478169837018796e-05 0.0036929403504111225
o 700 0.9899762982625859 0.9928567576948434
o 710 0.043712806482959075 0.06918005322945564
o 720 0 0.0020713641682286897
o 730 0.6822760688886893 0.6967000511431591
o 740 0.007081356017376725 0.019522066249046954
o 750 0.996211536534311 0.9978985135971825
o 760 0.0029630738907729026 0.012181603848747558
o 770 0.5443008299203803 0.5598016250412979
o 780 0.9093308509958045 0.9180895023994398
o 790 0 0.0020713641682286897
o 800 0.9978708418570428 0.999077722372286
o 810 0.8732795446617436 0.8834727935431261
o 820 0.027890957252781765 0.049083584363734056
o 830 0.9379473044318785 0.9452635386131631
o 840 0.9996330653686861 0.9999891487861118
o 850 0 0.0020713641682286897
o 860 0.9621541473094323 0.9678886210969633
o 870 0.0006172318585809055 0.00657412054291362
o 880 0.9998341327646891 1
o 890 0.9215151547159078 0.9297011502338249
o 900 0.000503951780243514 0.006191718166968396
o 910 0.029189499295022788 0.050778095177236304
o 920 0.11239192759403145 0.14967614251006178
o 930 0.9122771778355258 0.920902196579594
o 940 0.8715086445536065 0.8817642827615968
o 950 0.012766667437473081 0.02829572310762063
o 960 0.982738847893226 0.9865768906758642
o 970 0.9965329270499892 0.9981368947272495
o 980 0 0.0020713641682286897
o 990 0.6503583410585648 0.6651484799126735
o 1000 0.9985580909074143 0.9995093820155696
o 1010 0.9999239938640181 1
o 1020 0.8598734739217118 0.8705233250403401
o 1030 0.0014049892560813165 0.008765083991891576
o 1040 0 0.0020713641682286897
o 1050 0.06037099188252938 0.08944019690455507
o 1060 0.9798380905254493 0.9839986669986661
o 1070 0.4920473314892259 0.5076327224327302
o 1080 0.97591935816368 0.9804787530125763
o 1090 0.49338712696441644 0.5089724753610179
o 1100 0.0009913927362594883 0.00768846370096099
o 1110 0.999599491460172 0.9999830535762632
o 1120 0.10140191044009578 0.13721658856639252
o 1130 5.632956977929134e-06 0.003211834795377788
o 1140 0.8234792572352094 0.8352096643999412
o 1150 0 0.0020713641682286897
o 1160 0.5211554740491444 0.5367147727832979
o 1170 0.29157993011788846 0.3058479286424475
o 1180 0.7185863114423199 0.7324976486169424
o 1190 0.882241127053292 0.8921082306147294
o 1200 0.5606288618555956 0.5760680995813359
o 1210 0.3468894966369966 0.3617996033823446
o 1220 0.0377245070463201 0.061698622527010194
o 1230 0.21187577383621753 0.25874703359146034
o 1240 0.008610537935771684 0.02198085951972173
o 1250 0.8722006806728789 0.8824320164235303
o 1260 0.001549745385653557 0.009117358764871297
o 1270 0.00029995700032200127 0.005405172829997085
o 1280 2.9478169837018796e-05 0.0036929403504111225
o 1290 0.9205516670713519 0.9287849580214569
o 1300 0.05200228236893167 0.07934955281572542
o 1310 0.9935403221669237 0.9958112089209974
o 1320 0.709075557671337 0.7231315860151382
o 1330 0.3059625521869904 0.3204204241643488
o 1340 0.9996330653686861 0.9999891487861118
o 1350 0.0006172318585809055 0.00657412054291362
o 1360 0.8592432749377807 0.8699137337793499
o 1370 0.9749950678555318 0.9796433598995078
o 1380 5.632956977929134e-06 0.003211834795377788
o 1390 0.976529077157677 0.9810288246958291
o 1400 0.4220164074477506 0.43744727821386886
o 1410 0.9689239827943845 0.9741165075368903
o 1420 0.017691765615132745 0.03534005038344834
o 1430 0.32944113540904074 0.3441738775589751
o 1440 0.9035651293790352 0.9125771399227915
o 1450 0.0003978010923757274 0.005802461929785063
o 1460 0.9498873945312376 0.9564794735025162
o 1470 0.05946289289447563 0.08835267542863268
o 1480 0.7073430769576214 0.721424646770199
o 1490 0.8490634805716949 0.8600569171623177
o 1500 0.08977239200869715 0.12389991076596252
o 1510 0.11544075792690994 0.15311338459845647
o 1520 0.638160213767655 0.6530706996969371
o 1530 0 0.0020713641682286897
o 1540 0.9882493095669861 0.9913844163520101
o 1550 0.07890772720364153 0.11131534137416588
o 1560 0.999599491460172 0.9999830535762632
o 1570 0.678412524039538 0.6928848907223448
o 1580 0.026166607946629658 0.046817253394522806
o 1590 6.250781184823253e-08 0.0026863809835053765
o 1600 0.0001356941374873465 0.004579646877598709
o 1610 0 0.0020713641682286897
o 1620 0.2782776222556726 0.29235475518597287
o 1630 0.834855009396814 0.8462701210313941
o 1640 0.08144414437798048 0.11426702340491635
o 1650 0.9998341327646891 1
o 1660 0.08490932167093475 0.1182856377017949
o 1670 0.3170332203974016 0.3316260000253749
o 1680 0.9995037605889281 0.9999597116202779
o 1690 0.4789722640366842 0.494552198009791
o 1700 0.0008616339156202599 0.00732183525492236
o 1710 0.04060064479538814 0.06530786853999726
o 1720 0.001549745385653557 0.009117358764871297
o 1730 0 0.0020713641682286897
o 1740 0.001697465373872955 0.009466791134274843
o 1750 0.9131777458859525 0.9217613293013354
o 1760 0.03136306817880075 0.053593019505665085
o 1770 0.08167492867002125 0.11453515785392476
o 1780 0.17181805770111602 0.2154821719102069
o 1790 0.04549755459883028 0.07138639568317984
o 1800 0.0018479170238906578 0.009813601316797982
o 1810 0.0072704566109117125 0.019831421084042122
o 1820 0.25346061757926663 0.2671401983003684
o 1830 6.250781184823253e-08 0.0026863809835053765
o 1840 5.632956977929134e-06 0.003211834795377788
o 1850 0.0204154757887469 0.03910044874183016
o 1860 0.9909314186088312 0.9936612524436703
o 1870 0.6773863665632068 0.691871392106365
o 1880 0.9596616727187964 0.965581930881225
o 1890 0.7339488308314867 0.7476099889956127
o 1900 0.9988648919050572 0.999681833128126
o 1910 0.14967447118064237 0.19122478180090108
o 1920 0.9327845817180459 0.9403879779666513
o 1930 0.18138040953244056 0.2258772839770019
o 1940 0.002798082592816579 0.011848799571119395
o 1950 0.01196198656025287 0.027105719794108585
o 1960 0.02530763345767879 0.04568091459939083
o 1970 0.9615930369897494 0.967369919568708
o 1980 0.9948089425921502 0.9968219504684411
o 1990 0 0.0020713641682286897
o 2000 0.35781772412239193 0.3728276746193021
o 2010 0.004511386106804429 0.01511544127714537
o 2020 0.9989962943624112 0.9997500155155598
o 2030 0.0007367092911671631 0.006950583915315112
o 2040 0.003984012913461825 0.014148429407502605
o 2050 0.9937839489956886 0.9960074655232721
o 2060 0.9985078691024893 0.9994797052294327
o 2070 0.0006172318585809055 0.00657412054291362
o 2080 0.8467890062499889 0.8578521488945279
o 2090 0.9592258369926838 0.9651779125045677
o 2100 0.06857671835394197 0.0991951857896003
o 2110 0.14848774228813424 0.18991684039686985
o 2120 0 0.0020713641682286897
o 2130 0.8634317599184713 0.8739638548104641
o 2140 0.9657956134547702 0.9712459316629387
o 2150 0.9478217154582502 0.9545458409754034
o 2160 0.0007367092911671631 0.006950583915315112
o 2170 0.999599491460172 0.9999830535762632
o 2180 0.13215436512429488 0.17182384214215918
o 2190 0.800673766320964 0.812982761134376
o 2200 0.9985832870189011 0.9995241331856756
o 2210 0.006517954505631833 0.018590185035369355
o 2220 0.989651607756594 0.9925815764331913
o 2230 0.2988099297874931 0.31317547422469716
o 2240 0.9976554062814149 0.9989334115040904
o 2250 0.36552375889240935 0.3805990308396858
o 2260 0.5314847158083373 0.5470220530117079
o 2270 0.8526791908040556 0.8635600030333683
o 2280 0 0.0020713641682286897
o 2290 0.3796269376066304 0.3948110792214048
o 2300 0.029623302498298677 0.05134198372598642
o 2310 0.6878309309439126 0.7021833278601035
o 2320 0.05470852102984162 0.08263009614530015
o 2330 0.3305549493835204 0.34529968600495453
o 2340 0.9791202361250517 0.9833567710146154
o 2350 0.011761670323974282 0.02680737775650488
o 2360 0.947863013460884 0.9545845292136714
o 2370 0.39457410754407807 0.4098588534482417
o 2380 0.944952991683886 0.9518555201886104
o 2390 0.3356273624452905 0.3504255536326294
o 2400 0.9743863809744319 0.9790922548148469
o 2410 0.9418603642436022 0.948949177025306
o 2420 0.10677340620937584 0.1433203991898866
o 2430 0.7782238514914189 0.7910401700264706
o 2440 0.8383244332081327 0.8496395413260526
o 2450 0.9932530382717406 0.9955786273822332
o 2460 0.8543452436015125 0.8651733955650598
o 2470 0.999599491460172 0.9999830535762632
o 2480 0.9837161890582453 0.9874392015150425
o 2490 0.35513006228305233 0.3701162465948462
o 2500 0.37143909175946466 0.38656169575471666
o 2510 0.7250364926300261 0.7388453088908349
o 2520 0.4172680914888171 0.43267719844685115
o 2530 0.9885507425216068 0.9916428684202374
o 2540 0.0021562252310628775 0.0105001045606814
o 2550 0.5019271368894602 0.5175095873492364
o 2560 0.48009163308762653 0.4956724515043105
o 2570 0.8379186039286406 0.8492455058051982
o 2580 0.3393676302977799 0.3542040182351658
o 2590 0.049753393088345865 0.07660948691908409
o 2600 0.9993836603972324 0.9999207619417313
o 2610 0.9987357880946652 0.999611282711117
o 2620 0.6319526441912947 0.6469203525245814
o 2630 0.013576511529961468 0.029480637926485143
o 2640 0.9969495993090236 0.9984398951779412
o 2650 0 0.0020713641682286897
o 2660 0.012162651048216183 0.02740371884715831
o 2670 0.5148714818294184 0.5304408814562476
o 2680 0.9996678275924519 0.9999940967944916
o 2690 0.0029630738907729026 0.012181603848747558
o 2700 0.9074492436598356 0.9162917349586492
o 2710 0.9963949261562345 0.9980349958952714
o 2720 0.04148832913985825 0.06641570312122447
o 2730 0.9671086688422942 0.9724524340586743
o 2740 0.9790991339077896 0.9833378805568628
o 2750 0.758688795930649 0.7719017519221258
o 2760 0.3492579136347865 0.3641903840908358
o 2770 0.008224892334377263 0.021369445153626043
o 2780 0.996879851396403 0.9983897007921845
o 2790 0.9985078691024893 0.9994797052294327
o 2800 0.08861330867202956 0.12256438503108869
o 2810 6.250781184823253e-08 0.0026863809835053765
o 2820 0.9995037605889281 0.9999597116202779
o 2830 0.9943619676638918 0.9964691597439114
o 2840 0.9991854194751913 0.9998401310800589
o 2850 0.9999239938640181 1
o 2860 0 0.0020713641682286897
o 2870 0.3613618442098331 0.37640235451372783
o 2880 0.9975365616713056 0.998852384613813
o 2890 0.3494171421488278 0.3643511016413742
o 2900 0.00029995700032200127 0.005405172829997085
o 2910 0.9684229594829536 0.9736577000675387
o 2920 0.2798060148648572 0.2939058432427488
o 2930 0.875539459853572 0.8856521266256465
o 2940 0.37369002301217236 0.38883000272508683
o 2950 0.061734570426597773 0.09107005495644516
o 2960 0.8796331804364997 0.8895970445021004
o 2970 0.13309891368149201 0.1728750213371969
o 2980 0.0637830639554271 0.09351172894241566
o 2990 0.7524102110863319 0.7657424353492299
o 3000 0.9996678275924519 0.9999940967944916
o 3010 0.982378116810592 0.9862577495257544
o 3020 0.9628609920476594 0.9685415392194642
o 3030 0.3459143246021564 0.36081510577563203
o 3040 0.9998341327646891 1
o 3050 0.834185579042512 0.8456197744367825
o 3060 0.9976078010658749 0.9989010690693881
o 3070 0.9987357880946652 0.999611282711117
o 3080 0.018317272908324748 0.03621084255654816
o 3090 0.9724997358388331 0.9773795427774206
o 3100 0.9987102018538886 0.9995969315746592
o 3110 0.01748369527515262 0.035049359147673376
o 3120 2.9478169837018796e-05 0.0036929403504111225
o 3130 0.02445091157197568 0.04454234277422964
o 3140 0.9888956263669669 0.991937852096208
o 3150 0.46510333000387966 0.4806658097958979
o 3160 0.000503951780243514 0.006191718166968396
o 3170 0.36349250986996073 0.3785509675014206
o 3180 0.015621422301134336 0.032422900462842796
o 3190 2.9478169837018796e-05 0.0036929403504111225
o 3200 0.010765566517950766 0.025310275367285473
o 3210 0.9544999764691549 0.960785352770447
o 3220 0.10093544754724465 0.13668520026338515
o 3230 0.038607989203341374 0.06281063402882558
o 3240 0.10186847501583855 0.1377478754406667
o 3250 0 0.0020713641682286897
o 3260 0.8404552517130796 0.8517080129895478
o 3270 0.9951907220735846 0.9971199601512736
o 3280 0 0.0020713641682286897
o 3290 0.9952132377921347 0.9971374316439408
o 3300 0.7079071266994105 0.7219804081786485
o 3310 0.9818904428885085 0.9858255956516295
o 3320 0.0029630738907729026 0.012181603848747558
o 3330 0.0002119315321278825 0.004998286201970181
o 3340 0.7088942456781143 0.7229529587106667
o 3350 0.9992130705901301 0.9998523473218889
o 3360 0.006892892276001169 0.019212088055161836
o 3370 0.9961886593866747 0.9978814063409817
o 3380 0.817298489800376 0.8291924924646502
o 3390 0.0008616339156202599 0.00732183525492236
o 3400 0.03949280527130636 0.06392131981056914
o 3410 0.4145750431910044 0.4299711567378294
o 3420 0.0003978010923757274 0.005802461929785063
o 3430 0.9984578626277146 0.999449808165806
o 3440 0.009975735489535932 0.02410565566821532
o 3450 0 0.0020713641682286897
o 3460 0.9943619676638918 0.9964691597439114
o 3470 0.5049876931464314 0.5205679998330328
o 3480 0.999784848241918 0.9999999949993749
o 3490 0.000503951780243514 0.006191718166968396
o 3500 0.9706164079152908 0.9756635098480126
o 3510 0.17444553076627975 0.2183429985058083
o 3520 0.9994730802517786 0.9999506585660503
o 3530 0.9854847403863223 0.9889900123432682
o 3540 0.8600564419438299 0.8707002961202731
o 3550 0.028107075654712297 0.049366305685734635
o 3560 0.000503951780243514 0.006191718166968396
o 3570 0.0014049892560813165 0.008765083991891576
o 3580 0.02168335538424171 0.040825347693091096
o 3590 0.9710974059806625 0.9761023487606445
o 3600 0.0008616339156202599 0.00732183525492236
o 3610 0.7905575596487104 0.8031023439015424
o 3620 0.42255512790307787 0.437988375761867
o 3630 0.9982351769925596 0.9993128775364343
o 3640 0.0007367092911671631 0.006950583915315112
o 3650 0.9999239938640181 1
o 3660 0.2022499771780028 0.2484152900842509
o 3670 0.9518099588503579 0.9582762681020495
o 3680 0.029406342437761204 0.05106009746035134
o 3690 0.8180076236262378 0.8298831221909755
o 3700 0.0029630738907729026 0.012181603848747558
o 3710 0.9564263380166258 0.9625783477417721
o 3720 0.985847871059998 0.9893067491495369
o 3730 0.8389940800329656 0.8502896714172992
o 3740 0.9852926251940278 0.9888221974105836
o 3750 0.7901125862637113 0.8026674658193028
o 3760 0.999599491460172 0.9999830535762632
o 3770 0.91987528779455 0.9281415620397802
o 3780 0.09907062408435165 0.13455862153731057
o 3790 0.43147529976116494 0.4469451908695874
o 3800 0.8365997482920233 0.8479648008271515
o 3810 0.4913674566572457 0.5069528264331262
o 3820 0.9557633109419589 0.9619615963580624
o 3830 0.9282240343413138 0.9360700412054733
o 3840 2.9478169837018796e-05 0.0036929403504111225
o 3850 0.945736961477185 0.9525912893513959
o 3860 0.9944958307170675 0.9965752277626637
o 3870 0.038607989203341374 0.06281063402882558
o 3880 0.0002119315321278825 0.004998286201970181
o 3890 0.9599730455592977 0.9658704537828722
o 3900 0.0034673555456151933 0.013171012725498032
o 3910 0.05177712929184465 0.07907580910631207
o 3920 0.003810529284102356 0.013823850644495872
o 3930 0.8909266431807743 0.9004598267264854
o 3940 0.8255671415286141 0.8372410841391513
o 3950 0.9899546384624376 0.992838426086989
o 3960 0.5644967420181765 0.5799189184789275
o 3970 0.0036382898523222565 0.0134980645085363
o 3980 0.6289397458541698 0.6439342621311377
o 3990 0.8544874791535798 0.8653111126610661
o 4000 0.001263463787865113 0.00840971372163124
o 4010 0.6427615208452138 0.6576278486883567
o 4020 0.9142627134054201 0.9227960012864254
o 4030 0.8280608529800482 0.8396665415235764
o 4040 0.9983832285394911 0.9994045786411975
o 4050 0 0.0020713641682286897
o 4060 0.268970504647713 0.2829050361483396
o 4070 0.8369446665911705 0.8482997676138486
o 4080 0.5653786054815608 0.5807967584270699
o 4090 0.25673224742909917 0.2704674553567681
o 4100 0.9994130827814863 0.9999311292217226
o 4110 0.96296496483204 0.9686375315415718
o 4120 0.0008616339156202599 0.00732183525492236
o 4130 0.9959832026584181 0.9977269996889246
o 4140 0.4824504315210631 0.49803285772065486
o 4150 0.9840991493349867 0.9877761040779134
o 4160 0.01644672774551433 0.03359255831614272
o 4170 0.14848774228813424 0.18991684039686985
o 4180 0.6553034199192663 0.6700417424177633
o 4190 0.01196198656025287 0.027105719794108585
o 4200 0.06972078075858164 0.10054568383275975
o 4210 0.21139404865902567 0.2582308812967845
o 4220 0 0.0020713641682286897
o 4230 0.5637151111127813 0.5791408122692365
o 4240 0.1222551198901193 0.1607679817432046
o 4250 0.03508246444085374 0.05835423751947144
o 4260 0.7767686300923736 0.7896158774235753
o 4270 0.9803664098938001 0.9844701633483391
o 4280 0.7992166512288333 0.8115603624272372
o 4290 0.29040823598991206 0.3046600206667103
o 4300 0.9945851794921386 0.9966458324047529
o 4310 0.04237723305370802 0.06752232517428014
o 4320 0 0.0020713641682286897
o 4330 0.9994130827814863 0.9999311292217226
o 4340 0.8913550500203696 0.9008712774728538
o 4350 0.6334190357142961 0.6483734688463326
o 4360 0.32212294208829395 0.3367745521671336
o 4370 0.9847167999285377 0.9883182312035966
o 4380 0.9161056028126279 0.9245524995562504
o 4390 0.9982843587370567 0.9993436167432374
o 4400 0.00029995700032200127 0.005405172829997085
o 4410 0.9137918524136658 0.922347018728057
o 4420 0.06492268887177557 0.09486664774452891
o 4430 0.8862565028623582 0.8959715196616141
o 4440 0.11567543752087012 0.15337763399161708
o 4450 0.6149840644247524 0.6300946289711805
o 4460 0.11004925617500112 0.14702953323661871
o 4470 0.9229299825866224 0.9310458522409707
o 4480 0.9422725365300718 0.9493368675769772
o 4490 0.21500808253743436 0.2621009295898965
o 4500 0.14113930192211943 0.1817983404583322
o 4510 0.9879911809906673 0.9911626428272275
o 4520 0.0026347926915500906 0.011514351585064753
o 4530 0.48892802428015736 0.5045130811204559
o 4540 0.9998341327646891 1
o 4550 0 0.0020713641682286897
o 4560 0.9821660327116928 0.9860699085862046
o 4570 0.45861058179056136 0.4741607486118484
o 4580 0.5348884926475681 0.5504171303092322
o 4590 0 0.0020713641682286897
o 4600 0.0031296724325380458 0.01251285411303471
o 4610 0.8333741943924808 0.8448314294448986
o 4620 6.250781184823253e-08 0.0026863809835053765
o 4630 0.4887880624707453 0.504373090111562
o 4640 0.001697465373872955 0.009466791134274843
o 4650 0.8389534943634467 0.8502502706072164
o 4660 0.18353489049854385 0.22821323625643486
o 4670 0.9408507657147782 0.9479991114893712
o 4680 0.009975735489535932 0.02410565566821532
o 4690 0.5273606258346061 0.5429075314975833
o 4700 0.5711113258272733 0.5865021102454067
o 4710 0.019573858448062524 0.037946917539500635
o 4720 0.5741785646532734 0.5895538400863227
o 4730 0.06241699049349331 0.0918843557515141
o 4740 0.02317026806460569 0.04283008554485512
o 4750 0.01686082461001361 0.03417596064129569
o 4760 0.574118419800412 0.5894940051614423
o 4770 0.8864603815858095 0.8961675731521447
o 4780 0.8476215751289109 0.8586593027577258
o 4790 0.06515074573501951 0.0951375001370256
o 4800 0.9998341327646891 1
o 4810 0.9446435874052143 0.9515650274803987
o 4820 0.17874860760871533 0.22302078047214535
o 4830 0 0.0020713641682286897
o 4840 0.9978468002059815 0.9990617938017794
o 4850 2.9478169837018796e-05 0.0036929403504111225
o 4860 0.9964178981004407 0.998052007502891
o 4870 0.4898077981962187 0.5053930106335183
o 4880 0.0674336773386029 0.09784367010822215
o 4890 0.9970894973736582 0.998539877255987
o 4900 0.10700724204591751 0.14358549042334756
o 4910 0.8151712938310022 0.8271203977507333
o 4920 0.4615271604471735 0.47708318586791065
o 4930 0.9734216590946372 0.9782173057520893
o 4940 0.689582171050943 0.7039115010482075
o 4950 0.9568615625408545 0.9629829777540179
o 4960 0.1912037296296416 0.2365103925858929
o 4970 0.5476058233403794 0.5630955194449813
o 4980 0.00029995700032200127 0.005405172829997085
o 4990 0.3425512390746085 0.3574193307126736
o 5000 0.9995349878824064 0.9999681957182619
o 5010 0.9203057003520667 0.928551006468668
o 5020 0.8805906937217419 0.890519212786533
o 5030 0.9433444373051262 0.9503446100532007
o 5040 0.7345942068679064 0.7482443970798696
o 5050 0.0002119315321278825 0.004998286201970181
o 5060 0.9379061382660204 0.945224718470539
o 5070 0.001697465373872955 0.009466791134274843
o 5080 0.9994130827814863 0.9999311292217226
o 5090 0.4367847090790937 0.45227398857839585
o 5100 0.9059566417447497 0.9148648328510761
o 5110 0.988141729289443 0.9912920374917729
o 5120 0.33280260719725385 0.347571266295737
o 5130 5.632956977929134e-06 0.003211834795377788
o 5140 0.9538168311854994 0.9601487261218015
o 5150 0.008224892334377263 0.021369445153626043
o 5160 0.3064394660055019 0.32090334850558233
o 5170 0.9982843587370567 0.9993436167432374
o 5180 0.06332752532234293 0.09296945130762357
o 5190 0.43115596548564633 0.44662463299350896
o 5200 0.9998341327646891 1
o 5210 0.8802239739709989 0.8901660544920486
o 5220 0.9966251611325634 0.998204591561967
o 5230 0.06014389485472401 0.08916838851576614
o 5240 0.3926405191005562 0.4079130957691136
o 5250 0.9938726701356374 0.996078701324011
o 5260 0.9997427320109885 0.9999995494141014
o 5270 0.9904750411649235 0.9932778153460734
o 5280 0 0.0020713641682286897
o 5290 0.005410690075297136 0.016707327435096175
o 5300 0.8056127495779472 0.817802130082264
o 5310 0.44854444809230526 0.46407027945094514
o 5320 0.999784848241918 0.9999999949993749
o 5330 6.250781184823253e-08 0.0026863809835053765
o 5340 0 0.0020713641682286897
o 5350 0.9760875136515337 0.9806305398356477
o 5360 0.9774339568365065 0.981843633573488
o 5370 0.4416358187299881 0.4571412409962565
o 5380 0.009192802791284798 0.022894255628808646
o 5390 0.9961886593866747 0.9978814063409817
o 5400 0.8336987422097595 0.8451467734852851
o 5410 0.11028342042478437 0.14729429682185013
o 5420 0.9408919676731494 0.9480378958223364
o 5430 0.8536340931292384 0.8644847827923454
o 5440 0.999297246851899 0.9998877222821806
o 5450 0.04326732475371201 0.06862776617458599
o 5460 0.5803941633324299 0.5957361517591993
o 5470 0.978424187671335 0.9827330607186132
o 5480 0.8418557023740303 0.8530670958369171
o 5490 0.15371236262901855 0.19566877423980034
o 5500 0.41972196217023994 0.4351424986642045
o 5510 0.6280560221017156 0.643058282520589
o 5520 0.005410690075297136 0.016707327435096175
o 5530 6.250781184823253e-08 0.0026863809835053765
o 5540 0.005228978767088297 0.016390753158343818
o 5550 0.2847690137590994 0.298941158241004
o 5560 7.381303257416497e-05 0.0041461380378710055
o 5570 0.9918473843023324 0.9944249042949562
o 5580 0.05267808558919496 0.08017044157933906
o 5590 0.005593258650624234 0.017023065641258883
o 5600 0.001263463787865113 0.00840971372163124
o 5610 0.2877671676958286 0.3019819859253938
o 5620 0 0.0020713641682286897
o 5630 0 0.0020713641682286897
o 5640 0.014391154795105983 0.03066082009453608
o 5650 0.020837393278331312 0.03967611697011808
o 5660 0.9051593708245768 0.9141023687022621
o 5670 0.001549745385653557 0.009117358764871297
o 5680 0 0.0020713641682286897
o 5690 0.9210846368952066 0.9292918111055308
o 5700 0.035741754659557146 0.0591915462846927
o 5710 0 0.0020713641682286897
o 5720 0.9989962943624112 0.9997500155155598
o 5730 0 0.0020713641682286897
o 5740 0.5177531596418872 0.5333182330419535
o 5750 0.19888536643839005 0.24479476660846888
o 5760 0.9346555004229256 0.9421564372609438
o 5770 0.9952132377921347 0.9971374316439408
o 5780 0.9887662451053126 0.9918272831773375
o 5790 0.7572552489671632 0.7704957779980668
o 5800 0.1506241465275187 0.19227084316824705
o 5810 0.6871264431457832 0.7014880516870593
o 5820 0.031145209600479055 0.05331202501786936
o 5830 0 0.0020713641682286897
o 5840 0.330177043037934 0.34491772045770464
o 5850 7.381303257416497e-05 0.0041461380378710055
o 5860 0.2955323310576454 0.3098541856692235
o 5870 0.9010314994937559 0.9101516117853335
o 5880 0.9216996739755593 0.929876569662394
o 5890 0.003984012913461825 0.014148429407502605
o 5900 0.6795192098017689 0.6939778340769469
o 5910 7.381303257416497e-05 0.0041461380378710055
o 5920 0.9998341327646891 1
o 5930 0.0007367092911671631 0.006950583915315112
o 5940 0.11215755823678246 0.14941158356674622
o 5950 0.15561413062523705 0.19775848353148817
o 5960 0.02189527661079711 0.041112228928475325
o 5970 0.9936509981065429 0.9959004803202396
o 5980 0.9938948615616364 0.9960964990743865
o 5990 0.35417451064475297 0.36915212183922097
o 6000 0.49130746839257683 0.5068928349185695
o 6010 0.0204154757887469 0.03910044874183016
o 6020 0.8691072625250158 0.8794464637057331
o 6030 0.01096403153110673 0.025610439608071855
o 6040 0 0.0020713641682286897
o 6050 0.0001356941374873465 0.004579646877598709
o 6060 0.004158684424563058 0.014471854702198694
o 6070 0.056064588716824404 0.08426743289549965
o 6080 0.6635472034375148 0.6781951944229603
o 6090 0.9927463231219569 0.9951655732255644
o 6100 0.9448085990048994 0.9517199609425132
o 6110 0.9999239938640181 1
o 6120 0.9981372773655336 0.9992509263546009
o 6130 0.31341535047532915 0.32796509717305566
o 6140 0.9950332974105176 0.9969974730832851
o 6150 0.055612353694854406 0.08372186548920157
o 6160 6.250781184823253e-08 0.0026863809835053765
o 6170 0.7433893669024446 0.7568862955447119
o 6180 0.0535799478726324 0.08126417230645178
o 6190 0.150861605715488 0.19253231822427797
o 6200 0.47193712538416793 0.4875097092367561
o 6210 0.0072704566109117125 0.019831421084042122
o 6220 0.0001356941374873465 0.004579646877598709
o 6230 0 0.0020713641682286897
o 6240 0.04415857388014623 0.06973205619267786
o 6250 0.16537602893140158 0.20845292975288032
o 6260 7.381303257416497e-05 0.0041461380378710055
o 6270 6.250781184823253e-08 0.0026863809835053765
o 6280 0.0014049892560813165 0.008765083991891576
o 6290 0.38217738948580804 0.39737976446542256
o 6300 0.07844700293884417 0.1107782308289944
o 6310 0.9998341327646891 1
o 6320 0.9992130705901301 0.9998523473218889
o 6330 0.41878428128370854 0.4342004963613981
o 6340 0.7313675156561065 0.7450721676744181
o 6350 0.9960744214638696 0.9977957209692991
o 6360 0.880081364944039 0.890028710945
o 6370 0.1314461495351828 0.17103526228529842
o 6380 0.00029995700032200127 0.005405172829997085
o 6390 0.9987871854159925 0.9996397540167659
o 6400 0.02253204153662087 0.04197188108239602
o 6410 0.976991914541421 0.9814458281347386
o 6420 0.9393884282010245 0.9466219354971186
o 6430 0.6629841336479163 0.6776384530096073
o 6440 0 0.0020713641682286897
o 6450 0.999442873695936 0.9999411111022777
o 6460 0.011362110836925144 0.026209637177880718
o 6470 0.633077540574568 0.6480350785977749
o 6480 0.857088681886842 0.867829044006148
o 6490 0.005228978767088297 0.016390753158343818
o 6500 0.009779330690053581 0.023803465552905356
o 6510 0 0.0020713641682286897
o 6520 0.01748369527515262 0.035049359147673376
o 6530 0.004158684424563058 0.014471854702198694
o 6540 0.9564885074203925 0.962636157561271
o 6550 0.8364780146417027 0.8478465750350718
o 6560 0.9708255132053811 0.9758543337041029
o 6570 0.007841398172602508 0.02075592095491252
o 6580 0.2106715456872492 0.2574565681492955
o 6590 0.315343493049941 0.3299163005245732
o 6600 0.9998341327646891 1
o 6610 0.8131659313096216 0.8251664290205155
o 6620 0.9904099244953146 0.993222958237798
o 6630 0.18808669029497543 0.23314124432736416
o 6640 0 0.0020713641682286897
o 6650 0.7967479469688065 0.8091498904934841
o 6660 0.9561362382960986 0.9623085444039163
o 6670 0.028107075654712297 0.049366305685734635
o 6680 0.9650874682276158 0.9705943151145909
o 6690 0.5549180973994872 0.5703807851001041
o 6700 0.8930689204773368 0.9025168372988268
o 6710 0.9316336925861957 0.9392992496772878
o 6720 0.9897381491185213 0.9926550010090676
o 6730 0.9951682130791031 0.9971024818886722
o 6740 0.003297792448364081 0.012842632138303833
o 6750 0.5387131700755476 0.5542311654657971
o 6760 0.6745495526341868 0.6890691568284857
o 6770 0.9473261878283026 0.9540815336876577
o 6780 0.9995668564461039 0.999976016692425
o 6790 0 0.0020713641682286897
o 6800 0.9776866618110025 0.9820708414412599
o 6810 0.9448704807193915 0.9517780586249526
o 6820 0.9991854194751913 0.9998401310800589
o 6830 0.04818276845357445 0.07468786058498744
o 6840 0.8533699630709773 0.8642290007862503
o 6850 0.9555147285848233 0.9617302617578074
o 6860 0.9978227858521463 0.9990458375033571
o 6870 0.8568447928306481 0.8675930142471638
o 6880 0.016033583751388067 0.03300821462093195
o 6890 0.4040644396746687 0.4194053126421269
o 6900 0.03508246444085374 0.05835423751947144
o 6910 0.8031633086376823 0.815412388189338
o 6920 0 0.0020713641682286897
o 6930 0 0.0020713641682286897
o 6940 0.9997427320109885 0.9999995494141014
o 6950 0.08329133600289332 0.11641118454122346
o 6960 0.0002119315321278825 0.004998286201970181
o 6970 0.9608659381382549 0.9666972621139217
o 6980 0.00029995700032200127 0.005405172829997085
o 6990 0.9950332974105176 0.9969974730832851
o 7000 0.11520610014880361 0.15284911343703067
o 7010 0.9886584732879916 0.9917350963815065
o 7020 0.9519340463678413 0.9583921391936376
o 7030 0.890437064805446 0.8999895678534638
o 7040 0 0.0020713641682286897
o 7050 0.0001356941374873465 0.004579646877598709
o 7060 0.964400465064267 0.9699615492250478
o 7070 0.29189768742709166 0.30617006342973874
o 7080 0.005048157084681375 0.016073311665877
o 7090 0.22465762842179707 0.2724089483449186
o 7100 0.36783398076684215 0.3829280269497183
o 7110 0.008032869078572426 0.021062953810688456
o 7120 0.9751840509355877 0.9798143121595121
o 7130 0.999103496509203 0.9998024115070666
o 7140 0.8523744518174846 0.8632648434794477
o 7150 6.250781184823253e-08 0.0026863809835053765
o 7160 0.39525188961041147 0.4105408421884488
o 7170 0.9542929410087301 0.9605924573563352
o 7180 0.9989434220919977 0.9997230637730928
o 7190 0.006331522703297043 0.018278219395506223
o 7200 0.04728665263480943 0.07358841140621264
o 7210 0.015415719738673731 0.03212986994440459
o 7220 0.6759779808073857 0.6904802498891104
o 7230 0.9927683153359265 0.9951835711588076
o 7240 0.011561709336708753 0.026508685905284657
o 7250 0.9757932626378147 0.9803648917783632
o 7260 0.0031296724325380458 0.01251285411303471
o 7270 0.6633058863741523 0.6779565923994206
o 7280 0.4991868862981165 0.5147707613551931
o 7290 0.036181741467682854 0.05974929515245242
o 7300 6.250781184823253e-08 0.0026863809835053765
o 7310 0 0.0020713641682286897
o 7320 0.17803112372081206 0.2222414541544787
o 7330 0.21645439878049286 0.26364824693459066
o 7340 0.007081356017376725 0.019522066249046954
o 7350 0.9993545677321735 0.9999100498624319
o 7360 0.026812262164503182 0.04766809620899859
o 7370 0 0.0020713641682286897
o 7380 0.9295177331756933 0.9372959124031724
o 7390 0.008610537935771684 0.02198085951972173
o 7400 0.44530958383953345 0.46082623564855874
o 7410 0.013779735679159286 0.02977611419085635
o 7420 0 0.0020713641682286897
o 7430 0.3912651556699642 0.40652892433069054
o 7440 0.21211665334602187 0.2590050928352202
o 7450 0.999784848241918 0.9999999949993749
o 7460 0.9996678275924519 0.9999940967944916
o 7470 0.012564997929673692 0.02799871421198541
o 7480 0.023596539963144834 0.04340144165789395
o 7490 0.3550703393595014 0.37005598974371423
o 7500 0.999599491460172 0.9999830535762632
o 7510 0.9880771995048885 0.9912365917446615
o 7520 0.404702551681143 0.4200469849288012
o 7530 0.10653959428413858 0.1430552841017697
o 7540 0.9999239938640181 1
o 7550 0.9941392710828884 0.9962919688562998
o 7560 0.19216324509004112 0.23754662766861467
o 7570 0.9846528661265439 0.9882621880785143
o 7580 0.9747431499808167 0.9794153639146618
o 7590 0.08977239200869715 0.12389991076596252
o 7600 0.0204154757887469 0.03910044874183016
o 7610 0.9213511434597315 0.9295452159871691
o 7620 0.0713241450182528 0.10243471025071649
o 7630 0.9989434220919977 0.9997230637730928
o 7640 0.9070811713009144 0.9159399296233015
o 7650 0.008032869078572426 0.021062953810688456
o 7660 0.35524950850825093 0.3702367599189804
o 7670 0.3548513563854998 0.36983504687741064
o 7680 0.06811937820288388 0.09865470280418309
o 7690 0.9978468002059815 0.9990617938017794
o 7700 0.9993836603972324 0.9999207619417313
o 7710 0.11731880121119552 0.15522677452569444
o 7720 0.7099821382847519 0.7240247018885935
o 7730 0.026812262164503182 0.04766809620899859
o 7740 0.33238488671127087 0.3471491283722964
o 7750 0 0.0020713641682286897
o 7760 0.052227492982503766 0.07962323926104009
o 7770 0.9989698028369101 0.9997365968529978
o 7780 0 0.0020713641682286897
o 7790 0.7046237368163039 0.7187448974260234
o 7800 0.9935624490461487 0.9958290715514998
o 7810 0.9988130027235841 0.999653867701341
o 7820 0.2607183563821039 0.2745199905011836
o 7830 0 0.0020713641682286897
o 7840 0.9995668564461039 0.999976016692425
o 7850 0.01096403153110673 0.025610439608071855
o 7860 0.08121339318425025 0.11399885596066461
o 7870 0.9989434220919977 0.9997230637730928
o 7880 0.6774064869098434 0.6918912650165094
o 7890 0.960367525913609 0.9662358413129208
o 7900 7.381303257416497e-05 0.0041461380378710055
o 7910 6.250781184823253e-08 0.0026863809835053765
o 7920 0.02020479072619822 0.03881234374794573
o 7930 0.017900054036404843 0.035630526031763865
o 7940 2.9478169837018796e-05 0.0036929403504111225
o 7950 0.99612008746949 0.9978300245310231
o 7960 0.9696549933218481 0.9747852498881573
o 7970 0.10490358557433366 0.14119880532781182
o 7980 0.13688004633427558 0.17707680513547053
o 7990 0.8881119906988679 0.8977554149266178
o 8000 0.9621333622007522 0.9678694131767437
o 8010 0.31981653950918215 0.3344417369101883
o 8020 0.7171957275688767 0.731128697909308
o 8030 0.17325101705453955 0.2170428302698243
o 8040 0.27460592078891877 0.28862770442894425
o 8050 0.5482468317176211 0.5637342953724023
o 8060 0.9245298611001743 0.9325654420983137
o 8070 0.8559505797149146 0.8667275250323471
o 8080 0.2858610130263788 0.30004878803844615
o 8090 0.6693796922582778 0.6839607501715179
o 8100 6.250781184823253e-08 0.0026863809835053765
o 8110 0 0.0020713641682286897
o 8120 0.2210370115309856 0.2685454764934033
o 8130 0.9240580451332043 0.9321174148488739
o 8140 5.632956977929134e-06 0.003211834795377788
o 8150 0.9944288755505086 0.9965222175315889
o 8160 0.5016270980541293 0.5172097272884199
o 8170 0.4754744877286537 0.49105115386403997
o 8180 0.056064588716824404 0.08426743289549965
o 8190 0.10070225440654641 0.13641946790229276
o 8200 0 0.0020713641682286897
o 8210 0.999784848241918 0.9999999949993749
o 8220 0.7137498549310946 0.7277357239528435
o 8230 0.9999239938640181 1
o 8240 0.9994730802517786 0.9999506585660503
o 8250 0.8151915513952221 0.8271401334313552
o 8260 0.9861257834540738 0.989548734920843
o 8270 0.9202442105725969 0.9284925166794705
o 8280 0 0.0020713641682286897
o 8290 0.000503951780243514 0.006191718166968396
o 8300 0.000503951780243514 0.006191718166968396
o 8310 0.0021562252310628775 0.0105001045606814
o 8320 0.2022499771780028 0.2484152900842509
o 8330 0.9975840325399995 0.9988848632863743
o 8340 0.3100364793856015 0.3245451145946636
o 8350 0.9963260758000116 0.9979838949949381
o 8360 0.9405829655982414 0.9477470007056465
o 8370 0.15823068337186888 0.20063021457714703
o 8380 0.9357455818890263 0.9431859933440504
o 8390 0.9640674813221791 0.96965464484945
o 8400 0.10256851132520699 0.1385446167772446
o 8410 0.13758952419607187 0.17786412504859483
o 8420 0 0.0020713641682286897
o 8430 0.9753940776533289 0.9800042135412554
o 8440 0.32130772496807347 0.33595004574082366
o 8450 0.0008616339156202599 0.00732183525492236
o 8460 0.9987614482791993 0.999625557902435
o 8470 0.9984080584682806 0.9994197042904669
o 8480 0.1794662120608814 0.22379998638363496
o 8490 0.7847940174513452 0.7974678101785982
o 8500 0.5207751974359279 0.5363351774623649
o 8510 0.9987614482791993 0.999625557902435
o 8520 0.030057569148635943 0.05190541237527946
o 8530 0.001549745385653557 0.009117358764871297
o 8540 0.3452575953660692 0.36015205749878676
o 8550 0.9938061226491837 0.9960252811397775
o 8560 0.9967638850029287 0.998305760365681
o 8570 0.7011192593695275 0.7152905483974559
o 8580 0.00029995700032200127 0.005405172829997085
o 8590 0.896334536723088 0.9056501355969825
o 8600 0.5532150876609803 0.568684367784094
o 8610 0.4992868913332194 0.5148707226188507
o 8620 6.250781184823253e-08 0.0026863809835053765
o 8630 0.8203581434218242 0.8321718187070488
o 8640 0.999599491460172 0.9999830535762632
o 8650 0.4178865283451361 0.4332985526297386
o 8660 0.7214483556059613 0.7353146466172218
o 8670 0.20609807779168762 0.2525502031460418
o 8680 5.632956977929134e-06 0.003211834795377788
o 8690 0.8982333598500372 0.9074706813698602
o 8700 0.8541014154647718 0.8649373048758953
o 8710 0.5006269888468928 0.5162101735083413
o 8720 0 0.0020713641682286897
o 8730 5.632956977929134e-06 0.003211834795377788
o 8740 0.01096403153110673 0.025610439608071855
o 8750 0.9607828599379244 0.9666203681505278
o 8760 0.9900846274508407 0.992948385450678
o 8770 0.027890957252781765 0.049083584363734056
o 8780 0.8568651167094032 0.8676126836031217
o 8790 0.03310974675530178 0.055837192933004154
o 8800 0.9999239938640181 1
o 8810 0 0.0020713641682286897
o 8820 0.9943842650976894 0.9964868508983944
o 8830 0.9996330653686861 0.9999891487861118
o 8840 0 0.0020713641682286897
o 8850 0.8058759352478992 0.8180588566148118
o 8860 0.9253915628294922 0.9333834540215092
o 8870 0.9979431363013752 0.9991253358653104
o 8880 0.9306885661856112 0.9384046902354817
o 8890 0.9959148847383061 0.9976753617509324
o 8900 0.06446670645024184 0.09432481216270783
o 8910 0.19600328573302905 0.24168959154164837
o 8920 0.9993545677321735 0.9999100498624319
o 8930 0.8568041451872965 0.8675536754212659
o 8940 0.1518116030313955 0.1935780581433818
o 8950 0.9606790175503631 0.9665242453293332
o 8960 0.9997041638433971 0.9999976422569008
o 8970 0.9145288700126306 0.9230497562452519
o 8980 0.9980156978384686 0.999172677844584
o 8990 0.9990764961900899 0.99978951939873
o 9000 0.9996678275924519 0.9999940967944916
o 9010 0.18952505920042698 0.2346965001436908
o 9020 0.4643441096486988 0.4799052862825638
o 9030 0.786755429885223 0.7993857429051529
o 9040 0 0.0020713641682286897
o 9050 0 0.0020713641682286897
o 9060 0.20369266378921133 0.2499662332158079
o 9070 0.7698982958380459 0.7828885065188091
o 9080 0.06651999425275888 0.09676171063096928
o 9090 0.3553291396051614 0.37031710185491495
o 9100 5.632956977929134e-06 0.003211834795377788
o 9110 0.9972065160734749 0.9986227536460907
o 9120 0.0403789181347753 0.0650307166073526
o 9130 0.0913963416419477 0.1257684173143374
o 9140 0.48428961506023455 0.49987305407823523
o 9150 0.9804721248693984 0.9845644114364628
o 9160 0.9447467185813854 0.9516618619684286
o 9170 0.007081356017376725 0.019522066249046954
o 9180 0.9998341327646891 1
o 9190 0.39935877717842655 0.4146725659858149
o 9200 0.9997041638433971 0.9999976422569008
o 9210 0.07959907128874118 0.11212075033073343
o 9220 0.9997041638433971 0.9999976422569008
o 9230 0.005593258650624234 0.017023065641258883
o 9240 0.9528235270447617 0.9592223617663949
o 9250 0.030274873667237953 0.052186956804006535
o 9260 0.9294561195031209 0.9372375465539964
o 9270 0.34428248062688294 0.3591675025985358
o 9280 0.31106996923252633 0.32559127410274735
o 9290 6.250781184823253e-08 0.0026863809835053765
o 9300 0.6815314867255404 0.6959648828139099
o 9310 0.00670508491863416 0.01890146760981537
o 9320 0.983928907088528 0.9876264073575797
o 9330 0.6063529288683184 0.6215286633105918
o 9340 0.9972065160734749 0.9986227536460907
o 9350 0.9393060619604366 0.9465443291366826
o 9360 0.053354398411719815 0.08099082312562056
o 9370 0.19840489891869723 0.24427735802770312
o 9380 0.3631938088824886 0.37824976961270584
o 9390 0.9983090111814502 0.9993589235528282
o 9400 0.7495239226029518 0.7629096887211206
o 9410 0.9988130027235841 0.999653867701341
o 9420 0.7253388895539971 0.7391428107823261
o 9430 0.9927683153359265 0.9951835711588076
o 9440 0.9995349878824064 0.9999681957182619
o 9450 0.44668735594140374 0.46220799845861404
o 9460 0.0002119315321278825 0.004998286201970181
o 9470 0.9984828397939801 0.999464783357556
o 9480 0.0023137429626986735 0.010840119172526475
o 9490 0.9788881459453267 0.9831489417187657
o 9500 0.19888536643839005 0.24479476660846888
o 9510 0.8205607923854434 0.8323691021816821
o 9520 0.9510655653929074 0.9575809098250012
o 9530 0.9989434220919977 0.9997230637730928
o 9540 0.9229299825866224 0.9310458522409707
o 9550 0.9187481910838108 0.9270690332487128
o 9560 2.9478169837018796e-05 0.0036929403504111225
o 9570 0.9977269908240753 0.9989817458746678
o 9580 0.3937568024103694 0.40903643496266673
o 9590 0.9827600748778752 0.9865956561620418
o 9600 0.9901279733461981 0.9929850222874228
o 9610 0.3790491314806094 0.39422908084374575
o 9620 5.632956977929134e-06 0.003211834795377788
o 9630 0.9835248218820652 0.9872706370542818
o 9640 0.003984012913461825 0.014148429407502605
o 9650 0.9996678275924519 0.9999940967944916
o 9660 0.9971596588721757 0.9985896533979276
o 9670 0.5721737990828143 0.5875592797313449
o 9680 0.9206541568026436 0.9288824342356076
o 9690 0.11966827927192444 0.15786659209898501
o 9700 0.9955291951801475 0.9973812900439158
o 9710 0.11990334293913818 0.15813045823991034
o 9720 0.1515740796734698 0.19331664715387797
o 9730 0.999784848241918 0.9999999949993749
o 9740 0 0.0020713641682286897
o 9750 0.15418771062556497 0.1961912954175702
o 9760 0.9156755391562312 0.924142706106611
o 9770 0.006331522703297043 0.018278219395506223
o 9780 6.250781184823253e-08 0.0026863809835053765
o 9790 0.47331605065404425 0.488890318887897
o 9800 0.9989962943624112 0.9997500155155598
o 9810 0.2707562250485741 0.2847187086882085
o 9820 0.21452606593311638 0.261585068421863
o 9830 0.22224361502510145 0.26983356898684185
o 9840 0 0.0020713641682286897
o 9850 0 0.0020713641682286897
o 9860 0.17635746638384517 0.2204225549684441
o 9870 0.8073336590036082 0.8194806465864356
o 9880 0.9401298148973593 0.9473203021666159
o 9890 0.9483999445376131 0.9550874192362095
o 9900 0.061734570426597773 0.09107005495644516
o 9910 0.049753393088345865 0.07660948691908409
o 9920 0.99863385948088 0.9995534508999322
o 9930 5.632956977929134e-06 0.003211834795377788
o 9940 0.001263463787865113 0.00840971372163124
o 9950 0.00746017548263115 0.020140170534743485
o 9960 0 0.0020713641682286897
o 9970 0 0.0020713641682286897
o 9980 0.9994130827814863 0.9999311292217226
o 9990 0.9995349878824064 0.9999681957182619
