0 0.0 0.0 0.0
500 1.6582553307795185 0.0 0.0
1000 1.45 0.054515185708917224 0.03906540949111752
1500 1.1 0.14129435439847604 0.14738032997586367
2000 0.0 0.0 0.0
2500 0.0 0.0 0.0
3000 0.0 0.0 0.0
3500 1.6582553307795185 0.0 0.0
4000 1.6582553307795185 0.0 0.0
4500 1.6033378456044685 0.0 0.0
5000 1.6582553307795185 0.0 0.0
5500 0.97 0.0737441664355255 0.08228026381958331
6000 0.0 0.0 0.0
6500 0.88 0.15530669496039717 0.2143067886516628
7000 1.6582553307795185 0.0 0.0
7500 0.0 0.0 0.0
8000 1.42 0.070234585034878 0.05203466043519338
8500 0.0 0.0 0.0
9000 0.0 0.0 0.0
9500 1.6582553307795185 0.0 0.0
10000 0.34 0.01871190532723027 0.0582402698310009
10500 0.91 0.09340855763171885 0.11438836214204626
11000 1.36 0.08988283414641063 0.07076735640054464
11500 0.84 0.002362244575267458 0.002820126671665676
12000 0.0 0.0 0.0
12500 0.0 0.0 0.0
13000 0.99 0.045131725773426945 0.047765098061282416
13500 1.3900000000000001 0.07467721608979083 0.05677482136193931
14000 1.45 0.04513457799674292 0.03212733212009988
14500 1.53 0.019867180226831982 0.013155915802039297
15000 1.51 0.02710605882218675 0.018279162163584883
15500 1.42 0.06583956699261817 0.04862021174728805
16000 1.6582553307795185 0.0 0.0
16500 0.44 0.036060996051399175 0.08927336973873351
17000 1.6582553307795185 0.0 0.0
17500 1.6582553307795185 0.0 0.0
18000 1.46 0.0518539848094659 0.03682429538562421
18500 1.6258913790138056 0.0 0.0
19000 0.47000000000000003 0.026251484030721695 0.05915847171540545
19500 1.3800000000000001 0.08231597236465027 0.06343298569733272
20000 0.91 0.05060639799436906 0.05888617029061553
20500 0.0 0.0 0.0
21000 0.0 0.0 0.0
21500 0.91 0.11798323886029227 0.14896558336785076
22000 0.0 0.0 0.0
22500 0.0 0.0 0.0
23000 0.0 0.0 0.0
23500 0.0 0.0 0.0
24000 0.0 0.0 0.0
24500 0.0 0.0 0.0
25000 1.6033378456044685 0.0 0.0
25500 1.570638307262108 0.0 0.0
26000 1.2 0.17219055274321948 0.16753159177782945
26500 0.0 0.0 0.0
27000 1.6582553307795185 0.0 0.0
27500 0.0 0.0 0.0
28000 0.8904508420986457 0.0 0.0
28500 0.0 0.0 0.0
29000 0.0 0.0 0.0
29500 1.52 0.01731164744431135 0.011520450940388715
30000 0.0 0.0 0.0
30500 0.9407211175930854 0.0 0.0
31000 0.046872613825964936 0.0 0.0
31500 0.0 0.0 0.0
32000 1.6582553307795185 0.0 0.0
32500 0.0 0.0 0.0
33000 1.53 0.019867180226831982 0.013155915802039297
33500 1.25 0.09536980361683112 0.08259770436939295
34000 0.0 0.0 0.0
34500 1.41 0.05805422283621975 0.042941236118219574
35000 0.0 0.0 0.0
35500 0.0 0.0 0.0
36000 0.0 0.0 0.0
36500 0.0 0.0 0.0
37000 0.0 0.0 0.0
37500 0.0 0.0 0.0
38000 0.0 0.0 0.0
38500 0.0 0.0 0.0
39000 0.0 0.0 0.0
39500 0.0 0.0 0.0
40000 1.3800000000000001 0.09112441645753733 0.0707007081374625
40500 0.42 0.05791710247699983 0.1599553662247216
41000 0.22 0.04978310358201177 0.2924686363671167
41500 0.0 0.0 0.0
42000 0.91 0.20079515193382835 0.28312715639402025
42500 0.0 0.0 0.0
43000 0.0 0.0 0.0
43500 0.58 0.1252553429841718 0.2754410437851765
44000 0.0 0.0 0.0
44500 0.73 0.06724269036158992 0.10145899469336139
45000 1.53 0.019867180226831982 0.013155915802039297
45500 0.0 0.0 0.0
46000 0.0 0.0 0.0
46500 0.0 0.0 0.0
47000 0.86 0.05260302259473759 0.06515137418991623
47500 1.48 0.03343623577308841 0.023114249506282752
48000 0.76 0.09352120286117005 0.14032134744969124
48500 0.0 0.0 0.0
49000 1.6582553307795185 0.0 0.0
49500 0.0 0.0 0.0
