0 0.0 0.0 0.0
50 0.0 0.0 0.0
100 1.58 0.043929205483884015 0.028598425047018965
150 1.57 0.012251083536265028 0.007864607323288251
200 0.0 0.0 0.0
250 0.0 0.0 0.0
300 0.84 0.06860047388095347 0.08892988854437886
350 0.0 0.0 0.0
400 1.24 0.1910365975108128 0.18211941146610408
450 1.75 0.09174466922048152 0.05532602097974494
500 1.75 0.09174466922048152 0.05532602097974494
550 1.47 0.17969195729288434 0.13926283596270836
600 0.0 0.0 0.0
650 1.75 0.09174466922048152 0.05532602097974494
700 1.75 0.12410862098638398 0.07633266440078998
750 0.67 0.10752800970946363 0.19117042548895932
800 1.35 0.1433834768769855 0.1188310238831095
850 1.25 0.11645097836444851 0.10273131213719029
900 0.0 0.0 0.0
950 1.75 0.09174466922048152 0.05532602097974494
1000 1.54 0.1445151857089173 0.10355912456298004
1050 1.53 0.06402927780314549 0.04367705086715058
1100 0.0 0.0 0.0
1150 0.0 0.0 0.0
1200 1.75 0.09174466922048152 0.05532602097974494
1250 1.75 0.09174466922048152 0.05532602097974494
1300 0.0 0.0 0.0
1350 1.75 0.09174466922048152 0.05532602097974494
1400 0.0 0.0 0.0
1450 1.75 0.09174466922048152 0.05532602097974494
1500 1.12 0.16129435439847606 0.1682417905208794
1550 0.11 0.0066931915527967956 0.06478945244172818
1600 0.0 0.0 0.0
1650 0.0 0.0 0.0
1700 0.0 0.0 0.0
1750 0.0 0.0 0.0
1800 0.0 0.0 0.0
1850 1.53 0.14327841099536553 0.10332168485110871
1900 0.0 0.0 0.0
1950 1.75 0.09174466922048152 0.05532602097974494
2000 0.0 0.0 0.0
2050 1.75 0.09174466922048152 0.05532602097974494
2100 0.0 0.0 0.0
2150 0.0 0.0 0.0
2200 0.8300000000000001 0.02877719091249098 0.03591658972522829
2250 1.75 0.09174466922048152 0.05532602097974494
2300 0.0 0.0 0.0
2350 0.0 0.0 0.0
2400 0.0 0.0 0.0
2450 1.28 0.18769102147359207 0.17182960605780134
2500 0.0 0.0 0.0
2550 0.0 0.0 0.0
2600 0.0 0.0 0.0
2650 0.0 0.0 0.0
2700 0.0 0.0 0.0
2750 0.6276960737340676 0.0 0.0
2800 1.75 0.09174466922048152 0.05532602097974494
2850 0.08 0.008220045850848817 0.11451729035335448
2900 0.0 0.0 0.0
2950 0.0 0.0 0.0
3000 0.0 0.0 0.0
3050 1.54 0.12848882196856293 0.09102926279886764
3100 0.0 0.0 0.0
3150 0.0 0.0 0.0
3200 1.58 0.022251083536265037 0.014284127115156335
3250 0.0 0.0 0.0
3300 0.0 0.0 0.0
3350 0.19667863602887076 0.0 0.0
3400 0.0 0.0 0.0
3450 0.0 0.0 0.0
3500 1.75 0.09174466922048152 0.05532602097974494
3550 1.75 0.09174466922048152 0.05532602097974494
3600 1.59 0.09429567678220097 0.06304432989759431
3650 0.0 0.0 0.0
3700 0.0 0.0 0.0
3750 0.39 0.0945211477140715 0.3198914134897391
3800 0.0 0.0 0.0
3850 1.36 0.14646768959309053 0.12069533570472338
3900 0.8 0.03896013775644347 0.05119329445055403
3950 0.30716815270701475 0.0 0.0
4000 1.75 0.09174466922048152 0.05532602097974494
4050 1.31 0.2127940580845571 0.1939417660399038
4100 1.34 0.19564133328794076 0.17096155163490148
4150 1.62 0.034468189741297284 0.021739197863001748
4200 0.78 0.17505983488398957 0.2893837192153013
4250 1.75 0.09174466922048152 0.05532602097974494
4300 0.8200000000000001 0.0323045310562986 0.04101144710102107
4350 1.6 0.06392920548388403 0.04161865827546225
4400 0.0 0.0 0.0
4450 1.6300000000000001 0.026662154395210136 0.016629155525954037
4500 1.6300000000000001 0.026662154395531656 0.016629155526157905
4550 0.0 0.0 0.0
4600 0.0 0.0 0.0
4650 0.0 0.0 0.0
4700 1.75 0.09174466922048152 0.05532602097974494
4750 1.45 0.12947716447705315 0.09804992461624358
4800 1.75 0.09174466922048152 0.05532602097974494
4850 1.54 0.0978453856189061 0.06784666820269948
4900 0.71 0.08401320488275255 0.1342092285940582
4950 1.75 0.09174466922048152 0.05532602097974494
5000 1.75 0.09174466922048152 0.05532602097974494
5050 1.75 0.09174466922048152 0.05532602097974494
5100 1.29 0.2583941993789698 0.2504776526299247
5150 1.3 0.14222970000553015 0.12284794315954513
5200 0.59 0.03541755577551009 0.063863463664157
5250 0.0 0.0 0.0
5300 1.32 0.08171213789871223 0.06598799875180271
5350 0.0 0.0 0.0
5400 0.0 0.0 0.0
5450 0.0 0.0 0.0
5500 0.98 0.08374416643552551 0.09343779231256871
5550 1.75 0.09174466922048152 0.05532602097974494
5600 0.63 0.0823154972137704 0.15029729122333688
5650 1.36 0.0972706227588207 0.07703204226652134
5700 0.0 0.0 0.0
5750 1.1400000000000001 0.27757841176480536 0.32185930356036696
5800 1.6300000000000001 0.026662154395210136 0.016629155525954037
5850 0.0 0.0 0.0
5900 0.81 0.08377797805928877 0.11536138471180704
5950 0.0 0.0 0.0
6000 0.0 0.0 0.0
6050 0.34222849451724857 0.0 0.0
6100 1.61 0.06366142272958775 0.04116913570245561
6150 0.0 0.0 0.0
6200 0.0 0.0 0.0
6250 0.0 0.0 0.0
6300 0.0 0.0 0.0
6350 1.75 0.09174466922048152 0.05532602097974494
6400 1.75 0.09174466922048152 0.05532602097974494
6450 1.75 0.09174466922048152 0.05532602097974494
6500 0.89 0.16530669496039718 0.22810572943179536
6550 0.3 0.02969437013352022 0.1098547971353318
6600 1.75 0.09174466922048152 0.05532602097974494
6650 1.57 0.09865102283272464 0.06704801129005655
6700 0.0 0.0 0.0
6750 0.6900000000000001 0.056121996691849585 0.08853753624349495
6800 1.75 0.09174466922048152 0.05532602097974494
6850 0.0 0.0 0.0
6900 1.62 0.034468189741297284 0.021739197863001748
6950 1.75 0.09174466922048152 0.05532602097974494
7000 1.75 0.09174466922048152 0.05532602097974494
7050 1.75 0.09174466922048152 0.05532602097974494
7100 0.0 0.0 0.0
7150 1.1500000000000001 0.15899511126293964 0.1604382713646988
7200 0.0 0.0 0.0
7250 0.0 0.0 0.0
7300 0.0 0.0 0.0
7350 1.23 0.1691532345600879 0.15945114796098137
7400 1.75 0.09174466922048152 0.05532602097974494
7450 0.0 0.0 0.0
7500 0.0 0.0 0.0
7550 1.55 0.07301930428206904 0.049438225221065474
7600 1.42 0.07238176143241803 0.053710879951694976
7650 0.0 0.0 0.0
7700 0.0 0.0 0.0
7750 0.0 0.0 0.0
7800 1.75 0.09174466922048152 0.05532602097974494
7850 1.61 0.052251083536265064 0.03354268649076059
7900 0.16253970677555168 0.0 0.0
7950 0.74 0.11782763621579773 0.18938101894970333
8000 1.43 0.08023458503487801 0.05944335522699053
8050 0.0 0.0 0.0
8100 1.4000000000000001 0.22350018685971595 0.18997043974291403
8150 0.0 0.0 0.0
8200 0.0 0.0 0.0
8250 0.0 0.0 0.0
8300 0.25 0.004074609947005509 0.01656848016435989
8350 0.0582618136802791 0.0 0.0
8400 0.0 0.0 0.0
8450 1.33 0.00770157586947029 0.005824385576602664
8500 0.0 0.0 0.0
8550 0.41000000000000003 0.011126708721868384 0.027895346630541388
8600 0.0 0.0 0.0
8650 0.0 0.0 0.0
8700 0.34 0.006918393278524448 0.02077086557442255
8750 0.0 0.0 0.0
8800 1.16 0.10136941534874855 0.09575523021767131
8850 0.61 0.10244740415034637 0.20184588747664126
8900 1.59 0.07986718022677741 0.052887520343257687
8950 1.75 0.09174466922048152 0.05532602097974494
9000 0.0 0.0 0.0
9050 1.6 0.06392920548388403 0.04161865827546225
9100 0.0 0.0 0.0
9150 0.0 0.0 0.0
9200 0.0 0.0 0.0
9250 1.05 0.05397767705686807 0.05419324026530872
9300 0.0 0.0 0.0
9350 0.92 0.10087342248512499 0.12314753940857591
9400 0.56 0.03678907188583547 0.07031403571488112
9450 0.0 0.0 0.0
9500 1.75 0.09174466922048152 0.05532602097974494
9550 0.9400000000000001 0.0569608242982107 0.06450543290216028
9600 0.0 0.0 0.0
9650 0.0 0.0 0.0
9700 0.0 0.0 0.0
9750 0.0 0.0 0.0
9800 0.0 0.0 0.0
9850 0.0 0.0 0.0
9900 0.0 0.0 0.0
9950 0.66 0.09616254608559027 0.17055012117053808
10000 0.34 0.01871190532723027 0.0582402698310009
10050 0.9500000000000001 0.09046255776054557 0.10524562784007731
10100 0.36 0.03399233954872749 0.1042685300758699
10150 1.16 0.057762599458871744 0.05240486253733905
10200 0.92 0.06203472727168424 0.07230447343680334
10250 0.46 0.028373183336681373 0.06573545072111049
10300 0.75 0.0950186953571156 0.14507085115799245
10350 0.58 0.018637219432626306 0.03319995567534692
10400 0.33 0.02147226719735068 0.06959590634623915
10450 0.0 0.0 0.0
10500 0.92 0.10340855763171886 0.12663438809965116
10550 1.75 0.12410862098638398 0.07633266440078998
10600 0.0 0.0 0.0
10650 0.0 0.0 0.0
10700 0.0 0.0 0.0
10750 0.5 0.05890335642470529 0.13353843717165023
10800 0.88 0.1539476520003097 0.2120338188072017
10850 1.29 0.04541269349563404 0.036488154152225186
10900 1.75 0.09174466922048152 0.05532602097974494
10950 1.46 0.10358945048357837 0.07637027780454037
11000 1.42 0.14988283414641046 0.11800709271233323
11050 1.57 0.05188898973700562 0.034179970625479145
11100 0.0 0.0 0.0
11150 0.66 0.06212279442770807 0.10390560778821419
11200 0.0 0.0 0.0
11250 0.47000000000000003 0.019801269376737596 0.04398339673087127
11300 1.59 0.07986718022683204 0.052887520343295774
11350 1.55 0.1202140227624462 0.0840783338739327
11400 1.16 0.14697595190925195 0.14508634043412724
11450 1.55 0.05429567678220093 0.03630107631526488
11500 0.84 0.002362244575267458 0.002820126671665676
11550 0.0 0.0 0.0
11600 0.55 0.059642798941321185 0.12163133081874329
11650 0.0 0.0 0.0
11700 0.0 0.0 0.0
11750 0.92 0.08457604427780085 0.1012372744383268
11800 0.0 0.0 0.0
11850 0.24 0.0077215111219018084 0.03324247182421669
11900 0.0 0.0 0.0
11950 1.75 0.09174466922048152 0.05532602097974494
12000 0.0 0.0 0.0
12050 0.98 0.11377482119006865 0.13134554844778223
12100 0.0 0.0 0.0
12150 1.5 0.138977139384572 0.10211227408901072
12200 1.75 0.09174466922048152 0.05532602097974494
12250 1.3900000000000001 0.22903142456321346 0.19727616182638352
12300 0.0 0.0 0.0
12350 1.75 0.09174466922048152 0.05532602097974494
12400 0.7000000000000001 0.060961830140703444 0.09539622672950196
12450 0.0 0.0 0.0
12500 0.0 0.0 0.0
12550 1.75 0.09174466922048152 0.05532602097974494
12600 0.0 0.0 0.0
12650 0.0 0.0 0.0
12700 0.04 0.0029555328928234925 0.07978338261075772
12750 1.12 0.14816117093436842 0.15245446724619663
12800 1.75 0.09174466922048152 0.05532602097974494
12850 0.0 0.0 0.0
12900 0.05387457593850366 0.0 0.0
12950 0.0 0.0 0.0
13000 0.98 0.035131725773426936 0.03718161222227955
13050 0.24 0.007539310260414295 0.03243262449603937
13100 1.75 0.09174466922048152 0.05532602097974494
13150 1.6 0.06392920548388403 0.04161865827546225
13200 0.38 0.015563555442209998 0.04270581516921266
13250 0.0 0.0 0.0
13300 1.29 0.12838473032617448 0.11052259184077713
13350 1.06 0.06290552106271874 0.06308882697832648
13400 1.55 0.12408285696112764 0.08701968243167757
13450 0.0 0.0 0.0
13500 1.47 0.15467721608979068 0.11759639381442491
13550 0.0 0.0 0.0
13600 0.0 0.0 0.0
13650 1.56 0.07087746206980117 0.04759679627730104
13700 1.36 0.15838644817456404 0.1318114696142954
13750 1.75 0.12410862098638398 0.07633266440078998
13800 1.58 0.09087746206980118 0.06102752443470235
13850 1.62 0.034468189741297284 0.021739197863001748
13900 0.1312783463838883 0.0 0.0
13950 0.42 0.013265641937394601 0.032615002087806724
14000 1.54 0.135134577996743 0.09619040790686477
14050 0.0 0.0 0.0
14100 0.0 0.0 0.0
14150 0.5 0.04983902771732507 0.11071379081265413
14200 1.75 0.09174466922048152 0.05532602097974494
14250 0.8200000000000001 0.08424866283015553 0.11450697888532298
14300 1.75 0.12410862098638398 0.07633266440078998
14350 1.18 0.20359430469879736 0.208514048697752
14400 1.24 0.23270993563438758 0.2310257430970963
14450 1.43 0.15605244462000667 0.12249518746747728
14500 1.59 0.07986718022683204 0.052887520343295774
14550 1.53 0.03429567678220091 0.022929449524100157
14600 0.0 0.0 0.0
14650 1.75 0.09174466922048152 0.05532602097974494
14700 1.75 0.12410862098638398 0.07633266440078998
14750 0.0 0.0 0.0
14800 0.51 0.040971101798291554 0.0873530436085661
14850 0.0 0.0 0.0
14900 0.0 0.0 0.0
14950 0.61 0.021171300462180076 0.035954939830204834
15000 1.58 0.09710605882218681 0.06548415643606899
15050 1.75 0.09174466922048152 0.05532602097974494
15100 0.0 0.0 0.0
15150 0.0 0.0 0.0
15200 0.0 0.0 0.0
15250 0.12604689734252153 0.0 0.0
15300 0.84 0.16579711434478073 0.24591575899834958
15350 1.44 0.14531001357912454 0.11223537302611641
15400 0.0 0.0 0.0
15450 1.75 0.09174466922048152 0.05532602097974494
15500 1.51 0.15583956699261825 0.11508205615380636
15550 0.0 0.0 0.0
15600 0.0 0.0 0.0
15650 0.0 0.0 0.0
15700 0.0 0.0 0.0
15750 0.48 0.047350601838818396 0.10944335538212893
15800 1.44 0.20477099322811476 0.16577573235853477
15850 1.75 0.09174466922048152 0.05532602097974494
15900 0.5 0.07861647670022776 0.18656751475377453
15950 0.0 0.0 0.0
16000 1.75 0.09174466922048152 0.05532602097974494
16050 1.21 0.13124310985080712 0.12166143368285333
16100 1.09 0.19724480157677493 0.22093940413357058
16150 1.37 0.22564133328794078 0.197177108761056
16200 1.75 0.09174466922048152 0.05532602097974494
16250 0.0 0.0 0.0
16300 0.53 0.0328612566862958 0.06610077594688635
16350 1.75 0.09174466922048152 0.05532602097974494
16400 1.75 0.09174466922048152 0.05532602097974494
16450 0.0 0.0 0.0
16500 0.44 0.036060996051399175 0.08927336973873351
16550 0.0 0.0 0.0
16600 0.0 0.0 0.0
16650 1.01 0.10466083105697765 0.11560400195560798
16700 1.17 0.16828474809248828 0.1679965916182596
16750 1.17 0.09488357686828497 0.08825423445016109
16800 0.04 0.0015013162570497798 0.03899656068955077
16850 0.53 0.07448693286046848 0.1635231527565637
16900 0.0 0.0 0.0
16950 1.49 0.1694771644770532 0.12834095701945034
17000 1.75 0.09174466922048152 0.05532602097974494
17050 0.8200000000000001 0.018324595795178977 0.022857874520118372
17100 0.0 0.0 0.0
17150 0.0 0.0 0.0
17200 0.7000000000000001 0.0936865175920526 0.1545182818959933
17250 0.0 0.0 0.0
17300 0.0 0.0 0.0
17350 0.53 0.01620596717050049 0.031541758243576905
17400 1.3900000000000001 0.19640195255843063 0.1645461409554167
17450 0.0 0.0 0.0
17500 1.75 0.09174466922048152 0.05532602097974494
17550 1.75 0.09174466922048152 0.05532602097974494
17600 1.29 0.1183786417667041 0.10103830980446524
17650 0.0 0.0 0.0
17700 1.34 0.24324471537809145 0.22178577006989006
17750 0.76 0.1327935845838465 0.2117222995809721
17800 0.0 0.0 0.0
17850 0.48 0.055538041293728746 0.13084338927098343
17900 0.0 0.0 0.0
17950 1.26 0.21890566927324762 0.2102649710141415
18000 1.54 0.13185398480946597 0.09363658554374066
18050 0.0 0.0 0.0
18100 1.75 0.09174466922048152 0.05532602097974494
18150 1.45 0.16112441645775344 0.12501161362288477
18200 1.5 0.12414348990845658 0.09022996874884621
18250 1.21 0.08188598454373208 0.07258662105231725
18300 0.8 0.06442497150475335 0.0875845005730366
18350 0.7000000000000001 0.11732201269479237 0.20134965667295562
18400 0.5 0.054901983047643044 0.12334807380981822
18450 0.0 0.0 0.0
18500 1.6258913790138056 0.0 0.0
18550 1.52 0.09021402276244617 0.06309617257314688
18600 0.39 0.023199851675662853 0.06324929742162687
18650 0.92 0.09122536651528512 0.11007258527172042
18700 0.0 0.0 0.0
18750 0.7000000000000001 0.07297635843163508 0.11638533795807186
18800 1.43 0.1245572269476356 0.09541377800606149
18850 0.81 0.047990740284131084 0.06297920881174782
18900 0.0 0.0 0.0
18950 1.75 0.12410862098638398 0.07633266440078998
19000 0.47000000000000003 0.026251484030721695 0.05915847171540545
19050 0.0 0.0 0.0
19100 1.75 0.12410862098638398 0.07633266440078998
19150 0.0 0.0 0.0
19200 0.0 0.0 0.0
19250 0.0 0.0 0.0
19300 0.21258104430551117 0.0 0.0
19350 1.75 0.09174466922048152 0.05532602097974494
19400 1.46 0.1860524446200067 0.14604403755420758
19450 0.0 0.0 0.0
19500 1.48 0.18231597236465014 0.14049334697974802
19550 0.0 0.0 0.0
19600 0.0 0.0 0.0
19650 1.53 0.14042030937602612 0.10105236160509232
19700 0.0 0.0 0.0
19750 0.0 0.0 0.0
19800 1.75 0.09174466922048152 0.05532602097974494
19850 0.0 0.0 0.0
19900 1.54 0.12848882196856293 0.09102926279886764
19950 1.75 0.09174466922048152 0.05532602097974494
20000 0.9 0.04060639799436905 0.04725005852918019
20050 0.0 0.0 0.0
20100 0.0 0.0 0.0
20150 0.0 0.0 0.0
20200 1.59 0.07986718022677741 0.052887520343257687
20250 0.0 0.0 0.0
20300 0.22273559418240627 0.0 0.0
20350 1.6 0.08188898973700565 0.05394137133806794
20400 0.0 0.0 0.0
20450 0.22 0.025174897583906702 0.12921793583939706
20500 0.0 0.0 0.0
20550 0.72 0.007974965264507361 0.011200400091929281
20600 0.51 0.0744548513423291 0.1709463452222929
20650 0.0 0.0 0.0
20700 0.7139752881956768 0.0 0.0
20750 0.0 0.0 0.0
20800 1.75 0.09174466922048152 0.05532602097974494
20850 0.0 0.0 0.0
20900 0.0 0.0 0.0
20950 0.0 0.0 0.0
21000 0.0 0.0 0.0
21050 0.0 0.0 0.0
21100 0.0 0.0 0.0
21150 0.0 0.0 0.0
21200 0.6129747198669986 0.0 0.0
21250 1.75 0.09174466922048152 0.05532602097974494
21300 1.62 0.034468189741297284 0.021739197863001748
21350 0.0 0.0 0.0
21400 1.62 0.04936169273747071 0.031427791178418006
21450 1.75 0.09174466922048152 0.05532602097974494
21500 0.93 0.1379832388602923 0.17421757421110023
21550 1.62 0.034468189741297284 0.021739197863001748
21600 1.62 0.034468189741297284 0.021739197863001748
21650 0.0 0.0 0.0
21700 0.0 0.0 0.0
21750 0.0 0.0 0.0
21800 1.6300000000000001 0.026662154395210136 0.016629155525954037
21850 1.49 0.17804513920699105 0.13570980567073165
21900 0.0 0.0 0.0
21950 1.3900000000000001 0.21768996952416053 0.1856931731922488
22000 0.0 0.0 0.0
22050 0.0 0.0 0.0
22100 1.75 0.09174466922048152 0.05532602097974494
22150 0.0 0.0 0.0
22200 0.0 0.0 0.0
22250 0.0 0.0 0.0
22300 0.26 0.02186002326092773 0.0917948492322209
22350 0.0 0.0 0.0
22400 0.9500000000000001 0.09231955740001818 0.10763864117055026
22450 0.0 0.0 0.0
22500 0.0 0.0 0.0
22550 1.75 0.09174466922048152 0.05532602097974494
22600 0.56 0.08578083719553276 0.18088859313115188
22650 1.75 0.09174466922048152 0.05532602097974494
22700 0.6900000000000001 0.07028572719045523 0.1134163440706423
22750 1.6 0.02936169273747069 0.018694114744116537
22800 0.0 0.0 0.0
22850 0.17 0.014797674433826874 0.095344411753145
22900 0.1 0.004601563040362147 0.04823520370998346
22950 0.0 0.0 0.0
23000 0.0 0.0 0.0
23050 1.6300000000000001 0.026662154395210136 0.016629155525954037
23100 0.0 0.0 0.0
23150 0.0 0.0 0.0
23200 0.0 0.0 0.0
23250 1.75 0.12410862098638398 0.07633266440078998
23300 1.75 0.09174466922048152 0.05532602097974494
23350 0.0 0.0 0.0
23400 1.75 0.12410862098638398 0.07633266440078998
23450 0.0 0.0 0.0
23500 0.0 0.0 0.0
23550 1.75 0.09174466922048152 0.05532602097974494
23600 1.75 0.12410862098638398 0.07633266440078998
23650 0.0 0.0 0.0
23700 0.0 0.0 0.0
23750 1.75 0.09174466922048152 0.05532602097974494
23800 1.57 0.11411691256171297 0.07838329433616023
23850 1.61 0.06366142272958775 0.04116913570245561
23900 0.0 0.0 0.0
23950 0.0 0.0 0.0
24000 0.0 0.0 0.0
24050 0.35000000000000003 0.034363339559276784 0.10886992503119022
24100 0.0 0.0 0.0
24150 0.67 0.023254398620878858 0.03595602130310766
24200 0.0 0.0 0.0
24250 0.0 0.0 0.0
24300 0.06902683231702322 0.0 0.0
24350 0.0 0.0 0.0
24400 0.0 0.0 0.0
24450 1.23 0.26859658749660875 0.27937969015234937
24500 0.0 0.0 0.0
24550 1.75 0.09174466922048152 0.05532602097974494
24600 0.8300000000000001 0.08809861982220069 0.11874707633120662
24650 0.0 0.0 0.0
24700 0.0 0.0 0.0
24750 0.0 0.0 0.0
24800 0.0 0.0 0.0
24850 0.0 0.0 0.0
24900 1.75 0.09174466922048152 0.05532602097974494
24950 0.0 0.0 0.0
25000 1.6300000000000001 0.026662154395531656 0.016629155526157905
25050 0.0 0.0 0.0
25100 1.75 0.12410862098638398 0.07633266440078998
25150 1.48 0.1142072939155816 0.08361978608232701
25200 0.0 0.0 0.0
25250 1.75 0.09174466922048152 0.05532602097974494
25300 1.48 0.1465665102579572 0.10991662605257572
25350 1.75 0.09174466922048152 0.05532602097974494
25400 1.75 0.09174466922048152 0.05532602097974494
25450 0.0 0.0 0.0
25500 1.62 0.04936169273789215 0.031427791178694764
25550 0.12 0.00013257807093997043 0.0011060392290611941
25600 0.0 0.0 0.0
25650 0.0 0.0 0.0
25700 1.75 0.09174466922048152 0.05532602097974494
25750 0.0 0.0 0.0
25800 0.0 0.0 0.0
25850 1.62 0.034468189741297284 0.021739197863001748
25900 1.75 0.09174466922048152 0.05532602097974494
25950 0.0 0.0 0.0
26000 1.26 0.23219055274321954 0.22590817136672098
26050 0.0 0.0 0.0
26100 1.43 0.1843384162935766 0.14798434719732143
26150 1.36 0.10996493699221443 0.08796948201406533
26200 0.0 0.0 0.0
26250 1.59 0.09429567678220097 0.06304432989759431
26300 0.87 0.12281963615394587 0.16437749450713765
26350 0.0 0.0 0.0
26400 0.0 0.0 0.0
26450 0.0 0.0 0.0
26500 0.0 0.0 0.0
26550 0.0 0.0 0.0
26600 0.0 0.0 0.0
26650 1.75 0.12410862098638398 0.07633266440078998
26700 0.0 0.0 0.0
26750 0.20057290874882433 0.0 0.0
26800 0.0 0.0 0.0
26850 0.54 0.059995365465483896 0.12498913791460435
26900 1.75 0.09174466922048152 0.05532602097974494
26950 0.88 0.07490785764451224 0.09304258941759333
27000 1.75 0.09174466922048152 0.05532602097974494
27050 0.0 0.0 0.0
27100 0.0 0.0 0.0
27150 0.65 0.02456113871263932 0.039270247234213025
27200 0.0 0.0 0.0
27250 0.0 0.0 0.0
27300 1.6300000000000001 0.026662154395210136 0.016629155525954037
27350 1.56 0.033284096178035405 0.02180110660713781
27400 1.62 0.034468189741297284 0.021739197863001748
27450 0.92 0.13401257025994484 0.1705021800466529
27500 0.0 0.0 0.0
27550 1.75 0.09174466922048152 0.05532602097974494
27600 1.75 0.09174466922048152 0.05532602097974494
27650 0.0 0.0 0.0
27700 1.31 0.16505377638871122 0.1441585403619334
27750 0.0 0.0 0.0
27800 0.0 0.0 0.0
27850 1.75 0.09174466922048152 0.05532602097974494
27900 0.0 0.0 0.0
27950 1.42 0.18677754198277885 0.15145486588290027
28000 0.8904508420986457 0.0 0.0
28050 0.0 0.0 0.0
28100 1.61 0.052251083536265064 0.03354268649076059
28150 1.1300000000000001 0.16746240749284724 0.17398012170792465
28200 0.0 0.0 0.0
28250 1.75 0.09174466922048152 0.05532602097974494
28300 0.3 0.004578385991609812 0.015497803053366918
28350 0.0 0.0 0.0
28400 0.0 0.0 0.0
28450 1.75 0.09174466922048152 0.05532602097974494
28500 0.0 0.0 0.0
28550 0.0 0.0 0.0
28600 0.0 0.0 0.0
28650 1.52 0.1517599649410264 0.11091618506432993
28700 1.75 0.09174466922048152 0.05532602097974494
28750 0.0 0.0 0.0
28800 0.0 0.0 0.0
28850 1.1904966641354022 0.0 0.0
28900 1.02 0.24698529798103663 0.3195091857062476
28950 1.56 0.10886453973072441 0.07502024635971839
29000 0.0 0.0 0.0
29050 1.75 0.09174466922048152 0.05532602097974494
29100 0.0 0.0 0.0
29150 1.75 0.09174466922048152 0.05532602097974494
29200 0.0 0.0 0.0
29250 0.0 0.0 0.0
29300 1.6 0.06392920548388403 0.04161865827546225
29350 0.0 0.0 0.0
29400 1.6 0.08188898973700565 0.05394137133806794
29450 0.42 0.03503113183720402 0.09099731104072038
29500 1.59 0.08731164744431141 0.05810362960211718
29550 1.55 0.06087746206980116 0.04088143219860039
29600 0.99 0.08588211512459876 0.094989952705597
29650 0.16 0.004121416148596985 0.026439912698500493
29700 0.013737380324975623 0.0 0.0
29750 1.61 0.052251083536265064 0.03354268649076059
29800 0.0 0.0 0.0
29850 0.0 0.0 0.0
29900 0.0 0.0 0.0
29950 0.0 0.0 0.0
30000 0.0 0.0 0.0
30050 0.0 0.0 0.0
30100 1.75 0.09174466922048152 0.05532602097974494
30150 1.75 0.09174466922048152 0.05532602097974494
30200 0.0 0.0 0.0
30250 0.0 0.0 0.0
30300 1.75 0.12410862098638398 0.07633266440078998
30350 1.75 0.09174466922048152 0.05532602097974494
30400 0.0 0.0 0.0
30450 0.0 0.0 0.0
30500 0.9407211175930854 0.0 0.0
30550 1.45 0.10449680469252431 0.07766373581048584
30600 1.75 0.09174466922048152 0.05532602097974494
30650 0.8300000000000001 0.03035336716383219 0.037958475553352335
30700 0.56 0.08141881896640973 0.17012540858913375
30750 1.75 0.09174466922048152 0.05532602097974494
30800 0.0 0.0 0.0
30850 0.0 0.0 0.0
30900 0.0 0.0 0.0
30950 0.0 0.0 0.0
31000 0.046872613825964936 0.0 0.0
31050 1.75 0.09174466922048152 0.05532602097974494
31100 1.75 0.09174466922048152 0.05532602097974494
31150 0.0 0.0 0.0
31200 0.0 0.0 0.0
31250 1.6300000000000001 0.026662154395531656 0.016629155526157905
31300 0.0 0.0 0.0
31350 0.53 0.002681648049425611 0.005085444190413768
31400 0.0 0.0 0.0
31450 0.86 0.21090485492449595 0.32492132551686714
31500 0.0 0.0 0.0
31550 0.23 0.0272595911436517 0.13445563860417428
31600 1.62 0.034468189741297284 0.021739197863001748
31650 0.0 0.0 0.0
31700 0.0 0.0 0.0
31750 0.17 0.012501990044999328 0.07937871753789978
31800 0.59 0.011363041726026757 0.019637601026940593
31850 0.0 0.0 0.0
31900 0.0 0.0 0.0
31950 0.0 0.0 0.0
32000 1.75 0.09174466922048152 0.05532602097974494
32050 1.75 0.09174466922048152 0.05532602097974494
32100 1.75 0.09174466922048152 0.05532602097974494
32150 0.0 0.0 0.0
32200 1.75 0.12410862098638398 0.07633266440078998
32250 1.75 0.09174466922048152 0.05532602097974494
32300 1.32 0.2456833037214079 0.2286879693599188
32350 0.47000000000000003 0.05156762724536451 0.1232400516859704
32400 0.0 0.0 0.0
32450 1.6 0.02936169273747069 0.018694114744116537
32500 0.0 0.0 0.0
32550 0.0 0.0 0.0
32600 0.3470575544125777 0.0 0.0
32650 1.47 0.178245370462079 0.13798701888596282
32700 0.0 0.0 0.0
32750 0.46 0.09556355544221001 0.26222282888904697
32800 0.52 0.03355034247507738 0.0689698141546301
32850 0.0 0.0 0.0
32900 1.75 0.09174466922048152 0.05532602097974494
32950 1.57 0.11411691256171297 0.07838329433616023
33000 1.57 0.05986718022683202 0.03964365216287695
33050 1.75 0.09174466922048152 0.05532602097974494
33100 0.0 0.0 0.0
33150 0.3 0.0027587033596572774 0.009281023164810323
33200 0.0 0.0 0.0
33250 0.0 0.0 0.0
33300 0.0 0.0 0.0
33350 0.0 0.0 0.0
33400 0.0 0.0 0.0
33450 1.62 0.034468189741297284 0.021739197863001748
33500 1.25 0.09536980361683112 0.08259770436939295
33550 1.61 0.06366142272958775 0.04116913570245561
33600 0.0 0.0 0.0
33650 0.0 0.0 0.0
33700 0.0 0.0 0.0
33750 0.0 0.0 0.0
33800 0.0 0.0 0.0
33850 0.64 0.056358469352978724 0.09656350069965049
33900 1.55 0.131486096346227 0.09269284989561848
33950 1.75 0.09174466922048152 0.05532602097974494
34000 0.0 0.0 0.0
34050 0.0 0.0 0.0
34100 0.65 0.08888891931262177 0.15841590439406422
34150 0.15 0.016514143717684393 0.12371455806342391
34200 1.21 0.23887327711399853 0.24597539279334543
34250 1.61 0.052251083536265064 0.03354268649076059
34300 0.0 0.0 0.0
34350 1.75 0.09174466922048152 0.05532602097974494
34400 1.75 0.09174466922048152 0.05532602097974494
34450 0.08213792244278692 0.0 0.0
34500 1.44 0.08805422283621978 0.06513147518456469
34550 0.0 0.0 0.0
34600 0.0 0.0 0.0
34650 0.004637653161304521 0.0 0.0
34700 1.75 0.09174466922048152 0.05532602097974494
34750 1.23 0.23451168226497643 0.2355745196473497
34800 0.0 0.0 0.0
34850 0.0 0.0 0.0
34900 0.0 0.0 0.0
34950 1.57 0.10917813538093601 0.07473747349024394
35000 0.0 0.0 0.0
35050 1.75 0.09174466922048152 0.05532602097974494
35100 0.0 0.0 0.0
35150 0.0 0.0 0.0
35200 0.47000000000000003 0.06928377459119583 0.1728998483166327
35250 1.25 0.2148493548135575 0.2075537080642602
35300 0.0 0.0 0.0
35350 1.19 0.027084149292607496 0.023289861666372872
35400 0.0 0.0 0.0
35450 0.39 0.04272634185094859 0.12303363888489996
35500 0.0 0.0 0.0
35550 0.0 0.0 0.0
35600 0.0 0.0 0.0
35650 1.05 0.10659168366798033 0.11298573674059795
35700 1.75 0.09174466922048152 0.05532602097974494
35750 0.0 0.0 0.0
35800 1.19 0.19477817015612287 0.19571332170906883
35850 0.79 0.15842317350474366 0.2508375337072845
35900 0.0 0.0 0.0
35950 1.37 0.17561785207339886 0.1470365681354701
36000 0.0 0.0 0.0
36050 1.11 0.16783579313710795 0.17813857915060038
36100 1.62 0.034468189741297284 0.021739197863001748
36150 1.62 0.034468189741297284 0.021739197863001748
36200 0.0 0.0 0.0
36250 0.13087493456524055 0.0 0.0
36300 1.75 0.12410862098619435 0.07633266440066445
36350 1.75 0.09174466922048152 0.05532602097974494
36400 1.45 0.13467721608979066 0.10239100070130347
36450 0.0 0.0 0.0
36500 0.0 0.0 0.0
36550 0.0 0.0 0.0
36600 1.6300000000000001 0.026662154395210136 0.016629155525954037
36650 0.0 0.0 0.0
36700 1.48 0.17926071259842447 0.13781448314406264
36750 0.0 0.0 0.0
36800 1.75 0.09174466922048152 0.05532602097974494
36850 0.46 0.039044630873948216 0.0927524239802643
36900 0.9500000000000001 0.11405667763399363 0.13644068273812404
36950 1.3800000000000001 0.1992045532814768 0.16870369362879406
37000 0.0 0.0 0.0
37050 0.0 0.0 0.0
37100 0.0 0.0 0.0
37150 0.0 0.0 0.0
37200 0.0 0.0 0.0
37250 0.0 0.0 0.0
37300 1.75 0.09174466922048152 0.05532602097974494
37350 0.0 0.0 0.0
37400 1.36 0.1869985589797054 0.1594188655190834
37450 0.0 0.0 0.0
37500 0.0 0.0 0.0
37550 0.0 0.0 0.0
37600 0.0 0.0 0.0
37650 0.17538823421202784 0.0 0.0
37700 0.0 0.0 0.0
37750 1.4000000000000001 0.07590384023291108 0.05732502105153957
37800 1.75 0.12410862098638398 0.07633266440078998
37850 1.59 0.07986718022677741 0.052887520343257687
37900 1.1400000000000001 0.15081292471691254 0.15246147921388134
37950 0.4 0.03785315082662266 0.10452431358446118
38000 0.0 0.0 0.0
38050 0.0 0.0 0.0
38100 1.29 0.20117299701413494 0.1847612122609587
38150 1.75 0.09174466922048152 0.05532602097974494
38200 0.0 0.0 0.0
38250 1.53 0.06402927780314549 0.04367705086715058
38300 1.75 0.09174466922048152 0.05532602097974494
38350 1.75 0.09174466922048152 0.05532602097974494
38400 0.0 0.0 0.0
38450 1.75 0.12410862098638398 0.07633266440078998
38500 0.0 0.0 0.0
38550 1.27 0.09136572807693022 0.07751830254168421
38600 0.0 0.0 0.0
38650 0.38 0.003607947523573296 0.009585610269492235
38700 1.04 0.20599804769066343 0.2469994789823435
38750 0.0 0.0 0.0
38800 0.0 0.0 0.0
38850 0.06109724591463922 0.0 0.0
38900 0.0 0.0 0.0
38950 1.75 0.09174466922048152 0.05532602097974494
39000 0.0 0.0 0.0
39050 1.75 0.09174466922048152 0.05532602097974494
39100 0.0 0.0 0.0
39150 1.6300000000000001 0.026662154395210136 0.016629155525954037
39200 0.0 0.0 0.0
39250 0.92 0.03616614283984332 0.04091961690181073
39300 0.0 0.0 0.0
39350 0.0 0.0 0.0
39400 0.0 0.0 0.0
39450 0.0 0.0 0.0
39500 0.0 0.0 0.0
39550 1.62 0.034468189741297284 0.021739197863001748
39600 0.99 0.024253602646846395 0.025113842219156995
39650 0.97 0.15087342248512492 0.18418816655034626
39700 1.61 0.06366142272958775 0.04116913570245561
39750 0.0 0.0 0.0
39800 1.75 0.09174466922048152 0.05532602097974494
39850 0.0 0.0 0.0
39900 1.23 0.25213056685391044 0.25783663780422433
39950 1.75 0.09174466922048152 0.05532602097974494
40000 1.47 0.18112441645753719 0.1405290151899056
40050 0.8 0.04213409427883341 0.05559571153783418
40100 1.18 0.10766730670776115 0.10040475999776217
40150 0.0 0.0 0.0
40200 0.3 0.030323991480217305 0.11244601122162048
40250 0.0 0.0 0.0
40300 1.42 0.20379666883505698 0.1675679252085668
40350 0.0 0.0 0.0
40400 0.0 0.0 0.0
40450 1.6 0.06392920548388403 0.04161865827546225
40500 0.41000000000000003 0.04791710247699987 0.1323373813146093
40550 0.84 0.07476661852066935 0.09770433482153161
40600 1.75 0.09174466922048152 0.05532602097974494
40650 0.0 0.0 0.0
40700 0.0 0.0 0.0
40750 1.47 0.08327841099536548 0.06005416779812401
40800 1.61 0.052251083536265064 0.03354268649076059
40850 0.9400000000000001 0.16647889519234071 0.2152221757850249
40900 0.0 0.0 0.0
40950 0.0 0.0 0.0
41000 0.22 0.04978310358201177 0.2924686363671167
41050 1.75 0.09174466922048152 0.05532602097974494
41100 1.61 0.052251083536265064 0.03354268649076059
41150 0.09094552722863937 0.0 0.0
41200 0.49 0.059720789427882726 0.1387954331990046
41250 0.81 0.0570606640896707 0.07578387974734034
41300 1.03 0.1463254799007474 0.16558752863476522
41350 0.0 0.0 0.0
41400 0.0 0.0 0.0
41450 1.48 0.09327841099536549 0.06726542064028812
41500 0.0 0.0 0.0
41550 0.0 0.0 0.0
41600 0.1074374935473151 0.0 0.0
41650 1.75 0.09174466922048152 0.05532602097974494
41700 1.02 0.09184546142039207 0.09895492356364152
41750 0.0 0.0 0.0
41800 0.0 0.0 0.0
41850 0.0 0.0 0.0
41900 0.0 0.0 0.0
41950 1.57 0.10402927780314553 0.07096272539962513
42000 0.9400000000000001 0.23079515193382838 0.3254280516597572
42050 0.0 0.0 0.0
42100 0.56 0.023579197691553144 0.04395653112273391
42150 0.0 0.0 0.0
42200 1.75 0.09174466922048152 0.05532602097974494
42250 1.42 0.15484685087679173 0.12239375998400319
42300 0.46 0.012112866249118226 0.027044461285765563
42350 0.0 0.0 0.0
42400 0.0 0.0 0.0
42450 1.42 0.17541269349563393 0.1409404487567129
42500 0.0 0.0 0.0
42550 0.0 0.0 0.0
42600 1.75 0.09174466922048152 0.05532602097974494
42650 1.57 0.10402927780314553 0.07096272539962513
42700 0.68 0.08077853023762405 0.13480580104991421
42750 0.0 0.0 0.0
42800 0.8300000000000001 0.09965945682462962 0.13645614741765644
42850 0.0 0.0 0.0
42900 0.0 0.0 0.0
42950 1.32 0.19134975967873058 0.16953858054756007
43000 0.0 0.0 0.0
43050 1.03 0.10223325712163389 0.11019284524519443
43100 0.43 0.014255377195536711 0.034288783098083336
43150 1.75 0.09174466922048152 0.05532602097974494
43200 0.0 0.0 0.0
43250 1.075116423131715 0.0 0.0
43300 0.61 0.06458591512115752 0.11841629490647376
43350 1.42 0.1654670591117693 0.13189534823582696
43400 0.0 0.0 0.0
43450 0.0 0.0 0.0
43500 0.5700000000000001 0.1152553429841719 0.25345068096129436
43550 0.73 0.07939428431575479 0.12203133541834234
43600 0.0 0.0 0.0
43650 1.2 0.2061055017778437 0.20737160950837139
43700 1.75 0.09174466922048152 0.05532602097974494
43750 0.0 0.0 0.0
43800 0.0 0.0 0.0
43850 1.75 0.12410862098638398 0.07633266440078998
43900 0.64 0.06283968278242191 0.108877344661124
43950 0.0 0.0 0.0
44000 0.0 0.0 0.0
44050 1.75 0.09174466922048152 0.05532602097974494
44100 0.0 0.0 0.0
44150 1.59 0.08731164744358244 0.05810362960160388
44200 1.53 0.14607773906470345 0.10555342824385214
44250 0.0 0.0 0.0
44300 1.75 0.09174466922048152 0.05532602097974494
44350 1.48 0.11175996494102636 0.08168154861526859
44400 0.0 0.0 0.0
44450 1.3900000000000001 0.21974664918255105 0.18777698780272914
44500 0.73 0.06724269036158992 0.10145899469336139
44550 1.75 0.09174466922048152 0.05532602097974494
44600 0.0 0.0 0.0
44650 1.1 0.16435270572686533 0.17565668893912004
44700 1.56 0.11784538561890612 0.0817148067507865
44750 0.44 0.005005690537821961 0.011507485107129192
44800 0.0 0.0 0.0
44850 1.75 0.09174466922048152 0.05532602097974494
44900 0.0 0.0 0.0
44950 0.0 0.0 0.0
45000 1.59 0.07986718022683204 0.052887520343295774
45050 1.02 0.18353621646797014 0.21941920269754533
45100 1.75 0.09174466922048152 0.05532602097974494
45150 0.0 0.0 0.0
45200 0.0 0.0 0.0
45250 1.75 0.09174466922048152 0.05532602097974494
45300 1.75 0.09174466922048152 0.05532602097974494
45350 0.6 0.07157874244134921 0.13545772698859396
45400 0.0 0.0 0.0
45450 0.0 0.0 0.0
45500 0.0 0.0 0.0
45550 0.0 0.0 0.0
45600 0.0 0.0 0.0
45650 1.07 0.044061054480583506 0.04294705320722189
45700 1.42 0.04672949538069959 0.03402788833191608
45750 1.75 0.09174466922048152 0.05532602097974494
45800 1.75 0.09174466922048152 0.05532602097974494
45850 1.75 0.09174466922048152 0.05532602097974494
45900 1.75 0.12410862098619435 0.07633266440066445
45950 1.75 0.09174466922048152 0.05532602097974494
46000 0.0 0.0 0.0
46050 0.0 0.0 0.0
46100 1.75 0.09174466922048152 0.05532602097974494
46150 0.0 0.0 0.0
46200 1.49 0.1729647996316961 0.1313289117734493
46250 0.0 0.0 0.0
46300 1.75 0.09174466922048152 0.05532602097974494
46350 1.62 0.034468189741297284 0.021739197863001748
46400 0.0 0.0 0.0
46450 0.0 0.0 0.0
46500 0.0 0.0 0.0
46550 0.0 0.0 0.0
46600 1.4000000000000001 0.08637095873729383 0.06574988526005107
46650 0.0 0.0 0.0
46700 0.0 0.0 0.0
46750 0.0 0.0 0.0
46800 1.1300000000000001 0.1564902488926272 0.1607485171202637
46850 0.0 0.0 0.0
46900 0.0 0.0 0.0
46950 1.08 0.1144845483351935 0.11857350199604942
47000 0.86 0.05260302259473759 0.06515137418991623
47050 1.75 0.09174466922048152 0.05532602097974494
47100 1.75 0.09174466922048152 0.05532602097974494
47150 1.21 0.08242004447842444 0.0730946342871979
47200 0.0 0.0 0.0
47250 1.36 0.11648051731974318 0.09367003809918878
47300 1.75 0.09174466922048152 0.05532602097974494
47350 0.0 0.0 0.0
47400 1.62 0.034468189741297284 0.021739197863001748
47450 1.75 0.09174466922048152 0.05532602097974494
47500 1.56 0.11343623577308848 0.07841772245256835
47550 1.75 0.09174466922048152 0.05532602097974494
47600 0.0 0.0 0.0
47650 1.75 0.09174466922048152 0.05532602097974494
47700 0.0 0.0 0.0
47750 1.75 0.09174466922048152 0.05532602097974494
47800 1.75 0.09174466922048152 0.05532602097974494
47850 1.09 0.13854137563266689 0.1456094590816171
47900 0.0 0.0 0.0
47950 0.92 0.15692004715834573 0.2056403743460785
48000 0.76 0.09352120286117005 0.14032134744969124
48050 0.0 0.0 0.0
48100 0.56 0.08489612483753961 0.17868960721170632
48150 1.75 0.09174466922048152 0.05532602097974494
48200 0.0 0.0 0.0
48250 0.0 0.0 0.0
48300 0.0 0.0 0.0
48350 0.0 0.0 0.0
48400 0.5 0.027785095020251394 0.058839936493412855
48450 1.75 0.09174466922048152 0.05532602097974494
48500 0.0 0.0 0.0
48550 1.62 0.034468189741297284 0.021739197863001748
48600 0.0 0.0 0.0
48650 1.75 0.09174466922048152 0.05532602097974494
48700 1.75 0.09174466922048152 0.05532602097974494
48750 0.0 0.0 0.0
48800 0.0 0.0 0.0
48850 1.75 0.09174466922048152 0.05532602097974494
48900 0.0 0.0 0.0
48950 1.47 0.09926723310990115 0.0724190998476803
49000 1.75 0.09174466922048152 0.05532602097974494
49050 0.0 0.0 0.0
49100 1.6 0.08188898973700565 0.05394137133806794
49150 0.89 0.005369677156146779 0.00606996732701258
49200 1.75 0.09174466922048152 0.05532602097974494
49250 1.75 0.09174466922048152 0.05532602097974494
49300 1.75 0.09174466922048152 0.05532602097974494
49350 0.21 0.004935708174036241 0.02406907672753252
49400 0.0 0.0 0.0
49450 1.54 0.08886453973072439 0.06123793550895276
49500 0.0 0.0 0.0
49550 1.75 0.09174466922048152 0.05532602097974494
49600 1.5 0.17224094968382042 0.12972304699621867
49650 1.75 0.09174466922048152 0.05532602097974494
49700 1.75 0.09174466922048152 0.05532602097974494
49750 1.6 0.06392920548388403 0.04161865827546225
49800 0.53 0.050402702131653876 0.10509379922630398
49850 0.91 0.15413464565723467 0.2039181247978441
49900 0.0 0.0 0.0
49950 0.0 0.0 0.0
