0 0.0 0.0 0.0
500 1.6582553307795185 0.0 0.0
1000 1.5 0.10451518570891727 0.0748952511977078
1500 1.05 0.091294354398476 0.09522667861332439
2000 0.0 0.0 0.0
2500 0.0 0.0 0.0
3000 0.0 0.0 0.0
3500 1.6582553307795185 0.0 0.0
4000 1.6582553307795185 0.0 0.0
4500 1.6033378456044685 0.0 0.0
5000 1.6582553307795185 0.0 0.0
5500 0.9 0.0037441664355255533 0.004177564368685592
6000 0.0 0.0 0.0
6500 0.8500000000000001 0.12530669496039726 0.17290996631126535
7000 1.6582553307795185 0.0 0.0
7500 0.0 0.0 0.0
8000 1.35 0.0002345850348781653 0.00017379689261354128
8500 0.0 0.0 0.0
9000 0.0 0.0 0.0
9500 1.6582553307795185 0.0 0.0
10000 0.35000000000000003 0.02871190532723028 0.08936498364955978
10500 0.9 0.08340855763171884 0.10214233618444135
11000 1.3 0.029882834146410575 0.023527620088755863
11500 0.8500000000000001 0.012362244575267578 0.014758461512995173
12000 0.0 0.0 0.0
12500 0.0 0.0 0.0
13000 0.944868274226573 0.0 0.0
13500 1.4000000000000001 0.08467721608979084 0.06437751791850004
14000 1.5 0.09513457799674296 0.06771792977941371
14500 1.55 0.039867180226832 0.02639978398245812
15000 1.5 0.017106058822186743 0.01153559155323001
15500 1.4000000000000001 0.045839566992618375 0.033850912990284136
16000 1.6582553307795185 0.0 0.0
16500 0.4039390039486008 0.0 0.0
17000 1.6582553307795185 0.0 0.0
17500 1.6582553307795185 0.0 0.0
18000 1.6 0.19185398480946603 0.13624580316232798
18500 1.6258913790138056 0.0 0.0
19000 0.45 0.006251484030721677 0.014087898450920072
19500 1.35 0.05231597236465024 0.04031487731260808
20000 0.859393602005631 0.0 0.0
20500 0.0 0.0 0.0
21000 0.0 0.0 0.0
21500 0.8500000000000001 0.05798323886029233 0.07320961083810243
22000 0.0 0.0 0.0
22500 0.0 0.0 0.0
23000 0.0 0.0 0.0
23500 0.0 0.0 0.0
24000 0.0 0.0 0.0
24500 0.0 0.0 0.0
25000 1.6033378456044685 0.0 0.0
25500 1.570638307262108 0.0 0.0
26000 1.1500000000000001 0.12219055274321966 0.11888444212042007
26500 0.0 0.0 0.0
27000 1.6582553307795185 0.0 0.0
27500 0.0 0.0 0.0
28000 0.8904508420986457 0.0 0.0
28500 0.0 0.0 0.0
29000 0.0 0.0 0.0
29500 1.55 0.04731164744431138 0.03148467036684377
30000 0.0 0.0 0.0
30500 0.9407211175930854 0.0 0.0
31000 0.046872613825964936 0.0 0.0
31500 0.0 0.0 0.0
32000 1.6582553307795185 0.0 0.0
32500 0.0 0.0 0.0
33000 1.55 0.039867180226832 0.02639978398245812
33500 1.2000000000000002 0.045369803616831295 0.03929379619461739
34000 0.0 0.0 0.0
34500 1.4000000000000001 0.04805422283621996 0.035544489762771365
35000 0.0 0.0 0.0
35500 0.0 0.0 0.0
36000 0.0 0.0 0.0
36500 0.0 0.0 0.0
37000 0.0 0.0 0.0
37500 0.0 0.0 0.0
38000 0.0 0.0 0.0
38500 0.0 0.0 0.0
39000 0.0 0.0 0.0
39500 0.0 0.0 0.0
40000 1.35 0.0611244164575373 0.04742460578664808
40500 0.4 0.037917102476999864 0.10471939640449685
41000 0.2 0.029783103582011777 0.17497148760646977
41500 0.0 0.0 0.0
42000 0.8500000000000001 0.1407951519338284 0.19852536586254646
42500 0.0 0.0 0.0
43000 0.0 0.0 0.0
43500 0.55 0.09525534298417188 0.2094699553135296
44000 0.0 0.0 0.0
44500 0.6627573096384101 0.0 0.0
45000 1.55 0.039867180226832 0.02639978398245812
45500 0.0 0.0 0.0
46000 0.0 0.0 0.0
46500 0.0 0.0 0.0
47000 0.8073969774052624 0.0 0.0
47500 1.5 0.053436235773088425 0.03694011774285415
48000 0.75 0.08352120286117004 0.12531711919377425
48500 0.0 0.0 0.0
49000 1.6582553307795185 0.0 0.0
49500 0.0 0.0 0.0
