9.012222290039062e-05
22.940125226974487
118.16603255271912
83.15523433685303
0.00013017654418945312
0.00020432472229003906
9.274482727050781e-05
22.723236322402954
22.06310272216797
23.51736092567444
23.965367794036865
51.04869818687439
8.654594421386719e-05
85.6752119064331
23.210137605667114
8.869171142578125e-05
71.68768954277039
0.00030493736267089844
8.797645568847656e-05
23.05699062347412
26.616862058639526
77.89845848083496
92.92213225364685
27.840203046798706
9.202957153320312e-05
4.601478576660156e-05
53.03138971328735
94.40086078643799
92.58655047416687
60.75274658203125
69.26892328262329
93.41670989990234
39.871968507766724
32.16396355628967
23.088948249816895
23.807491064071655
96.78348731994629
23.378329515457153
84.36666893959045
148.52571058273315
42.04914855957031
0.00015783309936523438
0.00012135505676269531
79.42078566551208
0.00014472007751464844
5.1021575927734375e-05
0.00030422210693359375
0.000331878662109375
0.00016236305236816406
4.792213439941406e-05
24.372023820877075
46.946422815322876
214.41367363929749
4.458427429199219e-05
23.64611530303955
9.465217590332031e-05
8.336154222488403
0.00031685829162597656
3.886222839355469e-05
46.29421591758728
0.00030422210693359375
26.384076595306396
27.05422830581665
4.553794860839844e-05
23.82596206665039
0.00018095970153808594
48.842368364334106
92.25784540176392
0.0004818439483642578
59.65815567970276
5.054473876953125e-05
3.743171691894531e-05
0.00015044212341308594
3.743171691894531e-05
9.274482727050781e-05
0.00013685226440429688
4.363059997558594e-05
0.00012803077697753906
0.00015687942504882812
0.0001735687255859375
219.539409160614
90.24952721595764
60.46344828605652
7.367134094238281e-05
183.71182441711426
8.177757263183594e-05
5.125999450683594e-05
105.30797910690308
5.364418029785156e-05
44.729068756103516
84.52975797653198
3.647804260253906e-05
3.9577484130859375e-05
5.1021575927734375e-05
56.51945662498474
141.5502574443817
104.42425084114075
0.0002200603485107422
36.68174433708191
0.00014710426330566406
