5.507469177246094e-05
3.504854917526245
61.60834217071533
126.58296155929565
5.245208740234375e-05
5.793571472167969e-05
7.867813110351562e-05
3.244131326675415
3.3873984813690186
9.164296627044678
3.266068696975708
84.4729392528534
6.270408630371094e-05
134.83090901374817
3.2624361515045166
6.508827209472656e-05
78.28424215316772
5.340576171875e-05
6.628036499023438e-05
3.4189982414245605
30.54861068725586
97.49176263809204
87.59791040420532
18.362587213516235
5.245208740234375e-05
6.651878356933594e-05
53.222216844558716
79.78207683563232
52.952630043029785
26.185731410980225
36.630807876586914
70.82579231262207
3.32071590423584
52.91437768936157
3.2824559211730957
4.789320707321167
61.51615571975708
8.844832181930542
43.743375301361084
88.11068439483643
61.85265040397644
3.5762786865234375e-05
4.4345855712890625e-05
109.73770236968994
4.7206878662109375e-05
2.384185791015625e-05
2.7418136596679688e-05
2.5272369384765625e-05
2.956390380859375e-05
2.3126602172851562e-05
8.971258401870728
9.015204906463623
145.61489462852478
5.269050598144531e-05
3.4647223949432373
2.86102294921875e-05
9.640305519104004
2.765655517578125e-05
2.5272369384765625e-05
26.209394693374634
2.2411346435546875e-05
8.165725708007812
8.658910751342773
2.2411346435546875e-05
3.22395920753479
4.1484832763671875e-05
26.38848376274109
93.21791291236877
2.3126602172851562e-05
62.540091037750244
4.1961669921875e-05
3.170967102050781e-05
1.6927719116210938e-05
1.8596649169921875e-05
1.9550323486328125e-05
3.6716461181640625e-05
2.47955322265625e-05
3.552436828613281e-05
2.86102294921875e-05
2.8371810913085938e-05
91.58713030815125
61.28538250923157
62.826767921447754
2.2172927856445312e-05
168.5308494567871
2.5033950805664062e-05
2.7418136596679688e-05
115.54532527923584
2.7418136596679688e-05
70.18512654304504
26.43244218826294
1.8835067749023438e-05
2.4080276489257812e-05
2.4557113647460938e-05
58.80816316604614
43.849530935287476
91.01103091239929
5.459785461425781e-05
3.276747226715088
1.6450881958007812e-05
