
x disttype general-gaussian
x k 380
x std 1.0
x N 50000
x alpha 0.0005

o 0 0.9957784861890406 0.9975718466746825
o 10 0.9982597477012427 0.9993282676995614
o 20 0.7874025419990086 0.8000184147567999
o 30 0.971871608278343 0.9768078837642801
o 40 0.9865323268056655 0.9899020419087813
o 50 0.9851645973439471 0.9887102717397279
o 60 0.9981372773655336 0.9992509263546009
o 70 0.9988389036516672 0.9996678953600677
o 80 0.535048679339405 0.5505768896943053
o 90 0.9769708708866334 0.9814268790322708
o 100 0.9341619827021796 0.9416901190643854
o 110 0.8969878375177013 0.9062766176649425
o 120 0.7696356564892746 0.7826312336067381
o 130 0.9954161909056825 0.9972943612656486
o 140 0.9394090200737047 0.9466413367745599
o 150 0.8738699194001934 0.8840422224191539
o 160 0.8833823556528204 0.893206622527528
o 170 0.809601501029556 0.8216920481032568
o 180 0.9958239179842938 0.9976063863609007
o 190 0.9849726276547562 0.988542310995679
o 200 0.9600560870773194 0.965947384456289
o 210 0.9203876879060013 0.9286289916726037
o 220 0.9204286821897938 0.9286679837675273
o 230 0.9039738714198298 0.9129682620531709
o 240 0.9037081861473365 0.9127140356152514
o 250 0.6138397926181294 0.6289592850393644
o 260 0.9591220812579785 0.9650817029659735
o 270 0.9856342252659689 0.9891204729828503
o 280 0.9511896154153517 0.9576968184343785
o 290 0.5297629435532295 0.5453044049375193
o 300 0.1470642081325994 0.18834677108704723
o 310 0.9262534280341087 0.9342013024071841
o 320 0.034643405985260146 0.057795566431514955
o 330 0.996833423718342 0.9983561661753741
o 340 0.26343567251948197 0.2772817502206014
o 350 0.9878621980834253 0.9910516744692324
o 360 0.9942505570648942 0.9963806269614328
o 370 0.9663998870575373 0.9718014546336331
o 380 0.9979914799067023 0.9991569284568658
o 390 0.9772234304429673 0.9816542325152711
o 400 0.9669001668038688 0.9722610063629626
o 410 0.995960421005609 0.997709796129333
o 420 0.6670867691896863 0.6816944419336998
o 430 0.9976315921770181 0.9989172519476788
o 440 0.999784848241918 0.9999999949993749
o 450 0.91811302812812 0.9264644072471347
o 460 0.5997507924428418 0.6149730175938433
o 470 0.9440867405035153 0.9510420597630965
o 480 0.994741753465212 0.996769175618257
o 490 0.9241400966385191 0.9321953360781278
o 500 0.9982106455758747 0.9992974473203111
o 510 0.9532166593706444 0.959589098252234
o 520 0.7357034913206729 0.7493347415812461
o 530 0.6711498030864171 0.6857100459594089
o 540 0.8909674427939829 0.9004990135502843
o 550 0.677466848042773 0.6919508836536867
o 560 0.7630506457979367 0.7761784444174546
o 570 0.9324351693526685 0.9400575064869579
o 580 0.9732749348111812 0.9780840800153016
o 590 0.9928783278909564 0.9952735091093126
o 600 0.9925485438632544 0.9950034404956384
o 610 0.5301032865154189 0.5456439473893109
o 620 0.98146671546491 0.9854494722396919
o 630 0.867967832665249 0.878346272669914
o 640 0.9937174541966857 0.9959539923760775
o 650 0.9551419082709155 0.9613832066002074
o 660 0.9307091100787835 0.9384241395137479
o 670 0.9002961104835997 0.9094472451899256
o 680 0.9951907220735846 0.9971199601512736
o 690 0.9889819144447517 0.992011530708872
o 700 0.9943396753794747 0.9964514634102983
o 710 0.9329490218173871 0.9405434832015719
o 720 0.6073764907121393 0.6225447576615016
o 730 0.938338407186728 0.945632305777826
o 740 0.06994971398198514 0.10081566313727064
o 750 0.9946075303645595 0.9966634698045075
o 760 0.45555445393269584 0.4710979077415053
o 770 0.9816997275242819 0.9856563782042607
o 780 0.9477184731765717 0.9544491176533522
o 790 0.9956423896922855 0.9974680271834279
o 800 0.4231736703247316 0.43860962438125184
o 810 0.7496652000517092 0.7630483640408363
o 820 0.9918036615141346 0.994388645694132
o 830 0.6365529463721545 0.651478506450335
o 840 0.9936952978991156 0.9959361593135826
o 850 0.9970428031898161 0.9985066120860036
o 860 0.9986085425177087 0.999538823531834
o 870 0.8929464881499103 0.9023993103236375
o 880 0.982611503629992 0.9864642800822936
o 890 0.8389129088248832 0.8502108696661457
o 900 0.8938851876917109 0.9033002987556669
o 910 0.9538996257574027 0.9602259039123444
o 920 0.9916070450625526 0.9942253453662099
o 930 0.5088888250191791 0.5244655536089686
o 940 0.9100468353196801 0.9187732801715531
o 950 0.4771133982278288 0.4926916906630421
o 960 0.41874438059965574 0.4341604105266955
o 970 0.9253300073165096 0.9333250299899335
o 980 0.9784452703647603 0.9827519707285557
o 990 0.6655783744463717 0.6802033423916098
o 1000 0.6897633407339835 0.7040902706711711
o 1010 0.9563227264134259 0.9624819939700698
o 1020 0.9725835137071536 0.9774557364219748
o 1030 0.9962802289563542 0.9979497738504909
o 1040 0.9945851794921386 0.9966458324047529
o 1050 0.6132375621037734 0.6283617177961092
o 1060 0.9963949261562345 0.9980349958952714
o 1070 0.9503627310776105 0.9569239784904923
o 1080 0.8344087186649181 0.8458365604645823
o 1090 0.8719767810735527 0.8822159905065635
o 1100 0.9987871854159925 0.9996397540167659
o 1110 0.9952357602882066 0.9971548963126106
o 1120 0.8011999789456321 0.8134963729334912
o 1130 0.9126046405124141 0.9212146250978788
o 1140 0.9607828599379244 0.9666203681505278
o 1150 0.9714112080385526 0.9763884402711503
o 1160 0.9154093265037895 0.9238890072114284
o 1170 0.9406653633097943 0.9478245755798997
o 1180 0.9976315921770181 0.9989172519476788
o 1190 0.9517479174588657 0.9582183301875729
o 1200 0.336741431190416 0.35155110731874306
o 1210 0.9969961710612005 0.998473284157013
o 1220 0.9922852453284942 0.9947868546246592
o 1230 0.9664415703565075 0.9718397572969845
o 1240 0.9899113248435923 0.9928017568708557
o 1250 0.7310650374900155 0.7447747470308509
o 1260 0.01096403153110673 0.025610439608071855
o 1270 0.23340583909837442 0.2467218046139379
o 1280 0.9962573212126038 0.9979326974599837
o 1290 0.7709084811135863 0.7838779837818001
o 1300 0.8685782249469651 0.8789356772998805
o 1310 0.7777791882221706 0.7906049817963413
o 1320 0.4928472026610283 0.5084325816510672
o 1330 0.8793683550075048 0.8893419580034637
o 1340 0.9235247454883881 0.9316108917058873
o 1350 0.9970894973736582 0.998539877255987
o 1360 0.9942060279421857 0.9963451785319084
o 1370 0.8825060413032805 0.8923632282725208
o 1380 0.8306766998202801 0.8422098229050081
o 1390 0.9991854194751913 0.9998401310800589
o 1400 0.9869178884583377 0.9902363375040256
o 1410 0.725056652299536 0.7388651424756585
o 1420 0.9912362425331007 0.9939163028757197
o 1430 0.9968102306136053 0.9983393779131835
o 1440 0.45335741938010427 0.4688956837330257
o 1450 0.9777287871720342 0.982108701543126
o 1460 0.9270333539839714 0.9349411172695703
o 1470 0.7632324105212197 0.7763566189574733
o 1480 0.9920005029608918 0.9945517201465842
o 1490 0.9517685977476309 0.9582376430008919
o 1500 0.0011254779614789693 0.00805095465353356
o 1510 0.9042191291062452 0.9132029228658578
o 1520 0.9781712414875204 0.9825060943964207
o 1530 0.04304469215753249 0.0683515149805527
o 1540 0.9708255132053811 0.9758543337041029
o 1550 0.9162899263853121 0.9247281147397828
o 1560 0.9705536835504285 0.9756062554615464
o 1570 0.9009497856314767 0.9100733528036337
o 1580 0.8544671596773883 0.8652914389018952
o 1590 0.9848020593045306 0.9883929410344354
o 1600 0.9163308880442496 0.9247671394708672
o 1610 0.9995037605889281 0.9999597116202779
o 1620 0.9774550125139169 0.9818625706371588
o 1630 0.9958466466570662 0.997623643328015
o 1640 0.5646169946613655 0.5800386253919496
o 1650 0.9955065793665261 0.9973639193559748
o 1660 0.5815371677720678 0.5968727630910932
o 1670 0.7306617396736049 0.7443781797672695
o 1680 0.864611348652092 0.8751038735371073
o 1690 0.9434475241951542 0.9504414888504636
o 1700 0.992922357265093 0.9953094598274574
o 1710 0.9811702863780665 0.9851860054396916
o 1720 0.9936509981065429 0.9959004803202396
o 1730 0.8427488265400723 0.853933674184791
o 1740 0.6444696207209737 0.6593191757304306
o 1750 0.6034229260211135 0.6186196503793195
o 1760 0.9932751135042507 0.9955965419130944
o 1770 0.9754781018915186 0.9800801605260041
o 1780 0.9958466466570662 0.997623643328015
o 1790 0.01644672774551433 0.03359255831614272
o 1800 0.761899508378288 0.7750499664996912
o 1810 0.9648167941829292 0.9703450801695285
o 1820 0.9977509012387209 0.9989978077068434
o 1830 0.9961429349554335 0.9978471617053387
o 1840 0.9963260758000116 0.9979838949949381
o 1850 0.3600078587245146 0.3750367984311742
o 1860 0.7470618127521145 0.7604926217373992
o 1870 0.9995037605889281 0.9999597116202779
o 1880 0.875132226756356 0.8852594951776016
o 1890 0.9987102018538886 0.9995969315746592
o 1900 0.9818692491843736 0.9858067968264617
o 1910 0.7241091671733988 0.7379329446450524
o 1920 0.7804271163334411 0.7931961694153156
o 1930 0.8882751312297796 0.8979122201579252
o 1940 0.8960079088045791 0.9053368720782566
o 1950 0.9953936121760423 0.9972769532249312
o 1960 0.954272238507499 0.9605731667694665
o 1970 0.40605858404773276 0.4214104941860164
o 1980 0.9298463547390035 0.9376071816161722
o 1990 0.9842055818486868 0.9878696333575213
o 2000 0.9513136716279679 0.9578127208498886
o 2010 0.984951302964817 0.9885236434042397
o 2020 0.9757092089159536 0.9802889743142518
o 2030 0.964504536921189 0.9700574423927317
o 2040 0.6456754008920714 0.6605129910282532
o 2050 0.9641507206905895 0.9697313775159542
o 2060 0.998088544558281 0.9992197297420591
o 2070 0.1981646832028176 0.244018635713931
o 2080 0.9093103955718137 0.9180699646203277
o 2090 0.515872035041094 0.5314399912301984
o 2100 0.8767816339674757 0.886849539350807
o 2110 0.7897080750184008 0.8022721120932571
o 2120 0.9249812084495472 0.9329939447650374
o 2130 0.1641842117148942 0.20715006881187237
o 2140 0.9978468002059815 0.9990617938017794
o 2150 0.9917599498345655 0.994352375941256
o 2160 0.985079266883367 0.9886356331410749
o 2170 0.9987614482791993 0.999625557902435
o 2180 0.8433984123862247 0.8545638719786197
o 2190 0.9678595359265856 0.9731413137777062
o 2200 0.7974763785548221 0.8098612158214387
o 2210 0.9217816847831898 0.9299545316043029
o 2220 0.999103496509203 0.9998024115070666
o 2230 0.9814455371013824 0.9854306580479704
o 2240 0.9984828397939801 0.999464783357556
o 2250 0.8782072920305544 0.888223407122973
o 2260 0.9681099170224609 0.973370848196916
o 2270 0.9841630059492684 0.9878322245453135
o 2280 0.7584666903736614 0.7716839317083974
o 2290 0.8796535519572883 0.8896166662064331
o 2300 0.982802531382501 0.9866331845945657
o 2310 0.9209001408241798 0.9291163684799688
o 2320 0.6412544600049636 0.6561354151861258
o 2330 0.9284088244219881 0.9362451897104052
o 2340 0.9963719652041643 0.9980179731941595
o 2350 0.9700520070383564 0.9751481018416543
o 2360 0.9728139368301115 0.9776652349216496
o 2370 0.9533822085010023 0.9597434938722507
o 2380 0.6662822814239822 0.6808991994142606
o 2390 0.9696549933218481 0.9747852498881573
o 2400 0.9181335160333529 0.9264839125345138
o 2410 0.9769708708866334 0.9814268790322708
o 2420 0.9575456714699716 0.9636186401120055
o 2430 0.4787124160971912 0.49429213357270974
o 2440 0.9786983094108199 0.9829788440559215
o 2450 0.8803054659008336 0.8902445354614573
o 2460 0.8178657941047667 0.8297449990024405
o 2470 0.9782555474609314 0.9825817592717079
o 2480 0.8278986465634252 0.8395088020015781
o 2490 0.9147540895354443 0.9232644618904023
o 2500 0.5936115023830328 0.6088743704289643
o 2510 0.9874755639937498 0.9907184539512934
o 2520 0.8552393260072273 0.866039015513175
o 2530 0.8267632555661345 0.8384045714210366
o 2540 0.9022573276888269 0.9113253762161603
o 2550 0.84776372692173 0.8587971036272153
o 2560 0.7726461263881417 0.7855797580614508
o 2570 0.8784924511690827 0.8884981531454987
o 2580 0.9739458480170785 0.9786929381303553
o 2590 0.9946522487902374 0.9966987278221023
o 2600 0.9827813027071018 0.9866144208021582
o 2610 0.5638554024006738 0.579280473796951
o 2620 0.9966713515299861 0.9982383659018511
o 2630 0.9577322864055204 0.9637919627724791
o 2640 0.8879080697757422 0.8975594036457959
o 2650 0.6011353147125474 0.6163480301840437
o 2660 0.9518926831595627 0.9583535161993176
o 2670 0.8614389698965782 0.8720373080308761
o 2680 0.8937423344168162 0.9031631995147924
o 2690 0.8131051669434827 0.825107213651185
o 2700 0.9490196135431657 0.9556675437310311
o 2710 0.8287096979924059 0.8402974802628488
o 2720 0.7044021744349999 0.7185265339965607
o 2730 0.331191435228626 0.3459429844009805
o 2740 0.7324363048911199 0.7461230208977376
o 2750 0.8950893474606179 0.9044557387343201
o 2760 0.4178865283451361 0.4332985526297386
o 2770 0.5826200532551452 0.5979495136012274
o 2780 0.4893279185262364 0.5049130520694608
o 2790 0.978403105572714 0.9827141501130313
o 2800 0.8942729462940697 0.9036724112640604
o 2810 0.30884404298437873 0.32333795558888423
o 2820 0.752147804479413 0.7654849296746957
o 2830 0.9987614482791993 0.999625557902435
o 2840 0.9468513902431854 0.9536364894304815
o 2850 0.7017637231660018 0.7159258687826382
o 2860 0.945736961477185 0.9525912893513959
o 2870 0.9424786427833974 0.9495306927326175
o 2880 0.9971830790248064 0.9986062120708106
o 2890 0.9820388207881032 0.9859571654195272
o 2900 0.9705954994247931 0.975644425421785
o 2910 0.9725835137071536 0.9774557364219748
o 2920 0.8044993203811306 0.8167159307241301
o 2930 0.4859289762087565 0.5015131402291514
o 2940 0.933072356427906 0.9406601075897887
o 2950 0.9969495993090236 0.9984398951779412
o 2960 0.9595994043399471 0.9655242201070108
o 2970 0.31715249941662854 0.3317466805485537
o 2980 0.9979672929505882 0.9991411475683059
o 2990 0.7177197059278928 0.7316445441757207
o 3000 0.9701774065803387 0.9752626598526261
o 3010 0.9260276854802475 0.9339871199792437
o 3020 0.9922633240622374 0.9947687854383376
o 3030 0.3748055930866503 0.38995405513483594
o 3040 0.9682977336249514 0.9735429682015432
o 3050 0.9965790200213357 0.9981707674489865
o 3060 0.03640187077713845 0.06002803456399086
o 3070 0.9948986110824958 0.9968922334240068
o 3080 0.9812126244812495 0.98522365247794
o 3090 0.9705536835504285 0.9756062554615464
o 3100 0.4480252500638947 0.4635496527295123
o 3110 0.8901106965788186 0.8996760445769013
o 3120 0.9649417147336621 0.9704601176191223
o 3130 0.6208466460389813 0.6359100788369012
o 3140 0.9883138763132345 0.9914398250385499
o 3150 0.8764150729775004 0.8864962222609346
o 3160 0.4522389874566656 0.46777449311677544
o 3170 0.9993257723589525 0.9998990270247117
o 3180 0.9774760687468658 0.9818815071444896
o 3190 0.9520788231439933 0.9585273141231313
o 3200 0.987840706111888 0.9910331745497277
o 3210 0.9521201895258204 0.9585659339419429
o 3220 0.9802184378314471 0.9843381870759755
o 3230 0.9958466466570662 0.997623643328015
o 3240 0.17755286836066622 0.2217218361328317
o 3250 0.7741010231427179 0.7870043753404443
o 3260 0.913955625603733 0.9225031911221133
o 3270 0.9899113248435923 0.9928017568708557
o 3280 0.6321936897014806 0.6471592261123384
o 3290 0.9788248615975678 0.9830922480087277
o 3300 0.8608493400938563 0.8714671340724802
o 3310 0.9945628341288062 0.9966281894626924
o 3320 0.9954161909056825 0.9972943612656486
o 3330 0.33266336631776416 0.34743055437207626
o 3340 0.9488956682162554 0.9555515303644571
o 3350 0.99051846314176 0.9933143758515232
o 3360 0.9800493677359471 0.9841873161537894
o 3370 0.9351902175313381 0.9426615423641515
o 3380 0.9960744214638696 0.9977957209692991
o 3390 0.9788881459453267 0.9831489417187657
o 3400 0.9967638850029287 0.998305760365681
o 3410 0.8045398073407493 0.816755430257593
o 3420 0.9926803667673133 0.995111559048686
o 3430 0.982378116810592 0.9862577495257544
o 3440 0.821189022405419 0.8329806627178733
o 3450 0.7771526356147009 0.7899917436528722
o 3460 0.5998511180037115 0.6150726583272681
o 3470 0.937412181816917 0.9447588392001042
o 3480 0.9958466466570662 0.997623643328015
o 3490 0.3264778201504823 0.34117819745844113
o 3500 0.9942728290862174 0.9963983436740477
o 3510 0.9269307243013147 0.934843781058943
o 3520 0.0486312074270732 0.07523720604636008
o 3530 0.880386958600425 0.89032301566094
o 3540 0.9978468002059815 0.9990617938017794
o 3550 0.7136088065954657 0.7275968195031486
o 3560 0.9976315921770181 0.9989172519476788
o 3570 0.9614475933810187 0.9672354119345834
o 3580 0.3880562199705468 0.4032989453421646
o 3590 0.9279981905695894 0.9358559600348826
o 3600 0.8628013459353902 0.8733544785886562
o 3610 0.9401504113142743 0.9473396988975926
o 3620 0.9936509981065429 0.9959004803202396
o 3630 0.9953484763535602 0.9972421153525199
o 3640 0.7944616887795756 0.8069169116791751
o 3650 0.9957330879426143 0.9975372731773589
o 3660 0.9992130705901301 0.9998523473218889
o 3670 0.9781923171025078 0.9825250114948438
o 3680 0.9980399474396386 0.9991883950191714
o 3690 0.9398826678081534 0.9470875314759916
o 3700 0.9355398816752077 0.9429917619557158
o 3710 0.8132266959214276 0.8252256441440445
o 3720 0.9755831431698913 0.9801750832626538
o 3730 0.3563245472104955 0.37132135716132253
o 3740 0.9900196238792368 0.9928934148751354
o 3750 0.8465859495758072 0.8576552731910928
o 3760 0.9367948328530407 0.9441763934700709
o 3770 0.9780869448599759 0.9824304201620894
o 3780 0.1333350971948975 0.17313776984858786
o 3790 0.9981616966934683 0.9992664707710186
o 3800 0.8379186039286406 0.8492455058051982
o 3810 0.8467687004257771 0.8578324614809869
o 3820 0.9232376092282485 0.9313381233786312
o 3830 0.9986846867396864 0.9995825074237993
o 3840 0.9517685977476309 0.9582376430008919
o 3850 0.5826802146782359 0.5980093319555526
o 3860 0.8970082541376783 0.9062961942591443
o 3870 0.9985832870189011 0.9995241331856756
o 3880 0.8413279776976657 0.8525549962956889
o 3890 0.9811702863780665 0.9851860054396916
o 3900 0.9913670292074385 0.994025461818258
o 3910 0.9954161909056825 0.9972943612656486
o 3920 0.9987871854159925 0.9996397540167659
o 3930 0.9960972496712833 0.9978128775862452
o 3940 0.9961886593866747 0.9978814063409817
o 3950 0.7631314299108056 0.7762576333105404
o 3960 0.9845037226572628 0.9881313853126923
o 3970 0.8824652847229143 0.8923239984056864
o 3980 0.9996330653686861 0.9999891487861118
o 3990 0.9936731458773179 0.9959183219532978
o 4000 0.37576182986124557 0.3909174947762284
o 4010 0.9958011978544946 0.9975891207832343
o 4020 0.986489511922755 0.9898648725935079
o 4030 0.8286285906701585 0.8402186146163684
o 4040 0.945613162769791 0.9524751292837702
o 4050 0.9901930076055009 0.9930399620765769
o 4060 0.9099240889874618 0.9186560672892394
o 4070 0.999599491460172 0.9999830535762632
o 4080 0.9499493899627356 0.9565374574045176
o 4090 0.9724159645127236 0.9773033425833989
o 4100 0.954210132139885 0.9605152938719157
o 4110 0.9864038970311344 0.9897905190541766
o 4120 0.9507761392831168 0.9573104324461045
o 4130 0.991476088187719 0.9941163572591979
o 4140 0.39000944417769606 0.40526506050924904
o 4150 0.9998341327646891 1
o 4160 0.9743653986951764 0.9790732442593515
o 4170 0.989651607756594 0.9925815764331913
o 4180 0.8651401743564453 0.8756148718581788
o 4190 0.99561973517329 0.9974506954889379
o 4200 0.9927023488544208 0.995129567153622
o 4210 0.9404593728922145 0.9476306345310462
o 4220 0.9897597892642745 0.9926733523329196
o 4230 0.8384461845315737 0.849757749442274
o 4240 0.9722065646203812 0.9771128136441134
o 4250 0.9931206664299417 0.9954710602649183
o 4260 0.9541480274739115 0.9604574192716827
o 4270 0.9082877135893945 0.9170929864189334
o 4280 0.8767409042291356 0.8868102826359822
o 4290 0.9390177958204639 0.946272691165603
o 4300 0.29900858609235575 0.3133767504833368
o 4310 0.9484619049818439 0.9551454381457176
o 4320 0.9997427320109885 0.9999995494141014
o 4330 0.7212266352596796 0.7350964411628735
o 4340 0.7900316832524059 0.8025883958364082
o 4350 0.8247360045050619 0.8364324982034125
o 4360 0.3718972318188917 0.3870234006428961
o 4370 0.7435911330588062 0.7570844619194785
o 4380 0.403845091760034 0.4191847347061214
o 4390 0.9568201086810753 0.9629444454701598
o 4400 0.7030728426235449 0.7172163109409231
o 4410 0.8347332922216483 0.8461518787617077
o 4420 0.7615965886931486 0.7747529874108813
o 4430 0.9988389036516672 0.9996678953600677
o 4440 0.8030216169977928 0.8152741271019284
o 4450 0.996833423718342 0.9983561661753741
o 4460 0.9549969396944807 0.9612482235930887
o 4470 0.9940947906981642 0.9962564714166792
o 4480 0.823357642511955 0.8350913196636343
o 4490 0.9776445387081546 0.9820329790780913
o 4500 0.0535799478726324 0.08126417230645178
o 4510 0.9973946521725114 0.9987544386726732
o 4520 0.8797146668063567 0.8896755310327213
o 4530 0.97604547175037 0.98059259616294
o 4540 0.7447614146733207 0.7582337889824735
o 4550 0.9486271398210264 0.9553001482458026
o 4560 0.9141603489068058 0.9226983997969898
o 4570 0.8711015881499946 0.8813714745832699
o 4580 0.9945628341288062 0.9966281894626924
o 4590 0.9113562898720171 0.9200233905247174
o 4600 0.9922414058479189 0.9947507131873994
o 4610 0.9185228016957814 0.9268544975260165
o 4620 0.8871128282705293 0.8967949095438361
o 4630 0.6484287939222344 0.663238674310834
o 4640 0.8173592713512144 0.8292516906470797
o 4650 0.9986085425177087 0.999538823531834
o 4660 0.8257698654294919 0.8374382926662788
o 4670 0.9975840325399995 0.9988848632863743
o 4680 0.9977031051647232 0.9989656589179493
o 4690 0.15751689349751352 0.19984719949669516
o 4700 0.9215151547159078 0.9297011502338249
o 4710 0.9406859630600811 0.9478439689759077
o 4720 0.9719344048345503 0.9768650658830975
o 4730 0.9965329270499892 0.9981368947272495
o 4740 0.4457888021071105 0.46130685561115814
o 4750 0.838162099934595 0.8494819286796604
o 4760 0.9600145658551942 0.96590891958305
o 4770 0.9909531761295315 0.9936794860041009
o 4780 0.9805990057808115 0.9846774861651671
o 4790 0.9832485319930038 0.9870270254458531
o 4800 0.9981616966934683 0.9992664707710186
o 4810 0.9022573276888269 0.9113253762161603
o 4820 0.91098797597977 0.9196718267965499
o 4830 0.8010178264829257 0.8133185861728005
o 4840 0.937885555364224 0.9452053082179623
o 4850 0.9486891055134263 0.95535816190413
o 4860 0.5514721023824205 0.56694793948769
o 4870 0.9976792437995069 0.9989495473086407
o 4880 0.8481292680165862 0.85915144080561
o 4890 0.12013842747961793 0.15839430355125694
o 4900 0.6734430771558246 0.6879760031794158
o 4910 0.8797554102779918 0.8897147740112593
o 4920 0.999297246851899 0.9998877222821806
o 4930 0.9928343125026933 0.995237544341956
o 4940 0.9880126833610141 0.9911811323207574
o 4950 0.36920825201286206 0.38431329054203334
o 4960 0.9896948746063506 0.9926182925641336
o 4970 0.9730025022660309 0.9778366053168595
o 4980 0.9748481075458858 0.9795103704677263
o 4990 0.29420155186335784 0.30850541669993614
o 5000 0.9876903032053846 0.9909036341132131
o 5010 0.998064229430307 0.9992040792410983
o 5020 0.7654339178842904 0.7785143759926461
o 5030 0.9934076463397341 0.9957039472638908
o 5040 0.9387089662003045 0.9459816235110996
o 5050 0.8790220569685085 0.8890083712112766
o 5060 0.8752543947720485 0.8853772865258961
o 5070 0.9342647936021634 0.9417872739828078
o 5080 0.9555354426923357 0.9617495407308039
o 5090 0.9918473843023324 0.9944249042949562
o 5100 0.8663809900991325 0.8768136432308985
o 5110 0.9883569286283966 0.99147675632411
o 5120 0.9944958307170675 0.9965752277626637
o 5130 0.8815279376157505 0.8914216572142757
o 5140 0.5490481104626269 0.5645327470079617
o 5150 0.9978708418570428 0.999077722372286
o 5160 0.982611503629992 0.9864642800822936
o 5170 0.9490196135431657 0.9556675437310311
o 5180 0.983822536404719 0.9875328161274727
o 5190 0.9731072755407191 0.9779317963762544
o 5200 0.8320152374484476 0.8435108392221947
o 5210 0.6335797407190347 0.6485327099066169
o 5220 0.9162489650412043 0.9246890896938313
o 5230 0.9967638850029287 0.998305760365681
o 5240 0.9608659381382549 0.9666972621139217
o 5250 0.9370623376452792 0.9444287997178213
o 5260 0.867988178460828 0.8783659201048795
o 5270 0.9968566305867083 0.998372940528608
o 5280 0.998064229430307 0.9992040792410983
o 5290 0.999442873695936 0.9999411111022777
o 5300 0.9486477948922986 0.9553194862915606
o 5310 0.9979431363013752 0.9991253358653104
o 5320 0.997894911366256 0.9990936226399529
o 5330 0.9761505803086069 0.9806874515345056
o 5340 0.9997041638433971 0.9999976422569008
o 5350 0.9960287934415504 0.997761379103869
o 5360 0.7201986870272472 0.7340847334090235
o 5370 0.9973004383367889 0.9986887437647816
o 5380 0.6606515409109421 0.6753318279003673
o 5390 0.9978708418570428 0.999077722372286
o 5400 0.957089573578031 0.9631948904967494
o 5410 0.8853798829072912 0.8951284310828865
o 5420 0.7856028207731816 0.7982587368226177
o 5430 0.9997427320109885 0.9999995494141014
o 5440 0.8396231746895582 0.8509003671920871
o 5450 0.9869821893754152 0.9902920126980463
o 5460 0.9926583880225167 0.9950935475867196
o 5470 0.999442873695936 0.9999411111022777
o 5480 0.9410979852602304 0.9482318096884036
o 5490 0.9958921299523205 0.9976581311058543
o 5500 0.985762399054934 0.9892322524004082
o 5510 0.89288527274156 0.9023405460804673
o 5520 0.9964868811160671 0.9981029745163161
o 5530 0.8450834379809222 0.8561982851740881
o 5540 0.9954387769278694 0.997311761961519
o 5550 0.9973004383367889 0.9986887437647816
o 5560 0.7463958821301097 0.7598387750148989
o 5570 0.9341414208551457 0.9416706877475721
o 5580 0.9679221268295012 0.9731987017576725
o 5590 0.9958921299523205 0.9976581311058543
o 5600 0.2099491447710725 0.25668215305324793
o 5610 0.9111925919123391 0.919867142876208
o 5620 0.5195343262197002 0.5350964665775595
o 5630 0.989132985014869 0.9921404016557241
o 5640 0.9097808881635496 0.9185193156951451
o 5650 0.9778973113308842 0.9822601192044921
o 5660 0.9928343125026933 0.995237544341956
o 5670 0.9488956682162554 0.9555515303644571
o 5680 0.8939668193797591 0.9033786399334665
o 5690 0.9833122778014259 0.9870832569311566
o 5700 0.9661498124811231 0.9715716134135023
o 5710 0.8476012678703756 0.8586396167787369
o 5720 0.11075181791673035 0.1478237551578031
o 5730 0.7784057623171761 0.7912181984501612
o 5740 0.9807047591647817 0.9847716957838963
o 5750 0.9991579479265237 0.999827728109528
o 5760 0.9724159645127236 0.9773033425833989
o 5770 0.9935624490461487 0.9958290715514998
o 5780 0.822121285706278 0.8338880886226341
o 5790 0.9511275896317962 0.9576388649024661
o 5800 0.9275465383688226 0.9354277623371718
o 5810 0.9933855477319553 0.9956860562216858
o 5820 0.9972299702688214 0.9986392778683405
o 5830 0.9989962943624112 0.9997500155155598
o 5840 0.9466037016718865 0.9534042605012528
o 5850 0.9965098982706061 0.9981199404896446
o 5860 0.9954161909056825 0.9972943612656486
o 5870 0.9510035426957294 0.9575229532048652
o 5880 0.9977269908240753 0.9989817458746678
o 5890 0.8395419994113898 0.8508215695115956
o 5900 0.9605336481760443 0.9663896634038519
o 5910 0.8327251228415515 0.8442007172769902
o 5920 0.9908444119912284 0.9935882946543282
o 5930 0.9997041638433971 0.9999976422569008
o 5940 0.9491642237619176 0.955802885317107
o 5950 0.7666862629986483 0.7797416124524325
o 5960 0.8784924511690827 0.8884981531454987
o 5970 0.9908444119912284 0.9935882946543282
o 5980 0.9939392579715721 0.9961320809450028
o 5990 0.9989171466500022 0.9997094220119266
o 6000 0.8658317575952715 0.8762830584906132
o 6010 0.9860188706110408 0.989455686983585
o 6020 0.9027477226382239 0.9117948182992609
o 6030 0.80283944387907 0.815096360999735
o 6040 0.9799437208004372 0.9840929999193141
o 6050 0.9544999764691549 0.960785352770447
o 6060 0.9961886593866747 0.9978814063409817
o 6070 0.8773722360193649 0.8874187408652114
o 6080 0.8844014417249465 0.8941871975968931
o 6090 0.8748675350021117 0.8850042749753996
o 6100 0.9955518186013934 0.9973986530682086
o 6110 0.9874755639937498 0.9907184539512934
o 6120 0.9770971409056485 0.9815405655460109
o 6130 0.9993836603972324 0.9999207619417313
o 6140 0.9998341327646891 1
o 6150 0.9746172162769268 0.9793013406582096
o 6160 0.8248576312096223 0.8365508309567234
o 6170 0.9875829158450492 0.9908110618318315
o 6180 0.9966713515299861 0.9982383659018511
o 6190 0.9315514989209659 0.9392214706641986
o 6200 0.9542308340731939 0.9605345850271128
o 6210 0.855828647234157 0.8666094981033255
o 6220 0.9711392412985573 0.9761404992571092
o 6230 0.9437568056630677 0.9507321044336675
o 6240 0.9966713515299861 0.9982383659018511
o 6250 0.9916507186090978 0.9942616533994505
o 6260 0.9703864347499822 0.9754535609085073
o 6270 0.9840565830582967 0.9877386856240831
o 6280 0.9993836603972324 0.9999207619417313
o 6290 0.9730444103104583 0.9778746830075107
o 6300 0.9641715312145662 0.9697505600001449
o 6310 0.9942728290862174 0.9963983436740477
o 6320 0.9973475076700078 0.9987216292808397
o 6330 0.9992409148798167 0.9998643624923798
o 6340 0.9978708418570428 0.999077722372286
o 6350 0.9953936121760423 0.9972769532249312
o 6360 0.9986085425177087 0.999538823531834
o 6370 0.8539795034009661 0.8648192575263578
o 6380 0.9877977265708879 0.9909961702972301
o 6390 0.7091561412208692 0.7232109754867445
o 6400 0.7441157340539845 0.7575996855045195
o 6410 0.9103946305184085 0.9191053694097481
o 6420 0.9315309507669439 0.9392020256485542
o 6430 0.9974418742737955 0.998787169461314
o 6440 0.9937617797195815 0.9959896455065341
o 6450 0.9870679423889743 0.9903662277879981
o 6460 0.8603613956983949 0.8709952408678686
o 6470 0.9936952978991156 0.9959361593135826
o 6480 0.9268486222739073 0.9347659103710327
o 6490 0.9572346846215226 0.9633297309404669
o 6500 0.9793946222691893 0.9836022895607931
o 6510 0.999784848241918 0.9999999949993749
o 6520 0.9573176098205084 0.9634067780167362
o 6530 0.8862768905026717 0.8959911252427928
o 6540 0.993142719033892 0.9954889975318352
o 6550 0.9948537648378093 0.9968571040220039
o 6560 0.1969637856511954 0.24272484332476663
o 6570 0.6192804993093157 0.634356751407779
o 6580 0.9951232150519905 0.9970675052663202
o 6590 0.9881847567826662 0.9913289936660207
o 6600 0.828750251835568 0.8403369129040523
o 6610 0.801604769559054 0.8138914472600836
o 6620 0.8793276133485565 0.8893027132117903
o 6630 0.9932971925796634 0.9956144525825571
o 6640 0.9981616966934683 0.9992664707710186
o 6650 0.579812651039865 0.5951578595360452
o 6660 0.9816785407922068 0.9856375723951248
o 6670 0.994786540360217 0.9968043647446723
o 6680 0.992175669376121 0.9946964781883282
o 6690 0.9063042018523184 0.9151971572514767
o 6700 0.5840639599337993 0.5993851215789157
o 6710 0.9396561323239699 0.9468741423209034
o 6720 0.9949434816817062 0.9969273383152467
o 6730 0.9597654579229793 0.9656781109286698
o 6740 0.46698147899121767 0.4825470272205641
o 6750 0.999297246851899 0.9998877222821806
o 6760 0.9992130705901301 0.9998523473218889
o 6770 0.9998341327646891 1
o 6780 0.8983150411992996 0.907548972873406
o 6790 0.9197523195721455 0.9280245711208144
o 6800 0.9749110877091087 0.9795673687685631
o 6810 0.9559290484223127 0.9621158035052964
o 6820 0.9881202178383257 0.9912735571030566
o 6830 0.9907574424854098 0.993515299623861
o 6840 0.9846954876430422 0.988299551182129
o 6850 0.953278738917778 0.9596469979873429
o 6860 0.9607205537916805 0.9665626951720806
o 6870 0.7626265346756494 0.7757626972582486
o 6880 0.907940041284824 0.9167607742489625
o 6890 0.9719762711861992 0.9769031853126422
o 6900 0.9485651755633293 0.955242133151953
o 6910 0.8767816339674757 0.886849539350807
o 6920 0.9713693627873558 0.976350299718481
o 6930 0.9578359688197076 0.9638882456842197
o 6940 0.8970695043516153 0.9063549236877179
o 6950 0.9519960924999051 0.958450072364644
o 6960 0.9972534418677634 0.9986557844757022
o 6970 0.9788670505487661 0.9831300444302943
o 6980 0.8932117607421691 0.9026539495531025
o 6990 0.49388706496852497 0.5094723688506687
o 7000 0.9969030863289797 0.9984064467814524
o 7010 0.8974370168064206 0.9067072890849528
o 7020 0.9985580909074143 0.9995093820155696
o 7030 0.743550779674002 0.7570448287980998
o 7040 0.9920005029608918 0.9945517201465842
o 7050 0.9899113248435923 0.9928017568708557
o 7060 0.957172492921164 0.9632719434329099
o 7070 0.9375974073854666 0.9449335520301141
o 7080 0.9848233767183776 0.9884116159170213
o 7090 0.8132266959214276 0.8252256441440445
o 7100 0.9871537167015321 0.9904404215271245
o 7110 0.9975128585703185 0.9988361124990678
o 7120 0.9963949261562345 0.9980349958952714
o 7130 0.4496627496854201 0.46519160039621976
o 7140 0.9604090550675207 0.9662742982484115
o 7150 0.9966251611325634 0.998204591561967
o 7160 0.9601806563155737 0.9660627734999213
o 7170 0.8294802418000206 0.8410466796545856
o 7180 0.9906270565796824 0.9934057384895714
o 7190 0.9658997807856016 0.9713417292743319
o 7200 0.930442047488002 0.9381712908723102
o 7210 0.8942729462940697 0.9036724112640604
o 7220 0.9334835000181365 0.9410488273166064
o 7230 0.9758142773107608 0.9803838699003559
o 7240 0.9067744611686565 0.9156467416720061
o 7250 0.9925265848321886 0.9949854092341149
o 7260 0.9732749348111812 0.9780840800153016
o 7270 0.9978708418570428 0.999077722372286
o 7280 0.995937648394377 0.9976925834541458
o 7290 0.9977031051647232 0.9989656589179493
o 7300 0.9316542412649942 0.9393186941679332
o 7310 0.9958466466570662 0.997623643328015
o 7320 0.8616829643896928 0.8722732323336481
o 7330 0.9986085425177087 0.999538823531834
o 7340 0.9974891765373674 0.9988198190301265
o 7350 0.8244927542804052 0.8361958295118883
o 7360 0.9522442929211828 0.958681789145873
o 7370 0.8186965295373865 0.8305539865833214
o 7380 0.9493708235592055 0.9559962166616086
o 7390 0.9496807538270134 0.9562861830887494
o 7400 0.9346966298054475 0.942195294203569
o 7410 0.9763187805178749 0.9808391935787618
o 7420 0.966775080388058 0.9721461349247447
o 7430 0.658600633712163 0.6733034228474918
o 7440 0.9560326408483352 0.962212176467168
o 7450 0.9793946222691893 0.9836022895607931
o 7460 0.9775392407872652 0.9819383133204425
o 7470 0.996879851396403 0.9983897007921845
o 7480 0.9973004383367889 0.9986887437647816
o 7490 0.9063450925517476 0.915236252964294
o 7500 0.8977841295479878 0.9070400609767358
o 7510 0.8935586699886139 0.9029869249930038
o 7520 0.9791202361250517 0.9833567710146154
o 7530 0.9129321221519375 0.9215270346475324
o 7540 0.9930545307500314 0.9954172262285641
o 7550 0.9802184378314471 0.9843381870759755
o 7560 0.8626589997427868 0.8732168721533351
o 7570 0.9917818042918009 0.9943705122056311
o 7580 0.7007970338359473 0.7149728818398364
o 7590 0.9898680191540918 0.9927650797004095
o 7600 0.9966251611325634 0.998204591561967
o 7610 0.9880556926137908 0.9912181067838138
o 7620 0.9465830619384403 0.9533849071090715
o 7630 0.9271359860583158 0.9350384510876205
o 7640 0.9323118547258149 0.9399408621065157
o 7650 0.9888093654679451 0.9918641462272642
o 7660 0.9734426214259329 0.9782363362788924
o 7670 0.9942951061238854 0.9964160553418016
o 7680 0.8453067723302401 0.8564148764447419
o 7690 0.9534029029694259 0.9597627924970923
o 7700 0.8696159797418488 0.879937577237271
o 7710 0.9811067847360353 0.9851295293605176
o 7720 0.7862498902340601 0.7988914513315833
o 7730 0.9486684501230489 0.9553388241776961
o 7740 0.9943619676638918 0.9964691597439114
o 7750 0.9906053334597175 0.9933874704093597
o 7760 0.9883138763132345 0.9914398250385499
o 7770 0.9543757529108126 0.9606696178055575
o 7780 0.999784848241918 0.9999999949993749
o 7790 0.9826327255814038 0.9864830506107929
o 7800 0.7073027881972604 0.7213849490198367
o 7810 0.9985580909074143 0.9995093820155696
o 7820 0.9978468002059815 0.9990617938017794
o 7830 0.9985580909074143 0.9995093820155696
o 7840 0.9914106450698426 0.9940618277531692
o 7850 0.7083503179432954 0.722417068552149
o 7860 0.8463016760781988 0.857379641359122
o 7870 0.940006239067551 0.9472039191075664
o 7880 0.9974182533663415 0.9987708140525817
o 7890 0.9931868354253945 0.9955248608293064
o 7900 0.9523890882988726 0.9588169454623758
o 7910 0.9953033689870637 0.9972072488231104
o 7920 0.9672754928553471 0.9726055538124376
o 7930 0.9893057427349855 0.9922875767895556
o 7940 0.998064229430307 0.9992040792410983
o 7950 0.9942282900275515 0.9963629052366167
o 7960 0.9977269908240753 0.9989817458746678
o 7970 0.9981128936006963 0.9992353457234481
o 7980 0.9958011978544946 0.9975891207832343
o 7990 0.9070198280528239 0.9158812932550419
o 8000 0.9052820213172225 0.9142196774529543
o 8010 0.9416749040924933 0.9487746988905736
o 8020 0.9379061382660204 0.945224718470539
o 8030 0.9873253301362781 0.9905887440365998
o 8040 0.9987357880946652 0.999611282711117
o 8050 0.9798169664577243 0.9839797984242187
o 8060 0.9690283870810166 0.9742120679725658
o 8070 0.9972769311337085 0.9986722731996572
o 8080 0.9824629732121738 0.9863328630995151
o 8090 0.9934076463397341 0.9957039472638908
o 8100 0.9950108340448901 0.9969799488864464
o 8110 0.8616422982436446 0.8722339120137911
o 8120 0.9123999741234903 0.9210193594904972
o 8130 0.9954387769278694 0.997311761961519
o 8140 0.9971830790248064 0.9986062120708106
o 8150 0.9195268856375979 0.9278100799600515
o 8160 0.7784663996627208 0.7912775408543437
o 8170 0.9640258632711278 0.9696162768816633
o 8180 0.9583752040021853 0.9643888301349788
o 8190 0.9948089425921502 0.9968219504684411
o 8200 0.99294437724161 0.9953274298730065
o 8210 0.9038103714941117 0.9128118163113021
o 8220 0.9867678985698657 0.9901063830239387
o 8230 0.8538982294332731 0.8647405585516936
o 8240 0.9930324928363503 0.9953992742027516
o 8250 0.9501560521853855 0.9567307262872056
o 8260 0.9922852453284942 0.9947868546246592
o 8270 0.9501147184105616 0.9566920738417332
o 8280 0.9783609431562436 0.982676327118553
o 8290 0.8206418527732455 0.8324480147690954
o 8300 0.9939170574978193 0.9961142922905799
o 8310 0.9658164463336396 0.9712650917730616
o 8320 0.9105378463079454 0.9192421060335595
o 8330 0.9085535941424957 0.9173470175187036
o 8340 0.9973946521725114 0.9987544386726732
o 8350 0.9883999872409587 0.9915136812951999
o 8360 0.9956877226395184 0.9975026664820278
o 8370 0.9970894973736582 0.998539877255987
o 8380 0.9983090111814502 0.9993589235528282
o 8390 0.9952808258303961 0.9971898049580897
o 8400 0.9736942032013923 0.9784646687612923
o 8410 0.5058078917716983 0.5213875248571256
o 8420 0.9975128585703185 0.9988361124990678
o 8430 0.9396561323239699 0.9468741423209034
o 8440 0.9215971624121579 0.9297791152881716
o 8450 0.9977509012387209 0.9989978077068434
o 8460 0.9992689677678922 0.9998761603306536
o 8470 0.9984828397939801 0.999464783357556
o 8480 0.9992130705901301 0.9998523473218889
o 8490 0.9986846867396864 0.9995825074237993
o 8500 0.9948761849382639 0.9968746717641922
o 8510 0.924427288324167 0.9324680489592213
o 8520 0.24299480440015458 0.25648957363402125
o 8530 0.7465573179129095 0.7599972852551489
o 8540 0.9946298867843653 0.9966811016233338
o 8550 0.9989962943624112 0.9997500155155598
o 8560 0.998532952220799 0.9994945720557045
o 8570 0.9817632923403422 0.9857127910039591
o 8580 0.996234423774403 0.9979156106725443
o 8590 0.9500940517729404 0.9566727473690888
o 8600 0.9978227858521463 0.9990458375033571
o 8610 0.8803054659008336 0.8902445354614573
o 8620 0.9894570003854211 0.9924162601058784
o 8630 0.9793946222691893 0.9836022895607931
o 8640 0.9031359780336026 0.9121664338805704
o 8650 0.9968566305867083 0.998372940528608
o 8660 0.9765921762956034 0.9810857038717272
o 8670 0.9063655380024049 0.9152558007198437
o 8680 0.9470165280779186 0.9537912965894189
o 8690 0.9606790175503631 0.9665242453293332
o 8700 0.9415306647191796 0.9486389862600497
o 8710 0.9064268747579073 0.9153144435825846
o 8720 0.9979190093140644 0.999109494009705
o 8730 0.9995037605889281 0.9999597116202779
o 8740 0.9985078691024893 0.9994797052294327
o 8750 0.9623204372514624 0.9680422753785413
o 8760 0.9953259191424008 0.9972246856405348
o 8770 0.9706582260049897 0.9757016775906193
o 8780 0.9981128936006963 0.9992353457234481
o 8790 0.9893705564962993 0.9923427377609763
o 8800 0.9996678275924519 0.9999940967944916
o 8810 0.9911708829515093 0.9938616895254021
o 8820 0.9982597477012427 0.9993282676995614
o 8830 0.9993257723589525 0.9998990270247117
o 8840 0.9874970315467146 0.9907369783518111
o 8850 0.9974655152195606 0.9988035045674075
o 8860 0.9967638850029287 0.998305760365681
o 8870 0.9980399474396386 0.9991883950191714
o 8880 0.9981128936006963 0.9992353457234481
o 8890 0.9958239179842938 0.9976063863609007
o 8900 0.9624659542408058 0.9681767095743156
o 8910 0.9924168378207178 0.99489520457616
o 8920 0.8877041541079258 0.8973633871084797
o 8930 0.9972769311337085 0.9986722731996572
o 8940 0.9732330174403402 0.9780460116616531
o 8950 0.9990496341945716 0.9997764839702489
o 8960 0.9768025409372676 0.9812752668979094
o 8970 0.995937648394377 0.9976925834541458
o 8980 0.9938726701356374 0.996078701324011
o 8990 0.9987871854159925 0.9996397540167659
o 9000 0.9973946521725114 0.9987544386726732
o 9010 0.6010149189426515 0.6162284664009692
o 9020 0.9806624556959366 0.9847340140550433
o 9030 0.9950108340448901 0.9969799488864464
o 9040 0.9899113248435923 0.9928017568708557
o 9050 0.9886153760902718 0.9916982101017467
o 9060 0.9998341327646891 1
o 9070 0.9993836603972324 0.9999207619417313
o 9080 0.9998341327646891 1
o 9090 0.9938948615616364 0.9960964990743865
o 9100 0.9934960807069686 0.9957754712998993
o 9110 0.9374739225967321 0.9448170778869489
o 9120 0.9967407321599208 0.9982889314230393
o 9130 0.9840991493349867 0.9877761040779134
o 9140 0.9963719652041643 0.9980179731941595
o 9150 0.9502593895414103 0.9568273544801752
o 9160 0.9887231314120704 0.991790413439243
o 9170 0.8999897220314604 0.9091537354665964
o 9180 0.9967638850029287 0.998305760365681
o 9190 0.9953936121760423 0.9972769532249312
o 9200 0.9955744496960323 0.9974160083623181
o 9210 0.9551004877049256 0.9613446410001143
o 9220 0.999784848241918 0.9999999949993749
o 9230 0.9997427320109885 0.9999995494141014
o 9240 0.9656914534517944 0.971150126717251
o 9250 0.9533822085010023 0.9597434938722507
o 9260 0.9823144830826699 0.9862014057570522
o 9270 0.9916725594185783 0.9942798033643983
o 9280 0.382934597243687 0.3981423005422755
o 9290 0.9257403931856951 0.9337145077451836
o 9300 0.9994130827814863 0.9999311292217226
o 9310 0.9991579479265237 0.999827728109528
o 9320 0.8997037719433866 0.9088797805875194
o 9330 0.885481810597238 0.8952264695027234
o 9340 0.989651607756594 0.9925815764331913
o 9350 0.8680492161010367 0.8784248621561489
o 9360 0.9694878677820751 0.9746324319497729
o 9370 0.9871966119157449 0.9904775103190405
o 9380 0.9651499382678387 0.9706518240661349
o 9390 0.9971596588721757 0.9985896533979276
o 9400 0.8403334808738955 0.8515898243920272
o 9410 0.9352313527823183 0.9427003934357643
o 9420 0.9898030753680346 0.992710049150321
o 9430 0.9785506927854138 0.9828465118119456
o 9440 0.9982351769925596 0.9993128775364343
o 9450 0.8719767810735527 0.8822159905065635
o 9460 0.9924826764449779 0.9949493369945279
o 9470 0.984141719448559 0.9878135186873485
o 9480 0.9991854194751913 0.9998401310800589
o 9490 0.9641299104396038 0.9697121947585526
o 9500 0.9905618938848829 0.9933509275612022
o 9510 0.9979914799067023 0.9991569284568658
o 9520 0.9929003408208814 0.9952914862335147
o 9530 0.5061479802737764 0.5217273217705689
o 9540 0.9905836125642096 0.9933692000971092
o 9550 0.9698639319210824 0.9749762406050025
o 9560 0.6286987276021404 0.6436953612842837
o 9570 0.9979914799067023 0.9991569284568658
o 9580 0.8475200391873472 0.8585608725117314
o 9590 0.9890250687825238 0.9920483596867744
o 9600 0.9607413222689939 0.9665819197365013
o 9610 0.624159925517155 0.6391956869934007
o 9620 0.6192804993093157 0.634356751407779
o 9630 0.9758773243221786 0.9804408012699287
o 9640 0.9201622253796368 0.9284145291137554
o 9650 0.9871108268687839 0.9904033273405761
o 9660 0.9901062993756211 0.9929667048952392
o 9670 0.6990248690395078 0.7132256401301584
o 9680 0.628035937785334 0.6430383735787406
o 9690 0.9853139669525077 0.9888408478975932
o 9700 0.2882040161497072 0.30242498910025795
o 9710 0.9780448000334889 0.9823925795527685
o 9720 0.8684154499411866 0.8787785064632742
o 9730 0.9671295207520497 0.9724715751207674
o 9740 0.6006136031901079 0.6158299169768104
o 9750 0.9911273222151947 0.9938252682624861
o 9760 0.9951907220735846 0.9971199601512736
o 9770 0.08167492867002125 0.11453515785392476
o 9780 0.7471627131792609 0.7605916875744653
o 9790 0.9509001749519617 0.9574263554176995
o 9800 0.9879266828522105 0.9911071653505287
o 9810 0.9957784861890406 0.9975718466746825
o 9820 0.9334423836983685 0.9410099573055758
o 9830 0.774242477496794 0.7871428737389854
o 9840 0.8804888255584467 0.8904211148264768
o 9850 0.946624341555875 0.9534236137427593
o 9860 0.9677760858984222 0.9730647919577575
o 9870 0.8503836918583605 0.8613362662729832
o 9880 0.80273823748796 0.8149976011569081
o 9890 0.47953194367645136 0.4951123296427401
o 9900 0.9025638202376637 0.9116187818138233
o 9910 0.8783091335208615 0.8883215317618411
o 9920 0.9797747203008724 0.9839420592936774
o 9930 0.9934297489189166 0.9957218343152169
o 9940 0.6795594538087419 0.6940175765832444
o 9950 0.9969263355699712 0.9984231783076815
o 9960 0.8514196561519327 0.8623399570424204
o 9970 0.6135186014835734 0.6286405840366524
o 9980 0.744599992668788 0.7580752649627918
o 9990 0.9880126833610141 0.9911811323207574
