
x disttype general-gaussian
x k 380
x std 1.0
x N 100000
x alpha 0.001

o 0 0.9964858324078556 0.997618168161663
o 10 0.9985452679415159 0.9992378909752331
o 20 0.7874071141012452 0.7958687623165833
o 30 0.9733239252346638 0.9765840248421648
o 40 0.9878722012678223 0.9900534668539825
o 50 0.9862806860259289 0.9886052421518596
o 60 0.9980984511221858 0.9989049687990127
o 70 0.9987549803144379 0.9993880185391557
o 80 0.5381987198775438 0.5485747179311691
o 90 0.977507860191404 0.9804994475617674
o 100 0.9359822410392438 0.9409913411763494
o 110 0.9005745069297191 0.9067243841238672
o 120 0.7717466676826739 0.780431563009356
o 130 0.9957658838050885 0.9970183038440341
o 140 0.9404367653396188 0.9452761483702858
o 150 0.8728102924100659 0.8796727615865045
o 160 0.8894448404444596 0.8958957191464394
o 170 0.8080571385576814 0.8161956348964319
o 180 0.9957332976815773 0.996990897906064
o 190 0.9846831277881474 0.9871430571327017
o 200 0.9615904507088251 0.9654992803309552
o 210 0.9216730645028508 0.9271826636977688
o 220 0.9199144932901372 0.9254814985614042
o 230 0.9041145536866458 0.9101638066913519
o 240 0.9056161646761023 0.911621970604008
o 250 0.6165895039970382 0.6266920972891323
o 260 0.9604521985414861 0.964417704354909
o 270 0.9861761434096459 0.9885098016863892
o 280 0.9539592344151143 0.9582316470648905
o 290 0.53082316821546 0.5412113842218591
o 300 0.14716118136168055 0.18611028684097775
o 310 0.9296378625662844 0.9348766713336543
o 320 0.03849864088748654 0.061228763043121304
o 330 0.9970580834203379 0.998085746446212
o 340 0.2630458510837132 0.27226929646207887
o 350 0.9861343316045604 0.9884716202528891
o 360 0.9942335589583918 0.9957109698146643
o 370 0.9674231595610228 0.9710256887733664
o 380 0.9983723603332938 0.9991109098276848
o 390 0.9777665653779886 0.980740702445611
o 400 0.969161568956469 0.9726670154282946
o 410 0.9965845180479388 0.9976994547632368
o 420 0.6662236347829152 0.676010481822416
o 430 0.997692438742789 0.9985911633173263
o 440 0.9999239938640181 1
o 450 0.9181258461509291 0.9237504138503412
o 460 0.6062144888402675 0.6163686779317035
o 470 0.9448238193210717 0.9494884356517247
o 480 0.9952781735271289 0.9966061292296615
o 490 0.923371044811285 0.928824428810687
o 500 0.9984298320990661 0.9991534027843956
o 510 0.9558320146963272 0.9600185847896827
o 520 0.7374441396262339 0.7465592509536326
o 530 0.6743344716915027 0.6840584225598294
o 540 0.8926568965571315 0.8990231814630927
o 550 0.6859615865411279 0.695589555799111
o 560 0.7631598143821375 0.7719597075750204
o 570 0.9341892326200515 0.9392646185989334
o 580 0.9742319727553304 0.9774358383955396
o 590 0.9938049558531804 0.9953396598375936
o 600 0.9920046278747661 0.993760329579821
o 610 0.5365173539246993 0.5468963379653888
o 620 0.9833807378502446 0.9859456539748696
o 630 0.8726382850918448 0.8795047947022949
o 640 0.9942335589583918 0.9957109698146643
o 650 0.9568456031314613 0.9609848436533515
o 660 0.9317654810309898 0.9369287337627771
o 670 0.900959895202202 0.907098938078593
o 680 0.995505491198825 0.9967987588519763
o 690 0.9892375407580744 0.9912878995956558
o 700 0.9946633498938239 0.9960810886623236
o 710 0.9346985522339909 0.9397552225762451
o 720 0.608279274790671 0.6184235803994944
o 730 0.9374089117217742 0.9423644564215948
o 740 0.07623025843951702 0.10633260157362945
o 750 0.9952889876678324 0.996615312615616
o 760 0.46380472759066427 0.4741999607571735
o 770 0.9825379799220537 0.9851685448630891
o 780 0.9506766081686707 0.955094767195189
o 790 0.9957658838050885 0.9970183038440341
o 800 0.4234810438014212 0.43378975010918763
o 810 0.7535893870598364 0.7625115743826271
o 820 0.9937407595406416 0.9952838689404377
o 830 0.6406870751147279 0.6506508913693152
o 840 0.9946848733082468 0.996099560637897
o 850 0.997135537593538 0.9981482670612255
o 860 0.9988019775638949 0.9994209804708137
o 870 0.895352892967006 0.9016467808707507
o 880 0.9828604124206605 0.9854660615725691
o 890 0.843101742798505 0.850605768459547
o 900 0.8966200380545689 0.9028794458184312
o 910 0.9551359958867013 0.9593547084237977
o 920 0.9912523443646175 0.9930927481464299
o 930 0.5112139390773245 0.5216235776153897
o 940 0.910386399613001 0.9162510205929204
o 950 0.47856634343555265 0.48897611113677264
o 960 0.42122466083811877 0.43152647488244833
o 970 0.9270531059761835 0.9323818155437115
o 980 0.9791749337610015 0.9820521161409517
o 990 0.6667957560994288 0.6765782742767728
o 1000 0.693011862012985 0.7025782182427827
o 1010 0.9587098276639372 0.9627603381020378
o 1020 0.9741287580246919 0.9773390689291303
o 1030 0.996672356333951 0.9977715912406057
o 1040 0.9947925415008869 0.9961918692401845
o 1050 0.6114868989427223 0.6216154722340834
o 1060 0.997135537593538 0.9981482670612255
o 1070 0.9518829626884886 0.9562482312279532
o 1080 0.838759480019309 0.8463486830009954
o 1090 0.8716164024728421 0.8785068305849013
o 1100 0.9988373331200868 0.9994455927520963
o 1110 0.9957658838050885 0.9970183038440341
o 1120 0.8084906855941902 0.8166220227306484
o 1130 0.9146310275758002 0.9203657563376203
o 1140 0.9608418169012961 0.9647880271816699
o 1150 0.9717154878157989 0.9750727078192915
o 1160 0.9157687089510709 0.9214679044139438
o 1170 0.940008475583516 0.9448645024154166
o 1180 0.9979286594250477 0.9987748413646883
o 1190 0.9524249276159674 0.9567661847642851
o 1200 0.3382467405225217 0.34813697812573496
o 1210 0.9970028258468606 0.9980410216533581
o 1220 0.9929614724963005 0.994603307263001
o 1230 0.9656348266425424 0.9693342927580558
o 1240 0.9905125472671512 0.9924326749858167
o 1250 0.7305760641166467 0.7397683600765829
o 1260 0.009458534533530792 0.02241866011277449
o 1270 0.21381543713048523 0.25819038010432205
o 1280 0.9963653980592071 0.997518635596431
o 1290 0.776237427808865 0.7848601276833601
o 1300 0.8706755259956271 0.8775878481794765
o 1310 0.7809504904168902 0.7895063565314089
o 1320 0.4939324473549235 0.504347682708493
o 1330 0.880937575482278 0.8876042596976323
o 1340 0.9250999442219405 0.9304952701717598
o 1350 0.9974465459639887 0.9983971507728185
o 1360 0.9946203131124693 0.996044134633569
o 1370 0.8841068591130438 0.8906945008372724
o 1380 0.8347614404907987 0.8424273226895655
o 1390 0.9993461951853181 0.9997760261613108
o 1400 0.9877044416191143 0.989901254160471
o 1410 0.7269565658050327 0.7361884031711431
o 1420 0.9915275903306396 0.9933374531697704
o 1430 0.9970580834203379 0.998085746446212
o 1440 0.4559810228915584 0.46636484965098113
o 1450 0.9798175835648117 0.9826493665568564
o 1460 0.9268699729948937 0.9322049759865011
o 1470 0.7660285256179106 0.7747905649213966
o 1480 0.9922594073875394 0.9939855034725477
o 1490 0.952189725415041 0.9565414223518235
o 1500 0.00015818935869794096 0.004345911904070632
o 1510 0.9057785151763256 0.9117795957668464
o 1520 0.9791231240631341 0.9820039338731256
o 1530 0.03672208180151972 0.05901347444862892
o 1540 0.971529999319786 0.9748982245945803
o 1550 0.9155147484765872 0.9212219029595172
o 1560 0.9702836153823818 0.973724798364908
o 1570 0.900939611243078 0.9070792250784587
o 1580 0.8554273833331576 0.8626782782738698
o 1590 0.9860925227735393 0.9884334358420017
o 1600 0.918816865032443 0.9244192913740537
o 1610 0.9993967101316772 0.9998053961676073
o 1620 0.9770733593993526 0.9800940153519424
o 1630 0.9965735461617428 0.9976904297659097
o 1640 0.56749209141125 0.5777969210867939
o 1650 0.9957767482796838 0.9970274367139912
o 1660 0.5850909456667733 0.5953354094537341
o 1670 0.7299325692137657 0.739131951830822
o 1680 0.867620628911337 0.8746032034735416
o 1690 0.9439154640020132 0.948616927399623
o 1700 0.9937193659869682 0.9952652667442348
o 1710 0.9815090974007527 0.9842175888789252
o 1720 0.9943623649623278 0.9958221371222351
o 1730 0.8416373780406018 0.8491703530065334
o 1740 0.6454119097190181 0.6553453442970811
o 1750 0.601624189324731 0.6117996701825797
o 1760 0.9940941394234655 0.9955904179289893
o 1770 0.9767941177420053 0.9798333000262631
o 1780 0.9962888573233785 0.99745519694004
o 1790 0.017016942588284577 0.03331546004620689
o 1800 0.7603618328989893 0.7691981098678464
o 1810 0.965213647771269 0.9689355354089344
o 1820 0.9978047248954649 0.9986788304656162
o 1830 0.9969586585858599 0.9980052028082426
o 1840 0.9970138730066911 0.9980499709908558
o 1850 0.3597266109159434 0.3697538479444047
o 1860 0.7487097309023508 0.7576919646134801
o 1870 0.9996195632227871 0.999921775321969
o 1880 0.877030199356011 0.8837922217713079
o 1890 0.9990517359552183 0.9995909609264688
o 1900 0.9828083985655026 0.985418083627646
o 1910 0.7256998864246452 0.7349452717090378
o 1920 0.7853923981737203 0.793883781070451
o 1930 0.8897690452668188 0.896211465716256
o 1940 0.894126437158844 0.9004534205467112
o 1950 0.9962888573233785 0.99745519694004
o 1960 0.9565896160987822 0.9607408692571513
o 1970 0.411481545750212 0.4217510661167947
o 1980 0.9296175060908448 0.9348570308620666
o 1990 0.9846414144002983 0.9871047771775566
o 2000 0.952077242768432 0.9564339219208533
o 2010 0.9863957047382661 0.9887102048047752
o 2020 0.976463244175561 0.9795242245238011
o 2030 0.965213647771269 0.9689355354089344
o 2040 0.6484918651813139 0.6584049244393125
o 2050 0.9654499092685772 0.9691592381369161
o 2060 0.9980190946752646 0.9988443640031044
o 2070 0.18348413797509353 0.22564192128312954
o 2080 0.9088738630032781 0.9147837839370363
o 2090 0.5177661304437817 0.5281703956458943
o 2100 0.8770504418619118 0.8838119762296875
o 2110 0.7901373023313816 0.7985581637437351
o 2120 0.9264019892979006 0.9317530298586129
o 2130 0.16910807725130816 0.2100753244191843
o 2140 0.9980417457585299 0.9988617020378927
o 2150 0.9925144539220145 0.9942104097983075
o 2160 0.9854448561615948 0.9878412067987324
o 2170 0.9991242454921062 0.9996383565757581
o 2180 0.8490109008946451 0.8563957235312624
o 2190 0.9686985310336151 0.9722301237036768
o 2200 0.8014742529026748 0.8097195095487684
o 2210 0.9237167906578826 0.9291586311248028
o 2220 0.9992096743120683 0.9996928002040392
o 2230 0.9817584121955065 0.9844482350283815
o 2240 0.9985916421321996 0.9992714840859439
o 2250 0.8814640471524365 0.8881177090817576
o 2260 0.9695012005930794 0.9729873321656307
o 2270 0.9854970621423386 0.9878889924302816
o 2280 0.7622338343029155 0.7710458269163415
o 2290 0.8812210575493384 0.8878807351216382
o 2300 0.9824235986555391 0.9850629441258778
o 2310 0.9228524575105611 0.9283230938646899
o 2320 0.6418406483080201 0.6517971442198908
o 2330 0.9306150510226128 0.9358193363208643
o 2340 0.9970138730066911 0.9980499709908558
o 2350 0.9716433510055068 0.9750048556283587
o 2360 0.9740668326212176 0.977281003812385
o 2370 0.9557296497406742 0.9599209651637554
o 2380 0.6626003886054653 0.6724142741134258
o 2390 0.9697482435299409 0.9732202516638144
o 2400 0.9199856413281093 0.9255503398569196
o 2410 0.9779425169709721 0.980904723678672
o 2420 0.9595603822324216 0.9635696552397501
o 2430 0.4810253891802798 0.49143669334913753
o 2440 0.9801183142997356 0.9829285890479291
o 2450 0.883995465024763 0.89058591162845
o 2460 0.822398852716757 0.8302917666499934
o 2470 0.9792785606232266 0.9821484732045911
o 2480 0.8288971062270282 0.8366725373822121
o 2490 0.9151490593042421 0.920867646951975
o 2500 0.5955613012544134 0.6057634733197688
o 2510 0.9881239510111715 0.9902816754823459
o 2520 0.8542045271893026 0.8614813179001392
o 2530 0.826364160057839 0.8341858638711803
o 2540 0.9034551363465181 0.909523322881393
o 2550 0.8518601267482674 0.8591860701205629
o 2560 0.7729045301405314 0.7815735264561586
o 2570 0.8792266903241209 0.8859354014130488
o 2580 0.9743455172694568 0.9775422764932992
o 2590 0.9945020297958632 0.9959424430213134
o 2600 0.9825275809764218 0.9851589454453464
o 2610 0.5672317145046514 0.5775373373167219
o 2620 0.9969145249172923 0.9979693501892825
o 2630 0.9590684649677699 0.9631016467093121
o 2640 0.8887964577163302 0.8952641990869521
o 2650 0.6017143871982465 0.6118894586964388
o 2660 0.9530692556042316 0.9573817598231734
o 2670 0.8594705318422502 0.8666345231539807
o 2680 0.8956063100971846 0.9018933257492201
o 2690 0.8204013455655675 0.8283295737737212
o 2700 0.9497669834537675 0.9542245286896114
o 2710 0.8321873805485462 0.8399017690660822
o 2720 0.7052375008471841 0.714690738070648
o 2730 0.3333343533440674 0.34319011107793895
o 2740 0.7384196637640766 0.747523580017099
o 2750 0.8960320642220737 0.9023075077969536
o 2760 0.4203361153796323 0.4306351549476083
o 2770 0.5849506892364282 0.5951956870588042
o 2780 0.49124277420283136 0.5016577626872227
o 2790 0.9794132905336763 0.9822737223868281
o 2800 0.895160299898119 0.9014594028126375
o 2810 0.30587404732211537 0.31551458793974707
o 2820 0.7510941263350073 0.7600472104725942
o 2830 0.9989917465252612 0.9995510212653725
o 2840 0.9461918041629003 0.9508002453084751
o 2850 0.7027860199548446 0.7122625881479656
o 2860 0.9453546287148203 0.9499975465245794
o 2870 0.9428644455430042 0.9476081036903482
o 2880 0.997479991545747 0.9984236928564266
o 2890 0.9821948827637029 0.9848516959696068
o 2900 0.9717567102244422 0.9751114791249652
o 2910 0.9742319727553304 0.9774358383955396
o 2920 0.8083091998046968 0.8164435357835976
o 2930 0.48919312439992035 0.499607722525249
o 2940 0.9362675453741883 0.9412659940336655
o 2950 0.9974576916556828 0.9984060009880712
o 2960 0.9614160927242792 0.9653336646477533
o 2970 0.3221865563071562 0.33195960090347654
o 2980 0.9983838423236461 0.9991194209127192
o 2990 0.7199599633627658 0.7292660588223208
o 3000 0.9700776847938193 0.9735307602882071
o 3010 0.9299533963399285 0.9351810902378932
o 3020 0.992100139773098 0.9938448002695061
o 3030 0.3732779832883921 0.3833804199631352
o 3040 0.9690483717410532 0.9725602298459043
o 3050 0.9970802018817989 0.9981036208453454
o 3060 0.03318573799439579 0.05456623603366195
o 3070 0.9954404951528307 0.9967437701258874
o 3080 0.9814467794911872 0.9841599165434691
o 3090 0.970613152699733 0.9740352108875099
o 3100 0.4532435297115707 0.46362275722485247
o 3110 0.8930724022141533 0.8994276135126618
o 3120 0.9656142795231664 0.9693148429894717
o 3130 0.6243698597526134 0.6344305677728554
o 3140 0.9885858493804591 0.9906997003235622
o 3150 0.8793987810521422 0.8861032848786987
o 3160 0.455831156045126 0.4662147391831991
o 3170 0.9995126784110874 0.999869096973979
o 3180 0.9776837736464219 0.9806635069587831
o 3190 0.9528851500758782 0.9572058930559891
o 3200 0.9888905469006076 0.9909749518326857
o 3210 0.9544605872958628 0.9587102187105702
o 3220 0.9813533106284895 0.984073400032048
o 3230 0.9966284230221276 0.9977355372394189
o 3240 0.17293710605342544 0.21423099801480594
o 3250 0.7748780407005765 0.783519719171841
o 3260 0.9166728730543786 0.9223436047667807
o 3270 0.9905442175617036 0.9924609991909813
o 3280 0.635330893904286 0.6453278803339444
o 3290 0.9801079427920395 0.9829189621696139
o 3300 0.8653753794352559 0.872408789739721
o 3310 0.9945772895844532 0.9960071673119988
o 3320 0.9961578157800728 0.9973462730640874
o 3330 0.33805740832792414 0.34794633906178984
o 3340 0.9508094927053592 0.9552218626741602
o 3350 0.991453459501346 0.9932715972421641
o 3360 0.9816337461219513 0.9843329206370646
o 3370 0.9390908336978319 0.9439822820340326
o 3380 0.9959507500872987 0.9971733917579468
o 3390 0.9801494294634177 0.9829574690416888
o 3400 0.9976476190504188 0.9985560009980053
o 3410 0.8072404788347297 0.8153924173033709
o 3420 0.9927591375570419 0.994425680429756
o 3430 0.9826003763345852 0.9852261386286163
o 3440 0.8240030472006186 0.8318673312700315
o 3450 0.7772544944647318 0.7858629081185038
o 3460 0.6042500236979891 0.6144134395292096
o 3470 0.9367872449494997 0.9417662164786118
o 3480 0.9959834121313056 0.9972007214783863
o 3490 0.32838271340415437 0.3382025028554383
o 3500 0.9945450305343273 0.9959794331995325
o 3510 0.9252728577900367 0.930662330676487
o 3520 0.04385816182102931 0.06784497091570063
o 3530 0.8825676830669942 0.8891939076769617
o 3540 0.9983723603332938 0.9991109098276848
o 3550 0.7142310417669913 0.7235958429244036
o 3560 0.9979286594250477 0.9987748413646883
o 3570 0.9619597172077069 0.9658499580551387
o 3580 0.39171219994198936 0.40190340814695624
o 3590 0.9300348269808095 0.9352596473843012
o 3600 0.8665384170279926 0.8735455776877236
o 3610 0.9396719877123497 0.9445410407932093
o 3620 0.9940834198944078 0.995581139642669
o 3630 0.9954729882504474 0.9967712694318661
o 3640 0.7990754263284847 0.8073586965582527
o 3650 0.9958745843100395 0.9971095765693644
o 3660 0.999460688515219 0.9998412488613985
o 3670 0.9798486895386522 0.9826782557474097
o 3680 0.9985800372278933 0.9992630973009762
o 3690 0.9402124185319352 0.94506052885429
o 3700 0.9368687709457483 0.9418446782491698
o 3710 0.8153982966799106 0.8234133740523158
o 3720 0.9745416602852229 0.9777261034312907
o 3730 0.35696500949698046 0.36697586835949325
o 3740 0.9905653327798348 0.9924798803032145
o 3750 0.8467884239095472 0.8542185340445299
o 3760 0.940559140567755 0.945393754772275
o 3770 0.9792371086803751 0.9821099315779507
o 3780 0.1322081987314753 0.16962370303276375
o 3790 0.9982921512935677 0.9990511656445621
o 3800 0.8402438142931307 0.8478041259242193
o 3810 0.8450510447065338 0.8525161739900535
o 3820 0.9253949170455686 0.9307802531188811
o 3830 0.9989440095309458 0.9995188105517668
o 3840 0.9524965139185251 0.9568345876909342
o 3850 0.5811539099209163 0.5914130395990871
o 3860 0.8996212407167086 0.9057977932401562
o 3870 0.9987784590257699 0.9994045196998897
o 3880 0.845202553638553 0.8526646423193448
o 3890 0.9824755881972163 0.9851109464058009
o 3900 0.9920895255577995 0.9938354164230112
o 3910 0.9955922147749278 0.9968720147482911
o 3920 0.9983838423236461 0.9991194209127192
o 3930 0.9962123907324228 0.9973916838135997
o 3940 0.9963435215643298 0.997500518013491
o 3950 0.7667331646680866 0.7754858199068688
o 3960 0.9840993676088972 0.9866069102847218
o 3970 0.8837321738619272 0.8903292422703817
o 3980 0.9998259044303537 0.9999936749830985
o 3990 0.9940941394234655 0.9955904179289893
o 4000 0.3764994254306022 0.3866184892645157
o 4010 0.9963435215643298 0.997500518013491
o 4020 0.986270230917632 0.988595698952919
o 4030 0.8299769836194943 0.8377324978546301
o 4040 0.946447072655744 0.9510449384631287
o 4050 0.9905442175617036 0.9924609991909813
o 4060 0.910254423091666 0.9161230168980694
o 4070 0.9997474636700737 0.9999730088185749
o 4080 0.9503801900712653 0.9548112298681214
o 4090 0.9733755044159748 0.9766324377756191
o 4100 0.9539694653761117 0.9582414145638365
o 4110 0.9877149249041096 0.989910769148994
o 4120 0.9485715049171762 0.9530801869447518
o 4130 0.9913793480871742 0.9932057218636672
o 4140 0.3919516556696835 0.402143916119054
o 4150 0.9999000177236425 0.9999999949987496
o 4160 0.9757190849398447 0.9788284981583772
o 4170 0.990554775001534 0.9924704399166084
o 4180 0.8688141880611742 0.8757694652956526
o 4190 0.9956790115096636 0.9969451972178689
o 4200 0.993249338059327 0.9948553866140609
o 4210 0.9418850667649067 0.9466676295204307
o 4220 0.9906392467555006 0.9925459534658704
o 4230 0.8363363265871793 0.8439722001739718
o 4240 0.9729216658099193 0.9762063457391735
o 4250 0.9931746670479408 0.9947900719975374
o 4260 0.9533863486199466 0.9576846190871613
o 4270 0.9094321520675908 0.9153254111833495
o 4280 0.8780524841222169 0.8847897836993677
o 4290 0.9386218799971748 0.9435313061165506
o 4300 0.30115487853570877 0.3107544738512694
o 4310 0.9514637615471884 0.9558474954277325
o 4320 0.9998094654176469 0.9999903279212801
o 4330 0.7263231935721549 0.7355618707395748
o 4340 0.7948528499471216 0.8032019074552639
o 4350 0.826747613941172 0.8345623524109342
o 4360 0.3758710759881533 0.38598693399785
o 4370 0.7408133423268561 0.7498895412633324
o 4380 0.40746910056679714 0.4177241193090653
o 4390 0.957818545194345 0.9619117549543987
o 4400 0.7052073586848869 0.7146608847722015
o 4410 0.8373257438057431 0.844942634430721
o 4420 0.7646897585844749 0.7734695332847665
o 4430 0.9989440095309458 0.9995188105517668
o 4440 0.8052039944817347 0.8133892076016479
o 4450 0.9973797300769236 0.99834399084297
o 4460 0.9548289751833474 0.9590617753580342
o 4470 0.9942872149376456 0.9957573027521425
o 4480 0.8254156467115472 0.8332545196423579
o 4490 0.9777665653779886 0.980740702445611
o 4500 0.05832949292804746 0.08530989186623539
o 4510 0.9972796865695792 0.99826406949099
o 4520 0.8825474320042614 0.8891741617762794
o 4530 0.9774975131398459 0.9804897962096992
o 4540 0.7415173992731394 0.7505853783772158
o 4550 0.9507072734198202 0.9551240973323819
o 4560 0.9167947906186598 0.9224616689255951
o 4570 0.8734679868987086 0.8803149684579925
o 4580 0.9934201214487471 0.9950045701217297
o 4590 0.9125389136589177 0.9183381838758514
o 4600 0.9925144539220145 0.9942104097983075
o 4610 0.9213477482514524 0.9268680287225417
o 4620 0.8881379805019048 0.8946227750283295
o 4630 0.6514115118015158 0.6613048376223034
o 4640 0.8206131935653493 0.8285376939591711
o 4650 0.9988727865115414 0.9994701057402408
o 4660 0.8266870681182684 0.8345029073249437
o 4670 0.9976700223482383 0.998573588752811
o 4680 0.9979286594250477 0.9987748413646883
o 4690 0.15430410876269773 0.19393862055735567
o 4700 0.9224152463475808 0.9279003705790652
o 4710 0.9415994522731358 0.946393286892992
o 4720 0.9714887823838446 0.9748594478133447
o 4730 0.9966503860977012 0.9977535678378251
o 4740 0.44659028159215053 0.4569570125970768
o 4750 0.8441925180914984 0.8516748294554446
o 4760 0.9614981421216178 0.965411602859316
o 4770 0.9910090732494717 0.9928760622287051
o 4780 0.9824339963055791 0.9850725448403926
o 4790 0.9840055937179677 0.9865206990739311
o 4800 0.9984298320990661 0.9991534027843956
o 4810 0.9027349006018154 0.908823666593467
o 4820 0.9128943332778815 0.9186827109775579
o 4830 0.8020487969544368 0.8102848791722368
o 4840 0.9396515952249375 0.9445214363414157
o 4850 0.9484897758054218 0.9530019283412088
o 4860 0.5562170947638941 0.5665536207227758
o 4870 0.9981894224879377 0.9989739506694784
o 4880 0.8517590822959459 0.8590871297351574
o 4890 0.12936775644872828 0.16647567086253723
o 4900 0.6757399835296017 0.6854526989235954
o 4910 0.8792469361750694 0.8859551525260818
o 4920 0.9991000077843155 0.99962262720283
o 4930 0.993249338059327 0.9948553866140609
o 4940 0.9893217051485201 0.991363720988298
o 4950 0.36944846701290057 0.37953051706594565
o 4960 0.9888379973576672 0.9909275101851664
o 4970 0.9742319727553304 0.9774358383955396
o 4980 0.9772388654070673 0.9802484838331992
o 4990 0.29515224332837986 0.3046980213741475
o 5000 0.9879665917397014 0.9901390607918285
o 5010 0.9984759245855118 0.9991872808319237
o 5020 0.7689579238847817 0.7776807261408293
o 5030 0.994061982967306 0.9955625809333555
o 5040 0.9385301331338851 0.9434430667490732
o 5050 0.8803503824278655 0.8870315408040976
o 5060 0.8772326257872198 0.8839897649831726
o 5070 0.9358803502038565 0.9408932472994415
o 5080 0.9554123387064554 0.9596183239883598
o 5090 0.991824313271992 0.993600676881593
o 5100 0.8676105144163524 0.874593319485666
o 5110 0.9885963526177916 0.9907091953335433
o 5120 0.9951268812125086 0.9964774558138757
o 5130 0.8833271213553979 0.8899343555128029
o 5140 0.5538442829350175 0.5641867909933739
o 5150 0.9982921512935677 0.9990511656445621
o 5160 0.9828500093821189 0.9854564662512991
o 5170 0.9496443536957125 0.9541071768851153
o 5180 0.9851943270402336 0.9876117761181483
o 5190 0.9744074543304166 0.9776003299457152
o 5200 0.8342264120446466 0.8419024314554421
o 5210 0.6286315963920961 0.6386681882781577
o 5220 0.9178616492737385 0.9234946503345147
o 5230 0.9973352402042412 0.9983084964953515
o 5240 0.9616622484907945 0.9655674717050218
o 5250 0.9377452532465301 0.9426880644244795
o 5260 0.869866219240309 0.8767972763210765
o 5270 0.997135537593538 0.9981482670612255
o 5280 0.9985684399660495 0.9992547027814671
o 5290 0.999565558673665 0.9998960216619766
o 5300 0.9486430192415065 0.9531486618709066
o 5310 0.9983723603332938 0.9991109098276848
o 5320 0.9980190946752646 0.9988443640031044
o 5330 0.9774561258165733 0.9804511899179629
o 5340 0.999717988398479 0.9999627351752136
o 5350 0.996125088015969 0.9973190093341655
o 5360 0.7233977702868526 0.7326677343792052
o 5370 0.9972907921738364 0.9982729600459088
o 5380 0.6644370627386283 0.6742373231424865
o 5390 0.9980304180417948 0.998853035214155
o 5400 0.957941465027813 0.962028816590945
o 5410 0.8844410473633525 0.8910202624776421
o 5420 0.7889787002720637 0.7974169399355551
o 5430 0.9998794920615223 0.9999996803882305
o 5440 0.8430108477978158 0.8505166771025412
o 5450 0.9872643423665683 0.9895014256760761
o 5460 0.9928017186493455 0.9944630913243997
o 5470 0.9996750511339219 0.9999459758541345
o 5480 0.9440277228117558 0.9487246517304077
o 5490 0.9965735461617428 0.9976904297659097
o 5500 0.9868874131011409 0.9891584165165689
o 5510 0.893346036309451 0.8996939383938306
o 5520 0.997390859221408 0.998352857711563
o 5530 0.8451621511321442 0.8526250508894894
o 5540 0.9953106190314637 0.9966336762948285
o 5550 0.9976812288951316 0.9985823776972912
o 5560 0.7495849940289299 0.7585565698100787
o 5570 0.9341383031469406 0.9392155557123921
o 5580 0.9672586531047412 0.9708702201831654
o 5590 0.9961796414257631 0.9973644417176062
o 5600 0.21019521827787524 0.25432490289259035
o 5610 0.9106503585823125 0.9165070220551734
o 5620 0.5201271394128256 0.5305290297566309
o 5630 0.9891218434990057 0.9911836163612052
o 5640 0.910812798810099 0.916664557476973
o 5650 0.9780356784509248 0.9809915478051779
o 5660 0.9930787021440787 0.9947060552852527
o 5670 0.9493275778163208 0.9538040003893845
o 5680 0.8924136808587713 0.8987864336249755
o 5690 0.984026431313163 0.986539858169019
o 5700 0.9689043121044371 0.9724243113715837
o 5710 0.8519005446967911 0.8592256461070982
o 5720 0.10463419263362628 0.1388103371190934
o 5730 0.7846067007118922 0.793109596632344
o 5740 0.9816960769783732 0.9843905800149124
o 5750 0.9992342708494422 0.9997081631039612
o 5760 0.9742216509592616 0.9774261617720734
o 5770 0.9938477665821225 0.995376840547924
o 5780 0.8246689750985245 0.8325213033750332
o 5790 0.9528646944922909 0.9571863517177003
o 5800 0.9260662819351769 0.9314287875604799
o 5810 0.9947279302940302 0.9961364944014218
o 5820 0.9973463587040767 0.9983173740753851
o 5830 0.9991974091936578 0.9996850848564172
o 5840 0.9492662692831941 0.9537453181394563
o 5850 0.9969917808378412 0.9980320701532311
o 5860 0.9962233100853685 0.9974007615823824
o 5870 0.9506766081686707 0.955094767195189
o 5880 0.9977373116869959 0.9986262720005026
o 5890 0.8416272793767916 0.849160453186098
o 5900 0.9597961224159341 0.963793879488807
o 5910 0.8376185403239853 0.8452297939604889
o 5920 0.9909562141191177 0.9928289306541392
o 5930 0.999565558673665 0.9998960216619766
o 5940 0.9498385192502607 0.9542929821374235
o 5950 0.7663103791787447 0.775068668974974
o 5960 0.8785181051455452 0.8852440928508246
o 5970 0.9917183035127741 0.9935067057639481
o 5980 0.9939762633733303 0.9954883179063568
o 5990 0.9993336475888702 0.9997686002519833
o 6000 0.8682983158626807 0.8752654148718424
o 6010 0.985476179231244 0.9878698786970128
o 6020 0.9043478967247507 0.9103904286740354
o 6030 0.8078252446199883 0.8159675636705286
o 6040 0.9813636955853982 0.9840830134504033
o 6050 0.9562005552554937 0.9603699887152577
o 6060 0.9961359958522034 0.9973280986685701
o 6070 0.87564365986002 0.8824389692033766
o 6080 0.8881278503690077 0.8946129066801504
o 6090 0.8754817374649233 0.8822809158820359
o 6100 0.9957767482796838 0.9970274367139912
o 6110 0.9880924749349753 0.9902531567716539
o 6120 0.9785844482845545 0.9815026931033779
o 6130 0.9995389947463791 0.9998826879485003
o 6140 0.9998094654176469 0.9999903279212801
o 6150 0.9746965287020922 0.9778712112826763
o 6160 0.8267778869191931 0.8345920748873585
o 6170 0.9885963526177916 0.9907091953335433
o 6180 0.9972796865695792 0.99826406949099
o 6190 0.9326309926031375 0.9377630923667154
o 6200 0.9545219824959196 0.9587688142672468
o 6210 0.8607038943060191 0.8678409756555995
o 6220 0.972457646328078 0.9757704360805125
o 6230 0.9433338030787304 0.9480586756742054
o 6240 0.9971687667274888 0.9981750269249466
o 6250 0.9922912733150302 0.9940136316833673
o 6260 0.9700879807757765 0.9735404627398313
o 6270 0.9840055937179677 0.9865206990739311
o 6280 0.9996195632227871 0.999921775321969
o 6290 0.9732001421533069 0.9764678268442043
o 6300 0.965994431600449 0.9696746333272768
o 6310 0.9951052837959872 0.9964590580735077
o 6320 0.9976588190754329 0.9985647965108426
o 6330 0.9994221808168059 0.9998198616983294
o 6340 0.9980984511221858 0.9989049687990127
o 6350 0.9959943021305604 0.9972098287232927
o 6360 0.9986265038159704 0.9992965968956327
o 6370 0.8530423914574128 0.8603436280089376
o 6380 0.9872643423665683 0.9895014256760761
o 6390 0.7087040172287021 0.7181236996772927
o 6400 0.7444746077316886 0.7535077249648771
o 6410 0.9129958844704651 0.9187811445617932
o 6420 0.9353709240224393 0.9404027499130267
o 6430 0.9976364222472532 0.9985472022405449
o 6440 0.9939869758836998 0.9954976032301155
o 6450 0.9874005226210247 0.9896252231051409
o 6460 0.8593290045604863 0.8664960716686569
o 6470 0.9942872149376456 0.9957573027521425
o 6480 0.9299839327063145 0.9352105492917395
o 6490 0.9566408118493998 0.9607896657929079
o 6500 0.9800146040116166 0.9828323154726686
o 6510 0.9998794920615223 0.9999996803882305
o 6520 0.9572552257402736 0.9613751593158706
o 6530 0.8880468096161688 0.8945339595835753
o 6540 0.9933774114465764 0.9949672884334565
o 6550 0.9954296662896721 0.9967346015135036
o 6560 0.1897278633227841 0.23237336614042858
o 6570 0.620710113077106 0.6307908665422413
o 6580 0.9953430738399972 0.9966612140238508
o 6590 0.9885858493804591 0.9906997003235622
o 6600 0.8296641160216967 0.8374254124265466
o 6610 0.8006678982779496 0.8089259853297652
o 6620 0.8789837425442973 0.8856983856251291
o 6630 0.9937942548269268 0.9953303629997726
o 6640 0.9983494143722831 0.9990938694504349
o 6650 0.5842494135114303 0.5944970686567205
o 6660 0.9825067834753047 0.9851397462192995
o 6670 0.994469787649413 0.9959146919557632
o 6680 0.993164002035706 0.9947807390576213
o 6690 0.9100818413819107 0.9159556244783257
o 6700 0.5860727526853245 0.5963134542129522
o 6710 0.9405081505246156 0.9453447524696617
o 6720 0.9947817708010861 0.9961826422723513
o 6730 0.9599498765377107 0.9639401021670455
o 6740 0.47241928105218156 0.4828241036282228
o 6750 0.9993336475888702 0.9997686002519833
o 6760 0.9992342708494422 0.9997081631039612
o 6770 0.9999000177236425 0.9999999949987496
o 6780 0.8973702585080359 0.9036091128965843
o 6790 0.9210834393652635 0.9266123772351799
o 6800 0.9745313363119124 0.9777164289863842
o 6810 0.9567739246726961 0.960916532912751
o 6820 0.9889325912566941 0.9910129004223053
o 6830 0.991125395645545 0.9929797193268399
o 6840 0.984130628274475 0.9866356446504143
o 6850 0.9556068160253695 0.9598038173797732
o 6860 0.9622879977246447 0.9661616279416754
o 6870 0.7633208573750011 0.7721186403625467
o 6880 0.9074732163553773 0.9134246405463105
o 6890 0.9742216509592616 0.9774261617720734
o 6900 0.9493071415334683 0.953784439744604
o 6910 0.880066919436218 0.8867550463025701
o 6920 0.9734270853089879 0.9766808489963623
o 6930 0.9587917980468473 0.9628383553573291
o 6940 0.8991446408073976 0.9053344645965113
o 6950 0.9527624183274807 0.9570886432723781
o 6960 0.9970691415350228 0.9980946847680788
o 6970 0.9790195120867772 0.9819075619126436
o 6980 0.8973803969848018 0.9036189728998996
o 6990 0.5019323651803245 0.5123465549899103
o 7000 0.9965735461617428 0.9976904297659097
o 7010 0.8950285276538397 0.9013311948118637
o 7020 0.9985916421321996 0.9992714840859439
o 7030 0.744243251587924 0.7532791159183244
o 7040 0.9925144539220145 0.9942104097983075
o 7050 0.9903331389428749 0.9922721143852146
o 7060 0.9569992053271884 0.9611312183115355
o 7070 0.9398963104763907 0.9447566843586779
o 7080 0.9864270774856775 0.9887388269706102
o 7090 0.8188781187097534 0.826833029388074
o 7100 0.9883233492867308 0.990462244124939
o 7110 0.9978384799556884 0.9987050608755791
o 7120 0.9968483856780137 0.9979155096722022
o 7130 0.449736971681618 0.46010984610362826
o 7140 0.9616930195634211 0.9655966959847794
o 7150 0.9972796865695792 0.99826406949099
o 7160 0.9595091369373457 0.9635209082659546
o 7170 0.8300072613861517 0.8377622155421068
o 7180 0.9905336604597704 0.9924515581269173
o 7190 0.9662204986708411 0.9698885320038273
o 7200 0.9328346606158591 0.9379593938032859
o 7210 0.893346036309451 0.8996939383938306
o 7220 0.9346272447548829 0.9396865407532221
o 7230 0.9766183305271565 0.9796691143051374
o 7240 0.9098483538272267 0.9157291470336248
o 7250 0.9935269386712499 0.9950977320230355
o 7260 0.9749443528401575 0.9781033491530216
o 7270 0.9980304180417948 0.998853035214155
o 7280 0.9964858324078556 0.997618168161663
o 7290 0.9976364222472532 0.9985472022405449
o 7300 0.9325291612152421 0.9376649390293553
o 7310 0.9957658838050885 0.9970183038440341
o 7320 0.8660226240317366 0.8730414480540526
o 7330 0.998967851134707 0.9995349432565738
o 7340 0.9979512435138521 0.9987922469518947
o 7350 0.8262228893655866 0.8340471557757972
o 7360 0.9535193315953091 0.957811616097495
o 7370 0.8199675680602708 0.8279034164228153
o 7380 0.9517295909163308 0.9561016260719485
o 7390 0.9532431418023335 0.957547847457018
o 7400 0.9368789617814068 0.9418544858843798
o 7410 0.9771457655581473 0.9801615980338789
o 7420 0.9684619093278198 0.9720067813472504
o 7430 0.6581144358313681 0.6679609030901333
o 7440 0.9577673300616619 0.961862977807452
o 7450 0.9785844482845545 0.9815026931033779
o 7460 0.979713903752572 0.9825530624825565
o 7470 0.9970691415350228 0.9980946847680788
o 7480 0.9978047248954649 0.9986788304656162
o 7490 0.9091073251218756 0.9150102868217015
o 7500 0.898850579477863 0.9050485700089208
o 7510 0.8963868721655022 0.9026526466624594
o 7520 0.9785326662728014 0.9814544831295123
o 7530 0.914011463657722 0.91976541313293
o 7540 0.9927591375570419 0.994425680429756
o 7550 0.9812494675181828 0.9839772593841524
o 7560 0.8633529179281171 0.8704315546339857
o 7570 0.9924931894983773 0.9941916781722667
o 7580 0.7009274249046679 0.7104214631096807
o 7590 0.9911994424525293 0.9930456594292085
o 7600 0.9967713131357254 0.9978526053648469
o 7610 0.9887854543277683 0.9908800620155389
o 7620 0.9474682994024924 0.9520235582648114
o 7630 0.9271345000315456 0.9324604092828845
o 7640 0.93111388352658 0.9363004289998892
o 7650 0.988144936243858 0.9903006867727113
o 7660 0.9734786679187443 0.9767292584993905
o 7670 0.9936017472748059 0.995162908716481
o 7680 0.842303902047177 0.8498237289591231
o 7690 0.9540820079479206 0.9583488550509228
o 7700 0.8694312355824235 0.8763723252222172
o 7710 0.9819766201283959 0.9846499928734747
o 7720 0.7890189986030265 0.7974566355478679
o 7730 0.9501348958035855 0.954576561020782
o 7740 0.9946203131124693 0.996044134633569
o 7750 0.9908293890159632 0.9927157780017251
o 7760 0.9890797799341008 0.9911456870076506
o 7770 0.9560265169850067 0.960204053203058
o 7780 0.9999239938640181 1
o 7790 0.9833078715234782 0.9858785318241305
o 7800 0.7074680905485417 0.7168998124671784
o 7810 0.9986497852455556 0.9993132979599499
o 7820 0.9982122145084209 0.9989911465055761
o 7830 0.9985684399660495 0.9992547027814671
o 7840 0.9917925059212395 0.9935724899777664
o 7850 0.7091160022407271 0.718531652628327
o 7860 0.8478693208910579 0.8552774748498703
o 7870 0.9401002488882391 0.944952715335175
o 7880 0.9976588190754329 0.9985647965108426
o 7890 0.9934414800433878 0.9950232073636566
o 7900 0.95272150867828 0.9570495590772865
o 7910 0.9955596849855485 0.9968445522661823
o 7920 0.9675568305810643 0.9711519974741917
o 7930 0.9893006623842371 0.9913447673092532
o 7940 0.9980304180417948 0.998853035214155
o 7950 0.9947279302940302 0.9961364944014218
o 7960 0.9979964608247334 0.9988270085895469
o 7970 0.9983264919604223 0.9990768052820472
o 7980 0.9962123907324228 0.9973916838135997
o 7990 0.9085490561827406 0.9144686394471271
o 8000 0.9077675373284758 0.9137102754535182
o 8010 0.9423237219789824 0.9470889084455818
o 8020 0.938968493857734 0.9438646402355613
o 8030 0.9878826881783981 0.9900629782123608
o 8040 0.99892021955174 0.9995026253706265
o 8050 0.980989910599686 0.9837368568657239
o 8060 0.969635011502451 0.9731135009105621
o 8070 0.9973352402042412 0.9983084964953515
o 8080 0.9828916223407185 0.9854948467311182
o 8090 0.9942335589583918 0.9957109698146643
o 8100 0.9958528341980665 0.9970913320741774
o 8110 0.8648090631547746 0.8718551909712232
o 8120 0.9163477686372566 0.9220287579207568
o 8130 0.9959943021305604 0.9972098287232927
o 8140 0.9972352892475651 0.9982284820246484
o 8150 0.9202702401904338 0.925825698327199
o 8160 0.7778889214179406 0.7864883857856837
o 8170 0.9645871579620663 0.9683421200489617
o 8180 0.9606059886846006 0.9645638909984561
o 8190 0.9953214362620237 0.9966428565803729
o 8200 0.9930467238551024 0.9946780396791838
o 8210 0.908386657137718 0.9143110628362381
o 8220 0.9879141502864401 0.9900915109093529
o 8230 0.8591874785320223 0.8663576189299275
o 8240 0.9936979750182213 0.9952466619565346
o 8250 0.951228620589573 0.9556226717534271
o 8260 0.9928230123107077 0.9944817936496527
o 8270 0.9514944331972777 0.9558768191641104
o 8280 0.9783462706177167 0.9812809076224421
o 8290 0.8181115018751673 0.8260797613567805
o 8300 0.993548309454328 0.9951163570467688
o 8310 0.9666521458131382 0.9702968194407562
o 8320 0.9117468887722879 0.9175703274907956
o 8330 0.9098585053324858 0.9157389940066932
o 8340 0.9977148684488135 0.9986087244743185
o 8350 0.9893217051485201 0.991363720988298
o 8360 0.9965735461617428 0.9976904297659097
o 8370 0.9975246259459578 0.9984590417445947
o 8380 0.9986381404199947 0.9993049515903288
o 8390 0.9958854612725865 0.9971186969029503
o 8400 0.9754194705073922 0.9785481585950612
o 8410 0.5123142445797624 0.522723105752342
o 8420 0.9975581327275154 0.9984855222219758
o 8430 0.9407325106215395 0.9455603586932361
o 8440 0.923787975721672 0.929227435387779
o 8450 0.9978497390306529 0.9987137969004476
o 8460 0.9994865835970232 0.9998552762881997
o 8470 0.9986497852455556 0.9993132979599499
o 8480 0.9994094264948036 0.9998126484893034
o 8490 0.9989917465252612 0.9995510212653725
o 8500 0.9954188385042565 0.9967254318195659
o 8510 0.9255780100054406 0.9309571327051044
o 8520 0.21864610859599184 0.2633406405937152
o 8530 0.7516474933005083 0.7605937602614312
o 8540 0.9945235285552766 0.995960939724957
o 8550 0.9990879149946528 0.9996147359402903
o 8560 0.9987784590257699 0.9994045196998897
o 8570 0.9816856882001125 0.9843809704210758
o 8580 0.996595491667816 0.997708478018561
o 8590 0.9505743924422048 0.9549969982933403
o 8600 0.9977822396736948 0.9986613252356356
o 8610 0.8801175373744262 0.886804420773913
o 8620 0.9895953639918206 0.9916100157568248
o 8630 0.9807096693284392 0.983477141880678
o 8640 0.9030797956286242 0.909158719864928
o 8650 0.9971576880058557 0.99816610932758
o 8660 0.9771147338306218 0.9801326345442691
o 8670 0.905413230465328 0.9114249352354296
o 8680 0.9469678675376282 0.9515440653293583
o 8690 0.9602061520172939 0.9641837880138876
o 8700 0.9438032079390527 0.948509200321267
o 8710 0.9073311337351396 0.9132867444651622
o 8720 0.9984183252285816 0.9991449168439261
o 8730 0.999717988398479 0.9999627351752136
o 8740 0.9982807155936814 0.9990426077982462
o 8750 0.9636836608665239 0.9674857538274847
o 8760 0.9954729882504474 0.9967712694318661
o 8770 0.9700365014399945 0.9734919499076149
o 8780 0.9983953304189399 0.9991279258286866
o 8790 0.9894900877613894 0.9915153098627467
o 8800 0.9997934737315558 0.9999865160465087
o 8810 0.9913052558253534 0.9931398272978506
o 8820 0.9982008159598506 0.9989825511496526
o 8830 0.999565558673665 0.9998960216619766
o 8840 0.987777829335726 0.9899678543526615
o 8850 0.9980871009964017 0.99889632457896
o 8860 0.9970028258468606 0.9980410216533581
o 8870 0.9979173733896185 0.9987661325134499
o 8880 0.9978497390306529 0.9987137969004476
o 8890 0.9962997871162358 0.9974642642235211
o 8900 0.9631601963998975 0.9669892974451582
o 8910 0.9926846404334789 0.9943601915329654
o 8920 0.8890497279604441 0.8955108908697439
o 8930 0.9975581327275154 0.9984855222219758
o 8940 0.9732310870057767 0.9764968772620973
o 8950 0.999003715108361 0.9995590390215284
o 8960 0.9773009358778472 0.9803064037920082
o 8970 0.9961796414257631 0.9973644417176062
o 8980 0.9944375526343755 0.9958869337381556
o 8990 0.9987432554791599 0.9993797532365777
o 9000 0.9977036519182175 0.9985999455855752
o 9010 0.6019048055248757 0.6120790116319891
o 9020 0.9809587685998978 0.9837080037291989
o 9030 0.9957007224029903 0.9969634810820441
o 9040 0.9907026149724899 0.9926025742022186
o 9050 0.9891113272019787 0.9911741344292244
o 9060 0.9999239938640181 1
o 9070 0.999647091932423 0.9999341015602782
o 9080 0.9999000177236425 0.9999999949987496
o 9090 0.9946418298357893 0.9960626133202795
o 9100 0.9934842044821095 0.9950604745804453
o 9110 0.9378879500061407 0.9428253462508916
o 9120 0.9969255552289567 0.9979783164661415
o 9130 0.9848291447943992 0.9872770168065237
o 9140 0.996892470431728 0.9979514114652585
o 9150 0.9501655567363732 0.954605895477604
o 9160 0.9892375407580744 0.9912878995956558
o 9170 0.9012235903814625 0.9073552033694288
o 9180 0.9970470275238427 0.9980768058937483
o 9190 0.9959289819613767 0.9971551653479269
o 9200 0.995744158511085 0.997000034434985
o 9210 0.9591606930929861 0.9631894046729668
o 9220 0.9999239938640181 1
o 9230 0.9997934737315558 0.9999865160465087
o 9240 0.9657272909924246 0.9694218144032578
o 9250 0.9535807100532823 0.9578702284015476
o 9260 0.9834432001797787 0.9860031817638314
o 9270 0.9926740000241187 0.9943508339350129
o 9280 0.3855267049561601 0.3956898408917795
o 9290 0.9265851094598816 0.9319298822375661
o 9300 0.9994221808168059 0.9998198616983294
o 9310 0.9995522439324256 0.9998893888980779
o 9320 0.9027349006018154 0.908823666593467
o 9330 0.8874997989493031 0.8940010522660062
o 9340 0.989848146484747 0.9918371901822268
o 9350 0.8710903133675206 0.8779929985952992
o 9360 0.970613152699733 0.9740352108875099
o 9370 0.9877987992854507 0.9899868809457211
o 9380 0.9657170169886107 0.969412089963275
o 9390 0.9974688401759891 0.9984148483563065
o 9400 0.8430512455201905 0.850556273316872
o 9410 0.9391520047056032 0.9440411018452324
o 9420 0.9901643702669941 0.9921209121684088
o 9430 0.9793511053833982 0.9822159171881795
o 9440 0.9984298320990661 0.9991534027843956
o 9450 0.875876426669404 0.8826661674860612
o 9460 0.9931533375879873 0.9947714055518596
o 9470 0.9843703387944382 0.9868558959927667
o 9480 0.999460688515219 0.9998412488613985
o 9490 0.9657170169886107 0.969412089963275
o 9500 0.9914216951047932 0.9932433673033176
o 9510 0.9984413453868268 0.9991618822380575
o 9520 0.9936765866204058 0.9952280545914401
o 9530 0.5081932299910852 0.5186047434370495
o 9540 0.9913264231037838 0.9931586562594109
o 9550 0.9708912467667665 0.9742970744739573
o 9560 0.6323421561326562 0.6423570688694337
o 9570 0.9978384799556884 0.9987050608755791
o 9580 0.8492533699490382 0.8566332180905448
o 9590 0.9888064707612181 0.990899042062966
o 9600 0.9624008537367433 0.9662687548770303
o 9610 0.6281402218594966 0.638179636928483
o 9620 0.6182036138342893 0.6282977439284829
o 9630 0.9770009574487063 0.9800264284590454
o 9640 0.9207784792847417 0.9263173830365934
o 9650 0.987316715112585 0.9895490443520211
o 9660 0.9915699596247168 0.9933750762918524
o 9670 0.699089015312524 0.7086001495845717
o 9680 0.6279496903789071 0.6379901971485464
o 9690 0.9861761434096459 0.9885098016863892
o 9700 0.288394234824477 0.2978770572120448
o 9710 0.977218175945471 0.9802291764844747
o 9720 0.8707463425020704 0.8776570210515339
o 9730 0.9669296786280385 0.9705592445493821
o 9740 0.6019248496061456 0.6120989645257052
o 9750 0.9911359726350916 0.9929891404691831
o 9760 0.9955596849855485 0.9968445522661823
o 9770 0.07946739000537954 0.11008182343678019
o 9780 0.7509029655067234 0.7598584000583628
o 9790 0.9504926218256964 0.9549187812065577
o 9800 0.989058749770861 0.9911267207093566
o 9810 0.9961796414257631 0.9973644417176062
o 9820 0.9343725824604961 0.9394412412524913
o 9830 0.77941966285697 0.7879974142211092
o 9840 0.8824360517378658 0.8890655587439986
o 9850 0.944293072782123 0.9489792619076675
o 9860 0.968451622066613 0.9719970701706391
o 9870 0.8498898672840973 0.8572566252401048
o 9880 0.8059903388602976 0.8141627450870225
o 9890 0.4843842895020451 0.49479728487177344
o 9900 0.9084983061691254 0.9144193970683218
o 9910 0.8819297901065601 0.8885718962889906
o 9920 0.9798901656345123 0.9827167732030305
o 9930 0.993751457291225 0.9952931690623088
o 9940 0.6807399988748084 0.6904119301722778
o 9950 0.9975246259459578 0.9984590417445947
o 9960 0.8492432670044593 0.8566233225511923
o 9970 0.6146947548199099 0.6248071323402629
o 9980 0.7469793978536396 0.7559825579857437
o 9990 0.9882708676520491 0.9904147344765
