0 0.0
50 0.0
100 1.2125127750662161
150 0.062594771508593
200 0.0
250 0.2336658255326364
300 0.5319294153544456
350 0.0
400 0.529155710772283
450 2.0426758183072673
500 1.9552493739973305
550 1.3286737080221154
600 0.0
650 1.906822475028793
700 1.8501494630513955
750 0.0
800 0.9693484405276913
850 0.41443331649315823
900 0.0
950 3.0721415890312445
1000 0.9812998411774922
1050 1.7727869572399797
1100 0.0
1150 0.0
1200 1.9862053372037385
1250 2.9426979543331644
1300 0.46419167384346327
1350 2.395115562527829
1400 0.0
1450 2.6827311035771917
1500 1.0749138586681748
1550 0.0
1600 0.0
1650 0.0
1700 0.0
1750 0.7920425258775388
1800 0.0
1850 0.40573360957448196
1900 0.0
1950 2.741465533780328
2000 0.0
2050 2.623910402223215
2100 0.0
2150 0.0
2200 1.213431299093941
2250 0.72932024041821
2300 0.0
2350 0.0
2400 0.0
2450 1.2163079711777645
2500 0.0
2550 0.0
2600 0.0
2650 0.24920996944325238
2700 0.0
2750 0.0
2800 2.3572685438459033
2850 0.0
2900 0.0
2950 0.0
3000 0.0
3050 1.3252416762421753
3100 0.0
3150 0.0
3200 1.6250846481610786
3250 0.0
3300 0.0
3350 0.0
3400 0.0
3450 0.0
3500 3.0721415890312445
3550 2.0289669701043014
3600 2.100028640613203
3650 0.0
3700 0.0
3750 0.0
3800 0.0
3850 0.7284914553952851
3900 0.3062545019294693
3950 0.8541099512118033
4000 2.6140883134167625
4050 0.0
4100 0.47255656407501556
4150 1.9676567803062373
4200 0.0
4250 2.2887173334239685
4300 0.0
4350 1.8252530322157399
4400 0.0
4450 2.0875913746302555
4500 1.5104035220236196
4550 0.0
4600 0.0
4650 0.0
4700 1.3072976719469116
4750 1.7673490401983454
4800 3.316510661559037
4850 1.227238646009488
4900 0.0
4950 2.341872627675955
5000 2.9657886495873367
5050 1.7874992897758109
5100 0.0
5150 0.6840292558476735
5200 0.0
5250 0.0
5300 1.6111040821367586
5350 0.0
5400 0.0
5450 0.0
5500 1.5220805216730084
5550 1.6923189159406689
5600 0.0838170495870201
5650 1.0054849362315035
5700 0.0
5750 0.0
5800 1.9484603241714051
5850 0.0
5900 0.8913251891595058
5950 0.0
6000 0.0
6050 0.306592974616279
6100 1.3433064863027226
6150 0.0
6200 0.0
6250 0.0
6300 0.0
6350 2.844325378748911
6400 2.184617957052513
6450 3.206675691208937
6500 0.37836920735426016
6550 0.0
6600 1.0207074179482525
6650 1.41013260608413
6700 0.0
6750 0.1695859740241994
6800 3.0053767051113773
6850 0.0
6900 1.3467012553293751
6950 2.3659706327168957
7000 2.42706525141958
7050 1.8994776926850183
7100 0.0
7150 1.1541108518899135
7200 0.0
7250 0.0
7300 0.0
7350 0.6195502203921708
7400 2.6868385680822473
7450 0.0
7500 0.0
7550 1.6303101110861886
7600 1.847102193793242
7650 0.0
7700 0.0
7750 0.0
7800 2.0755407583406655
7850 1.346134143865536
7900 0.14930856913833612
7950 0.0
8000 0.46242027589187706
8050 0.0
8100 0.4575298133622176
8150 0.0
8200 0.0
8250 0.0
8300 0.0
8350 0.0
8400 0.0
8450 0.0
8500 0.0
8550 0.0
8600 0.0
8650 0.0
8700 0.0
8750 0.0
8800 0.8107045861853421
8850 0.0
8900 1.3465596044524937
8950 2.500070126015488
9000 0.0
9050 0.48883108723138347
9100 0.0
9150 0.0
9200 0.0
9250 0.4585698041159586
9300 0.0
9350 0.8777374235081631
9400 0.0
9450 0.0
9500 2.5584165339213794
9550 0.46627850508559143
9600 0.0
9650 0.0
9700 0.0
9750 0.0
9800 0.0
9850 0.0
9900 0.0
9950 0.3331098872575381
10000 0.5798158998585277
10050 0.0
10100 0.5617433869215402
10150 0.5034555559350529
10200 0.633267688479467
10250 0.0
10300 0.0
10350 1.5899509742128592
10400 0.0
10450 0.0
10500 0.6931282332069253
10550 1.6463252702791364
10600 0.0
10650 0.0
10700 0.0
10750 0.0
10800 0.0
10850 1.9210006192704188
10900 2.9022709205381836
10950 0.41301389044561404
11000 0.7897426703214481
11050 1.9974269170658927
11100 0.0
11150 0.11474207165799968
11200 0.0
11250 0.8489962228076393
11300 0.6929431055568742
11350 0.6108715935864117
11400 0.0
11450 2.1691303160473794
11500 0.6198987423604279
11550 0.0
11600 0.0
11650 0.0
11700 0.0
11750 0.0
11800 0.0
11850 0.0
11900 0.0
11950 3.316510661559037
12000 0.0
12050 1.2508783792213078
12100 0.0
12150 0.7763848463594225
12200 1.7809026148339553
12250 0.21366079468488716
12300 0.0
12350 2.5159866801529187
12400 1.1276755003864274
12450 0.0
12500 0.0
12550 2.8675513618498374
12600 0.0
12650 0.0
12700 0.0
12750 0.0
12800 2.7517137332326946
12850 0.0
12900 0.0
12950 0.0
13000 1.987789514875303
13050 0.0
13100 1.7641806056966889
13150 1.7383871553471717
13200 0.8152005622201415
13250 0.0
13300 0.7955021500661084
13350 1.7398830095734006
13400 1.0414443556629438
13450 0.0
13500 1.3671928430585363
13550 0.0
13600 0.0
13650 1.4669389683363936
13700 1.4989755125757402
13750 1.4297469372393783
13800 1.736895088502459
13850 1.715931442653705
13900 1.0237869562272541
13950 1.02643675951914
14000 1.0561069102374971
14050 0.0
14100 0.0
14150 0.23108379433933396
14200 3.316510661559037
14250 0.0
14300 2.3473906177013886
14350 0.0
14400 0.4185449481404864
14450 1.2875375724097344
14500 2.239499200420471
14550 0.3391144727639507
14600 0.0
14650 0.769671572912982
14700 2.0632116012416724
14750 0.0
14800 0.1831910199896656
14850 0.0
14900 0.0
14950 0.0
15000 1.0587778185424406
15050 2.563816439210631
15100 0.0
15150 0.0
15200 0.0
15250 0.0
15300 0.0
15350 0.0
15400 0.0
15450 2.663034303924996
15500 0.8098075009407197
15550 0.0
15600 0.0
15650 0.0
15700 0.0
15750 0.0
15800 1.0047964082346208
15850 2.691007088275648
15900 0.0
15950 0.28006596224295355
16000 2.15507172079716
16050 1.009197843573896
16100 0.0
16150 0.0
16200 3.2517827580276113
16250 0.0
16300 0.7195431532746888
16350 3.316510661559037
16400 2.717395418848648
16450 0.0
16500 0.0
16550 0.0
16600 0.0
16650 1.1214185094696731
16700 0.0
16750 1.012929098962449
16800 0.0
16850 0.0
16900 0.0
16950 0.6392098117821434
17000 2.7517137332326946
17050 0.0
17100 0.0
17150 0.0
17200 0.0
17250 0.0
17300 0.0
17350 0.0
17400 0.262795375379753
17450 0.0
17500 2.540234331707179
17550 1.752641976460437
17600 0.0
17650 0.0
17700 0.45022249071245934
17750 0.0
17800 0.0
17850 0.0
17900 0.0
17950 1.1421131022583815
18000 0.24067449546166025
18050 0.0
18100 3.141276614524216
18150 0.9668804726573592
18200 0.8236955248345452
18250 0.0
18300 0.6743338187159738
18350 0.08368478260171278
18400 0.27544068116549353
18450 0.0
18500 2.0289669701043014
18550 1.0212342894222637
18600 0.0
18650 0.6288157625633501
18700 0.0
18750 1.8436980397685874
18800 0.795705830230214
18850 0.7652430017878653
18900 0.0
18950 1.9196507991286436
19000 0.4950367994563752
19050 0.0
19100 1.4841634911531003
19150 0.0
19200 0.0
19250 0.0
19300 0.0
19350 3.053432597017981
19400 0.9653214628219804
19450 0.0
19500 0.0
19550 0.0
19600 0.0
19650 0.352399487483258
19700 0.0
19750 0.0
19800 3.316510661559037
19850 0.0
19900 1.0110177128044842
19950 2.9022709205381836
20000 0.0
20050 0.0
20100 0.0
20150 0.0
20200 1.185433379272339
20250 0.0
20300 0.44712223396674433
20350 1.899048788116284
20400 0.0
20450 0.3996357010192517
20500 0.0
20550 0.378917663669723
20600 0.4034639474730996
20650 0.0
20700 1.4315489367592782
20750 0.0
20800 2.691007088275648
20850 0.0
20900 0.0
20950 0.0
21000 0.0
21050 0.0
21100 0.0
21150 0.0
21200 0.007744242532675048
21250 3.171063620517687
21300 1.8708942824586163
21350 0.0
21400 0.9714935489315786
21450 3.0721415890312445
21500 0.0
21550 1.5881908895756816
21600 0.6192017932583089
21650 0.0
21700 0.0
21750 0.0
21800 1.702177021007373
21850 1.7495717819350127
21900 0.0
21950 0.758929483670499
22000 0.0
22050 0.0
22100 2.1209516519547407
22150 0.2098780567766324
22200 0.0
22250 0.0
22300 0.0
22350 0.0
22400 0.0
22450 0.0
22500 0.0
22550 1.6217874735163624
22600 0.0
22650 2.319363962326687
22700 0.2902996543643036
22750 1.3971610090910298
22800 0.0
22850 0.0
22900 0.0
22950 0.0
23000 0.0
23050 1.6389814160892517
23100 0.0
23150 0.0
23200 0.057183976278599724
23250 2.6952371758689044
23300 1.682924063086704
23350 0.0
23400 2.3080177520380207
23450 0.0
23500 0.0
23550 2.6481923195344543
23600 2.0795163273067194
23650 0.0
23700 0.0
23750 3.171063620517687
23800 1.1922965217782753
23850 2.0842059058609115
23900 0.0
23950 0.0
24000 0.0
24050 0.0
24100 0.0
24150 0.29221767893216405
24200 0.0
24250 0.0
24300 0.36072382074499365
24350 0.0
24400 0.0
24450 0.0
24500 0.0
24550 2.1021406907489153
24600 0.0
24650 0.0
24700 0.0
24750 0.0
24800 0.0
24850 0.0
24900 1.7088639423833099
24950 0.0
25000 1.5032557352384601
25050 0.0
25100 0.0
25150 1.6575492669693157
25200 0.0
25250 1.2499058158393046
25300 0.0
25350 1.6837218304796213
25400 2.42706525141958
25450 0.0
25500 0.9819692768799517
25550 1.0970189577890213
25600 0.0
25650 0.0
25700 3.316510661559037
25750 0.0
25800 0.0
25850 1.2696317662712948
25900 2.844325378748911
25950 0.0
26000 0.6520753884797659
26050 0.5911848169463307
26100 0.5942555475157759
26150 0.3610696857105244
26200 0.0
26250 1.0051403342255218
26300 0.0
26350 0.0
26400 0.0
26450 0.0
26500 0.0
26550 0.0
26600 0.0
26650 1.6334239477217456
26700 0.0
26750 0.09652818815957236
26800 0.0
26850 0.0
26900 2.333758615785033
26950 0.0
27000 2.0272130301047797
27050 0.0
27100 0.0
27150 0.41392719251791327
27200 0.0
27250 0.0
27300 2.1908207005529157
27350 2.044499189824476
27400 1.387051301327777
27450 0.0
27500 0.0
27550 1.5454223211367109
27600 3.206675691208937
27650 0.0
27700 0.7529146559235211
27750 0.0
27800 0.0
27850 1.5959367697253204
27900 0.0
27950 0.0
28000 0.6339724188960092
28050 0.0
28100 1.3158662690795624
28150 0.0
28200 0.0
28250 2.0808502404988163
28300 0.0
28350 0.0
28400 0.0
28450 1.943202390488461
28500 0.0
28550 0.0
28600 0.0
28650 1.229235047462843
28700 2.8097315717546723
28750 0.0
28800 0.0
28850 0.9918178812730476
28900 0.0
28950 0.7262628073057942
29000 0.0
29050 2.319363962326687
29100 0.0
29150 2.7849993277137726
29200 0.0
29250 0.0
29300 1.016066289149129
29350 0.0
29400 1.463801306008243
29450 0.24340750215707535
29500 0.4511547837866509
29550 1.9310309033292934
29600 0.0
29650 0.0
29700 0.0
29750 1.2831730088398359
29800 0.0
29850 0.0
29900 0.0
29950 0.0
30000 0.0
30050 0.0
30100 1.6567934968980178
30150 1.6763236204380854
30200 0.0
30250 0.0
30300 2.014580654026169
30350 2.460516135458689
30400 0.0
30450 0.0
30500 0.9124890724949313
30550 1.1743995745044291
30600 2.318084689769582
30650 1.2844533995192262
30700 0.0
30750 3.2517827580276113
30800 0.0
30850 0.0
30900 0.0
30950 0.0
31000 0.0
31050 2.331096318010145
31100 3.171063620517687
31150 0.0
31200 0.0
31250 1.0033337219767962
31300 0.0
31350 0.0
31400 0.0
31450 0.3883494366560414
31500 0.0
31550 0.0
31600 0.3634915430864568
31650 0.0
31700 0.0
31750 0.0
31800 2.119471583487204
31850 0.0
31900 0.0
31950 0.0
32000 2.1494328443302146
32050 2.9657886495873367
32100 2.015712773739563
32150 0.0
32200 1.6122542556550687
32250 1.4847050281444774
32300 0.0
32350 0.0
32400 0.0
32450 1.3994839841738478
32500 0.0
32550 0.0
32600 0.9171243188820969
32650 1.685055511903482
32700 0.0
32750 0.09725501596301948
32800 0.31828752672991933
32850 0.0
32900 3.316510661559037
32950 1.116512185793178
33000 1.6196794020589933
33050 1.6797450301645247
33100 0.0
33150 0.03279747800058455
33200 0.0
33250 0.0
33300 0.7654407621563932
33350 0.0
33400 0.0
33450 1.4678143091444633
33500 2.0214218932124517
33550 1.0498803319198218
33600 0.0
33650 0.0
33700 0.0
33750 0.0
33800 0.0
33850 0.6897997513248482
33900 1.254291836613759
33950 1.1965376781649506
34000 0.0
34050 0.0
34100 0.0
34150 0.0
34200 0.6431086669249764
34250 0.7520027210974175
34300 0.0
34350 3.0721415890312445
34400 3.171063620517687
34450 0.0
34500 0.655238402164587
34550 0.0
34600 0.0
34650 0.0
34700 3.1154986379713288
34750 0.0
34800 0.0
34850 0.0
34900 0.0
34950 0.33882155198465214
35000 0.0
35050 2.5777511670849256
35100 0.0
35150 0.0
35200 0.0
35250 1.3406328355144659
35300 0.0
35350 2.4724845154096906
35400 0.0
35450 0.2300515384217428
35500 0.0
35550 0.0
35600 0.0
35650 0.42863347110026684
35700 2.3779343431390974
35750 0.0
35800 0.0
35850 0.5767777188482611
35900 0.0
35950 0.0
36000 0.0
36050 0.3867492028197134
36100 1.3983993219660307
36150 2.8097315717546723
36200 0.0
36250 0.5287204641734129
36300 0.8997906646078938
36350 2.9319414443931415
36400 0.6947957251884029
36450 0.0
36500 0.0
36550 0.0
36600 0.9489212570218402
36650 0.0
36700 1.0066919428434193
36750 0.0
36800 2.8675513618498374
36850 0.0
36900 0.6649573781645457
36950 0.4066417063976323
37000 0.0
37050 0.0
37100 0.0
37150 0.0
37200 0.0
37250 0.0
37300 3.316510661559037
37350 0.0
37400 0.936630048687005
37450 0.0
37500 0.0
37550 0.0
37600 0.0
37650 0.0
37700 0.0
37750 1.074537124183987
37800 2.726774044402245
37850 3.053432597017981
37900 0.0
37950 0.5487406012672433
38000 0.0
38050 0.0
38100 0.445264328928721
38150 2.8097315717546723
38200 0.0
38250 0.9889435561573272
38300 3.206675691208937
38350 2.111431173065534
38400 0.0
38450 0.21165449370152623
38500 0.0
38550 2.1725163301182433
38600 0.0
38650 0.0
38700 0.0
38750 0.0
38800 0.0
38850 0.0
38900 0.0
38950 2.15507172079716
39000 0.0
39050 1.8159559092999782
39100 0.0
39150 1.7938569254310144
39200 0.0
39250 0.23056665273184668
39300 0.0
39350 0.0
39400 0.0
39450 0.0
39500 0.0
39550 0.4602852820137683
39600 0.4967906524526311
39650 0.0
39700 1.8994776926850183
39750 0.0
39800 2.773443178008284
39850 0.0
39900 0.7586669085781763
39950 1.6446018108538225
40000 1.6300713777010318
40050 0.08846421338937853
40100 0.9227189127782287
40150 0.0
40200 0.0
40250 0.0
40300 0.26018535659314723
40350 0.0
40400 0.0
40450 1.7969005616325773
40500 1.0967271833733154
40550 0.0
40600 3.0926779538240563
40650 0.0
40700 0.0
40750 0.7425356722403764
40800 0.9850708427933341
40850 0.0
40900 0.0
40950 0.0
41000 0.0
41050 2.364504520260172
41100 1.8977675693866036
41150 0.0
41200 0.0
41250 0.029622117201245062
41300 0.0
41350 0.0
41400 0.0
41450 0.8646413869766165
41500 0.0
41550 0.0
41600 0.4541060557448249
41650 1.3644095932302782
41700 0.0
41750 0.0
41800 0.0
41850 0.0
41900 0.0
41950 0.27239387251227704
42000 0.0
42050 0.0
42100 0.0
42150 0.0
42200 1.5631120848547306
42250 0.4390866173146138
42300 0.0
42350 0.0
42400 0.0
42450 1.238712256463827
42500 0.0
42550 0.0
42600 2.329773031862069
42650 0.2605185709028697
42700 0.0
42750 0.0
42800 0.03776745946508219
42850 0.0
42900 0.0
42950 0.5858562352638452
43000 0.0
43050 1.8864009472276309
43100 0.0
43150 2.9216444853068175
43200 0.0
43250 0.5037215713722116
43300 0.0
43350 1.7635500378180538
43400 0.0
43450 0.0
43500 0.0
43550 0.34248934282654026
43600 0.0
43650 0.0
43700 2.413233046245754
43750 0.0
43800 0.0
43850 2.239499200420471
43900 1.0125807499011743
43950 0.0
44000 0.0
44050 3.316510661559037
44100 0.0
44150 0.0
44200 0.8505051687797089
44250 0.0
44300 0.3038948546061194
44350 1.423565104224032
44400 0.0
44450 0.0
44500 0.6958471161255142
44550 1.6729275670638954
44600 0.0
44650 1.007123418579213
44700 1.1011101424616605
44750 0.5350359116293538
44800 0.0
44850 2.5045357979423004
44900 0.0
44950 0.0
45000 1.1795114514543172
45050 2.1136070042033146
45100 2.4624804948813424
45150 0.0
45200 0.0
45250 1.2486934545705695
45300 1.5399894539652492
45350 0.0
45400 0.0
45450 0.0
45500 0.0
45550 0.0
45600 0.0
45650 0.20204685457252403
45700 1.9888493451175684
45750 2.61088554610499
45800 3.2517827580276113
45850 2.4324066623293974
45900 1.3407724109105454
45950 2.133772311774842
46000 0.0
46050 0.0
46100 2.1291976395362413
46150 0.0
46200 0.6227470354936484
46250 0.04978532176443104
46300 3.0926779538240563
46350 0.7735887525635208
46400 0.0
46450 0.0
46500 0.0
46550 0.0
46600 0.5377661380324934
46650 0.0
46700 0.0
46750 0.0
46800 0.6555368075845237
46850 0.0
46900 0.0
46950 0.0
47000 0.0
47050 2.27154043455166
47100 2.641046356032601
47150 0.8637649573700202
47200 0.0
47250 1.083733816954754
47300 3.141276614524216
47350 0.0
47400 1.8421940893899023
47450 2.8757908537674433
47500 0.9372648587155232
47550 1.2078279965058623
47600 0.0
47650 1.6185123898079978
47700 0.0
47750 2.6555181006328077
47800 1.5937122789538276
47850 0.0
47900 0.0
47950 0.0
48000 0.0
48050 0.0
48100 0.412000790316028
48150 2.7678452390093278
48200 0.0
48250 0.0
48300 0.0
48350 0.0
48400 0.7430522006174471
48450 1.7756920105924778
48500 0.0
48550 0.3218763070841354
48600 0.0
48650 2.566552645116899
48700 2.2573010679873846
48750 0.0
48800 0.0
48850 2.136080419250663
48900 0.0
48950 0.23089413694132416
49000 2.264897768292786
49050 0.0
49100 0.27625198247959504
49150 1.2614215592071125
49200 3.316510661559037
49250 2.07030182993432
49300 3.316510661559037
49350 0.0
49400 0.0
49450 1.5717625042551604
49500 0.0
49550 1.8448305286103883
49600 1.4113980066175151
49650 2.583509929455215
49700 1.9909771547177293
49750 2.1042647333128204
49800 0.08959955111202547
49850 0.304472369235678
49900 0.0
49950 0.0
