0 8.058547973632812e-05
50 4.076957702636719e-05
100 60.706992864608765
150 51.256160497665405
200 1.6927719116210938e-05
250 57.59737038612366
300 60.62753868103027
350 2.288818359375e-05
400 60.722861528396606
450 66.57137751579285
500 66.44739818572998
550 62.94938039779663
600 1.3828277587890625e-05
650 51.63039255142212
700 51.37706470489502
750 1.430511474609375e-05
800 63.664011001586914
850 57.72539138793945
900 1.3828277587890625e-05
950 66.31811881065369
1000 64.2155077457428
1050 64.05336713790894
1100 3.4809112548828125e-05
1150 7.3909759521484375e-06
1200 67.22079420089722
1250 67.67782950401306
1300 54.89437937736511
1350 66.28350329399109
1400 1.4781951904296875e-05
1450 66.33990478515625
1500 63.79533100128174
1550 1.4066696166992188e-05
1600 7.3909759521484375e-06
1650 7.152557373046875e-06
1700 6.198883056640625e-06
1750 60.815438747406006
1800 1.2636184692382812e-05
1850 58.176416635513306
1900 1.3589859008789062e-05
1950 66.60511183738708
2000 3.4332275390625e-05
2050 69.65860843658447
2100 3.600120544433594e-05
2150 1.2159347534179688e-05
2200 63.806349992752075
2250 60.759217739105225
2300 1.5974044799804688e-05
2350 2.956390380859375e-05
2400 8.344650268554688e-06
2450 67.79171085357666
2500 1.7642974853515625e-05
2550 6.67572021484375e-06
2600 8.034706115722656e-05
2650 54.72471785545349
2700 1.3828277587890625e-05
2750 9.775161743164062e-06
2800 65.9573278427124
2850 1.0013580322265625e-05
2900 7.62939453125e-06
2950 6.67572021484375e-06
3000 8.344650268554688e-06
3050 62.58555269241333
3100 1.33514404296875e-05
3150 3.4809112548828125e-05
3200 63.17382764816284
3250 6.699562072753906e-05
3300 2.3365020751953125e-05
3350 2.5272369384765625e-05
3400 1.9550323486328125e-05
3450 4.315376281738281e-05
3500 64.91594743728638
3550 68.68922543525696
3600 71.31612157821655
3650 1.811981201171875e-05
3700 6.67572021484375e-06
3750 2.4318695068359375e-05
3800 1.0013580322265625e-05
3850 63.39685249328613
3900 55.05787181854248
3950 60.77584362030029
4000 66.39416718482971
4050 1.6927719116210938e-05
4100 60.81021857261658
4150 66.21688151359558
4200 1.430511474609375e-05
4250 66.67838072776794
4300 1.5735626220703125e-05
4350 62.294904470443726
4400 1.5020370483398438e-05
4450 66.73611378669739
4500 63.452067852020264
4550 7.319450378417969e-05
4600 2.002716064453125e-05
4650 2.09808349609375e-05
4700 60.58823108673096
4750 62.3814651966095
4800 66.28478789329529
4850 63.60465979576111
4900 1.3113021850585938e-05
4950 66.42614316940308
5000 66.63593482971191
5050 62.990044832229614
5100 2.0265579223632812e-05
5150 60.98339033126831
5200 7.700920104980469e-05
5250 2.1219253540039062e-05
5300 60.537160873413086
5350 3.647804260253906e-05
5400 1.1682510375976562e-05
5450 9.298324584960938e-06
5500 63.28359770774841
5550 63.18922257423401
5600 50.983216762542725
5650 63.92309069633484
5700 1.2874603271484375e-05
5750 5.9604644775390625e-06
5800 66.81082391738892
5850 8.058547973632812e-05
5900 57.96279954910278
5950 1.6450881958007812e-05
6000 6.198883056640625e-06
6050 57.034648418426514
6100 62.792715311050415
6150 1.6689300537109375e-05
6200 3.5762786865234375e-05
6250 7.3909759521484375e-06
6300 6.9141387939453125e-06
6350 66.33737087249756
6400 66.70742750167847
6450 66.97360372543335
6500 54.99003720283508
6550 1.5974044799804688e-05
6600 63.755383253097534
6650 63.412697076797485
6700 1.33514404296875e-05
6750 57.76494550704956
6800 66.38325643539429
6850 1.3589859008789062e-05
6900 63.56850528717041
6950 66.78376936912537
7000 66.35278916358948
7050 50.38219952583313
7100 1.2874603271484375e-05
7150 63.481459856033325
7200 1.3828277587890625e-05
7250 8.58306884765625e-06
7300 1.0967254638671875e-05
7350 62.055572748184204
7400 71.51754450798035
7450 1.6450881958007812e-05
7500 1.0013580322265625e-05
7550 66.08680415153503
7600 50.59041881561279
7650 1.430511474609375e-05
7700 8.58306884765625e-06
7750 3.910064697265625e-05
7800 63.55666637420654
7850 62.613717555999756
7900 54.464632987976074
7950 2.4318695068359375e-05
8000 57.660619258880615
8050 1.2874603271484375e-05
8100 57.954755783081055
8150 1.4066696166992188e-05
8200 1.1682510375976562e-05
8250 1.049041748046875e-05
8300 3.0279159545898438e-05
8350 3.0279159545898438e-05
8400 1.0013580322265625e-05
8450 7.891654968261719e-05
8500 4.315376281738281e-05
8550 2.8848648071289062e-05
8600 3.0517578125e-05
8650 5.53131103515625e-05
8700 4.1484832763671875e-05
8750 5.316734313964844e-05
8800 60.36693096160889
8850 1.8835067749023438e-05
8900 66.81085205078125
8950 66.29894828796387
9000 1.8358230590820312e-05
9050 60.62185478210449
9100 0.00010848045349121094
9150 1.3113021850585938e-05
9200 6.079673767089844e-05
9250 55.15049600601196
9300 1.9073486328125e-05
9350 61.09771656990051
9400 1.4543533325195312e-05
9450 7.867813110351562e-06
9500 66.44825387001038
9550 60.77018666267395
9600 1.430511474609375e-05
9650 7.3909759521484375e-06
9700 7.152557373046875e-06
9750 8.487701416015625e-05
9800 2.002716064453125e-05
9850 1.9550323486328125e-05
9900 1.5020370483398438e-05
9950 58.19964361190796
10000 66.32280397415161
10050 1.430511474609375e-05
10100 66.63252758979797
10150 64.11191463470459
10200 60.68474555015564
10250 1.5974044799804688e-05
10300 7.62939453125e-06
10350 67.66637206077576
10400 6.461143493652344e-05
10450 1.9788742065429688e-05
10500 61.64541530609131
10550 69.96751832962036
10600 1.2159347534179688e-05
10650 6.198883056640625e-06
10700 8.58306884765625e-06
10750 2.4318695068359375e-05
10800 9.775161743164062e-06
10850 70.29507613182068
10900 68.95746994018555
10950 58.0372679233551
11000 66.3658275604248
11050 65.1203773021698
11100 1.7404556274414062e-05
11150 54.04634356498718
11200 1.2874603271484375e-05
11250 60.31084442138672
11300 60.46615123748779
11350 59.89363503456116
11400 2.0742416381835938e-05
11450 69.04043531417847
11500 60.25413537025452
11550 2.47955322265625e-05
11600 1.0728836059570312e-05
11650 8.106231689453125e-06
11700 5.507469177246094e-05
11750 2.6464462280273438e-05
11800 3.170967102050781e-05
11850 1.71661376953125e-05
11900 9.5367431640625e-06
11950 63.814239501953125
12000 1.7642974853515625e-05
12050 63.859195709228516
12100 1.8835067749023438e-05
12150 60.68168878555298
12200 62.853869676589966
12250 58.09595847129822
12300 1.52587890625e-05
12350 63.56335735321045
12400 63.546141386032104
12450 1.2636184692382812e-05
12500 6.9141387939453125e-06
12550 66.89084053039551
12600 2.765655517578125e-05
12650 9.298324584960938e-06
12700 1.3113021850585938e-05
12750 7.62939453125e-06
12800 66.24801087379456
12850 1.5735626220703125e-05
12900 9.059906005859375e-06
12950 8.106231689453125e-06
13000 67.91251111030579
13050 2.0503997802734375e-05
13100 63.05577516555786
13150 63.01891565322876
13200 60.915441274642944
13250 1.1682510375976562e-05
13300 60.87983679771423
13350 62.67394161224365
13400 63.73725366592407
13450 2.7179718017578125e-05
13500 62.82513642311096
13550 1.3113021850585938e-05
13600 1.8835067749023438e-05
13650 63.064042806625366
13700 65.99832463264465
13750 63.51657199859619
13800 63.503722190856934
13850 62.15753245353699
13900 69.64187574386597
13950 69.87653708457947
14000 69.74790954589844
14050 1.0967254638671875e-05
14100 9.298324584960938e-06
14150 59.486464977264404
14200 70.20995306968689
14250 1.33514404296875e-05
14300 70.56830501556396
14350 2.193450927734375e-05
14400 58.32365393638611
14450 65.10249352455139
14500 71.64025163650513
14550 59.18621611595154
14600 2.0742416381835938e-05
14650 60.70327162742615
14700 66.26596188545227
14750 1.2159347534179688e-05
14800 54.48938322067261
14850 1.71661376953125e-05
14900 6.4373016357421875e-06
14950 1.049041748046875e-05
15000 63.936731576919556
15050 66.49332928657532
15100 1.6450881958007812e-05
15150 7.62939453125e-06
15200 7.867813110351562e-06
15250 7.3909759521484375e-06
15300 8.344650268554688e-06
15350 7.867813110351562e-06
15400 6.67572021484375e-06
15450 66.72392082214355
15500 61.00813055038452
15550 1.33514404296875e-05
15600 1.3589859008789062e-05
15650 7.867813110351562e-06
15700 1.1444091796875e-05
15750 7.62939453125e-06
15800 64.09544086456299
15850 68.26370811462402
15900 1.5974044799804688e-05
15950 58.00223231315613
16000 66.43014979362488
16050 63.99326133728027
16100 1.239776611328125e-05
16150 9.5367431640625e-06
16200 66.53563046455383
16250 1.621246337890625e-05
16300 61.50877022743225
16350 66.57387042045593
16400 66.64501976966858
16450 1.6450881958007812e-05
16500 1.049041748046875e-05
16550 2.47955322265625e-05
16600 7.152557373046875e-06
16650 63.98945236206055
16700 1.239776611328125e-05
16750 64.07875084877014
16800 1.4066696166992188e-05
16850 7.62939453125e-06
16900 1.430511474609375e-05
16950 61.06514048576355
17000 67.03747391700745
17050 2.193450927734375e-05
17100 8.58306884765625e-06
17150 5.9604644775390625e-06
17200 8.344650268554688e-06
17250 7.62939453125e-06
17300 6.9141387939453125e-06
17350 7.152557373046875e-06
17400 57.83400630950928
17450 1.4543533325195312e-05
17500 66.60900616645813
17550 64.65064716339111
17600 1.2159347534179688e-05
17650 7.152557373046875e-06
17700 58.51449990272522
17750 1.2636184692382812e-05
17800 6.4373016357421875e-06
17850 8.344650268554688e-06
17900 2.6226043701171875e-05
17950 63.84326386451721
18000 57.72562503814697
18050 1.3113021850585938e-05
18100 66.50150871276855
18150 64.0034499168396
18200 61.59497618675232
18250 1.3589859008789062e-05
18300 62.841715574264526
18350 55.198681354522705
18400 60.41276741027832
18450 3.743171691894531e-05
18500 66.45362305641174
18550 63.87065625190735
18600 1.5020370483398438e-05
18650 60.6312735080719
18700 1.5020370483398438e-05
18750 62.31599974632263
18800 61.12957525253296
18850 61.29860758781433
18900 2.6464462280273438e-05
18950 66.71415305137634
19000 61.12480020523071
19050 1.4543533325195312e-05
19100 63.87530469894409
19150 1.1920928955078125e-05
19200 6.4373016357421875e-06
19250 6.9141387939453125e-06
19300 2.193450927734375e-05
19350 66.43001127243042
19400 64.04109859466553
19450 1.33514404296875e-05
19500 1.52587890625e-05
19550 8.58306884765625e-06
19600 1.430511474609375e-05
19650 57.95284700393677
19700 2.8848648071289062e-05
19750 1.0251998901367188e-05
19800 66.63491177558899
19850 1.2636184692382812e-05
19900 63.92121362686157
19950 66.61259007453918
20000 1.4066696166992188e-05
20050 9.298324584960938e-06
20100 7.3909759521484375e-06
20150 1.9073486328125e-05
20200 64.12794208526611
20250 1.71661376953125e-05
20300 58.05008268356323
20350 50.71527552604675
20400 1.430511474609375e-05
20450 57.74363088607788
20500 1.2636184692382812e-05
20550 57.84325909614563
20600 57.84177279472351
20650 1.4066696166992188e-05
20700 63.444681882858276
20750 1.2636184692382812e-05
20800 73.65037822723389
20850 1.621246337890625e-05
20900 1.1682510375976562e-05
20950 2.3603439331054688e-05
21000 8.58306884765625e-06
21050 1.0728836059570312e-05
21100 8.821487426757812e-06
21150 1.1205673217773438e-05
21200 46.366315841674805
21250 73.25118589401245
21300 56.33386516571045
21350 2.09808349609375e-05
21400 70.33556318283081
21450 73.01074862480164
21500 1.0967254638671875e-05
21550 69.37383365631104
21600 66.3287341594696
21650 1.0967254638671875e-05
21700 6.4373016357421875e-06
21750 2.6941299438476562e-05
21800 69.21511340141296
21850 68.93767213821411
21900 1.7642974853515625e-05
21950 66.73368072509766
22000 4.7206878662109375e-05
22050 8.344650268554688e-06
22100 67.53168416023254
22150 54.647594928741455
22200 1.2874603271484375e-05
22250 9.775161743164062e-06
22300 8.58306884765625e-06
22350 9.5367431640625e-06
22400 1.4781951904296875e-05
22450 7.152557373046875e-06
22500 7.152557373046875e-06
22550 68.02383399009705
22600 1.239776611328125e-05
22650 71.99503564834595
22700 62.88060712814331
22750 63.367809772491455
22800 1.1920928955078125e-05
22850 6.198883056640625e-06
22900 2.6702880859375e-05
22950 7.62939453125e-06
23000 7.3909759521484375e-06
23050 63.36202025413513
23100 1.52587890625e-05
23150 7.867813110351562e-06
23200 46.63770055770874
23250 66.69933819770813
23300 62.75805878639221
23350 3.0279159545898438e-05
23400 66.05933499336243
23450 1.52587890625e-05
23500 8.821487426757812e-06
23550 66.28088164329529
23600 66.36511993408203
23650 1.4781951904296875e-05
23700 1.0251998901367188e-05
23750 66.40156531333923
23800 63.667156457901
23850 66.35833835601807
23900 1.3589859008789062e-05
23950 6.4373016357421875e-06
24000 7.3909759521484375e-06
24050 2.4557113647460938e-05
24100 7.62939453125e-06
24150 57.82439351081848
24200 1.3113021850585938e-05
24250 7.62939453125e-06
24300 57.7260377407074
24350 1.52587890625e-05
24400 6.4373016357421875e-06
24450 3.0994415283203125e-05
24500 7.867813110351562e-06
24550 66.40193033218384
24600 1.3589859008789062e-05
24650 8.344650268554688e-06
24700 1.3828277587890625e-05
24750 9.5367431640625e-06
24800 7.152557373046875e-06
24850 6.9141387939453125e-06
24900 62.255656719207764
24950 1.3828277587890625e-05
25000 63.49223327636719
25050 2.6702880859375e-05
25100 1.8835067749023438e-05
25150 63.68262696266174
25200 1.1682510375976562e-05
25250 63.80286002159119
25300 1.2636184692382812e-05
25350 63.984495401382446
25400 67.92013931274414
25450 1.621246337890625e-05
25500 65.12142276763916
25550 65.1063232421875
25600 1.1920928955078125e-05
25650 8.58306884765625e-06
25700 66.96316456794739
25750 1.1444091796875e-05
25800 5.9604644775390625e-06
25850 63.703874588012695
25900 67.13396000862122
25950 1.2159347534179688e-05
26000 60.920583724975586
26050 60.644654273986816
26100 60.82474684715271
26150 57.83345580101013
26200 1.3113021850585938e-05
26250 63.848552227020264
26300 2.193450927734375e-05
26350 3.0279159545898438e-05
26400 6.198883056640625e-06
26450 8.821487426757812e-06
26500 7.152557373046875e-06
26550 9.775161743164062e-06
26600 1.0728836059570312e-05
26650 63.50657033920288
26700 1.3828277587890625e-05
26750 51.6429648399353
26800 1.5974044799804688e-05
26850 7.3909759521484375e-06
26900 65.98283553123474
26950 1.621246337890625e-05
27000 66.52193808555603
27050 1.2636184692382812e-05
27100 7.867813110351562e-06
27150 57.860164403915405
27200 1.52587890625e-05
27250 8.106231689453125e-06
27300 66.71370434761047
27350 66.60225462913513
27400 63.52821230888367
27450 1.1444091796875e-05
27500 5.9604644775390625e-06
27550 63.749486684799194
27600 66.66632175445557
27650 1.2636184692382812e-05
27700 61.28146409988403
27750 1.239776611328125e-05
27800 1.5020370483398438e-05
27850 63.69467544555664
27900 1.33514404296875e-05
27950 1.3113021850585938e-05
28000 60.9645311832428
28050 1.4066696166992188e-05
28100 63.06246566772461
28150 1.4543533325195312e-05
28200 8.344650268554688e-06
28250 66.63140034675598
28300 1.2159347534179688e-05
28350 6.198883056640625e-06
28400 7.3909759521484375e-06
28450 64.79233980178833
28500 1.6689300537109375e-05
28550 3.147125244140625e-05
28600 3.075599670410156e-05
28650 64.16299653053284
28700 66.46557688713074
28750 1.3113021850585938e-05
28800 6.198883056640625e-06
28850 64.02292251586914
28900 2.9087066650390625e-05
28950 60.86796236038208
29000 1.5020370483398438e-05
29050 65.81878662109375
29100 1.1205673217773438e-05
29150 66.9146101474762
29200 1.52587890625e-05
29250 1.7881393432617188e-05
29300 64.14769434928894
29350 1.4543533325195312e-05
29400 63.078272342681885
29450 58.01773381233215
29500 58.0628821849823
29550 64.11653232574463
29600 2.7418136596679688e-05
29650 1.0967254638671875e-05
29700 1.2159347534179688e-05
29750 63.7289457321167
29800 1.1920928955078125e-05
29850 6.198883056640625e-06
29900 1.430511474609375e-05
29950 1.0013580322265625e-05
30000 7.62939453125e-06
30050 7.3909759521484375e-06
30100 63.58691716194153
30150 63.00708317756653
30200 1.2636184692382812e-05
30250 8.106231689453125e-06
30300 65.86542963981628
30350 66.55057835578918
30400 1.2874603271484375e-05
30450 6.4373016357421875e-06
30500 61.29231882095337
30550 70.11431288719177
30600 72.41417908668518
30650 68.62202787399292
30700 1.4066696166992188e-05
30750 68.18275809288025
30800 1.5735626220703125e-05
30850 3.1948089599609375e-05
30900 2.4080276489257812e-05
30950 7.62939453125e-06
31000 6.9141387939453125e-06
31050 71.23640823364258
31100 1.7881393432617188e-05
31150 1.2636184692382812e-05
31200 1.4543533325195312e-05
31250 63.85210204124451
31300 2.09808349609375e-05
31350 1.0013580322265625e-05
31400 8.106231689453125e-06
31450 57.688076972961426
31500 1.430511474609375e-05
31550 3.3855438232421875e-05
31600 57.698429346084595
31650 1.0251998901367188e-05
31700 6.4373016357421875e-06
31750 1.0728836059570312e-05
31800 66.53880333900452
31850 1.621246337890625e-05
31900 1.2636184692382812e-05
31950 1.2874603271484375e-05
32000 66.43450045585632
32050 66.38628721237183
32100 65.66144633293152
32150 1.3113021850585938e-05
32200 63.57167315483093
32250 63.378429889678955
32300 1.3113021850585938e-05
32350 1.5497207641601562e-05
32400 3.886222839355469e-05
32450 63.44720697402954
32500 2.1457672119140625e-05
32550 1.049041748046875e-05
32600 66.46656656265259
32650 67.21041440963745
32700 1.430511474609375e-05
32750 51.3584361076355
32800 57.78314471244812
32850 1.52587890625e-05
32900 66.4184820652008
32950 63.89412713050842
33000 63.31814098358154
33050 63.14141297340393
33100 1.3589859008789062e-05
33150 42.9758505821228
33200 2.8848648071289062e-05
33250 1.049041748046875e-05
33300 60.65856313705444
33350 1.9311904907226562e-05
33400 7.3909759521484375e-06
33450 66.14659881591797
33500 67.90238952636719
33550 63.83215308189392
33600 1.3113021850585938e-05
33650 7.62939453125e-06
33700 2.4318695068359375e-05
33750 9.775161743164062e-06
33800 1.3828277587890625e-05
33850 60.80297374725342
33900 63.81996726989746
33950 63.81676387786865
34000 1.4781951904296875e-05
34050 8.821487426757812e-06
34100 7.3909759521484375e-06
34150 6.9141387939453125e-06
34200 61.076937198638916
34250 60.840341091156006
34300 4.172325134277344e-05
34350 66.52534294128418
34400 66.60468316078186
34450 1.1682510375976562e-05
34500 60.88404655456543
34550 1.5974044799804688e-05
34600 7.152557373046875e-06
34650 8.344650268554688e-06
34700 66.43159818649292
34750 1.33514404296875e-05
34800 6.4373016357421875e-06
34850 8.106231689453125e-06
34900 3.6716461181640625e-05
34950 57.72748160362244
35000 1.7642974853515625e-05
35050 66.6936469078064
35100 1.4066696166992188e-05
35150 1.33514404296875e-05
35200 2.1457672119140625e-05
35250 62.98446297645569
35300 1.6927719116210938e-05
35350 68.04642534255981
35400 1.3828277587890625e-05
35450 55.57599067687988
35500 1.9788742065429688e-05
35550 8.344650268554688e-06
35600 6.198883056640625e-06
35650 58.514442682266235
35700 67.87210488319397
35750 1.1682510375976562e-05
35800 1.049041748046875e-05
35850 66.91661286354065
35900 1.3589859008789062e-05
35950 6.4373016357421875e-06
36000 5.7220458984375e-06
36050 60.058809995651245
36100 65.7292799949646
36150 72.86196422576904
36200 1.3113021850585938e-05
36250 66.72719597816467
36300 66.63701176643372
36350 71.8713538646698
36400 60.913347005844116
36450 1.2636184692382812e-05
36500 7.62939453125e-06
36550 1.1205673217773438e-05
36600 64.04986715316772
36650 1.5020370483398438e-05
36700 63.99891257286072
36750 1.3113021850585938e-05
36800 66.75082898139954
36850 1.2874603271484375e-05
36900 60.82228374481201
36950 57.714871883392334
37000 1.430511474609375e-05
37050 1.4543533325195312e-05
37100 1.239776611328125e-05
37150 1.0728836059570312e-05
37200 3.218650817871094e-05
37250 1.0728836059570312e-05
37300 66.63363575935364
37350 1.52587890625e-05
37400 61.1624219417572
37450 3.647804260253906e-05
37500 8.58306884765625e-06
37550 7.62939453125e-06
37600 7.62939453125e-06
37650 6.9141387939453125e-06
37700 1.5497207641601562e-05
37750 64.0603187084198
37800 67.18601059913635
37850 66.7277410030365
37900 1.3828277587890625e-05
37950 61.20046806335449
38000 1.3828277587890625e-05
38050 7.152557373046875e-06
38100 57.90757513046265
38150 66.1710193157196
38200 1.9550323486328125e-05
38250 60.158294916152954
38300 60.18944334983826
38350 72.25849032402039
38400 1.33514404296875e-05
38450 55.09885215759277
38500 1.3113021850585938e-05
38550 66.5237991809845
38600 1.8835067749023438e-05
38650 5.9604644775390625e-06
38700 5.9604644775390625e-06
38750 8.106231689453125e-06
38800 8.58306884765625e-06
38850 7.62939453125e-06
38900 9.775161743164062e-06
38950 66.6966381072998
39000 1.5020370483398438e-05
39050 62.24441361427307
39100 1.1920928955078125e-05
39150 64.0918459892273
39200 3.361701965332031e-05
39250 59.11459684371948
39300 1.7404556274414062e-05
39350 9.059906005859375e-06
39400 2.384185791015625e-05
39450 7.152557373046875e-06
39500 6.9141387939453125e-06
39550 59.207295179367065
39600 62.297632455825806
39650 1.430511474609375e-05
39700 64.33987259864807
39750 1.4543533325195312e-05
39800 66.79841709136963
39850 1.4066696166992188e-05
39900 60.81885242462158
39950 63.57716679573059
40000 63.40672063827515
40050 49.93540930747986
40100 57.05123567581177
40150 3.457069396972656e-05
40200 1.7404556274414062e-05
40250 5.7220458984375e-06
40300 57.72716283798218
40350 1.4781951904296875e-05
40400 6.4373016357421875e-06
40450 1.0728836059570312e-05
40500 63.913315534591675
40550 1.4066696166992188e-05
40600 66.3789644241333
40650 1.33514404296875e-05
40700 6.198883056640625e-06
40750 60.54486703872681
40800 61.024651288986206
40850 2.0742416381835938e-05
40900 1.0013580322265625e-05
40950 1.1444091796875e-05
41000 2.8371810913085938e-05
41050 66.6956844329834
41100 51.94573092460632
41150 1.4781951904296875e-05
41200 2.574920654296875e-05
41250 43.0710825920105
41300 1.33514404296875e-05
41350 7.62939453125e-06
41400 9.5367431640625e-06
41450 60.80201816558838
41500 1.430511474609375e-05
41550 1.0013580322265625e-05
41600 58.00589036941528
41650 63.81884789466858
41700 1.2159347534179688e-05
41750 1.1920928955078125e-05
41800 2.288818359375e-05
41850 7.3909759521484375e-06
41900 6.4373016357421875e-06
41950 57.53806209564209
42000 1.239776611328125e-05
42050 6.198883056640625e-06
42100 8.106231689453125e-06
42150 3.790855407714844e-05
42200 63.01308035850525
42250 57.61571764945984
42300 1.430511474609375e-05
42350 2.8848648071289062e-05
42400 9.5367431640625e-06
42450 64.24254751205444
42500 1.621246337890625e-05
42550 9.298324584960938e-06
42600 66.37940526008606
42650 56.97301626205444
42700 1.0967254638671875e-05
42750 5.7220458984375e-06
42800 44.27251863479614
42850 3.0040740966796875e-05
42900 1.5020370483398438e-05
42950 60.77902054786682
43000 1.4781951904296875e-05
43050 51.22362732887268
43100 1.6689300537109375e-05
43150 66.48221778869629
43200 1.3113021850585938e-05
43250 59.61690807342529
43300 1.52587890625e-05
43350 58.784931659698486
43400 1.4066696166992188e-05
43450 7.867813110351562e-06
43500 8.821487426757812e-06
43550 57.97427988052368
43600 1.3113021850585938e-05
43650 1.1920928955078125e-05
43700 66.66900181770325
43750 1.2636184692382812e-05
43800 6.4373016357421875e-06
43850 66.57883930206299
43900 61.68116569519043
43950 1.3828277587890625e-05
44000 6.198883056640625e-06
44050 61.481441259384155
44100 2.9802322387695312e-05
44150 6.9141387939453125e-06
44200 66.94409942626953
44250 2.6464462280273438e-05
44300 63.43799805641174
44350 69.38694930076599
44400 1.1205673217773438e-05
44450 5.9604644775390625e-06
44500 63.32725811004639
44550 62.56329941749573
44600 1.049041748046875e-05
44650 60.904478311538696
44700 58.637696981430054
44750 53.22866988182068
44800 1.33514404296875e-05
44850 66.69743776321411
44900 1.6689300537109375e-05
44950 6.67572021484375e-06
45000 63.85600686073303
45050 66.08363485336304
45100 62.91875910758972
45150 1.4543533325195312e-05
45200 1.1682510375976562e-05
45250 57.94421100616455
45300 55.44352698326111
45350 3.2901763916015625e-05
45400 2.2649765014648438e-05
45450 6.9141387939453125e-06
45500 1.239776611328125e-05
45550 7.3909759521484375e-06
45600 7.3909759521484375e-06
45650 54.77160358428955
45700 65.64544486999512
45750 66.18068504333496
45800 63.292784214019775
45850 60.524778604507446
45900 54.97105407714844
45950 58.04174494743347
46000 2.1457672119140625e-05
46050 8.821487426757812e-06
46100 57.59523344039917
46150 1.5974044799804688e-05
46200 61.075703144073486
46250 43.9320604801178
46300 66.5361385345459
46350 58.539955139160156
46400 1.5735626220703125e-05
46450 9.775161743164062e-06
46500 5.9604644775390625e-06
46550 2.4080276489257812e-05
46600 56.54809880256653
46650 8.821487426757812e-06
46700 2.2411346435546875e-05
46750 8.58306884765625e-06
46800 61.590529441833496
46850 2.9325485229492188e-05
46900 2.0742416381835938e-05
46950 7.3909759521484375e-06
47000 7.62939453125e-06
47050 66.54567360877991
47100 63.88419222831726
47150 56.25721335411072
47200 1.1682510375976562e-05
47250 56.516350984573364
47300 58.33376622200012
47350 1.3828277587890625e-05
47400 53.835928201675415
47450 66.33269000053406
47500 60.04328227043152
47550 60.22768187522888
47600 3.266334533691406e-05
47650 57.457093477249146
47700 1.239776611328125e-05
47750 58.317864179611206
47800 55.124677419662476
47850 1.0251998901367188e-05
47900 5.4836273193359375e-06
47950 6.67572021484375e-06
48000 9.059906005859375e-06
48050 8.106231689453125e-06
48100 57.68437051773071
48150 65.66329264640808
48200 1.239776611328125e-05
48250 7.3909759521484375e-06
48300 2.5510787963867188e-05
48350 6.9141387939453125e-06
48400 57.40891194343567
48450 56.79709792137146
48500 9.775161743164062e-06
48550 50.48821544647217
48600 2.1696090698242188e-05
48650 57.69991636276245
48700 57.632113456726074
48750 1.811981201171875e-05
48800 1.049041748046875e-05
48850 66.04289746284485
48900 1.0728836059570312e-05
48950 54.28535437583923
49000 59.89827871322632
49050 1.1205673217773438e-05
49100 50.66420912742615
49150 55.405193567276
49200 1.4543533325195312e-05
49250 57.61868405342102
49300 1.4066696166992188e-05
49350 5.4836273193359375e-06
49400 1.33514404296875e-05
49450 61.825390577316284
49500 1.33514404296875e-05
49550 57.63076972961426
49600 56.808631896972656
49650 58.304396629333496
49700 57.77408146858215
49750 57.78595757484436
49800 44.04050922393799
49850 49.987005949020386
49900 1.33514404296875e-05
49950 7.62939453125e-06
