0 6.151199340820312e-05
50 1.5020370483398438e-05
100 64.01401114463806
150 51.01389169692993
200 1.430511474609375e-05
250 54.906713247299194
300 61.026527881622314
350 3.0040740966796875e-05
400 61.022130250930786
450 67.05319857597351
500 66.38943338394165
550 63.26150727272034
600 1.4543533325195312e-05
650 51.80162858963013
700 62.3207643032074
750 2.2649765014648438e-05
800 64.0788061618805
850 57.987024784088135
900 2.1457672119140625e-05
950 66.99775838851929
1000 64.2808952331543
1050 63.278234243392944
1100 1.4781951904296875e-05
1150 7.3909759521484375e-06
1200 66.65640759468079
1250 66.85671377182007
1300 57.82480192184448
1350 66.73949837684631
1400 2.09808349609375e-05
1450 66.81907939910889
1500 63.99512767791748
1550 1.3113021850585938e-05
1600 7.152557373046875e-06
1650 6.9141387939453125e-06
1700 6.9141387939453125e-06
1750 61.30131912231445
1800 1.3589859008789062e-05
1850 58.088825702667236
1900 1.5497207641601562e-05
1950 66.57234239578247
2000 2.193450927734375e-05
2050 66.74993062019348
2100 1.6450881958007812e-05
2150 8.58306884765625e-06
2200 64.13736772537231
2250 61.46232724189758
2300 1.71661376953125e-05
2350 6.4373016357421875e-06
2400 1.6927719116210938e-05
2450 64.42619514465332
2500 3.337860107421875e-05
2550 8.106231689453125e-06
2600 4.863739013671875e-05
2650 57.73762822151184
2700 1.4781951904296875e-05
2750 9.059906005859375e-06
2800 66.1023645401001
2850 2.574920654296875e-05
2900 9.298324584960938e-06
2950 6.9141387939453125e-06
3000 6.67572021484375e-06
3050 63.04489088058472
3100 3.170967102050781e-05
3150 1.5735626220703125e-05
3200 63.68291521072388
3250 6.556510925292969e-05
3300 6.198883056640625e-06
3350 6.67572021484375e-06
3400 6.67572021484375e-06
3450 6.4373016357421875e-06
3500 66.67229914665222
3550 66.12345099449158
3600 66.87506794929504
3650 1.239776611328125e-05
3700 7.62939453125e-06
3750 7.3909759521484375e-06
3800 7.867813110351562e-06
3850 61.592952251434326
3900 57.46020698547363
3950 60.99550414085388
4000 66.73628306388855
4050 2.2172927856445312e-05
4100 58.01357960700989
4150 66.73813343048096
4200 1.3828277587890625e-05
4250 66.60320901870728
4300 2.2172927856445312e-05
4350 62.63281273841858
4400 2.288818359375e-05
4450 66.80597639083862
4500 63.71981978416443
4550 3.0517578125e-05
4600 8.821487426757812e-06
4650 7.152557373046875e-06
4700 63.47878098487854
4750 62.92279934883118
4800 66.65449166297913
4850 64.0678482055664
4900 1.2159347534179688e-05
4950 66.34349250793457
5000 66.73141312599182
5050 63.05725717544556
5100 2.1457672119140625e-05
5150 61.2297523021698
5200 3.314018249511719e-05
5250 1.0728836059570312e-05
5300 63.925161838531494
5350 1.6450881958007812e-05
5400 9.775161743164062e-06
5450 2.1219253540039062e-05
5500 63.665019273757935
5550 63.70720672607422
5600 51.7633113861084
5650 64.38415431976318
5700 1.5735626220703125e-05
5750 2.6941299438476562e-05
5800 64.84909152984619
5850 2.9325485229492188e-05
5900 60.98731541633606
5950 1.6450881958007812e-05
6000 6.198883056640625e-06
6050 58.20234489440918
6100 63.919333934783936
6150 1.52587890625e-05
6200 1.811981201171875e-05
6250 6.198883056640625e-06
6300 8.58306884765625e-06
6350 69.27450203895569
6400 67.19154834747314
6450 66.71919965744019
6500 57.7045316696167
6550 2.09808349609375e-05
6600 64.19816136360168
6650 63.76913833618164
6700 1.5735626220703125e-05
6750 54.85957336425781
6800 66.8390007019043
6850 1.52587890625e-05
6900 63.23785853385925
6950 67.09747505187988
7000 67.40439105033875
7050 51.41470003128052
7100 1.4543533325195312e-05
7150 64.22174668312073
7200 2.3365020751953125e-05
7250 6.4373016357421875e-06
7300 2.574920654296875e-05
7350 60.661553621292114
7400 66.95052981376648
7450 1.3113021850585938e-05
7500 6.4373016357421875e-06
7550 64.14686441421509
7600 63.027239084243774
7650 1.3828277587890625e-05
7700 7.62939453125e-06
7750 1.621246337890625e-05
7800 66.63189172744751
7850 63.0495707988739
7900 54.26933670043945
7950 2.6464462280273438e-05
8000 57.994532346725464
8050 2.2172927856445312e-05
8100 58.07989001274109
8150 1.430511474609375e-05
8200 3.457069396972656e-05
8250 1.811981201171875e-05
8300 8.821487426757812e-06
8350 7.867813110351562e-06
8400 9.059906005859375e-06
8450 3.886222839355469e-05
8500 6.67572021484375e-06
8550 5.4836273193359375e-06
8600 8.106231689453125e-06
8650 5.245208740234375e-06
8700 1.1682510375976562e-05
8750 1.1920928955078125e-05
8800 60.9993953704834
8850 1.9311904907226562e-05
8900 63.18113875389099
8950 66.73687195777893
9000 1.4066696166992188e-05
9050 61.09773373603821
9100 3.361701965332031e-05
9150 7.62939453125e-06
9200 1.3113021850585938e-05
9250 57.994829177856445
9300 1.2874603271484375e-05
9350 61.411407232284546
9400 1.5020370483398438e-05
9450 6.4373016357421875e-06
9500 66.82788896560669
9550 58.002113580703735
9600 1.3589859008789062e-05
9650 7.3909759521484375e-06
9700 6.4373016357421875e-06
9750 3.314018249511719e-05
9800 7.62939453125e-06
9850 7.152557373046875e-06
9900 1.2636184692382812e-05
9950 58.169782876968384
10000 61.23700308799744
10050 1.1682510375976562e-05
10100 61.2437744140625
10150 61.243677616119385
10200 61.2003972530365
10250 1.1444091796875e-05
10300 9.298324584960938e-06
10350 63.93166637420654
10400 3.218650817871094e-05
10450 1.049041748046875e-05
10500 62.05000352859497
10550 63.74866795539856
10600 1.1682510375976562e-05
10650 1.5735626220703125e-05
10700 3.5762786865234375e-05
10750 8.106231689453125e-06
10800 7.152557373046875e-06
10850 54.478864431381226
10900 66.71197938919067
10950 58.24651479721069
11000 61.17548084259033
11050 66.14230513572693
11100 1.9550323486328125e-05
11150 52.9010214805603
11200 3.147125244140625e-05
11250 61.40492343902588
11300 61.32512283325195
11350 61.58832502365112
11400 3.2901763916015625e-05
11450 67.1024718284607
11500 61.01907396316528
11550 1.3589859008789062e-05
11600 8.344650268554688e-06
11650 1.1682510375976562e-05
11700 3.981590270996094e-05
11750 6.198883056640625e-06
11800 5.7220458984375e-06
11850 7.62939453125e-06
11900 5.7220458984375e-06
11950 66.74081563949585
12000 2.6464462280273438e-05
12050 64.24243998527527
12100 1.2636184692382812e-05
12150 61.238828897476196
12200 63.05718636512756
12250 55.27887296676636
12300 1.4781951904296875e-05
12350 66.63558530807495
12400 64.18287467956543
12450 2.0503997802734375e-05
12500 3.0517578125e-05
12550 66.84831476211548
12600 1.1920928955078125e-05
12650 6.198883056640625e-06
12700 7.62939453125e-06
12750 1.9311904907226562e-05
12800 66.89033794403076
12850 1.0251998901367188e-05
12900 5.9604644775390625e-06
12950 1.2159347534179688e-05
13000 66.86505699157715
13050 1.0967254638671875e-05
13100 62.9806387424469
13150 63.13332939147949
13200 61.094308376312256
13250 1.4543533325195312e-05
13300 61.18478083610535
13350 63.043702840805054
13400 64.04940390586853
13450 1.1682510375976562e-05
13500 63.073742628097534
13550 2.5510787963867188e-05
13600 1.0728836059570312e-05
13650 63.314481258392334
13700 63.851670026779175
13750 63.886444091796875
13800 63.07687258720398
13850 63.53471779823303
13900 64.37628245353699
13950 64.17338228225708
14000 64.07645463943481
14050 3.5762786865234375e-05
14100 1.4066696166992188e-05
14150 54.927783727645874
14200 66.93954205513
14250 1.811981201171875e-05
14300 66.28637385368347
14350 1.4066696166992188e-05
14400 58.18168306350708
14450 63.984023571014404
14500 66.81911730766296
14550 58.028740644454956
14600 1.3113021850585938e-05
14650 61.24166011810303
14700 66.8903706073761
14750 2.4557113647460938e-05
14800 54.89330697059631
14850 1.2874603271484375e-05
14900 6.9141387939453125e-06
14950 1.5735626220703125e-05
15000 64.65460133552551
15050 67.07411408424377
15100 3.361701965332031e-05
15150 1.5497207641601562e-05
15200 7.152557373046875e-06
15250 7.867813110351562e-06
15300 6.9141387939453125e-06
15350 7.3909759521484375e-06
15400 6.9141387939453125e-06
15450 67.08312320709229
15500 61.17638850212097
15550 1.4543533325195312e-05
15600 1.2159347534179688e-05
15650 7.152557373046875e-06
15700 7.62939453125e-06
15750 6.4373016357421875e-06
15800 64.48164987564087
15850 66.91780304908752
15900 1.33514404296875e-05
15950 58.27348732948303
16000 66.8827018737793
16050 64.30585503578186
16100 1.239776611328125e-05
16150 9.298324584960938e-06
16200 66.83556938171387
16250 1.2636184692382812e-05
16300 61.24700951576233
16350 67.07330584526062
16400 66.78573417663574
16450 1.7642974853515625e-05
16500 9.5367431640625e-06
16550 6.9141387939453125e-06
16600 8.821487426757812e-06
16650 64.1944215297699
16700 1.4066696166992188e-05
16750 64.29564929008484
16800 3.457069396972656e-05
16850 7.867813110351562e-06
16900 1.1444091796875e-05
16950 61.30265259742737
17000 67.2302086353302
17050 4.100799560546875e-05
17100 2.002716064453125e-05
17150 7.152557373046875e-06
17200 7.62939453125e-06
17250 7.152557373046875e-06
17300 7.152557373046875e-06
17350 6.67572021484375e-06
17400 58.08824014663696
17450 1.1205673217773438e-05
17500 69.35739517211914
17550 63.540411949157715
17600 1.2159347534179688e-05
17650 6.198883056640625e-06
17700 58.22927975654602
17750 1.7881393432617188e-05
17800 2.5987625122070312e-05
17850 1.0728836059570312e-05
17900 2.2649765014648438e-05
17950 63.981226444244385
18000 60.42733669281006
18050 1.33514404296875e-05
18100 66.6937005519867
18150 64.17073440551758
18200 61.23960900306702
18250 1.2636184692382812e-05
18300 61.29962420463562
18350 51.7141649723053
18400 58.0759711265564
18450 1.52587890625e-05
18500 66.11480259895325
18550 64.15404319763184
18600 1.4781951904296875e-05
18650 60.49301266670227
18700 1.2159347534179688e-05
18750 62.50271534919739
18800 61.20537710189819
18850 61.494298219680786
18900 1.2159347534179688e-05
18950 54.540191411972046
19000 61.07934498786926
19050 1.3589859008789062e-05
19100 63.13471531867981
19150 1.0728836059570312e-05
19200 9.298324584960938e-06
19250 6.198883056640625e-06
19300 2.09808349609375e-05
19350 66.75965881347656
19400 64.14536046981812
19450 1.1682510375976562e-05
19500 1.430511474609375e-05
19550 7.3909759521484375e-06
19600 7.152557373046875e-06
19650 58.43118071556091
19700 1.5020370483398438e-05
19750 9.775161743164062e-06
19800 66.91726016998291
19850 1.1444091796875e-05
19900 64.25835537910461
19950 66.83542823791504
20000 1.1920928955078125e-05
20050 6.198883056640625e-06
20100 7.3909759521484375e-06
20150 1.5020370483398438e-05
20200 64.88815689086914
20250 2.4557113647460938e-05
20300 58.458369731903076
20350 51.81184434890747
20400 1.2636184692382812e-05
20450 58.62221646308899
20500 1.2636184692382812e-05
20550 58.11099696159363
20600 58.0471568107605
20650 1.1920928955078125e-05
20700 63.708375215530396
20750 1.049041748046875e-05
20800 67.04492616653442
20850 3.337860107421875e-05
20900 7.62939453125e-06
20950 1.6927719116210938e-05
21000 2.6226043701171875e-05
21050 7.3909759521484375e-06
21100 6.9141387939453125e-06
21150 6.9141387939453125e-06
21200 42.12216377258301
21250 66.7446825504303
21300 51.438642263412476
21350 1.52587890625e-05
21400 64.07709407806396
21450 67.00966620445251
21500 1.9788742065429688e-05
21550 63.76627278327942
21600 60.60659217834473
21650 1.4066696166992188e-05
21700 2.1696090698242188e-05
21750 1.0251998901367188e-05
21800 63.16515803337097
21850 63.09733557701111
21900 1.5974044799804688e-05
21950 61.1128306388855
22000 1.239776611328125e-05
22050 6.198883056640625e-06
22100 67.28719592094421
22150 55.34124207496643
22200 1.1920928955078125e-05
22250 6.9141387939453125e-06
22300 7.152557373046875e-06
22350 7.3909759521484375e-06
22400 6.67572021484375e-06
22450 6.4373016357421875e-06
22500 1.2159347534179688e-05
22550 64.04225134849548
22600 1.1920928955078125e-05
22650 66.47851157188416
22700 58.18018317222595
22750 63.754961013793945
22800 1.2636184692382812e-05
22850 1.5497207641601562e-05
22900 2.4080276489257812e-05
22950 8.106231689453125e-06
23000 8.106231689453125e-06
23050 63.75550723075867
23100 2.5987625122070312e-05
23150 9.775161743164062e-06
23200 46.76913142204285
23250 66.82992458343506
23300 63.74733233451843
23350 2.956390380859375e-05
23400 66.77384448051453
23450 1.6689300537109375e-05
23500 7.152557373046875e-06
23550 67.05394411087036
23600 66.73075652122498
23650 1.8596649169921875e-05
23700 9.059906005859375e-06
23750 66.84733748435974
23800 64.09559798240662
23850 66.81480813026428
23900 1.3113021850585938e-05
23950 7.152557373046875e-06
24000 2.6226043701171875e-05
24050 1.5497207641601562e-05
24100 1.239776611328125e-05
24150 58.12867617607117
24200 1.3113021850585938e-05
24250 8.58306884765625e-06
24300 58.02380609512329
24350 1.4066696166992188e-05
24400 1.049041748046875e-05
24450 1.2636184692382812e-05
24500 7.62939453125e-06
24550 66.89122772216797
24600 1.430511474609375e-05
24650 7.62939453125e-06
24700 1.33514404296875e-05
24750 7.3909759521484375e-06
24800 1.0013580322265625e-05
24850 1.2159347534179688e-05
24900 63.27617025375366
24950 1.71661376953125e-05
25000 63.9288547039032
25050 1.4543533325195312e-05
25100 8.58306884765625e-06
25150 64.03281140327454
25200 1.430511474609375e-05
25250 64.33481955528259
25300 1.4066696166992188e-05
25350 64.02311587333679
25400 67.08186411857605
25450 2.0503997802734375e-05
25500 64.41903114318848
25550 64.50122499465942
25600 1.3589859008789062e-05
25650 6.198883056640625e-06
25700 67.81811714172363
25750 2.574920654296875e-05
25800 9.5367431640625e-06
25850 67.36451935768127
25900 72.34806060791016
25950 1.5974044799804688e-05
26000 61.28217935562134
26050 62.18056058883667
26100 61.23010301589966
26150 58.176311016082764
26200 1.2874603271484375e-05
26250 64.30420422554016
26300 1.1682510375976562e-05
26350 7.152557373046875e-06
26400 6.4373016357421875e-06
26450 7.3909759521484375e-06
26500 6.4373016357421875e-06
26550 9.5367431640625e-06
26600 5.9604644775390625e-06
26650 63.84574818611145
26700 2.7894973754882812e-05
26750 51.25582551956177
26800 1.239776611328125e-05
26850 6.198883056640625e-06
26900 66.29112339019775
26950 1.2874603271484375e-05
27000 66.47725868225098
27050 1.5735626220703125e-05
27100 8.106231689453125e-06
27150 58.03785181045532
27200 1.9073486328125e-05
27250 1.3828277587890625e-05
27300 66.97012686729431
27350 67.00567269325256
27400 63.90697741508484
27450 3.147125244140625e-05
27500 1.33514404296875e-05
27550 63.957995891571045
27600 66.88533163070679
27650 2.1219253540039062e-05
27700 61.42410612106323
27750 1.430511474609375e-05
27800 7.3909759521484375e-06
27850 63.985673904418945
27900 1.4066696166992188e-05
27950 1.6927719116210938e-05
28000 61.049344301223755
28050 1.33514404296875e-05
28100 63.92158532142639
28150 1.33514404296875e-05
28200 6.198883056640625e-06
28250 66.88340353965759
28300 1.33514404296875e-05
28350 6.4373016357421875e-06
28400 8.106231689453125e-06
28450 65.4080581665039
28500 1.1920928955078125e-05
28550 7.62939453125e-06
28600 1.4543533325195312e-05
28650 64.31458282470703
28700 67.07011699676514
28750 1.2159347534179688e-05
28800 6.198883056640625e-06
28850 64.35757398605347
28900 1.6689300537109375e-05
28950 61.27043533325195
29000 1.1205673217773438e-05
29050 66.48452067375183
29100 1.4066696166992188e-05
29150 67.11464190483093
29200 1.239776611328125e-05
29250 1.4543533325195312e-05
29300 64.28428268432617
29350 1.4543533325195312e-05
29400 63.34254312515259
29450 58.693398237228394
29500 59.02053999900818
29550 64.4002890586853
29600 2.3365020751953125e-05
29650 8.58306884765625e-06
29700 7.867813110351562e-06
29750 64.21683287620544
29800 1.5020370483398438e-05
29850 6.4373016357421875e-06
29900 1.5020370483398438e-05
29950 7.62939453125e-06
30000 7.867813110351562e-06
30050 7.3909759521484375e-06
30100 63.75805473327637
30150 63.82832098007202
30200 1.5735626220703125e-05
30250 6.198883056640625e-06
30300 66.01680421829224
30350 66.63811016082764
30400 1.1920928955078125e-05
30450 6.198883056640625e-06
30500 61.44796919822693
30550 64.37913846969604
30600 66.41580843925476
30650 64.03110265731812
30700 1.5735626220703125e-05
30750 67.10724449157715
30800 2.8371810913085938e-05
30850 9.298324584960938e-06
30900 1.049041748046875e-05
30950 8.58306884765625e-06
31000 1.1682510375976562e-05
31050 66.6018009185791
31100 67.28769826889038
31150 2.5987625122070312e-05
31200 1.5497207641601562e-05
31250 64.00224137306213
31300 1.1682510375976562e-05
31350 6.67572021484375e-06
31400 2.288818359375e-05
31450 57.92413687705994
31500 1.0967254638671875e-05
31550 6.67572021484375e-06
31600 57.92206263542175
31650 1.2874603271484375e-05
31700 6.198883056640625e-06
31750 7.62939453125e-06
31800 67.06496953964233
31850 1.3113021850585938e-05
31900 8.106231689453125e-06
31950 2.2411346435546875e-05
32000 67.00346088409424
32050 66.99406504631042
32100 66.11525177955627
32150 1.4066696166992188e-05
32200 64.17186880111694
32250 63.14578080177307
32300 1.4781951904296875e-05
32350 1.4781951904296875e-05
32400 7.867813110351562e-06
32450 63.9866418838501
32500 1.52587890625e-05
32550 6.4373016357421875e-06
32600 61.09782314300537
32650 63.84621977806091
32700 1.8358230590820312e-05
32750 51.221335887908936
32800 58.301024198532104
32850 1.6450881958007812e-05
32900 66.76335430145264
32950 64.28204870223999
33000 63.75355243682861
33050 63.27981662750244
33100 2.765655517578125e-05
33150 47.52363705635071
33200 1.5735626220703125e-05
33250 8.344650268554688e-06
33300 61.12237334251404
33350 1.3828277587890625e-05
33400 2.9325485229492188e-05
33450 63.20698952674866
33500 66.31377172470093
33550 64.1367826461792
33600 1.4543533325195312e-05
33650 7.3909759521484375e-06
33700 1.5735626220703125e-05
33750 6.9141387939453125e-06
33800 1.52587890625e-05
33850 61.10267448425293
33900 65.49145531654358
33950 64.98969459533691
34000 1.1920928955078125e-05
34050 6.198883056640625e-06
34100 5.9604644775390625e-06
34150 3.337860107421875e-05
34200 61.665820837020874
34250 62.049864292144775
34300 1.7404556274414062e-05
34350 1.1682510375976562e-05
34400 67.63970303535461
34450 1.0967254638671875e-05
34500 61.000998973846436
34550 1.2874603271484375e-05
34600 9.5367431640625e-06
34650 6.198883056640625e-06
34700 67.58256936073303
34750 1.6689300537109375e-05
34800 6.4373016357421875e-06
34850 8.821487426757812e-06
34900 8.344650268554688e-06
34950 58.26578640937805
35000 3.24249267578125e-05
35050 67.07814812660217
35100 1.0967254638671875e-05
35150 6.198883056640625e-06
35200 6.198883056640625e-06
35250 63.1871178150177
35300 1.2874603271484375e-05
35350 66.75566220283508
35400 1.2636184692382812e-05
35450 55.187084436416626
35500 1.5020370483398438e-05
35550 2.384185791015625e-05
35600 6.9141387939453125e-06
35650 58.090023040771484
35700 67.00130224227905
35750 1.239776611328125e-05
35800 6.9141387939453125e-06
35850 61.501559257507324
35900 1.9311904907226562e-05
35950 6.4373016357421875e-06
36000 7.62939453125e-06
36050 58.32807636260986
36100 64.22428917884827
36150 67.05926275253296
36200 1.9073486328125e-05
36250 61.5918984413147
36300 61.4264121055603
36350 66.23449540138245
36400 61.29622530937195
36450 2.8848648071289062e-05
36500 8.58306884765625e-06
36550 9.059906005859375e-06
36600 61.55857586860657
36650 1.3828277587890625e-05
36700 64.24518203735352
36750 1.2159347534179688e-05
36800 67.26526236534119
36850 1.3828277587890625e-05
36900 61.29685163497925
36950 57.622318744659424
37000 1.5735626220703125e-05
37050 1.0251998901367188e-05
37100 6.198883056640625e-06
37150 5.4836273193359375e-06
37200 7.867813110351562e-06
37250 8.106231689453125e-06
37300 1.049041748046875e-05
37350 6.67572021484375e-06
37400 61.30678153038025
37450 1.1920928955078125e-05
37500 1.0013580322265625e-05
37550 2.5033950805664062e-05
37600 2.7179718017578125e-05
37650 8.106231689453125e-06
37700 1.1920928955078125e-05
37750 64.04429602622986
37800 66.9051775932312
37850 66.8245894908905
37900 1.71661376953125e-05
37950 61.22921919822693
38000 1.6689300537109375e-05
38050 1.1205673217773438e-05
38100 57.8967866897583
38150 65.4447546005249
38200 3.123283386230469e-05
38250 60.13709902763367
38300 59.704219818115234
38350 69.11516880989075
38400 1.1205673217773438e-05
38450 59.271183252334595
38500 1.2159347534179688e-05
38550 68.66577529907227
38600 2.1219253540039062e-05
38650 8.821487426757812e-06
38700 7.3909759521484375e-06
38750 7.3909759521484375e-06
38800 7.3909759521484375e-06
38850 7.152557373046875e-06
38900 6.9141387939453125e-06
38950 71.16789555549622
39000 1.239776611328125e-05
39050 63.01897621154785
39100 1.049041748046875e-05
39150 63.50661659240723
39200 1.3828277587890625e-05
39250 54.9125611782074
39300 1.3828277587890625e-05
39350 8.106231689453125e-06
39400 2.86102294921875e-05
39450 8.58306884765625e-06
39500 6.9141387939453125e-06
39550 58.62398409843445
39600 61.64097452163696
39650 1.0967254638671875e-05
39700 51.551782846450806
39750 2.6226043701171875e-05
39800 67.2864396572113
39850 1.3113021850585938e-05
39900 61.52317452430725
39950 63.94328951835632
40000 63.8160719871521
40050 49.33524441719055
40100 56.92708086967468
40150 1.1444091796875e-05
40200 1.1682510375976562e-05
40250 6.9141387939453125e-06
40300 58.40034461021423
40350 1.5735626220703125e-05
40400 6.4373016357421875e-06
40450 63.283732652664185
40500 64.59899759292603
40550 1.0728836059570312e-05
40600 66.94859647750854
40650 1.3113021850585938e-05
40700 7.62939453125e-06
40750 60.514936447143555
40800 60.43650674819946
40850 1.1205673217773438e-05
40900 3.075599670410156e-05
40950 1.5020370483398438e-05
41000 8.106231689453125e-06
41050 67.54425048828125
41100 52.119378089904785
41150 1.3589859008789062e-05
41200 7.62939453125e-06
41250 47.86980128288269
41300 2.384185791015625e-05
41350 1.2159347534179688e-05
41400 7.867813110351562e-06
41450 61.14331126213074
41500 1.4543533325195312e-05
41550 8.344650268554688e-06
41600 58.13182711601257
41650 63.47255611419678
41700 1.4066696166992188e-05
41750 7.3909759521484375e-06
41800 7.152557373046875e-06
41850 6.9141387939453125e-06
41900 7.152557373046875e-06
41950 57.971381187438965
42000 1.1444091796875e-05
42050 5.9604644775390625e-06
42100 5.7220458984375e-06
42150 3.4332275390625e-05
42200 62.48656940460205
42250 59.56773328781128
42300 1.5497207641601562e-05
42350 2.9087066650390625e-05
42400 8.344650268554688e-06
42450 69.22913265228271
42500 1.2636184692382812e-05
42550 7.867813110351562e-06
42600 71.90666222572327
42650 57.733718156814575
42700 1.4543533325195312e-05
42750 3.981590270996094e-05
42800 43.1264443397522
42850 1.3113021850585938e-05
42900 1.2636184692382812e-05
42950 61.54823398590088
43000 1.1920928955078125e-05
43050 51.31435298919678
43100 1.1205673217773438e-05
43150 66.68293380737305
43200 1.1682510375976562e-05
43250 58.91532850265503
43300 1.5497207641601562e-05
43350 58.563828229904175
43400 3.552436828613281e-05
43450 2.3365020751953125e-05
43500 6.9141387939453125e-06
43550 58.88477444648743
43600 1.239776611328125e-05
43650 1.0251998901367188e-05
43700 66.79081273078918
43750 1.5020370483398438e-05
43800 2.0265579223632812e-05
43850 66.58223009109497
43900 61.296900510787964
43950 1.0967254638671875e-05
44000 5.9604644775390625e-06
44050 60.97024726867676
44100 1.049041748046875e-05
44150 5.245208740234375e-06
44200 61.40029740333557
44250 2.384185791015625e-05
44300 57.5840744972229
44350 63.608346939086914
44400 1.2874603271484375e-05
44450 6.198883056640625e-06
44500 60.69552183151245
44550 63.02913427352905
44600 9.5367431640625e-06
44650 61.13398003578186
44700 58.956600189208984
44750 55.74953627586365
44800 1.2159347534179688e-05
44850 66.97602128982544
44900 2.09808349609375e-05
44950 7.62939453125e-06
45000 64.20510149002075
45050 66.05362963676453
45100 62.685110092163086
45150 1.2159347534179688e-05
45200 2.09808349609375e-05
45250 57.843732595443726
45300 55.85012364387512
45350 1.5974044799804688e-05
45400 6.67572021484375e-06
45450 5.7220458984375e-06
45500 1.1920928955078125e-05
45550 8.821487426757812e-06
45600 8.58306884765625e-06
45650 55.27138829231262
45700 66.74491333961487
45750 65.22713804244995
45800 62.17614793777466
45850 59.357871770858765
45900 54.969216108322144
45950 59.17716407775879
46000 1.0967254638671875e-05
46050 1.7881393432617188e-05
46100 57.82882761955261
46150 1.1920928955078125e-05
46200 60.78763294219971
46250 43.424710273742676
46300 65.18210768699646
46350 57.02393078804016
46400 1.1444091796875e-05
46450 5.7220458984375e-06
46500 5.245208740234375e-06
46550 2.384185791015625e-05
46600 54.547996044158936
46650 1.1205673217773438e-05
46700 5.7220458984375e-06
46750 5.0067901611328125e-06
46800 61.123419523239136
46850 3.933906555175781e-05
46900 1.0251998901367188e-05
46950 7.152557373046875e-06
47000 7.3909759521484375e-06
47050 66.62165474891663
47100 63.38872838020325
47150 55.84768867492676
47200 1.0013580322265625e-05
47250 56.54378938674927
47300 58.48039650917053
47350 1.1920928955078125e-05
47400 54.65714073181152
47450 66.98278832435608
47500 59.925440549850464
47550 59.897419452667236
47600 1.430511474609375e-05
47650 56.91871428489685
47700 1.0967254638671875e-05
47750 58.38095211982727
47800 55.449010133743286
47850 1.2159347534179688e-05
47900 2.6941299438476562e-05
47950 2.1696090698242188e-05
48000 6.4373016357421875e-06
48050 8.344650268554688e-06
48100 58.21901774406433
48150 65.2166039943695
48200 1.239776611328125e-05
48250 7.62939453125e-06
48300 1.0013580322265625e-05
48350 6.67572021484375e-06
48400 57.26485276222229
48450 56.09061646461487
48500 3.4332275390625e-05
48550 50.61473226547241
48600 1.3589859008789062e-05
48650 58.08396530151367
48700 57.88569641113281
48750 1.4543533325195312e-05
48800 1.0013580322265625e-05
48850 72.4717526435852
48900 1.52587890625e-05
48950 56.25612235069275
49000 61.65744137763977
49050 3.0040740966796875e-05
49100 51.18177008628845
49150 55.91261625289917
49200 1.33514404296875e-05
49250 58.03631520271301
49300 1.4781951904296875e-05
49350 7.152557373046875e-06
49400 1.430511474609375e-05
49450 63.41344857215881
49500 1.2636184692382812e-05
49550 59.226423025131226
49600 58.09219527244568
49650 59.006699323654175
49700 58.523993492126465
49750 58.05026721954346
49800 44.16603922843933
49850 49.57429075241089
49900 1.049041748046875e-05
49950 5.4836273193359375e-06
