0 0.6000000000000001 0.03442779641527838 0.06087250433643554
10 0.55 0.004832843365568329 0.008864883562325544
20 0.16977025347447305 0.0 0.0
30 0.3541334415915764 0.0 0.0
40 0.4756382810296037 0.0 0.0
50 1.1 0.009814723247451251 0.009002802970048737
60 1.2000000000000002 0.05040898948659356 0.04384949867003651
70 0.0 0.0 0.0
80 0.75 0.004331908219367575 0.005809432195258767
90 0.3510729270159816 0.0 0.0
100 0.0 0.0 0.0
110 0.0 0.0 0.0
120 0.2098380991243155 0.0 0.0
130 0.0 0.0 0.0
140 0.1288082902780171 0.0 0.0
150 0.9 0.026808495502806395 0.03070173652026473
160 0.2 0.002235468368189497 0.0113036870147747
170 0.6000000000000001 0.015387587028240168 0.026321006339944882
180 0.9500000000000001 0.019832675353273266 0.02132162120487905
190 0.14504103446139288 0.0 0.0
200 0.7216234048338184 0.0 0.0
210 0.0 0.0 0.0
220 1.2000000000000002 0.03983394206478641 0.03433469010089832
230 1.05 0.050282590276198524 0.05029680366383779
240 1.4500000000000002 0.025774785160138647 0.01809740825508186
250 0.17451597524321139 0.0 0.0
260 0.0 0.0 0.0
270 0.14447254374293586 0.0 0.0
280 0.9141379558678673 0.0 0.0
290 1.4000000000000001 0.021957464755608447 0.015933807697535517
300 0.8 0.00455437829917571 0.005725568379441858
310 0.5516903304404025 0.0 0.0
320 0.33473691330225497 0.0 0.0
330 0.9670700039086915 0.0 0.0
340 0.0 0.0 0.0
350 0.65 0.0053417552997468976 0.008286181622063415
360 0.3467138064404277 0.0 0.0
370 0.13486259714926263 0.0 0.0
380 0.3491877200559733 0.0 0.0
390 1.053600554923312 0.0 0.0
400 0.7236143740208165 0.0 0.0
410 0.21681139486278095 0.0 0.0
420 0.8 0.028009235815501077 0.03628182760073424
430 0.0 0.0 0.0
440 0.6738278295467837 0.0 0.0
450 0.37828086948636774 0.0 0.0
460 0.6697074285264171 0.0 0.0
470 0.0 0.0 0.0
480 0.0 0.0 0.0
490 0.95161821931086 0.0 0.0
500 0.0 0.0 0.0
510 0.5536153654865612 0.0 0.0
520 0.2692847958800203 0.0 0.0
530 0.6784151240512215 0.0 0.0
540 0.5212027705237703 0.0 0.0
550 0.0 0.0 0.0
560 1.3 0.043888789913574255 0.03494021035808965
570 0.6374616548905897 0.0 0.0
580 0.5034332807209401 0.0 0.0
590 1.0258776607667452 0.0 0.0
600 0.16820916985476736 0.0 0.0
610 0.6000000000000001 0.0033544304713055695 0.005622149300388369
620 0.11982910458340643 0.0 0.0
630 0.0 0.0 0.0
640 0.0 0.0 0.0
650 0.8500000000000001 0.018591092689564936 0.02236094961949128
660 1.05 0.005265756760965301 0.0050402834931873655
670 0.9149642734771878 0.0 0.0
680 0.07992117257938079 0.0 0.0
690 0.0 0.0 0.0
700 1.0 0.03887602497227327 0.0404485019439368
710 0.17418736491677717 0.0 0.0
720 0.0 0.0 0.0
730 0.0 0.0 0.0
740 0.0 0.0 0.0
750 1.3 0.07800866723266808 0.06383733267240856
760 0.30000000000000004 0.0021075143622677484 0.007074748319871019
770 0.0 0.0 0.0
780 0.5759164059068727 0.0 0.0
790 0.0 0.0 0.0
800 1.55 0.045105504901662874 0.02997253631306257
810 0.0 0.0 0.0
820 0.0 0.0 0.0
830 0.3625426734949608 0.0 0.0
840 1.55 0.05034562103136264 0.03357148269455727
850 0.0 0.0 0.0
860 0.39081588773798887 0.0 0.0
870 0.0 0.0 0.0
880 1.1 0.07330131547761365 0.07139515866012135
890 0.18587528888427776 0.0 0.0
900 0.06723044575208027 0.0 0.0
910 0.0 0.0 0.0
920 0.6000000000000001 0.008941102982130023 0.01512726232062741
930 0.4 0.0041022428695959845 0.010361874488328445
940 1.25 0.0075079983472465806 0.006042693504070447
950 0.01643232673991158 0.0 0.0
960 1.3 0.005690936291088633 0.004396891322680653
970 0.6318489543600957 0.0 0.0
980 0.0 0.0 0.0
990 0.631370699424479 0.0 0.0
1000 1.4500000000000002 0.13930597666342104 0.10628413205760687
1010 1.6 0.042044844174732976 0.026987197941818378
1020 0.9 0.0204703950354711 0.023274253555452137
1030 0.26897784331062147 0.0 0.0
1040 0.0 0.0 0.0
1050 0.0 0.0 0.0
1060 1.25 0.03482425037740189 0.0286577891208061
1070 0.5295634737470241 0.0 0.0
1080 0.7269075401864081 0.0 0.0
1090 0.8 0.01564419846519116 0.019945283039379532
1100 0.0 0.0 0.0
1110 1.6500000000000001 0.03859917662457746 0.02395380222266689
1120 0.0 0.0 0.0
1130 0.0 0.0 0.0
1140 0.4297406215013826 0.0 0.0
1150 0.0 0.0 0.0
1160 0.0 0.0 0.0
1170 0.8500000000000001 0.0623639145095618 0.07917858978074829
1180 0.7537902205631474 0.0 0.0
1190 0.6192155525379042 0.0 0.0
1200 0.9500000000000001 0.04059305069473684 0.044636838024767346
1210 0.9500000000000001 0.022639827770585708 0.024413198289677
1220 0.0 0.0 0.0
1230 0.0 0.0 0.0
1240 0.0 0.0 0.0
1250 0.8 0.013561400632107201 0.017244067932331016
1260 0.0 0.0 0.0
1270 0.39203193720744595 0.0 0.0
1280 0.0 0.0 0.0
1290 0.5169532912647908 0.0 0.0
1300 0.0 0.0 0.0
1310 1.35 0.06040916851169831 0.04684367090449983
1320 0.07715440075486364 0.0 0.0
1330 0.0 0.0 0.0
1340 0.9500000000000001 0.06396435535220413 0.07219162766034126
1350 0.0 0.0 0.0
1360 1.1500000000000001 0.08382839229736527 0.07862560932193365
1370 0.28020083918870786 0.0 0.0
1380 0.0 0.0 0.0
1390 1.05 0.04809960039520855 0.04800836531673395
1400 0.0 0.0 0.0
1410 1.3 0.03514649242838286 0.027787006335508645
1420 0.0 0.0 0.0
1430 0.157260710308057 0.0 0.0
1440 0.2036155240280678 0.0 0.0
1450 0.55 0.0046911036000225614 0.008602653708737027
1460 0.9500000000000001 0.017703969113774698 0.01898964333994385
1470 0.047903072892172854 0.0 0.0
1480 0.282272196283495 0.0 0.0
1490 1.1 0.1233770514030994 0.12633028087283155
1500 0.4876465173163652 0.0 0.0
1510 0.0 0.0 0.0
1520 0.9 0.00833117208371148 0.00934334791447215
1530 0.0 0.0 0.0
1540 1.1500000000000001 0.11433742407277037 0.11040026619712888
1550 0.8 0.00124225689643509 0.0015552361240447118
1560 1.6676128639247318 0.0 0.0
1570 0.09339486158346025 0.0 0.0
1580 0.0 0.0 0.0
1590 0.0 0.0 0.0
1600 0.0 0.0 0.0
1610 0.0 0.0 0.0
1620 0.0 0.0 0.0
1630 0.65 0.007943034427629114 0.01237123005206895
1640 0.0 0.0 0.0
1650 1.6500000000000001 0.02344618823512068 0.014414640367588317
1660 0.0 0.0 0.0
1670 0.0 0.0 0.0
1680 0.9719005481166492 0.0 0.0
1690 0.0 0.0 0.0
1700 0.04287122810243695 0.0 0.0
1710 0.04639006915715986 0.0 0.0
1720 0.2509452975806341 0.0 0.0
1730 0.0 0.0 0.0
1740 0.47173260666999206 0.0 0.0
1750 0.6158851945205159 0.0 0.0
1760 0.4405761356364649 0.0 0.0
1770 0.5 0.0009795618743088097 0.0019629694486823436
1780 0.65 0.014903450140453578 0.023466432220029414
1790 0.0 0.0 0.0
1800 0.0 0.0 0.0
1810 0.5824195967686434 0.0 0.0
1820 0.0 0.0 0.0
1830 0.0 0.0 0.0
1840 0.0 0.0 0.0
1850 0.0 0.0 0.0
1860 1.35 0.05448882929476495 0.04205971397769034
1870 0.853036507850258 0.0 0.0
1880 0.858350006510564 0.0 0.0
1890 0.31051427126896625 0.0 0.0
1900 1.4500000000000002 0.11175519355131858 0.08350878181091907
1910 0.5 0.005472793001046639 0.01106671771257718
1920 1.0 0.007869306461008918 0.007931723624977894
1930 0.46476262325626294 0.0 0.0
1940 0.656041792734457 0.0 0.0
1950 0.0 0.0 0.0
1960 0.0 0.0 0.0
1970 1.1500000000000001 0.06019002043258248 0.05522983048519516
1980 1.35 0.04324122762174398 0.033090443726692134
1990 0.0 0.0 0.0
2000 0.18363035470288902 0.0 0.0
2010 0.0 0.0 0.0
2020 1.1500000000000001 0.03199318922095373 0.028616273990907378
2030 0.0 0.0 0.0
2040 0.65 0.019166942143458154 0.030383541104494434
2050 0.9 0.040336703001562335 0.0469215135069744
2060 0.0 0.0 0.0
2070 0.0 0.0 0.0
2080 0.0 0.0 0.0
2090 0.9 0.05739099053918817 0.06811105731697889
2100 0.5 0.002075883429866532 0.0041690758908524165
2110 0.6000000000000001 0.005190634384886206 0.008726551202700689
2120 0.0 0.0 0.0
2130 0.8188698342052585 0.0 0.0
2140 1.3 0.043888789913574255 0.03494021035808965
2150 0.6439125958203697 0.0 0.0
2160 0.27921024285136137 0.0 0.0
2170 1.25 0.06097152534616335 0.05127844004233293
2180 0.6004005910301563 0.0 0.0
2190 0.1788997686786945 0.0 0.0
2200 0.3604290561475195 0.0 0.0
2210 0.5 0.024720829148317358 0.052013281171187344
2220 1.4000000000000001 0.09708014523096664 0.07450968290614919
2230 0.34065049221457566 0.0 0.0
2240 0.0 0.0 0.0
2250 0.37247521376182924 0.0 0.0
2260 0.6000000000000001 0.019346499046738908 0.03331849203522873
2270 0.26006317553180325 0.0 0.0
2280 0.0 0.0 0.0
2290 0.8154099357736597 0.0 0.0
2300 0.0 0.0 0.0
2310 0.0 0.0 0.0
2320 0.0 0.0 0.0
2330 0.3368867072446887 0.0 0.0
2340 1.25 0.056439170087854595 0.04728637927235675
2350 0.0 0.0 0.0
2360 0.3368867072446887 0.0 0.0
2370 0.8 0.028669626751432142 0.03716906237036397
2380 0.5318404082609562 0.0 0.0
2390 0.18250990346600465 0.0 0.0
2400 0.6631973748157594 0.0 0.0
2410 1.0053408201791827 0.0 0.0
2420 0.0 0.0 0.0
2430 0.27085096255273067 0.0 0.0
2440 0.8 0.004245924355692932 0.005335724296799971
2450 1.5 0.06056184633555084 0.04207325349920422
2460 0.039475917874953484 0.0 0.0
2470 1.3 0.0990721512062056 0.08249633923113128
2480 1.1 0.029116856135758207 0.027189573673455272
2490 0.20011606253388659 0.0 0.0
2500 0.14600550707876156 0.0 0.0
2510 0.0 0.0 0.0
2520 0.276442124092133 0.0 0.0
2530 0.5778656410327121 0.0 0.0
2540 0.0 0.0 0.0
2550 0.0 0.0 0.0
2560 0.376536401925866 0.0 0.0
2570 0.0 0.0 0.0
2580 0.4 0.0028415538053191414 0.007154710752207586
2590 0.0 0.0 0.0
2600 1.3 0.08994535063970432 0.07433164335780586
2610 1.35 0.1295469938491225 0.10614664652897528
2620 0.33476752503043283 0.0 0.0
2630 0.0 0.0 0.0
2640 0.9124957340350673 0.0 0.0
2650 0.0 0.0 0.0
2660 0.0 0.0 0.0
2670 0.1466989447515327 0.0 0.0
2680 1.4000000000000001 0.05526453608166082 0.04109695740501183
2690 0.0 0.0 0.0
2700 0.35195477985043977 0.0 0.0
2710 1.35 0.11010308977993488 0.08880019691346198
2720 0.28935174859322843 0.0 0.0
2730 0.5853993136137671 0.0 0.0
2740 0.2960377050913227 0.0 0.0
2750 1.35 0.07271189191880456 0.05692677435792925
2760 0.75 0.020169871246124238 0.027636391608774243
2770 0.0 0.0 0.0
2780 1.4500000000000002 0.09497065609700384 0.07008752727335961
2790 1.4000000000000001 0.15219299794499208 0.12196837948043734
2800 0.0 0.0 0.0
2810 0.0 0.0 0.0
2820 1.25 0.03333271824489281 0.027396740871348652
2830 0.9587096271679021 0.0 0.0
2840 1.6500000000000001 0.02344618823512068 0.014414640367588317
2850 1.3 0.026963117281925575 0.021180154045777794
2860 0.0 0.0 0.0
2870 0.4068671479700766 0.0 0.0
2880 1.3 0.12212099076922911 0.10367872235789463
2890 0.337871698096295 0.0 0.0
2900 0.0 0.0 0.0
2910 0.55 0.01961831761835453 0.036989055749926565
2920 0.0 0.0 0.0
2930 0.10374191291750322 0.0 0.0
2940 0.0 0.0 0.0
2950 0.05402578414796438 0.0 0.0
2960 0.5014330045367743 0.0 0.0
2970 0.55 0.013705096152833995 0.025555148957260444
2980 0.6173746370462004 0.0 0.0
2990 0.35227024174234345 0.0 0.0
3000 1.35 0.07800897474775548 0.0613282430450213
3010 1.05 0.020263185801721706 0.01967802405656246
3020 0.968737782586121 0.0 0.0
3030 0.03648281084406783 0.0 0.0
3040 1.6500000000000001 0.02344618823512068 0.014414640367588317
3050 0.020407595623397567 0.0 0.0
3060 0.8 0.018787463225236833 0.02404910615336627
3070 0.8098151413200665 0.0 0.0
3080 0.25 0.011449290089888764 0.047995204433485
3090 0.7000000000000001 0.029956491093175885 0.04470827744014697
3100 0.8592688544371891 0.0 0.0
3110 0.0 0.0 0.0
3120 0.0 0.0 0.0
3130 0.0 0.0 0.0
3140 0.65 0.019226343300143056 0.030480574285129965
3150 0.19212507137272494 0.0 0.0
3160 0.0 0.0 0.0
3170 1.0 0.01064676584126567 0.0107613393009412
3180 0.4 0.004816707024873246 0.012188539117154465
3190 0.04416968107801948 0.0 0.0
3200 0.1252643062522697 0.0 0.0
3210 1.4000000000000001 0.058544223077536595 0.04364230568364123
3220 0.0 0.0 0.0
3230 0.0 0.0 0.0
3240 0.0 0.0 0.0
3250 0.0 0.0 0.0
3260 0.6055796681057135 0.0 0.0
3270 0.37993169868902 0.0 0.0
3280 0.0 0.0 0.0
3290 0.34099114943900544 0.0 0.0
3300 0.14548550296972773 0.0 0.0
3310 0.42349486026850036 0.0 0.0
3320 0.0 0.0 0.0
3330 0.0 0.0 0.0
3340 0.5 0.0005148763329845263 0.001030814149587709
3350 0.8500000000000001 0.042884864408939904 0.0531335153039037
3360 0.006661605478642056 0.0 0.0
3370 0.8029567104220136 0.0 0.0
3380 0.9500000000000001 0.08835343576158283 0.10254022870697072
3390 0.0 0.0 0.0
3400 0.0 0.0 0.0
3410 0.9500000000000001 0.054094846519787465 0.060380104199257996
3420 0.0 0.0 0.0
3430 1.4000000000000001 0.11156752108375145 0.08659167081661531
3440 0.0 0.0 0.0
3450 0.0 0.0 0.0
3460 0.6215316762791994 0.0 0.0
3470 0.18337635845797912 0.0 0.0
3480 1.4000000000000001 0.04673657700214462 0.03453620057106847
3490 0.0 0.0 0.0
3500 0.061889361710380335 0.0 0.0
3510 0.1 0.0017259187866167092 0.017562298881932132
3520 1.2000000000000002 0.0845788514332928 0.07582683145462576
3530 1.35 0.10129048476587954 0.0811161311178834
3540 0.7009990983077211 0.0 0.0
3550 0.0 0.0 0.0
3560 0.0 0.0 0.0
3570 0.26288570191528493 0.0 0.0
3580 0.0 0.0 0.0
3590 1.35 0.08614076542684779 0.06815693003654827
3600 0.0 0.0 0.0
3610 0.0 0.0 0.0
3620 0.0 0.0 0.0
3630 1.2000000000000002 0.13647188522602516 0.12831996007461324
3640 0.0 0.0 0.0
3650 1.55 0.045105504901662874 0.02997253631306257
3660 0.6314903610578755 0.0 0.0
3670 0.3128820493873752 0.0 0.0
3680 0.0 0.0 0.0
3690 0.7000000000000001 0.016860470209767553 0.024680858703850433
3700 0.5213807348674433 0.0 0.0
3710 0.0 0.0 0.0
3720 1.2000000000000002 0.10868453241689213 0.09959038943852903
3730 0.7000000000000001 0.01615985093296779 0.023631035637516725
3740 1.0 0.0181078213278838 0.01844176144917695
3750 0.0 0.0 0.0
3760 1.407946324598178 0.0 0.0
3770 0.13003284410795718 0.0 0.0
3780 0.30000000000000004 0.0037598587192037014 0.01269192859194546
3790 0.0964226165550529 0.0 0.0
3800 0.6245068110346343 0.0 0.0
3810 0.26599546856430845 0.0 0.0
3820 0.390108825986452 0.0 0.0
3830 0.7363458681649172 0.0 0.0
3840 0.0 0.0 0.0
3850 0.2871179121539819 0.0 0.0
3860 1.6 0.15396333466017031 0.10647263541134881
3870 0.0760085250661438 0.0 0.0
3880 0.4015774424177243 0.0 0.0
3890 0.65 0.015808408009568953 0.024926864703383636
3900 0.0 0.0 0.0
3910 0.0 0.0 0.0
3920 0.0 0.0 0.0
3930 0.7723689398715468 0.0 0.0
3940 0.0 0.0 0.0
3950 0.7661933758049382 0.0 0.0
3960 0.9031886566165863 0.0 0.0
3970 0.0 0.0 0.0
3980 0.0 0.0 0.0
3990 0.0 0.0 0.0
4000 0.0 0.0 0.0
4010 0.39348656548645344 0.0 0.0
4020 0.5 0.011736034071183843 0.024036248607571493
4030 0.5814837693897803 0.0 0.0
4040 1.25 0.05111224208452092 0.04263305029771128
4050 0.0 0.0 0.0
4060 0.6000000000000001 0.0029756436660974828 0.004984124407201355
4070 0.5790504657393327 0.0 0.0
4080 0.8036991252188974 0.0 0.0
4090 0.0 0.0 0.0
4100 1.6500000000000001 0.051712244746482616 0.03235477752770503
4110 0.75 0.0026047355518992177 0.0034850843667341576
4120 0.8 0.021121995533305626 0.027118490202798922
4130 1.3 0.041026145078483456 0.032586971459420015
4140 0.7211481428055437 0.0 0.0
4150 0.584665177579081 0.0 0.0
4160 0.0 0.0 0.0
4170 0.0 0.0 0.0
4180 0.07734448806590105 0.0 0.0
4190 0.0 0.0 0.0
4200 0.09880256428213921 0.0 0.0
4210 0.3549565061754857 0.0 0.0
4220 0.0 0.0 0.0
4230 0.08001532728879784 0.0 0.0
4240 0.0 0.0 0.0
4250 0.0 0.0 0.0
4260 1.05 0.032158687396725893 0.03159499128059114
4270 0.47256734004229267 0.0 0.0
4280 0.0 0.0 0.0
4290 0.0 0.0 0.0
4300 1.1 0.09564806394340142 0.0952336133476735
4310 0.0 0.0 0.0
4320 0.0 0.0 0.0
4330 1.4500000000000002 0.07401941552886004 0.053793938929239685
4340 0.8061496662119412 0.0 0.0
4350 0.75 0.03239588535096405 0.04514450891465157
4360 0.7000000000000001 0.011851114840324528 0.017221730785155074
4370 1.6 0.023769972882387247 0.015080269042872138
4380 0.3577818419642618 0.0 0.0
4390 1.3 0.02591057553925169 0.020336543920547966
4400 0.0 0.0 0.0
4410 0.29150615563658266 0.0 0.0
4420 0.0 0.0 0.0
4430 0.651758677083037 0.0 0.0
4440 0.55 0.005823606345796151 0.01070168866879726
4450 0.0 0.0 0.0
4460 0.4526477676959684 0.0 0.0
4470 0.4496110111157501 0.0 0.0
4480 1.0 0.024459616426910635 0.025072889691478438
4490 0.5 0.005138460905294129 0.01038363360121777
4500 0.0 0.0 0.0
4510 0.795547862647521 0.0 0.0
4520 0.0 0.0 0.0
4530 0.0 0.0 0.0
4540 1.4000000000000001 0.021957464755608447 0.015933807697535517
4550 0.0 0.0 0.0
4560 0.9198095003289333 0.0 0.0
4570 0.1872816730240492 0.0 0.0
4580 0.05031235784934966 0.0 0.0
4590 0.0 0.0 0.0
4600 0.0 0.0 0.0
4610 0.0 0.0 0.0
4620 0.0 0.0 0.0
4630 0.041811088517727246 0.0 0.0
4640 0.5 0.02150993795116224 0.044953782026442166
4650 0.4630070733092734 0.0 0.0
4660 0.0 0.0 0.0
4670 1.0 0.057689575899743106 0.06122141326710532
4680 0.0 0.0 0.0
4690 0.0 0.0 0.0
4700 0.0 0.0 0.0
4710 0.0 0.0 0.0
4720 0.18161866724421016 0.0 0.0
4730 0.06525894872126248 0.0 0.0
4740 0.054544539548388934 0.0 0.0
4750 0.0 0.0 0.0
4760 0.0 0.0 0.0
4770 0.13348871221916792 0.0 0.0
4780 0.6302369481819015 0.0 0.0
4790 0.23890057178249857 0.0 0.0
4800 1.7005358194678708 0.0 0.0
4810 0.9 0.031900202023880886 0.03674715982914955
4820 0.4 0.0005165208929013287 0.001292971849689066
4830 0.0 0.0 0.0
4840 1.1500000000000001 0.008942689014509453 0.00783719531737277
4850 0.0 0.0 0.0
4860 0.9 0.010273496230599366 0.011546802514115113
4870 0.12401946134903376 0.0 0.0
4880 0.0 0.0 0.0
4890 1.1 0.01970147701613545 0.018237067437358433
4900 0.0 0.0 0.0
4910 0.12250747734786746 0.0 0.0
4920 0.868372100752469 0.0 0.0
4930 0.4629682409520086 0.0 0.0
4940 0.1975831161268219 0.0 0.0
4950 1.6 0.11485737789793493 0.07733760797691351
4960 0.07493647922814678 0.0 0.0
4970 0.0 0.0 0.0
4980 0.0 0.0 0.0
4990 0.06098937990186171 0.0 0.0
5000 1.6500000000000001 0.03859917662457746 0.02395380222266689
5010 1.1 0.05556504725674771 0.053201060641262315
5020 0.8 0.019956780084140258 0.025584197868283396
5030 0.5566182913204833 0.0 0.0
5040 0.0 0.0 0.0
5050 0.0 0.0 0.0
5060 0.2821302991011483 0.0 0.0
5070 0.0 0.0 0.0
5080 1.1500000000000001 0.016160526037479084 0.014252922400912343
5090 0.42576053956715865 0.0 0.0
5100 1.1 0.0735753457380961 0.07168119494460477
5110 0.6000000000000001 0.020587855886356143 0.03553231684132273
5120 1.0 0.04486377042898515 0.04697106971759939
5130 0.0 0.0 0.0
5140 0.8500000000000001 0.05144994272855463 0.06442920172638046
5150 0.0 0.0 0.0
5160 0.8 0.0068092682078451094 0.008584654276607694
5170 1.3 0.01611870352827549 0.01255466807762666
5180 0.0 0.0 0.0
5190 0.2859179443397526 0.0 0.0
5200 1.2000000000000002 0.08713024555383964 0.07829330000724259
5210 0.8500000000000001 0.04661930185669405 0.058028904558493834
5220 0.8 0.005888875485838052 0.00741568189142404
5230 0.5095755775830448 0.0 0.0
5240 0.0 0.0 0.0
5250 0.3477768985694999 0.0 0.0
5260 1.6 0.05016278933796903 0.03236648919826967
5270 1.1 0.02288974465890581 0.021251069280421243
5280 0.0 0.0 0.0
5290 0.0 0.0 0.0
5300 0.75 0.0007798135794253591 0.0010408336475168207
5310 0.55 0.008966931540228318 0.016573721761140466
5320 0.6175467340924707 0.0 0.0
5330 0.0 0.0 0.0
5340 0.0 0.0 0.0
5350 0.7000000000000001 0.021032763951680633 0.03097758306290911
5360 1.0511157838404988 0.0 0.0
5370 0.029722616222801902 0.0 0.0
5380 0.0 0.0 0.0
5390 0.7000000000000001 0.0016580973586152181 0.002374334623690325
5400 0.6000000000000001 0.0076599071130194485 0.012931603322149206
5410 0.0 0.0 0.0
5420 0.8126532082165928 0.0 0.0
5430 0.8 0.02487375438627626 0.03208993957698065
5440 1.5 0.07862446761037334 0.05531575985284432
5450 0.34080499812900333 0.0 0.0
5460 1.4000000000000001 0.09708014523096664 0.07450968290614919
5470 1.2000000000000002 0.003128522257034083 0.002613916627818537
5480 0.55 0.009106606927288041 0.01683623250702906
5490 0.6000000000000001 0.006266050356289132 0.01055363325619038
5500 0.25 0.006615838514493821 0.027182699457983434
5510 0.22992124167366884 0.0 0.0
5520 0.0 0.0 0.0
5530 0.0 0.0 0.0
5540 0.0 0.0 0.0
5550 0.37594542908545076 0.0 0.0
5560 0.0 0.0 0.0
5570 0.5564729738206502 0.0 0.0
5580 0.0 0.0 0.0
5590 0.0 0.0 0.0
5600 0.0 0.0 0.0
5610 0.12199582929727848 0.0 0.0
5620 0.0 0.0 0.0
5630 0.0 0.0 0.0
5640 0.4 0.0008249895284627162 0.0020667364108995024
5650 0.0 0.0 0.0
5660 0.0008259623775804361 0.0 0.0
5670 0.0 0.0 0.0
5680 0.0 0.0 0.0
5690 0.0 0.0 0.0
5700 0.0 0.0 0.0
5710 0.0 0.0 0.0
5720 1.35 0.08811227234342023 0.06982576215956338
5730 0.0 0.0 0.0
5740 0.0 0.0 0.0
5750 0.19320374220500888 0.0 0.0
5760 0.3584508631707386 0.0 0.0
5770 0.8008491003756533 0.0 0.0
5780 1.4000000000000001 0.056913509048965194 0.04237516305347166
5790 0.7161197026501996 0.0 0.0
5800 0.4072147943675124 0.0 0.0
5810 1.05 0.044907081348726896 0.044679532126231054
5820 0.2611410651479977 0.0 0.0
5830 0.0 0.0 0.0
5840 0.019422092446749514 0.0 0.0
5850 0.0 0.0 0.0
5860 0.32936438441746263 0.0 0.0
5870 0.3288478442438486 0.0 0.0
5880 0.7000000000000001 0.014260057509986157 0.020795139128407733
5890 0.0 0.0 0.0
5900 0.0 0.0 0.0
5910 0.0 0.0 0.0
5920 1.7005358194678708 0.0 0.0
5930 0.0 0.0 0.0
5940 0.0 0.0 0.0
5950 0.35425977212242454 0.0 0.0
5960 0.0 0.0 0.0
5970 1.0234346306539708 0.0 0.0
5980 1.4000000000000001 0.021957464755608447 0.015933807697535517
5990 0.17203953739099542 0.0 0.0
6000 0.014975336334282458 0.0 0.0
6010 0.0 0.0 0.0
6020 0.75 0.028138315419184545 0.03898020357670659
6030 0.0 0.0 0.0
6040 0.0 0.0 0.0
6050 0.0 0.0 0.0
6060 0.0 0.0 0.0
6070 0.11029021340509419 0.0 0.0
6080 0.611625375365846 0.0 0.0
6090 0.7921724006789311 0.0 0.0
6100 0.7000000000000001 0.004583971916789387 0.006591697245495307
6110 1.7005358194678708 0.0 0.0
6120 0.7000000000000001 0.00892130106788902 0.012909240411655946
6130 0.34219935078151825 0.0 0.0
6140 1.25 0.02723404517638839 0.02227249218785863
6150 0.6000000000000001 0.020484959818699577 0.03534845240995106
6160 0.0 0.0 0.0
6170 0.35000000000000003 0.0044720308674380815 0.012942601661639684
6180 0.5 0.006974127363624016 0.014145560609894569
6190 0.21072690641068437 0.0 0.0
6200 0.3218981264660298 0.0 0.0
6210 0.0 0.0 0.0
6220 0.0 0.0 0.0
6230 0.0 0.0 0.0
6240 0.12665665384214517 0.0 0.0
6250 0.0 0.0 0.0
6260 0.0 0.0 0.0
6270 0.0 0.0 0.0
6280 0.0 0.0 0.0
6290 0.0 0.0 0.0
6300 0.4114378635080618 0.0 0.0
6310 1.55 0.06485737789793489 0.043670807727634944
6320 0.4349267801678931 0.0 0.0
6330 0.65 0.005093493262202098 0.007898033604850849
6340 0.21405323558053324 0.0 0.0
6350 1.7005358194678708 0.0 0.0
6360 0.06437969183434597 0.0 0.0
6370 0.0 0.0 0.0
6380 0.0 0.0 0.0
6390 1.35 0.06040916851169831 0.04684367090449983
6400 0.23112233849467456 0.0 0.0
6410 1.2000000000000002 0.09580106739687655 0.08676069553067556
6420 1.05 0.06632242907743402 0.06742293515468886
6430 0.12123983054625491 0.0 0.0
6440 0.0 0.0 0.0
6450 1.1 0.005255099737089264 0.004800296156508438
6460 0.2707670704495206 0.0 0.0
6470 0.4148841348012918 0.0 0.0
6480 0.6021547504103921 0.0 0.0
6490 0.0 0.0 0.0
6500 0.0 0.0 0.0
6510 0.0 0.0 0.0
6520 0.0 0.0 0.0
6530 0.2 0.01190014637871012 0.0632650485878061
6540 0.8500000000000001 0.04072670725229122 0.050325035581012034
6550 1.2000000000000002 0.06282688623525123 0.055248304303691494
6560 0.5380534738096664 0.0 0.0
6570 0.0 0.0 0.0
6580 0.12321529562452946 0.0 0.0
6590 0.0 0.0 0.0
6600 1.6500000000000001 0.051712244746482616 0.03235477752770503
6610 1.4500000000000002 0.14958841012468538 0.11503158791366057
6620 0.6000000000000001 0.013181103941902306 0.022461962337009193
6630 0.8500000000000001 0.05383383913790962 0.06761633661950443
6640 0.0 0.0 0.0
6650 0.4569337528623749 0.0 0.0
6660 0.8595317476501512 0.0 0.0
6670 0.0 0.0 0.0
6680 0.0 0.0 0.0
6690 0.75 0.03828830730373678 0.05379749650969562
6700 0.4404650001726842 0.0 0.0
6710 0.9 0.05763702126738102 0.06842302276163544
6720 0.4080150023547422 0.0 0.0
6730 0.4962850673902326 0.0 0.0
6740 0.6000000000000001 0.043284234067653804 0.07774925144281584
6750 0.0 0.0 0.0
6760 1.05 0.04785584869317483 0.0477534580536836
6770 0.7063837324336437 0.0 0.0
6780 1.3 0.008067287319809546 0.006244355639136564
6790 0.0 0.0 0.0
6800 0.0 0.0 0.0
6810 0.8500000000000001 0.03325627095310901 0.04071812218493286
6820 1.2000000000000002 0.09006440809725325 0.08114381478916007
6830 0.4345597684298497 0.0 0.0
6840 0.6553987466074276 0.0 0.0
6850 0.5896751766286553 0.0 0.0
6860 0.9 0.02104057783465596 0.023938053684915098
6870 0.5838798341921676 0.0 0.0
6880 0.3342772319975512 0.0 0.0
6890 0.5668688741671168 0.0 0.0
6900 0.6000000000000001 0.029467445641642387 0.051649017074551655
6910 0.8500000000000001 0.049570136942197696 0.061929394729014535
6920 0.0 0.0 0.0
6930 0.0 0.0 0.0
6940 1.6 0.11020408094718448 0.07397260224558151
6950 0.0 0.0 0.0
6960 0.1 0.0007642856418644539 0.0077017195553829975
6970 0.0 0.0 0.0
6980 0.0 0.0 0.0
6990 1.1500000000000001 0.04660694282565658 0.04223965568988746
7000 0.0 0.0 0.0
7010 0.044901311334607535 0.0 0.0
7020 1.35 0.07696311728192562 0.06045631381676928
7030 0.48436955215850164 0.0 0.0
7040 0.0 0.0 0.0
7050 0.5 0.000345822003501417 0.0006921227095269889
7060 0.7561922411764886 0.0 0.0
7070 0.673963808817301 0.0 0.0
7080 0.0 0.0 0.0
7090 0.0 0.0 0.0
7100 0.0 0.0 0.0
7110 0.0 0.0 0.0
7120 0.054497216785310734 0.0 0.0
7130 0.873052657543186 0.0 0.0
7140 0.014606454894305749 0.0 0.0
7150 0.0 0.0 0.0
7160 0.5727072054728588 0.0 0.0
7170 0.8 0.025541552060788675 0.032979886950362865
7180 0.8886871443088407 0.0 0.0
7190 0.37679891228325363 0.0 0.0
7200 0.0 0.0 0.0
7210 0.0755808873635074 0.0 0.0
7220 0.8 0.02324462026333296 0.02992527746793755
7230 0.6534777319017597 0.0 0.0
7240 0.1089837795845382 0.0 0.0
7250 0.7808222179343678 0.0 0.0
7260 0.45 0.01488916916310451 0.03421925658450416
7270 0.4402419091779573 0.0 0.0
7280 0.4150962546442125 0.0 0.0
7290 0.0 0.0 0.0
7300 0.0 0.0 0.0
7310 0.0 0.0 0.0
7320 0.0 0.0 0.0
7330 0.0 0.0 0.0
7340 0.0 0.0 0.0
7350 0.0 0.0 0.0
7360 0.0 0.0 0.0
7370 0.0 0.0 0.0
7380 0.9 0.03244479875569273 0.0373979646588
7390 0.0 0.0 0.0
7400 0.5 0.015344467097641257 0.031660563133883865
7410 0.0 0.0 0.0
7420 0.0 0.0 0.0
7430 0.2 0.002441878013108967 0.012360301811691636
7440 0.65 0.039558156893132135 0.06480249894371481
7450 1.4500000000000002 0.025774785160138647 0.01809740825508186
7460 1.4000000000000001 0.053596881560923126 0.039807455008764016
7470 0.0 0.0 0.0
7480 0.0 0.0 0.0
7490 0.6568144358081769 0.0 0.0
7500 1.6500000000000001 0.03859917662457746 0.02395380222266689
7510 1.1500000000000001 0.07288974465890585 0.06767157242953134
7520 0.23393167127782616 0.0 0.0
7530 0.0 0.0 0.0
7540 1.4105300991254097 0.0 0.0
7550 1.1 0.03745437356815495 0.03524966141353497
7560 0.6000000000000001 0.011331932260363109 0.019250122235906855
7570 1.1500000000000001 0.0019437277111287177 0.0016930596156698155
7580 0.75 0.029485105093450925 0.04092227003478554
7590 0.0 0.0 0.0
7600 0.0 0.0 0.0
7610 0.33467569422851384 0.0 0.0
7620 0.0 0.0 0.0
7630 1.25 0.03408007926705103 0.02802822676554865
7640 0.4849407110330665 0.0 0.0
7650 0.0 0.0 0.0
7660 0.15076503704397004 0.0 0.0
7670 0.5759164059068727 0.0 0.0
7680 0.0 0.0 0.0
7690 1.1009963354314851 0.0 0.0
7700 1.1 0.018627480200984703 0.017225775447342436
7710 0.75 0.027979601744559268 0.03875181617051832
7720 0.028051251905678497 0.0 0.0
7730 0.0 0.0 0.0
7740 0.2905291897105611 0.0 0.0
7750 0.0 0.0 0.0
7760 0.0 0.0 0.0
7770 1.4500000000000002 0.028624467610373516 0.020138567857749638
7780 0.0 0.0 0.0
7790 0.0 0.0 0.0
7800 0.5501568610931133 0.0 0.0
7810 0.9557277351659408 0.0 0.0
7820 0.0017523541401045623 0.0 0.0
7830 0.0 0.0 0.0
7840 1.6 0.08963186466342088 0.05934438271464645
7850 0.17267044308684837 0.0 0.0
7860 0.556181371206796 0.0 0.0
7870 0.7000000000000001 0.00040575261119524253 0.0005799827724565929
7880 0.557738743391754 0.0 0.0
7890 0.7598787520713866 0.0 0.0
7900 0.0 0.0 0.0
7910 0.0 0.0 0.0
7920 0.10562501066019908 0.0 0.0
7930 0.0 0.0 0.0
7940 0.06098937990186171 0.0 0.0
7950 1.6 0.013322322304274437 0.008396363351895112
7960 0.7751262456137238 0.0 0.0
7970 0.0 0.0 0.0
7980 0.42500332160195264 0.0 0.0
7990 0.0 0.0 0.0
8000 1.0 0.032514705381035736 0.03360744143800281
8010 0.0 0.0 0.0
8020 0.0 0.0 0.0
8030 0.41407335722602534 0.0 0.0
8040 0.8 0.009550450485065642 0.012082302394790852
8050 0.75 0.017136347290614973 0.023382722321215105
8060 0.8 0.018983087513939623 0.02430560364373471
8070 1.1500000000000001 0.04979644620397461 0.04526112102816087
8080 0.1868472550502479 0.0 0.0
8090 0.0 0.0 0.0
8100 0.0 0.0 0.0
8110 0.0 0.0 0.0
8120 0.0 0.0 0.0
8130 0.38075892426698155 0.0 0.0
8140 0.0 0.0 0.0
8150 1.1516576122559077 0.0 0.0
8160 1.05 0.056935244053609724 0.05733286143998783
8170 0.6642509377316761 0.0 0.0
8180 0.2956895991047951 0.0 0.0
8190 0.0 0.0 0.0
8200 0.0 0.0 0.0
8210 1.6 0.05016278933796903 0.03236648919826967
8220 0.0 0.0 0.0
8230 1.0593050927594836 0.0 0.0
8240 1.4500000000000002 0.04708385054089481 0.033561414599901786
8250 1.0 0.022724969338344336 0.023253402190127167
8260 1.55 0.05537202639507144 0.03704736387444853
8270 1.1500000000000001 0.10436633889103608 0.09981157146409063
8280 0.0 0.0 0.0
8290 0.0 0.0 0.0
8300 0.0 0.0 0.0
8310 0.6724031615073314 0.0 0.0
8320 0.0 0.0 0.0
8330 1.05 0.059955827935994854 0.0605587403347886
8340 0.07722528890798386 0.0 0.0
8350 0.8781070519834165 0.0 0.0
8360 1.1500000000000001 0.059061982269649205 0.054138714857994485
8370 0.0 0.0 0.0
8380 1.4000000000000001 0.037691812616294396 0.027667610725206758
8390 1.1 0.020770263664968258 0.019245451608387133
8400 0.050761454301513784 0.0 0.0
8410 0.0 0.0 0.0
8420 0.0 0.0 0.0
8430 0.9 0.010273496230599366 0.011546802514115113
8440 0.42299217339946316 0.0 0.0
8450 0.0 0.0 0.0
8460 1.0 0.09947087153636858 0.11045824992476719
8470 0.6325082089589391 0.0 0.0
8480 0.4501793926201523 0.0 0.0
8490 0.0 0.0 0.0
8500 0.8500000000000001 0.01800189524970941 0.021636942616729105
8510 1.55 0.14459130407650433 0.10288203317362657
8520 0.0 0.0 0.0
8530 0.0 0.0 0.0
8540 0.0 0.0 0.0
8550 1.028074212522259 0.0 0.0
8560 1.3 0.09209440709205707 0.0762430504774356
8570 0.1963446639090248 0.0 0.0
8580 0.0 0.0 0.0
8590 0.761785644702188 0.0 0.0
8600 0.26602326438580726 0.0 0.0
8610 0.7000000000000001 0.00928028304433759 0.013435671252067781
8620 0.0 0.0 0.0
8630 0.75 0.03713498074815769 0.05209258379255466
8640 0.6310119644623049 0.0 0.0
8650 0.22930842873249213 0.0 0.0
8660 0.5251368692247429 0.0 0.0
8670 0.0 0.0 0.0
8680 0.0 0.0 0.0
8690 0.45 0.007712112570163299 0.01743686135059877
8700 0.5603811604790379 0.0 0.0
8710 0.05418963384015277 0.0 0.0
8720 0.0 0.0 0.0
8730 0.0 0.0 0.0
8740 0.15855822453503843 0.0 0.0
8750 1.4000000000000001 0.09581075319961463 0.07346384233321246
8760 1.1 0.03316208813393828 0.03108446725138662
8770 0.0 0.0 0.0
8780 0.21978828543213985 0.0 0.0
8790 0.0 0.0 0.0
8800 1.2730368827180745 0.0 0.0
8810 0.0 0.0 0.0
8820 1.5 0.17971799669514055 0.1361209167778399
8830 1.100599264266003 0.0 0.0
8840 0.0 0.0 0.0
8850 0.36617942110150836 0.0 0.0
8860 0.8500000000000001 0.054245924355692976 0.06816920706535003
8870 0.6244478562357956 0.0 0.0
8880 0.9 0.020898378337474433 0.023772426102402322
8890 1.1 0.023241179978459314 0.021584387837189363
8900 0.0 0.0 0.0
8910 0.10833178172414351 0.0 0.0
8920 0.9500000000000001 0.013569069185814908 0.01449019755682056
8930 0.15711107805475108 0.0 0.0
8940 0.0 0.0 0.0
8950 1.2000000000000002 0.03764380143682078 0.032385770801887856
8960 0.75 0.013654131835082794 0.018543095609554937
8970 1.0009271223927496 0.0 0.0
8980 1.4500000000000002 0.150827622124023 0.11609515772696136
8990 1.4000000000000001 0.10806728731980964 0.0836477676113779
9000 1.55 0.00016278933796898265 0.00010503641082371824
9010 0.0 0.0 0.0
9020 0.3634415540644855 0.0 0.0
9030 0.0 0.0 0.0
9040 0.0 0.0 0.0
9050 0.0 0.0 0.0
9060 0.37303076970868265 0.0 0.0
9070 0.10816166991836612 0.0 0.0
9080 0.35000000000000003 2.724484959942819e-05 7.78484873421639e-05
9090 0.0 0.0 0.0
9100 0.0 0.0 0.0
9110 1.3 0.032125455895234856 0.025338039985587337
9120 0.0 0.0 0.0
9130 0.3659853637403311 0.0 0.0
9140 0.08642143355141454 0.0 0.0
9150 0.7266652173052777 0.0 0.0
9160 0.0 0.0 0.0
9170 0.0 0.0 0.0
9180 1.1500000000000001 0.024016595645313776 0.02132944016086805
9190 0.0 0.0 0.0
9200 0.9500000000000001 0.051022656604079564 0.05675633204652252
9210 0.65 0.027304784864875198 0.043849357119196845
9220 1.2000000000000002 0.005781585220969276 0.00484131307089169
9230 0.0 0.0 0.0
9240 0.6000176426734294 0.0 0.0
9250 0.0 0.0 0.0
9260 0.3575912462626008 0.0 0.0
9270 1.1184412522844553 0.0 0.0
9280 0.0 0.0 0.0
9290 0.1558392403459269 0.0 0.0
9300 0.0 0.0 0.0
9310 0.0 0.0 0.0
9320 1.0 0.008567365272504013 0.008641399296744784
9330 0.0 0.0 0.0
9340 1.3 0.07489040774596023 0.06112955789381403
9350 0.4026451092312894 0.0 0.0
9360 0.0 0.0 0.0
9370 0.0 0.0 0.0
9380 0.0 0.0 0.0
9390 0.9206558921777049 0.0 0.0
9400 0.6011670987140862 0.0 0.0
9410 1.35 0.06271765552324449 0.04872097857345932
9420 0.8500000000000001 0.02910099987817949 0.035450158757485306
9430 0.4149545502722435 0.0 0.0
9440 1.4000000000000001 0.013403619487948104 0.009666561716393867
9450 0.18610581424966788 0.0 0.0
9460 0.0 0.0 0.0
9470 1.1500000000000001 0.01989817972419705 0.017607422063386172
9480 0.0 0.0 0.0
9490 0.7019648252930631 0.0 0.0
9500 0.7178385100861395 0.0 0.0
9510 0.7594270411916757 0.0 0.0
9520 0.8500000000000001 0.013833792653296428 0.0165443096501034
9530 1.6 0.08963186466342088 0.05934438271464645
9540 0.75 0.012651405942272431 0.0171579712014504
9550 0.8152990184000048 0.0 0.0
9560 0.0 0.0 0.0
9570 1.4500000000000002 0.05892850807492467 0.042361955095043105
9580 0.6003455105604778 0.0 0.0
9590 0.160232543361099 0.0 0.0
9600 0.38691874134443643 0.0 0.0
9610 0.26089244028827746 0.0 0.0
9620 0.45 0.00453336671741239 0.010176669538651146
9630 0.07493647922814678 0.0 0.0
9640 0.35138793246176003 0.0 0.0
9650 1.5 0.10430866057664501 0.0747361953393945
9660 1.5 0.13954535342562235 0.10257258761032373
9670 1.05 0.0391374627026313 0.03871689894381564
9680 1.25 0.08374586985925259 0.07180756551674193
9690 0.0 0.0 0.0
9700 0.9 0.014549797222910166 0.01643208977453139
9710 0.0 0.0 0.0
9720 0.0 0.0 0.0
9730 1.25 0.0660134932067904 0.055755274936017535
9740 0.0 0.0 0.0
9750 0.7228159619045881 0.0 0.0
9760 0.04776056853340636 0.0 0.0
9770 0.0 0.0 0.0
9780 0.0 0.0 0.0
9790 0.0 0.0 0.0
9800 1.7005358194678708 0.0 0.0
9810 0.4743200362037371 0.0 0.0
9820 0.0 0.0 0.0
9830 0.47535894853418315 0.0 0.0
9840 0.0 0.0 0.0
9850 0.0 0.0 0.0
9860 0.0 0.0 0.0
9870 0.671659930942544 0.0 0.0
9880 0.18136510454143512 0.0 0.0
9890 1.25 0.121281303290802 0.1074504246668369
9900 0.5 0.007681178119262888 0.015602040340281023
9910 0.004888316941929668 0.0 0.0
9920 0.743864502986102 0.0 0.0
9930 0.0 0.0 0.0
9940 0.0 0.0 0.0
9950 0.0 0.0 0.0
9960 0.0 0.0 0.0
9970 0.0 0.0 0.0
9980 1.3 0.044832436457973524 0.035718287948310584
9990 1.6500000000000001 0.005331113470494531 0.0032414509170559966
0 0.6 0.03442779641527827 0.060872504336435346
10 0.56 0.014832843365568338 0.027207881445276933
20 0.17 0.00022974652552695818 0.0013532790393194721
30 0.3541334415915764 0.0 0.0
40 0.49 0.014361718970396287 0.030194623820664287
50 1.1 0.009814723247451251 0.009002802970048737
60 1.23 0.08040898948659336 0.06994573613678726
70 0.0 0.0 0.0
80 0.76 0.014331908219367584 0.019220224624528895
90 0.3510729270159816 0.0 0.0
100 0.0 0.0 0.0
110 0.0 0.0 0.0
120 0.21 0.00016190087568448974 0.0007715513834719497
130 0.0 0.0 0.0
140 0.1288082902780171 0.0 0.0
150 0.92 0.04680849550280641 0.053606219554048415
160 0.2 0.002235468368189497 0.0113036870147747
170 0.6 0.015387587028240057 0.02632100633994469
180 0.98 0.04983267535327318 0.05357388292713829
190 0.14504103446139288 0.0 0.0
200 0.74 0.01837659516618162 0.02546563074740285
210 0.0 0.0 0.0
220 1.23 0.06983394206478621 0.060193057353420606
230 1.06 0.06028259027619853 0.060299630365398156
240 1.45 0.025774785160138425 0.018097408255081705
250 0.18 0.005484024756788608 0.031424199126446076
260 0.0 0.0 0.0
270 0.14447254374293586 0.0 0.0
280 0.9400000000000001 0.025862044132132778 0.028291182929364077
290 1.43 0.05195746475560825 0.037703817862482565
300 0.81 0.014554378299175719 0.01829713798418489
310 0.5700000000000001 0.018309669559597563 0.03318830972618525
320 0.33473691330225497 0.0 0.0
330 0.98 0.012929996091308515 0.013370279337636591
340 0.0 0.0 0.0
350 0.65 0.0053417552997468976 0.008286181622063415
360 0.3467138064404277 0.0 0.0
370 0.13486259714926263 0.0 0.0
380 0.3491877200559733 0.0 0.0
390 1.09 0.03639944507668802 0.03454767075301836
400 0.73 0.006385625979183462 0.008824625668643454
410 0.22 0.0031886051372190527 0.01470681529094496
420 0.8300000000000001 0.0580092358155011 0.07514239613576182
430 0.0 0.0 0.0
440 0.68 0.006172170453216386 0.009159862775878201
450 0.39 0.01171913051363227 0.030979971388837565
460 0.68 0.010292571473582979 0.015368758110134927
470 0.0 0.0 0.0
480 0.0 0.0 0.0
490 0.99 0.03838178068914 0.04033317133937936
500 0.0 0.0 0.0
510 0.5700000000000001 0.016384634513438856 0.029595700435515796
520 0.27 0.0007152041199797177 0.0026559394771711376
530 0.6900000000000001 0.01158487594877855 0.01707638220032352
540 0.5212027705237703 0.0 0.0
550 0.0 0.0 0.0
560 1.32 0.06388878991357427 0.05086236744052181
570 0.64 0.0025383451094103116 0.003981957330195773
580 0.51 0.0065667192790599405 0.013043872009526447
590 1.04 0.014122339233254788 0.013766104647117175
600 0.16820916985476736 0.0 0.0
610 0.6 0.0033544304713054585 0.005622149300388182
620 0.12 0.00017089541659356944 0.001426159505970593
630 0.0 0.0 0.0
640 0.0 0.0 0.0
650 0.87 0.03859109268956484 0.046416501375243904
660 1.06 0.01526575676096531 0.014612095716932016
670 0.9400000000000001 0.025035726522812274 0.027362518131628964
680 0.07992117257938079 0.0 0.0
690 0.0 0.0 0.0
700 1.04 0.0788760249722733 0.08206644202169432
710 0.17418736491677717 0.0 0.0
720 0.0 0.0 0.0
730 0.0 0.0 0.0
740 0.0 0.0 0.0
750 1.3 0.07800866723266808 0.06383733267240856
760 0.3 0.002107514362267693 0.0070747483198708334
770 0.0 0.0 0.0
780 0.59 0.014083594093127316 0.02445423319891442
790 0.0 0.0 0.0
800 1.59 0.08510550490166291 0.05655247273404485
810 0.0 0.0 0.0
820 0.0 0.0 0.0
830 0.3625426734949608 0.0 0.0
840 1.58 0.08034562103136267 0.05357609203703259
850 0.0 0.0 0.0
860 0.39081588773798887 0.0 0.0
870 0.0 0.0 0.0
880 1.12 0.09330131547761367 0.09087507063575993
890 0.18587528888427776 0.0 0.0
900 0.06723044575208027 0.0 0.0
910 0.0 0.0 0.0
920 0.6 0.008941102982129912 0.015127262320627222
930 0.4 0.0041022428695959845 0.010361874488328445
940 1.29 0.047507998347246616 0.03823605969620073
950 0.01643232673991158 0.0 0.0
960 1.33 0.03569093629108866 0.02757528112243484
970 0.64 0.00815104563990432 0.012900307239028798
980 0.0 0.0 0.0
990 0.64 0.008629300575521026 0.013667565795161223
1000 1.46 0.14930597666342083 0.11391367779593503
1010 1.6 0.042044844174732976 0.026987197941818378
1020 0.9 0.0204703950354711 0.023274253555452137
1030 0.28 0.01102215668937856 0.04097793540804747
1040 0.0 0.0 0.0
1050 0.0 0.0 0.0
1060 1.26 0.0448242503774019 0.03688705143377256
1070 0.54 0.010436526252975975 0.019707790983261003
1080 0.73 0.0030924598135918524 0.0042542684490503736
1090 0.8 0.01564419846519116 0.019945283039379532
1100 0.0 0.0 0.0
1110 1.6600000000000001 0.04859917662457747 0.03015958284219821
1120 0.0 0.0 0.0
1130 0.0 0.0 0.0
1140 0.43 0.0002593784986174019 0.0006035698876015319
1150 0.0 0.0 0.0
1160 0.0 0.0 0.0
1170 0.85 0.06236391450956169 0.07917858978074814
1180 0.77 0.016209779436852645 0.021504364204595967
1190 0.64 0.020784447462095845 0.0335657710419403
1200 0.9500000000000001 0.04059305069473684 0.044636838024767346
1210 0.97 0.042639827770585614 0.045979791937880626
1220 0.0 0.0 0.0
1230 0.0 0.0 0.0
1240 0.0 0.0 0.0
1250 0.8 0.013561400632107201 0.017244067932331016
1260 0.0 0.0 0.0
1270 0.39203193720744595 0.0 0.0
1280 0.0 0.0 0.0
1290 0.54 0.023046708735209198 0.04458180095695405
1300 0.0 0.0 0.0
1310 1.3900000000000001 0.10040916851169834 0.07786126115352207
1320 0.07715440075486364 0.0 0.0
1330 0.0 0.0 0.0
1340 0.97 0.08396435535220403 0.09476408297950624
1350 0.0 0.0 0.0
1360 1.1500000000000001 0.08382839229736527 0.07862560932193365
1370 0.28020083918870786 0.0 0.0
1380 0.0 0.0 0.0
1390 1.05 0.04809960039520855 0.04800836531673395
1400 0.0 0.0 0.0
1410 1.32 0.055146492428382876 0.043599114125285714
1420 0.0 0.0 0.0
1430 0.16 0.0027392896919430088 0.017418779850205634
1440 0.2036155240280678 0.0 0.0
1450 0.58 0.03469110360002248 0.06361734391103162
1460 0.96 0.027703969113774596 0.02971585011194315
1470 0.047903072892172854 0.0 0.0
1480 0.282272196283495 0.0 0.0
1490 1.1300000000000001 0.15337705140309943 0.15704837944209063
1500 0.49 0.0023534826836347778 0.004826206278651497
1510 0.0 0.0 0.0
1520 0.9400000000000001 0.048331172083711516 0.05420305226622651
1530 0.0 0.0 0.0
1540 1.17 0.13433742407277016 0.12971157517447005
1550 0.8300000000000001 0.031242256896435117 0.03911355747869642
1560 1.68 0.01238713607526809 0.007428064596548463
1570 0.09339486158346025 0.0 0.0
1580 0.0 0.0 0.0
1590 0.0 0.0 0.0
1600 0.0 0.0 0.0
1610 0.0 0.0 0.0
1620 0.0 0.0 0.0
1630 0.66 0.017943034427629123 0.027946172052870023
1640 0.0 0.0 0.0
1650 1.6600000000000001 0.03344618823512069 0.020562607884967644
1660 0.0 0.0 0.0
1670 0.0 0.0 0.0
1680 0.98 0.008099451883350817 0.008333622096464448
1690 0.0 0.0 0.0
1700 0.04287122810243695 0.0 0.0
1710 0.04639006915715986 0.0 0.0
1720 0.2509452975806341 0.0 0.0
1730 0.0 0.0 0.0
1740 0.47173260666999206 0.0 0.0
1750 0.64 0.02411480547948408 0.03915470885488348
1760 0.4405761356364649 0.0 0.0
1770 0.5 0.0009795618743088097 0.0019629694486823436
1780 0.68 0.044903450140453605 0.0707033444763385
1790 0.0 0.0 0.0
1800 0.0 0.0 0.0
1810 0.59 0.007580403231356558 0.013015364306788168
1820 0.0 0.0 0.0
1830 0.0 0.0 0.0
1840 0.0 0.0 0.0
1850 0.0 0.0 0.0
1860 1.35 0.05448882929476495 0.04205971397769034
1870 0.87 0.01696349214974202 0.019886009559534342
1880 0.87 0.011649993489435961 0.01357254430135847
1890 0.31051427126896625 0.0 0.0
1900 1.47 0.13175519355131837 0.09845373052555229
1910 0.52 0.025472793001046656 0.0515093864210803
1920 1.04 0.047869306461008954 0.04824899256997704
1930 0.47000000000000003 0.005237376743737088 0.011268928441453604
1940 0.656041792734457 0.0 0.0
1950 0.0 0.0 0.0
1960 0.0 0.0 0.0
1970 1.16 0.07019002043258227 0.06440574205463144
1980 1.3800000000000001 0.07324122762174401 0.05604800914284087
1990 0.0 0.0 0.0
2000 0.18363035470288902 0.0 0.0
2010 0.0 0.0 0.0
2020 1.16 0.04199318922095352 0.03756076332995856
2030 0.0 0.0 0.0
2040 0.68 0.04916694214345818 0.07793970454008653
2050 0.91 0.050336703001562344 0.05855397476816301
2060 0.0 0.0 0.0
2070 0.0 0.0 0.0
2080 0.0 0.0 0.0
2090 0.9 0.05739099053918817 0.06811105731697889
2100 0.5 0.002075883429866532 0.0041690758908524165
2110 0.62 0.025190634384886113 0.04235076957612388
2120 0.0 0.0 0.0
2130 0.8200000000000001 0.0011301657947415666 0.0013801531666365896
2140 1.3 0.043888789913574255 0.03494021035808965
2150 0.6439125958203697 0.0 0.0
2160 0.28 0.000789757148638659 0.0028285393135060923
2170 1.29 0.10097152534616338 0.08491935012368762
2180 0.63 0.0295994089698437 0.04929943343169862
2190 0.1788997686786945 0.0 0.0
2200 0.3604290561475195 0.0 0.0
2210 0.5 0.024720829148317358 0.052013281171187344
2220 1.4000000000000001 0.09708014523096664 0.07450968290614919
2230 0.34065049221457566 0.0 0.0
2240 0.0 0.0 0.0
2250 0.37247521376182924 0.0 0.0
2260 0.6 0.019346499046738797 0.033318492035228534
2270 0.26006317553180325 0.0 0.0
2280 0.0 0.0 0.0
2290 0.8200000000000001 0.00459006422634034 0.005629149247470592
2300 0.0 0.0 0.0
2310 0.0 0.0 0.0
2320 0.0 0.0 0.0
2330 0.34 0.0031132927553113032 0.00924136419858812
2340 1.27 0.07643917008785461 0.06404296134071448
2350 0.0 0.0 0.0
2360 0.3368867072446887 0.0 0.0
2370 0.8200000000000001 0.04866962675143216 0.06309828892962309
2380 0.54 0.008159591739043792 0.015342180872875975
2390 0.18250990346600465 0.0 0.0
2400 0.67 0.006802625184240685 0.010257316211679064
2410 1.02 0.014659179820817325 0.014581303699778756
2420 0.0 0.0 0.0
2430 0.27085096255273067 0.0 0.0
2440 0.84 0.044245924355692856 0.05560251051163987
2450 1.51 0.07056184633555085 0.04902040852253225
2460 0.039475917874953484 0.0 0.0
2470 1.3 0.0990721512062056 0.08249633923113128
2480 1.1400000000000001 0.06911685613575824 0.0645419218070355
2490 0.20011606253388659 0.0 0.0
2500 0.14600550707876156 0.0 0.0
2510 0.0 0.0 0.0
2520 0.276442124092133 0.0 0.0
2530 0.58 0.002134358967287864 0.0036935211504762937
2540 0.0 0.0 0.0
2550 0.0 0.0 0.0
2560 0.376536401925866 0.0 0.0
2570 0.0 0.0 0.0
2580 0.4 0.0028415538053191414 0.007154710752207586
2590 0.0 0.0 0.0
2600 1.31 0.09994535063970433 0.08259573292209668
2610 1.36 0.1395469938491225 0.11434032539215287
2620 0.33476752503043283 0.0 0.0
2630 0.0 0.0 0.0
2640 0.9400000000000001 0.027504265964932717 0.03014180224526477
2650 0.0 0.0 0.0
2660 0.0 0.0 0.0
2670 0.1466989447515327 0.0 0.0
2680 1.4000000000000001 0.05526453608166082 0.04109695740501183
2690 0.0 0.0 0.0
2700 0.35195477985043977 0.0 0.0
2710 1.3800000000000001 0.1401030897799349 0.11299575684487227
2720 0.29 0.0006482514067715495 0.0022403576613005483
2730 0.59 0.0046006863862328995 0.007859056680186554
2740 0.2960377050913227 0.0 0.0
2750 1.35 0.07271189191880456 0.05692677435792925
2760 0.77 0.040169871246124256 0.05504002871834158
2770 0.0 0.0 0.0
2780 1.46 0.10497065609700362 0.07746744125455504
2790 1.44 0.1921929979449919 0.15402461889416397
2800 0.0 0.0 0.0
2810 0.0 0.0 0.0
2820 1.26 0.04333271824489282 0.03561591479831945
2830 0.98 0.021290372832097892 0.02220732141283613
2840 1.6600000000000001 0.03344618823512069 0.020562607884967644
2850 1.31 0.036963117281925584 0.029035385999976092
2860 0.0 0.0 0.0
2870 0.41000000000000003 0.0031328520299234164 0.007699938531664947
2880 1.31 0.13212099076922912 0.11216855868372459
2890 0.34 0.002128301903704999 0.006299142294831759
2900 0.0 0.0 0.0
2910 0.56 0.02961831761835454 0.05584340221810706
2920 0.0 0.0 0.0
2930 0.10374191291750322 0.0 0.0
2940 0.0 0.0 0.0
2950 0.05402578414796438 0.0 0.0
2960 0.5014330045367743 0.0 0.0
2970 0.55 0.013705096152833995 0.025555148957260444
2980 0.63 0.012625362953799568 0.020450083622166625
2990 0.36 0.007729758257656538 0.02194269439117204
3000 1.3800000000000001 0.1080089747477555 0.08491331511268846
3010 1.07 0.040263185801721724 0.03910046261002081
3020 0.99 0.021262217413879014 0.021948372197394705
3030 0.03648281084406783 0.0 0.0
3040 1.6600000000000001 0.03344618823512069 0.020562607884967644
3050 0.020407595623397567 0.0 0.0
3060 0.81 0.028787463225236842 0.036849719980283364
3070 0.84 0.03018485867993348 0.03727376427011433
3080 0.25 0.011449290089888764 0.047995204433485
3090 0.7000000000000001 0.029956491093175885 0.04470827744014697
3100 0.87 0.010731145562810851 0.012488693739329844
3110 0.0 0.0 0.0
3120 0.0 0.0 0.0
3130 0.0 0.0 0.0
3140 0.68 0.04922634330014308 0.07804121617521292
3150 0.19212507137272494 0.0 0.0
3160 0.0 0.0 0.0
3170 1.03 0.0406467658412657 0.041084179479969465
3180 0.42 0.024816707024873208 0.0627979660730121
3190 0.04416968107801948 0.0 0.0
3200 0.1252643062522697 0.0 0.0
3210 1.4000000000000001 0.058544223077536595 0.04364230568364123
3220 0.0 0.0 0.0
3230 0.0 0.0 0.0
3240 0.0 0.0 0.0
3250 0.0 0.0 0.0
3260 0.64 0.034420331894286504 0.05683865180275156
3270 0.38 6.830131098001235e-05 0.00017977260443308794
3280 0.0 0.0 0.0
3290 0.34099114943900544 0.0 0.0
3300 0.14548550296972773 0.0 0.0
3310 0.42349486026850036 0.0 0.0
3320 0.0 0.0 0.0
3330 0.0 0.0 0.0
3340 0.5 0.0005148763329845263 0.001030814149587709
3350 0.85 0.04288486440893979 0.05313351530390356
3360 0.006661605478642056 0.0 0.0
3370 0.81 0.0070432895779865 0.008771692778163255
3380 0.99 0.12835343576158276 0.14896297517884308
3390 0.0 0.0 0.0
3400 0.0 0.0 0.0
3410 0.97 0.07409484651978737 0.08270389586661069
3420 0.0 0.0 0.0
3430 1.4000000000000001 0.11156752108375145 0.08659167081661531
3440 0.0 0.0 0.0
3450 0.0 0.0 0.0
3460 0.63 0.008468323720800641 0.013624927005323813
3470 0.18337635845797912 0.0 0.0
3480 1.43 0.07673657700214442 0.05670483344044837
3490 0.0 0.0 0.0
3500 0.061889361710380335 0.0 0.0
3510 0.1 0.0017259187866167092 0.017562298881932132
3520 1.2 0.08457885143329258 0.07582683145462556
3530 1.35 0.10129048476587954 0.0811161311178834
3540 0.72 0.01900090169227886 0.02710545810707725
3550 0.0 0.0 0.0
3560 0.0 0.0 0.0
3570 0.26288570191528493 0.0 0.0
3580 0.0 0.0 0.0
3590 1.35 0.08614076542684779 0.06815693003654827
3600 0.0 0.0 0.0
3610 0.0 0.0 0.0
3620 0.0 0.0 0.0
3630 1.21 0.14647188522602494 0.13772262640856814
3640 0.0 0.0 0.0
3650 1.57 0.06510550490166289 0.043262504523553715
3660 0.64 0.008509638942124531 0.013475485085582535
3670 0.3128820493873752 0.0 0.0
3680 0.0 0.0 0.0
3690 0.71 0.02686047020976745 0.03931915668533386
3700 0.53 0.00861926513255673 0.01653161414709369
3710 0.0 0.0 0.0
3720 1.21 0.11868453241689192 0.1087536426838499
3730 0.71 0.026159850932967688 0.038254336146623956
3740 1.0 0.0181078213278838 0.01844176144917695
3750 0.0 0.0 0.0
3760 1.43 0.022053675401821904 0.015663718862376327
3770 0.13003284410795718 0.0 0.0
3780 0.3 0.003759858719203646 0.012691928591945272
3790 0.0964226165550529 0.0 0.0
3800 0.63 0.0054931889653656585 0.0087960433229943
3810 0.27 0.004004531435691572 0.015054885924582642
3820 0.390108825986452 0.0 0.0
3830 0.74 0.0036541318350827856 0.004962521001427526
3840 0.0 0.0 0.0
3850 0.2871179121539819 0.0 0.0
3860 1.61 0.16396333466017032 0.11338808938266975
3870 0.0760085250661438 0.0 0.0
3880 0.41000000000000003 0.008422557582275725 0.02097368201651752
3890 0.65 0.015808408009568953 0.024926864703383636
3900 0.0 0.0 0.0
3910 0.0 0.0 0.0
3920 0.0 0.0 0.0
3930 0.78 0.007631060128453271 0.009880071212757984
3940 0.0 0.0 0.0
3950 0.79 0.023806624195061854 0.03107129994441857
3960 0.9400000000000001 0.03681134338341374 0.04075709223509499
3970 0.0 0.0 0.0
3980 0.0 0.0 0.0
3990 0.0 0.0 0.0
4000 0.0 0.0 0.0
4010 0.39348656548645344 0.0 0.0
4020 0.5 0.011736034071183843 0.024036248607571493
4030 0.59 0.008516230610219666 0.014645689284082261
4040 1.27 0.07111224208452094 0.05931517910247467
4050 0.0 0.0 0.0
4060 0.6 0.0029756436660973717 0.004984124407201169
4070 0.58 0.0009495342606672397 0.0016398126188446676
4080 0.8300000000000001 0.026300874781102657 0.03272477716575751
4090 0.0 0.0 0.0
4100 1.6500000000000001 0.051712244746482616 0.03235477752770503
4110 0.78 0.032604735551899244 0.04362448774140356
4120 0.8300000000000001 0.05112199553330565 0.06563543358540391
4130 1.34 0.08102614507848349 0.06435887827355605
4140 0.7211481428055437 0.0 0.0
4150 0.584665177579081 0.0 0.0
4160 0.0 0.0 0.0
4170 0.0 0.0 0.0
4180 0.07734448806590105 0.0 0.0
4190 0.0 0.0 0.0
4200 0.09880256428213921 0.0 0.0
4210 0.36 0.0050434938245143 0.014208765684719878
4220 0.0 0.0 0.0
4230 0.08001532728879784 0.0 0.0
4240 0.0 0.0 0.0
4250 0.0 0.0 0.0
4260 1.07 0.05215868739672591 0.05124441968593576
4270 0.47256734004229267 0.0 0.0
4280 0.0 0.0 0.0
4290 0.0 0.0 0.0
4300 1.12 0.11564806394340144 0.11514695177217667
4310 0.0 0.0 0.0
4320 0.0 0.0 0.0
4330 1.46 0.08401941552885983 0.06106148333564808
4340 0.8200000000000001 0.013850333788058888 0.01718084664494243
4350 0.75 0.03239588535096405 0.04514450891465157
4360 0.71 0.021851114840324426 0.03175346979637143
4370 1.62 0.043769972882387265 0.02776877240590805
4380 0.3577818419642618 0.0 0.0
4390 1.34 0.06591057553925173 0.0517315145027187
4400 0.0 0.0 0.0
4410 0.29150615563658266 0.0 0.0
4420 0.0 0.0 0.0
4430 0.6900000000000001 0.03824132291696303 0.05867405262345423
4440 0.55 0.005823606345796151 0.01070168866879726
4450 0.0 0.0 0.0
4460 0.46 0.007352232304031647 0.016242722992881185
4470 0.4496110111157501 0.0 0.0
4480 1.01 0.034459616426910644 0.03532361858839323
4490 0.5 0.005138460905294129 0.01038363360121777
4500 0.0 0.0 0.0
4510 0.795547862647521 0.0 0.0
4520 0.0 0.0 0.0
4530 0.0 0.0 0.0
4540 1.41 0.031957464755608234 0.023190477752517757
4550 0.0 0.0 0.0
4560 0.9400000000000001 0.020190499671066786 0.02195074052164764
4570 0.1872816730240492 0.0 0.0
4580 0.05031235784934966 0.0 0.0
4590 0.0 0.0 0.0
4600 0.0 0.0 0.0
4610 0.0 0.0 0.0
4620 0.0 0.0 0.0
4630 0.041811088517727246 0.0 0.0
4640 0.5 0.02150993795116224 0.044953782026442166
4650 0.4630070733092734 0.0 0.0
4660 0.0 0.0 0.0
4670 1.03 0.08768957589974313 0.0930580556651185
4680 0.0 0.0 0.0
4690 0.0 0.0 0.0
4700 0.0 0.0 0.0
4710 0.0 0.0 0.0
4720 0.18161866724421016 0.0 0.0
4730 0.06525894872126248 0.0 0.0
4740 0.054544539548388934 0.0 0.0
4750 0.0 0.0 0.0
4760 0.0 0.0 0.0
4770 0.13348871221916792 0.0 0.0
4780 0.6302369481819015 0.0 0.0
4790 0.24 0.0010994282175014192 0.004602032591627147
4800 1.7005358194678708 0.0 0.0
4810 0.91 0.041900202023880895 0.04826657271614011
4820 0.4 0.0005165208929013287 0.001292971849689066
4830 0.0 0.0 0.0
4840 1.16 0.01894268901450924 0.01660099701578452
4850 0.0 0.0 0.0
4860 0.92 0.030273496230599384 0.03402562034776214
4870 0.12401946134903376 0.0 0.0
4880 0.0 0.0 0.0
4890 1.12 0.03970147701613547 0.036750468663492235
4900 0.0 0.0 0.0
4910 0.12250747734786746 0.0 0.0
4920 0.89 0.021627899247531057 0.024906257615588838
4930 0.47000000000000003 0.007031759047991415 0.01518842638866956
4940 0.1975831161268219 0.0 0.0
4950 1.6 0.11485737789793493 0.07733760797691351
4960 0.07493647922814678 0.0 0.0
4970 0.0 0.0 0.0
4980 0.0 0.0 0.0
4990 0.06098937990186171 0.0 0.0
5000 1.6600000000000001 0.04859917662457747 0.03015958284219821
5010 1.1300000000000001 0.08556504725674774 0.08192472593147859
5020 0.8200000000000001 0.039956780084140275 0.051223802814990504
5030 0.5700000000000001 0.013381708679516713 0.02404108684206345
5040 0.0 0.0 0.0
5050 0.0 0.0 0.0
5060 0.2821302991011483 0.0 0.0
5070 0.0 0.0 0.0
5080 1.18 0.04616052603747889 0.04071169428963162
5090 0.42576053956715865 0.0 0.0
5100 1.12 0.09357534573809612 0.09116630757996125
5110 0.61 0.03058785588635604 0.05279118878867793
5120 1.0 0.04486377042898515 0.04697106971759939
5130 0.0 0.0 0.0
5140 0.88 0.08144994272855455 0.10199729119907613
5150 0.0 0.0 0.0
5160 0.8 0.0068092682078451094 0.008584654276607694
5170 1.31 0.0261187035282755 0.020343550139762256
5180 0.0 0.0 0.0
5190 0.2859179443397526 0.0 0.0
5200 1.2 0.08713024555383941 0.07829330000724238
5210 0.86 0.05661930185669395 0.07047630343565246
5220 0.8200000000000001 0.02588887548583807 0.03260107393870966
5230 0.53 0.02042442241695519 0.04008124273504189
5240 0.0 0.0 0.0
5250 0.3477768985694999 0.0 0.0
5260 1.62 0.07016278933796904 0.045271070313248056
5270 1.1300000000000001 0.052889744658905835 0.0491033711698873
5280 0.0 0.0 0.0
5290 0.0 0.0 0.0
5300 0.75 0.0007798135794253591 0.0010408336475168207
5310 0.56 0.018966931540228327 0.03505688033861576
5320 0.63 0.012453265907529265 0.020165706043009414
5330 0.0 0.0 0.0
5340 0.0 0.0 0.0
5350 0.71 0.03103276395168053 0.045705834249521946
5360 1.0511157838404988 0.0 0.0
5370 0.029722616222801902 0.0 0.0
5380 0.0 0.0 0.0
5390 0.7000000000000001 0.0016580973586152181 0.002374334623690325
5400 0.64 0.04765990711301937 0.08046037687695902
5410 0.0 0.0 0.0
5420 0.8200000000000001 0.007346791783407247 0.009040500559310091
5430 0.81 0.03487375438627627 0.04499106382169292
5440 1.51 0.08862446761037335 0.06235119825186329
5450 0.34080499812900333 0.0 0.0
5460 1.4000000000000001 0.09708014523096664 0.07450968290614919
5470 1.21 0.01312852225703387 0.010969032599716846
5480 0.55 0.009106606927288041 0.01683623250702906
5490 0.62 0.02626605035628904 0.0442387543647299
5500 0.25 0.006615838514493821 0.027182699457983434
5510 0.23 7.875832633116864e-05 0.0003425448025500475
5520 0.0 0.0 0.0
5530 0.0 0.0 0.0
5540 0.0 0.0 0.0
5550 0.38 0.004054570914549249 0.010784998568575928
5560 0.0 0.0 0.0
5570 0.5700000000000001 0.013527026179349866 0.024308505202823367
5580 0.0 0.0 0.0
5590 0.0 0.0 0.0
5600 0.0 0.0 0.0
5610 0.12199582929727848 0.0 0.0
5620 0.0 0.0 0.0
5630 0.0 0.0 0.0
5640 0.42 0.02082498952846268 0.05217007323144438
5650 0.0 0.0 0.0
5660 0.0008259623775804361 0.0 0.0
5670 0.0 0.0 0.0
5680 0.0 0.0 0.0
5690 0.0 0.0 0.0
5700 0.0 0.0 0.0
5710 0.0 0.0 0.0
5720 1.36 0.09811227234342024 0.0777503974348194
5730 0.0 0.0 0.0
5740 0.0 0.0 0.0
5750 0.19320374220500888 0.0 0.0
5760 0.37 0.011549136829261397 0.03221958158253973
5770 0.8200000000000001 0.019150899624346795 0.02391324360027839
5780 1.41 0.06691350904896498 0.04982069993242487
5790 0.72 0.0038802973498003324 0.005418503827558738
5800 0.42 0.012785205632487584 0.03139671202846551
5810 1.09 0.08490708134872693 0.0844768476358018
5820 0.2611410651479977 0.0 0.0
5830 0.0 0.0 0.0
5840 0.019422092446749514 0.0 0.0
5850 0.0 0.0 0.0
5860 0.33 0.0006356155825373855 0.0019298248766683763
5870 0.33 0.0011521557561514073 0.0035036135292316408
5880 0.7000000000000001 0.014260057509986157 0.020795139128407733
5890 0.0 0.0 0.0
5900 0.0 0.0 0.0
5910 0.0 0.0 0.0
5920 1.7005358194678708 0.0 0.0
5930 0.0 0.0 0.0
5940 0.0 0.0 0.0
5950 0.36 0.005740227877575443 0.016203442584476525
5960 0.0 0.0 0.0
5970 1.03 0.006565369346029248 0.006415035361695747
5980 1.43 0.05195746475560825 0.037703817862482565
5990 0.17203953739099542 0.0 0.0
6000 0.014975336334282458 0.0 0.0
6010 0.0 0.0 0.0
6020 0.75 0.028138315419184545 0.03898020357670659
6030 0.0 0.0 0.0
6040 0.0 0.0 0.0
6050 0.0 0.0 0.0
6060 0.0 0.0 0.0
6070 0.11029021340509419 0.0 0.0
6080 0.62 0.008374624634153949 0.013692408738183295
6090 0.7921724006789311 0.0 0.0
6100 0.7000000000000001 0.004583971916789387 0.006591697245495307
6110 1.7005358194678708 0.0 0.0
6120 0.71 0.018921301067888918 0.027379372417536595
6130 0.34219935078151825 0.0 0.0
6140 1.28 0.057234045176388415 0.04680703200036726
6150 0.6 0.020484959818699466 0.03534845240995087
6160 0.0 0.0 0.0
6170 0.35000000000000003 0.0044720308674380815 0.012942601661639684
6180 0.51 0.016974127363624025 0.03442847182209248
6190 0.21072690641068437 0.0 0.0
6200 0.3218981264660298 0.0 0.0
6210 0.0 0.0 0.0
6220 0.0 0.0 0.0
6230 0.0 0.0 0.0
6240 0.12665665384214517 0.0 0.0
6250 0.0 0.0 0.0
6260 0.0 0.0 0.0
6270 0.0 0.0 0.0
6280 0.0 0.0 0.0
6290 0.0 0.0 0.0
6300 0.42 0.00856213649193821 0.020810278419527237
6310 1.58 0.09485737789793491 0.06387088787720209
6320 0.44 0.005073219832106901 0.011664537718621295
6330 0.67 0.025093493262202116 0.03891028079269244
6340 0.21405323558053324 0.0 0.0
6350 1.7005358194678708 0.0 0.0
6360 0.06437969183434597 0.0 0.0
6370 0.0 0.0 0.0
6380 0.0 0.0 0.0
6390 1.3800000000000001 0.09040916851169833 0.07010686359126651
6400 0.23112233849467456 0.0 0.0
6410 1.22 0.11580106739687634 0.10487337378951997
6420 1.06 0.07632242907743403 0.0775888678704478
6430 0.12123983054625491 0.0 0.0
6440 0.0 0.0 0.0
6450 1.11 0.015255099737089273 0.013934844303385794
6460 0.28 0.00923292955047944 0.03409915960294273
6470 0.4148841348012918 0.0 0.0
6480 0.62 0.01784524958960787 0.029635653588127687
6490 0.0 0.0 0.0
6500 0.0 0.0 0.0
6510 0.0 0.0 0.0
6520 0.0 0.0 0.0
6530 0.2 0.01190014637871012 0.0632650485878061
6540 0.88 0.07072670725229113 0.08739533095445941
6550 1.21 0.07282688623525102 0.06404204017288873
6560 0.5380534738096664 0.0 0.0
6570 0.0 0.0 0.0
6580 0.12321529562452946 0.0 0.0
6590 0.0 0.0 0.0
6600 1.6500000000000001 0.051712244746482616 0.03235477752770503
6610 1.46 0.15958841012468516 0.1227214609337546
6620 0.62 0.03318110394190221 0.05654402774824267
6630 0.85 0.05383383913790951 0.0676163366195043
6640 0.0 0.0 0.0
6650 0.46 0.0030662471376251 0.006710485094211525
6660 0.86 0.0004682523498488189 0.0005447760959719759
6670 0.0 0.0 0.0
6680 0.0 0.0 0.0
6690 0.75 0.03828830730373678 0.05379749650969562
6700 0.4404650001726842 0.0 0.0
6710 0.93 0.08763702126738104 0.10403712352035664
6720 0.41000000000000003 0.0019849976452578355 0.004865011418212536
6730 0.4962850673902326 0.0 0.0
6740 0.6 0.04328423406765369 0.07774925144281565
6750 0.0 0.0 0.0
6760 1.06 0.05785584869317484 0.05773206241609964
6770 0.72 0.013616267566356255 0.019276020866796136
6780 1.34 0.04806728731980958 0.0372057204280331
6790 0.0 0.0 0.0
6800 0.0 0.0 0.0
6810 0.88 0.06325627095310893 0.07744935002675392
6820 1.2 0.09006440809725302 0.08114381478915986
6830 0.44 0.005440231570150278 0.012518948980958152
6840 0.6553987466074276 0.0 0.0
6850 0.59 0.00032482337134465133 0.0005508513571857664
6860 0.9 0.02104057783465596 0.023938053684915098
6870 0.59 0.006120165807832367 0.010481892761889919
6880 0.3342772319975512 0.0 0.0
6890 0.58 0.013131125832883117 0.023164309122063333
6900 0.6 0.029467445641642276 0.05164901707455146
6910 0.85 0.049570136942197585 0.061929394729014396
6920 0.0 0.0 0.0
6930 0.0 0.0 0.0
6940 1.6 0.11020408094718448 0.07397260224558151
6950 0.0 0.0 0.0
6960 0.1 0.0007642856418644539 0.0077017195553829975
6970 0.0 0.0 0.0
6980 0.0 0.0 0.0
6990 1.1500000000000001 0.04660694282565658 0.04223965568988746
7000 0.0 0.0 0.0
7010 0.044901311334607535 0.0 0.0
7020 1.3900000000000001 0.11696311728192565 0.09187724163356246
7030 0.49 0.005630447841498354 0.011624281122558849
7040 0.0 0.0 0.0
7050 0.52 0.020345822003501435 0.0407198076179081
7060 0.79 0.03380775882351139 0.04470788905598009
7070 0.673963808817301 0.0 0.0
7080 0.0 0.0 0.0
7090 0.0 0.0 0.0
7100 0.0 0.0 0.0
7110 0.0 0.0 0.0
7120 0.054497216785310734 0.0 0.0
7130 0.88 0.006947342456814054 0.007957529705440934
7140 0.014606454894305749 0.0 0.0
7150 0.0 0.0 0.0
7160 0.59 0.017292794527141164 0.03019482619022276
7170 0.8200000000000001 0.04554155206078869 0.05880438412412196
7180 0.89 0.0013128556911593536 0.0014772979440142594
7190 0.39 0.013201087716746385 0.035034834991303374
7200 0.0 0.0 0.0
7210 0.0755808873635074 0.0 0.0
7220 0.8 0.02324462026333296 0.02992527746793755
7230 0.67 0.01652226809824031 0.025283597728964664
7240 0.1089837795845382 0.0 0.0
7250 0.79 0.009177782065632245 0.011753997074918898
7260 0.45 0.01488916916310451 0.03421925658450416
7270 0.4402419091779573 0.0 0.0
7280 0.43 0.014903745355787479 0.035904311804889164
7290 0.0 0.0 0.0
7300 0.0 0.0 0.0
7310 0.0 0.0 0.0
7320 0.0 0.0 0.0
7330 0.0 0.0 0.0
7340 0.0 0.0 0.0
7350 0.0 0.0 0.0
7360 0.0 0.0 0.0
7370 0.0 0.0 0.0
7380 0.93 0.062444798755692754 0.07197789681409336
7390 0.0 0.0 0.0
7400 0.51 0.025344467097641266 0.052293774396561556
7410 0.0 0.0 0.0
7420 0.0 0.0 0.0
7430 0.2 0.002441878013108967 0.012360301811691636
7440 0.65 0.039558156893132135 0.06480249894371481
7450 1.49 0.06577478516013846 0.046182854000049504
7460 1.44 0.09359688156092294 0.0695162394375857
7470 0.0 0.0 0.0
7480 0.0 0.0 0.0
7490 0.6900000000000001 0.03318556419182317 0.05052502256743187
7500 1.6600000000000001 0.04859917662457747 0.03015958284219821
7510 1.16 0.08288974465890564 0.07695567305935315
7520 0.24 0.0060683287221738325 0.025940603463508172
7530 0.0 0.0 0.0
7540 1.44 0.029469900874590227 0.02089278413332892
7550 1.1 0.03745437356815495 0.03524966141353497
7560 0.62 0.031331932260363016 0.053225126310436924
7570 1.19 0.04194372771112853 0.03653455734143208
7580 0.76 0.039485105093450934 0.05480123363524936
7590 0.0 0.0 0.0
7600 0.0 0.0 0.0
7610 0.33467569422851384 0.0 0.0
7620 0.0 0.0 0.0
7630 1.25 0.03408007926705103 0.02802822676554865
7640 0.4849407110330665 0.0 0.0
7650 0.0 0.0 0.0
7660 0.15076503704397004 0.0 0.0
7670 0.59 0.014083594093127316 0.02445423319891442
7680 0.0 0.0 0.0
7690 1.1300000000000001 0.029003664568514997 0.026343107270332865
7700 1.11 0.028627480200984712 0.02647328249686374
7710 0.75 0.027979601744559268 0.03875181617051832
7720 0.028051251905678497 0.0 0.0
7730 0.0 0.0 0.0
7740 0.2905291897105611 0.0 0.0
7750 0.0 0.0 0.0
7760 0.0 0.0 0.0
7770 1.46 0.0386244676103733 0.02717400625676845
7780 0.0 0.0 0.0
7790 0.0 0.0 0.0
7800 0.5501568610931133 0.0 0.0
7810 0.98 0.0242722648340592 0.025396631217200014
7820 0.0017523541401045623 0.0 0.0
7830 0.0 0.0 0.0
7840 1.6 0.08963186466342088 0.05934438271464645
7850 0.17267044308684837 0.0 0.0
7860 0.58 0.023818628793203955 0.042825290501051064
7870 0.71 0.01040575261119514 0.014873982526348683
7880 0.56 0.002261256608246054 0.004054329441944029
7890 0.78 0.020121247928613473 0.02647955068326899
7900 0.0 0.0 0.0
7910 0.0 0.0 0.0
7920 0.10562501066019908 0.0 0.0
7930 0.0 0.0 0.0
7940 0.06098937990186171 0.0 0.0
7950 1.6300000000000001 0.04332232230427446 0.027303795164743162
7960 0.79 0.01487375438627625 0.01918881533226838
7970 0.0 0.0 0.0
7980 0.43 0.0049966783980473495 0.011756798462688515
7990 0.0 0.0 0.0
8000 1.04 0.07251470538103577 0.07495173909552295
8010 0.0 0.0 0.0
8020 0.0 0.0 0.0
8030 0.41407335722602534 0.0 0.0
8040 0.8200000000000001 0.02955045048506566 0.03738435995466065
8050 0.76 0.02713634729061498 0.03702782528549799
8060 0.8 0.018983087513939623 0.02430560364373471
8070 1.18 0.07979644620397441 0.07252880244628662
8080 0.19 0.0031527449497520954 0.01687338114174727
8090 0.0 0.0 0.0
8100 0.0 0.0 0.0
8110 0.0 0.0 0.0
8120 0.0 0.0 0.0
8130 0.39 0.009241075733018467 0.02427014875832243
8140 0.0 0.0 0.0
8150 1.18 0.028342387744092257 0.024610081540271493
8160 1.07 0.07693524405360974 0.07747253499122571
8170 0.6900000000000001 0.025749062268323963 0.038764058589444234
8180 0.2956895991047951 0.0 0.0
8190 0.0 0.0 0.0
8200 0.0 0.0 0.0
8210 1.62 0.07016278933796904 0.045271070313248056
8220 0.0 0.0 0.0
8230 1.08 0.02069490724051648 0.01953630486813423
8240 1.48 0.07708385054089462 0.054945443867485816
8250 1.02 0.042724969338344354 0.043718470233929725
8260 1.58 0.08537202639507147 0.057119248336534645
8270 1.1500000000000001 0.10436633889103608 0.09981157146409063
8280 0.0 0.0 0.0
8290 0.0 0.0 0.0
8300 0.0 0.0 0.0
8310 0.6900000000000001 0.017596838492668687 0.026170071022899
8320 0.0 0.0 0.0
8330 1.05 0.059955827935994854 0.0605587403347886
8340 0.07722528890798386 0.0 0.0
8350 0.89 0.011892948016583471 0.013543847518045072
8360 1.19 0.09906198226964902 0.0908044092878376
8370 0.0 0.0 0.0
8380 1.41 0.04769181261629418 0.03500809365895808
8390 1.12 0.040770263664968276 0.03777718709217601
8400 0.050761454301513784 0.0 0.0
8410 0.0 0.0 0.0
8420 0.0 0.0 0.0
8430 0.9400000000000001 0.0502734962305994 0.056504438181409156
8440 0.42299217339946316 0.0 0.0
8450 0.0 0.0 0.0
8460 1.0 0.09947087153636858 0.11045824992476719
8470 0.6325082089589391 0.0 0.0
8480 0.4501793926201523 0.0 0.0
8490 0.0 0.0 0.0
8500 0.87 0.03800189524970932 0.0456754589135932
8510 1.58 0.17459130407650436 0.12422813704150322
8520 0.0 0.0 0.0
8530 0.0 0.0 0.0
8540 0.0 0.0 0.0
8550 1.04 0.011925787477740979 0.011600123155003045
8560 1.3 0.09209440709205707 0.0762430504774356
8570 0.1963446639090248 0.0 0.0
8580 0.0 0.0 0.0
8590 0.761785644702188 0.0 0.0
8600 0.27 0.003976735614192761 0.014948826462130001
8610 0.7000000000000001 0.00928028304433759 0.013435671252067781
8620 0.0 0.0 0.0
8630 0.75 0.03713498074815769 0.05209258379255466
8640 0.6310119644623049 0.0 0.0
8650 0.23 0.0006915712675078789 0.0030158999009785893
8660 0.53 0.0048631307752571296 0.009260691945771293
8670 0.0 0.0 0.0
8680 0.0 0.0 0.0
8690 0.46 0.017712112570163308 0.040046569380612095
8700 0.5603811604790379 0.0 0.0
8710 0.05418963384015277 0.0 0.0
8720 0.0 0.0 0.0
8730 0.0 0.0 0.0
8740 0.15855822453503843 0.0 0.0
8750 1.42 0.11581075319961442 0.08879904008082962
8760 1.12 0.0531620881339383 0.04983145756504821
8770 0.0 0.0 0.0
8780 0.22 0.00021171456786014953 0.0009632659331405399
8790 0.0 0.0 0.0
8800 1.29 0.016963117281925566 0.013324922091579495
8810 0.0 0.0 0.0
8820 1.51 0.18971799669514056 0.14369505622302553
8830 1.11 0.009400735733997134 0.008541470123793466
8840 0.0 0.0 0.0
8850 0.36617942110150836 0.0 0.0
8860 0.86 0.06424592435569287 0.0807359036190599
8870 0.64 0.01555214376420444 0.024905432229287452
8880 0.9400000000000001 0.06089837833747447 0.06927342281806469
8890 1.1300000000000001 0.05324117997845934 0.04944578023274909
8900 0.0 0.0 0.0
8910 0.10833178172414351 0.0 0.0
8920 0.96 0.023569069185814806 0.025169041741629088
8930 0.15711107805475108 0.0 0.0
8940 0.0 0.0 0.0
8950 1.23 0.06764380143682058 0.05819541507193488
8960 0.76 0.023654131835082803 0.03212367021768235
8970 1.02 0.019072877607250405 0.019055211094346266
8980 1.45 0.1508276221240228 0.11609515772696119
8990 1.42 0.12806728731980943 0.099128450005826
9000 1.59 0.04016278933796902 0.02591419864078048
9010 0.0 0.0 0.0
9020 0.37 0.006558445935514523 0.01804539371508096
9030 0.0 0.0 0.0
9040 0.0 0.0 0.0
9050 0.0 0.0 0.0
9060 0.38 0.006969230291317352 0.01868272233081457
9070 0.10816166991836612 0.0 0.0
9080 0.35000000000000003 2.724484959942819e-05 7.78484873421639e-05
9090 0.0 0.0 0.0
9100 0.0 0.0 0.0
9110 1.33 0.06212545589523488 0.04899968706217783
9120 0.0 0.0 0.0
9130 0.37 0.004014636259668913 0.010969390192656237
9140 0.08642143355141454 0.0 0.0
9150 0.73 0.003334782694722316 0.004589159650559341
9160 0.0 0.0 0.0
9170 0.0 0.0 0.0
9180 1.16 0.03401659564531356 0.030210565727484102
9190 0.0 0.0 0.0
9200 0.96 0.06102265660407946 0.06788008291017002
9210 0.68 0.057304784864875224 0.09202701975546751
9220 1.24 0.04578158522096909 0.03833602350658792
9230 0.0 0.0 0.0
9240 0.63 0.02998235732657062 0.049969126229325006
9250 0.0 0.0 0.0
9260 0.36 0.002408753737399183 0.006736053420139625
9270 1.1300000000000001 0.01155874771554477 0.010334693656851107
9280 0.0 0.0 0.0
9290 0.1558392403459269 0.0 0.0
9300 0.0 0.0 0.0
9310 0.0 0.0 0.0
9320 1.03 0.03856736527250404 0.03890064127564716
9330 0.0 0.0 0.0
9340 1.34 0.11489040774596027 0.09377969813670065
9350 0.4026451092312894 0.0 0.0
9360 0.0 0.0 0.0
9370 0.0 0.0 0.0
9380 0.0 0.0 0.0
9390 0.9400000000000001 0.01934410782229512 0.02101122470040231
9400 0.61 0.008832901285913741 0.01469292199258338
9410 1.35 0.06271765552324449 0.04872097857345932
9420 0.86 0.03910099987817939 0.04763192533110266
9430 0.42 0.005045449727756501 0.012159041814209005
9440 1.42 0.0334036194879479 0.02409036974091363
9450 0.18610581424966788 0.0 0.0
9460 0.0 0.0 0.0
9470 1.19 0.059898179724196865 0.05300246283080813
9480 0.0 0.0 0.0
9490 0.73 0.02803517470693684 0.039938147463774186
9500 0.73 0.012161489913860457 0.01694181872800485
9510 0.77 0.010572958808324318 0.013922283820356818
9520 0.87 0.033833792653296335 0.04046299928892925
9530 1.6300000000000001 0.1196318646634209 0.07920708989054609
9540 0.79 0.05265140594227247 0.07140639633219446
9550 0.8300000000000001 0.014700981599995222 0.018031398625801578
9560 0.0 0.0 0.0
9570 1.46 0.06892850807492445 0.049550658233629453
9580 0.61 0.009654489439522185 0.0160815551539793
9590 0.160232543361099 0.0 0.0
9600 0.39 0.003081258655563579 0.007963580789229933
9610 0.26089244028827746 0.0 0.0
9620 0.46 0.0145333667174124 0.03262503997284341
9630 0.07493647922814678 0.0 0.0
9640 0.36 0.008612067538239954 0.02450871741071292
9650 1.5 0.10430866057664501 0.0747361953393945
9660 1.52 0.15954535342562237 0.11727355544512806
9670 1.08 0.06913746270263132 0.06839452462792468
9680 1.26 0.0937458698592526 0.08038202604087587
9690 0.0 0.0 0.0
9700 0.91 0.024549797222910175 0.027725779660915086
9710 0.0 0.0 0.0
9720 0.0 0.0 0.0
9730 1.27 0.08601349320679041 0.07264735933499383
9740 0.0 0.0 0.0
9750 0.74 0.017184038095411913 0.023773739099691066
9760 0.04776056853340636 0.0 0.0
9770 0.0 0.0 0.0
9780 0.0 0.0 0.0
9790 0.0 0.0 0.0
9800 1.7005358194678708 0.0 0.0
9810 0.48 0.005679963796262899 0.011974960707380187
9820 0.0 0.0 0.0
9830 0.47535894853418315 0.0 0.0
9840 0.0 0.0 0.0
9850 0.0 0.0 0.0
9860 0.0 0.0 0.0
9870 0.68 0.008340069057456101 0.012417100787525672
9880 0.18136510454143512 0.0 0.0
9890 1.26 0.131281303290802 0.1163100280641716
9900 0.53 0.037681178119262915 0.07653816276069794
9910 0.004888316941929668 0.0 0.0
9920 0.743864502986102 0.0 0.0
9930 0.0 0.0 0.0
9940 0.0 0.0 0.0
9950 0.0 0.0 0.0
9960 0.0 0.0 0.0
9970 0.0 0.0 0.0
9980 1.33 0.07483243645797355 0.059619479208656234
9990 1.67 0.025331113470494326 0.015401953352414125
