0 0.010204164499556528 0.0 0.0 397.1162350177765
10 0.009836012644882252 0.0 0.0 446.46283054351807
20 0.003063028173246188 0.0 0.0 449.98934721946716
30 0.006389344932248289 0.0 0.0 818.8851149082184
40 0.008581559049666643 0.0 0.0 885.7274451255798
50 0.019669336343739085 0.0 0.0 425.6579623222351
60 0.02074114623055904 0.0 0.0 435.0951416492462
70 0.0 0.0 0.0 0.00010824203491210938
80 0.01345348979736446 0.0 0.0 429.3964772224426
90 0.006334126528683338 0.0 0.0 831.0900685787201
100 0.0 0.0 0.0 0.00013327598571777344
110 0.0 0.0 0.0 0.00015544891357421875
120 0.0037859400942394667 0.0 0.0 364.3277909755707
130 0.0 0.0 0.0 0.00010085105895996094
140 0.0023239844083083948 0.0 0.0 437.17976331710815
150 0.015754292192985908 0.0 0.0 1007.8343195915222
160 0.0035681064241808147 0.0 0.0 357.7346296310425
170 0.01054769168752632 0.0 0.0 742.8317952156067
180 0.01678226110238068 0.0 0.0 433.1420705318451
190 0.002616858759057093 0.0 0.0 429.43814396858215
200 0.013019670844823104 0.0 0.0 409.7099187374115
210 0.0 0.0 0.0 0.0001583099365234375
220 0.020931943307923834 0.0 0.0 445.1324231624603
230 0.01803709736304976 0.0 0.0 441.9879050254822
240 0.02569615034920146 0.0 0.0 426.2106623649597
250 0.0031486514151424427 0.0 0.0 307.5673005580902
260 0.0 0.0 0.0 0.00020170211791992188
270 0.002606601938140438 0.0 0.0 452.69767212867737
280 0.016493056090523983 0.0 0.0 433.9838478565216
290 0.024862913396190747 0.0 0.0 452.20322036743164
300 0.014351585744208755 0.0 0.0 430.81816601753235
310 0.00995370502465875 0.0 0.0 443.39436960220337
320 0.006039388968836292 0.0 0.0 317.12885570526123
330 0.017448066471309233 0.0 0.0 438.35493326187134
340 0.0 0.0 0.0 0.00016546249389648438
350 0.011631050347281338 0.0 0.0 423.6909716129303
360 0.006255478421254399 0.0 0.0 442.9712574481964
370 0.002433217398991839 0.0 0.0 454.3530514240265
380 0.006300113255375872 0.0 0.0 403.6245608329773
390 0.01900926762510354 0.0 0.0 438.84272623062134
400 0.01305559230095003 0.0 0.0 352.3354513645172
410 0.003911753662106401 0.0 0.0 963.0652897357941
420 0.013928408609807045 0.0 0.0 392.7644760608673
430 0.0 0.0 0.0 0.0001671314239501953
440 0.012157333711759276 0.0 0.0 447.52471137046814
450 0.006825017557101254 0.0 0.0 369.1138348579407
460 0.012082992629313094 0.0 0.0 438.5909159183502
470 0.0 0.0 0.0 0.00012993812561035156
480 0.0 0.0 0.0 0.00018453598022460938
490 0.017169282346402418 0.0 0.0 448.31463646888733
500 0.0 0.0 0.0 0.00010013580322265625
510 0.009988436884099349 0.0 0.0 381.79356122016907
520 0.004858489043437599 0.0 0.0 707.1338300704956
530 0.012240098577915191 0.0 0.0 441.08163022994995
540 0.009403642495758672 0.0 0.0 457.2825117111206
550 0.0 0.0 0.0 0.00010156631469726562
560 0.022663004539859515 0.0 0.0 385.28300523757935
570 0.011501208064035822 0.0 0.0 1038.0039241313934
580 0.0090830418794766 0.0 0.0 371.4421510696411
590 0.01850908573747825 0.0 0.0 305.52105808258057
600 0.0030348627967441695 0.0 0.0 444.64170932769775
610 0.010764796255568417 0.0 0.0 437.7994477748871
620 0.0021619801808744226 0.0 0.0 437.5335876941681
630 0.0 0.0 0.0 0.00031757354736328125
640 0.0 0.0 0.0 0.00012493133544921875
650 0.015000442388822886 0.0 0.0 440.9143364429474
660 0.018849299892677397 0.0 0.0 426.517226934433
670 0.016507964674717025 0.0 0.0 292.1784689426422
680 0.0014419534532080012 0.0 0.0 444.03361201286316
690 0.0 0.0 0.0 9.799003601074219e-05
700 0.017340787053339413 0.0 0.0 414.1527416706085
710 0.0031427225632541522 0.0 0.0 391.853716135025
720 0.0 0.0 0.0 0.00012302398681640625
730 0.0 0.0 0.0 0.0001392364501953125
740 0.0 0.0 0.0 0.00015687942504882812
750 0.022047407028769023 0.0 0.0 410.09668016433716
760 0.005374634586640984 0.0 0.0 408.3429126739502
770 0.0 0.0 0.0 0.00010704994201660156
780 0.01039079662440796 0.0 0.0 429.7217080593109
790 0.0 0.0 0.0 0.00011706352233886719
800 0.027151601307719094 0.0 0.0 451.5992600917816
810 0.0 0.0 0.0 0.0001277923583984375
820 0.0 0.0 0.0 0.0001747608184814453
830 0.0065410659417200695 0.0 0.0 372.48098635673523
840 0.027057058105904495 0.0 0.0 435.3415632247925
850 0.0 0.0 0.0 0.0001385211944580078
860 0.007051176812159702 0.0 0.0 435.6767282485962
870 0.0 0.0 0.0 0.0001678466796875
880 0.01852389880892608 0.0 0.0 399.8038082122803
890 0.0033535983772824134 0.0 0.0 882.0479464530945
900 0.00121298487352194 0.0 0.0 433.19117641448975
910 0.0 0.0 0.0 5.221366882324219e-05
920 0.010664000415630957 0.0 0.0 417.81463980674744
930 0.007142864895337746 0.0 0.0 453.3330659866333
940 0.02241728411313044 0.0 0.0 447.93610739707947
950 0.0002964752583343699 0.0 0.0 441.103168964386
960 0.023352177698341015 0.0 0.0 313.79719734191895
970 0.011399942621468276 0.0 0.0 413.2685673236847
980 0.0 0.0 0.0 6.747245788574219e-05
990 0.011391313852223915 0.0 0.0 299.71074771881104
1000 0.02364779834995649 0.0 0.0 820.5327260494232
1010 0.028108932143783856 0.0 0.0 451.713036775589
1020 0.015868645443328624 0.0 0.0 331.7600190639496
1030 0.0048529509450447594 0.0 0.0 416.1463279724121
1040 0.0 0.0 0.0 0.00020313262939453125
1050 0.0 0.0 0.0 0.0001430511474609375
1060 0.02192443894241601 0.0 0.0 401.47454833984375
1070 0.009554487941276177 0.0 0.0 312.55345845222473
1080 0.013115008250080983 0.0 0.0 299.3265609741211
1090 0.014151501036142707 0.0 0.0 432.5937271118164
1100 0.0 0.0 0.0 0.0001270771026611328
1110 0.029073209348380778 0.0 0.0 379.57138204574585
1120 0.0 0.0 0.0 0.00028324127197265625
1130 0.0 0.0 0.0 0.00010752677917480469
1140 0.007753464484548135 0.0 0.0 387.9950668811798
1150 0.0 0.0 0.0 0.0001990795135498047
1160 0.0 0.0 0.0 0.00014281272888183594
1170 0.01421068456191774 0.0 0.0 450.6073796749115
1180 0.013600030836082517 0.0 0.0 420.84237408638
1190 0.011172008310755058 0.0 0.0 409.62911319732666
1200 0.01640769834325969 0.0 0.0 426.15125727653503
1210 0.016731613908512192 0.0 0.0 439.3457450866699
1220 0.0 0.0 0.0 0.0001544952392578125
1230 0.0 0.0 0.0 0.00021195411682128906
1240 0.0 0.0 0.0 0.0001354217529296875
1250 0.014189079282692663 0.0 0.0 439.9375195503235
1260 0.0 0.0 0.0 0.0002067089080810547
1270 0.007073117014926544 0.0 0.0 424.9487488269806
1280 0.0 0.0 0.0 0.0001468658447265625
1290 0.009326972558443438 0.0 0.0 398.11312794685364
1300 0.0 0.0 0.0 0.0001983642578125
1310 0.02326705042825764 0.0 0.0 412.5155611038208
1320 0.0013920348139057747 0.0 0.0 350.4539144039154
1330 0.0 0.0 0.0 0.0001697540283203125
1340 0.01598602868590652 0.0 0.0 365.2999675273895
1350 0.0 0.0 0.0 0.00010085105895996094
1360 0.019236077022170384 0.0 0.0 376.3473744392395
1370 0.005055438435398735 0.0 0.0 900.2619252204895
1380 0.0 0.0 0.0 0.0001404285430908203
1390 0.018076483294156877 0.0 0.0 439.7591378688812
1400 0.0 0.0 0.0 6.127357482910156e-05
1410 0.022820734783809863 0.0 0.0 362.79269218444824
1420 0.0 0.0 0.0 9.775161743164062e-05
1430 0.0028373285446658897 0.0 0.0 423.272164106369
1440 0.0036736711752747395 0.0 0.0 336.08865571022034
1450 0.009838569941500773 0.0 0.0 409.35959672927856
1460 0.016820667637393184 0.0 0.0 364.43187618255615
1470 0.0008642766259158208 0.0 0.0 383.19568395614624
1480 0.00509281026590696 0.0 0.0 777.6256711483002
1490 0.017620422570912085 0.0 0.0 333.2213168144226
1500 0.008798214001312093 0.0 0.0 438.8683421611786
1510 0.0 0.0 0.0 0.000179290771484375
1520 0.016087663682045852 0.0 0.0 444.3086519241333
1530 0.0 0.0 0.0 0.00015020370483398438
1540 0.01868562709378773 0.0 0.0 435.0266487598419
1550 0.014411343687441912 0.0 0.0 436.8137466907501
1560 0.030087397996594586 0.0 0.0 446.4323251247406
1570 0.0016850483898793317 0.0 0.0 951.5358455181122
1580 0.0 0.0 0.0 9.894371032714844e-05
1590 0.0 0.0 0.0 0.00011134147644042969
1600 0.0 0.0 0.0 0.0001685619354248047
1610 0.0 0.0 0.0 0.00013947486877441406
1620 0.0 0.0 0.0 0.00013136863708496094
1630 0.011584117559633832 0.0 0.0 344.9617178440094
1640 0.0 0.0 0.0 0.00018477439880371094
1650 0.029346602533558284 0.0 0.0 396.0765724182129
1660 0.0 0.0 0.0 0.00021648406982421875
1670 0.0 0.0 0.0 0.00019025802612304688
1680 0.017535220096271634 0.0 0.0 359.67741537094116
1690 0.0 0.0 0.0 0.00013756752014160156
1700 0.0007734910964197445 0.0 0.0 443.7917730808258
1710 0.0008369787161128626 0.0 0.0 438.67622113227844
1720 0.004527604222189058 0.0 0.0 448.5321967601776
1730 0.0 0.0 0.0 0.00013065338134765625
1740 0.008511092107701368 0.0 0.0 435.5247881412506
1750 0.011111921338947653 0.0 0.0 359.3382444381714
1760 0.00794896095338244 0.0 0.0 435.07692074775696
1770 0.009003424508843526 0.0 0.0 439.5157239437103
1780 0.011458536375712867 0.0 0.0 442.38602781295776
1790 0.0 0.0 0.0 0.00014281272888183594
1800 0.0 0.0 0.0 0.000110626220703125
1810 0.0105081284679903 0.0 0.0 322.2447600364685
1820 0.0 0.0 0.0 0.00018548965454101562
1830 0.0 0.0 0.0 0.0001125335693359375
1840 0.0 0.0 0.0 0.00012350082397460938
1850 0.0 0.0 0.0 0.0001461505889892578
1860 0.023373866348276085 0.0 0.0 759.9618904590607
1870 0.015390651794872649 0.0 0.0 340.0284147262573
1880 0.015486518978680974 0.0 0.0 435.04258275032043
1890 0.005602359315761192 0.0 0.0 393.88557386398315
1900 0.024144874976398906 0.0 0.0 316.43149971961975
1910 0.008922356752576235 0.0 0.0 351.2256751060486
1920 0.017900216343313333 0.0 0.0 431.2280740737915
1930 0.00838533830144625 0.0 0.0 398.572003364563
1940 0.011836434551090107 0.0 0.0 443.4287328720093
1950 0.0 0.0 0.0 0.00017571449279785156
1960 0.0 0.0 0.0 0.00012040138244628906
1970 0.01966256515839966 0.0 0.0 402.296555519104
1980 0.023576797781202845 0.0 0.0 371.31008744239807
1990 0.0 0.0 0.0 9.989738464355469e-05
2000 0.0033130948349718576 0.0 0.0 414.6157057285309
2010 0.0 0.0 0.0 0.00015664100646972656
2020 0.02017129791122242 0.0 0.0 751.2224636077881
2030 0.0 0.0 0.0 0.00015306472778320312
2040 0.011381613617724664 0.0 0.0 443.1549861431122
2050 0.015510213622952788 0.0 0.0 453.6448218822479
2060 0.0 0.0 0.0 0.0001437664031982422
2070 0.0 0.0 0.0 0.00011801719665527344
2080 0.0 0.0 0.0 0.00015616416931152344
2090 0.015202516826056365 0.0 0.0 424.7669141292572
2100 0.008983644460555412 0.0 0.0 434.0000331401825
2110 0.010731667104824892 0.0 0.0 969.4840726852417
2120 0.0 0.0 0.0 0.0001709461212158203
2130 0.014774209975302195 0.0 0.0 439.4717290401459
2140 0.022663004539859515 0.0 0.0 425.2802197933197
2150 0.011617597204108788 0.0 0.0 743.2843434810638
2160 0.005037565902210446 0.0 0.0 350.0662922859192
2170 0.021452684684860085 0.0 0.0 357.3763179779053
2180 0.010832545089152225 0.0 0.0 437.2389180660248
2190 0.0032277446751439393 0.0 0.0 295.31881308555603
2200 0.006502931643454161 0.0 0.0 378.5094246864319
2210 0.008575079913482535 0.0 0.0 326.89866399765015
2220 0.023507535277606552 0.0 0.0 458.8212926387787
2230 0.006146082918114493 0.0 0.0 368.75140261650085
2240 0.0 0.0 0.0 0.00011467933654785156
2250 0.006720270779120485 0.0 0.0 413.54033637046814
2260 0.0104762642212895 0.0 0.0 427.16486263275146
2270 0.00469211076248736 0.0 0.0 427.9699296951294
2280 0.0 0.0 0.0 0.00017023086547851562
2290 0.01471178580996306 0.0 0.0 361.30054092407227
2300 0.0 0.0 0.0 0.0001735687255859375
2310 0.0 0.0 0.0 0.0001430511474609375
2320 0.0 0.0 0.0 0.00016760826110839844
2330 0.00607817597231649 0.0 0.0 436.65611457824707
2340 0.021534458326374073 0.0 0.0 453.1379737854004
2350 0.0 0.0 0.0 6.628036499023438e-05
2360 0.00607817597231649 0.0 0.0 343.454785823822
2370 0.01391649370716235 0.0 0.0 436.5242986679077
2380 0.009595568839855736 0.0 0.0 448.48156547546387
2390 0.0032928794342459503 0.0 0.0 441.85888290405273
2400 0.01196553696486662 0.0 0.0 435.6650016307831
2410 0.018138556036180323 0.0 0.0 320.10462617874146
2420 0.0 0.0 0.0 0.00011134147644042969
2430 0.004886746129377759 0.0 0.0 371.90630745887756
2440 0.014357150930686955 0.0 0.0 298.03635144233704
2450 0.025970625171874616 0.0 0.0 428.0905520915985
2460 0.0007122322441128736 0.0 0.0 418.3020360469818
2470 0.02166737552432548 0.0 0.0 451.4127016067505
2480 0.0193210834806454 0.0 0.0 412.9143805503845
2490 0.0036105332054096064 0.0 0.0 442.1134445667267
2500 0.0026342599629715874 0.0 0.0 434.07383847236633
2510 0.0 0.0 0.0 0.00019669532775878906
2520 0.004987622961248279 0.0 0.0 437.9986574649811
2530 0.01042596510642725 0.0 0.0 450.6834659576416
2540 0.0 0.0 0.0 0.00018739700317382812
2550 0.0 0.0 0.0 0.0001895427703857422
2560 0.006793543531612246 0.0 0.0 331.11672472953796
2570 0.0 0.0 0.0 0.00011992454528808594
2580 0.007165610494419767 0.0 0.0 350.35618567466736
2590 0.0 0.0 0.0 6.413459777832031e-05
2600 0.021832043048197657 0.0 0.0 319.8953387737274
2610 0.022019652238578036 0.0 0.0 337.61746191978455
2620 0.006039941271633287 0.0 0.0 449.9788646697998
2630 0.0 0.0 0.0 0.00016689300537109375
2640 0.016463426802485352 0.0 0.0 429.2273061275482
2650 0.0 0.0 0.0 0.00012969970703125
2660 0.0 0.0 0.0 0.00010585784912109375
2670 0.0026467711013166075 0.0 0.0 438.87189745903015
2680 0.0242619806900653 0.0 0.0 375.30759716033936
2690 0.0 0.0 0.0 0.00011539459228515625
2700 0.00635003709028834 0.0 0.0 442.23835015296936
2710 0.02237046296509187 0.0 0.0 449.27437925338745
2720 0.005220540935649667 0.0 0.0 452.5309579372406
2730 0.010561889103072831 0.0 0.0 437.32382106781006
2740 0.00534117027264857 0.0 0.0 339.2313370704651
2750 0.023045082282293315 0.0 0.0 455.17768812179565
2760 0.01316773816558592 0.0 0.0 328.24627208709717
2770 0.0 0.0 0.0 7.343292236328125e-05
2780 0.024447704889444904 0.0 0.0 441.6821253299713
2790 0.022513178391661216 0.0 0.0 365.5746772289276
2800 0.0 0.0 0.0 0.00013256072998046875
2810 0.0 0.0 0.0 0.00014519691467285156
2820 0.021951349457360044 0.0 0.0 379.3507282733917
2830 0.017297226916252316 0.0 0.0 894.739803314209
2840 0.029346602533558284 0.0 0.0 431.9585819244385
2850 0.022968380841425075 0.0 0.0 407.3430449962616
2860 0.0 0.0 0.0 0.0001456737518310547
2870 0.007340776793904345 0.0 0.0 445.57020592689514
2880 0.021251523845381103 0.0 0.0 401.29531955718994
2890 0.006095947370232872 0.0 0.0 298.53213143348694
2900 0.0 0.0 0.0 6.437301635742188e-05
2910 0.009569250221759052 0.0 0.0 388.5419673919678
2920 0.0 0.0 0.0 9.179115295410156e-05
2930 0.001871731917161475 0.0 0.0 894.9066016674042
2940 0.0 0.0 0.0 0.00014019012451171875
2950 0.0009747437819064953 0.0 0.0 394.0429995059967
2960 0.009046952504683422 0.0 0.0 441.234934091568
2970 0.009675937721912057 0.0 0.0 413.5387210845947
2980 0.01113879415279598 0.0 0.0 339.5234305858612
2990 0.006355728715544892 0.0 0.0 292.8207964897156
3000 0.02294951127613036 0.0 0.0 437.7046163082123
3010 0.018578713339745114 0.0 0.0 443.5473461151123
3020 0.017478156860945566 0.0 0.0 402.6175124645233
3030 0.0006582300206755237 0.0 0.0 452.99766850471497
3040 0.029346602533558284 0.0 0.0 413.41627502441406
3050 0.00036819783833380045 0.0 0.0 442.5063931941986
3060 0.014094789637538125 0.0 0.0 331.5265519618988
3070 0.014610843432342976 0.0 0.0 319.85813570022583
3080 0.004303978643186846 0.0 0.0 327.7705936431885
3090 0.012089056257378637 0.0 0.0 333.0087034702301
3100 0.015503097012986642 0.0 0.0 388.39635157585144
3110 0.0 0.0 0.0 0.00011110305786132812
3120 0.0 0.0 0.0 0.00020694732666015625
3130 0.0 0.0 0.0 0.00010776519775390625
3140 0.011380541890418344 0.0 0.0 446.842871427536
3150 0.0034663581773474628 0.0 0.0 1054.845617055893
3160 0.0 0.0 0.0 0.00016880035400390625
3170 0.01785010487703663 0.0 0.0 909.5848524570465
3180 0.0071299743930760065 0.0 0.0 383.15790486335754
3190 0.0007969180393879522 0.0 0.0 462.01954555511475
3200 0.0022600431542062387 0.0 0.0 450.7622079849243
3210 0.024202807934755093 0.0 0.0 408.9693114757538
3220 0.0 0.0 0.0 0.00016808509826660156
3230 0.0 0.0 0.0 0.00016188621520996094
3240 0.0 0.0 0.0 0.00012874603271484375
3250 0.0 0.0 0.0 4.9114227294921875e-05
3260 0.010925987012393685 0.0 0.0 371.85003876686096
3270 0.006854802140993046 0.0 0.0 406.2334985733032
3280 0.0 0.0 0.0 0.00015044212341308594
3290 0.006152229122496553 0.0 0.0 1003.0027725696564
3300 0.0026248779469612627 0.0 0.0 375.0704357624054
3310 0.007640777236763802 0.0 0.0 445.6579031944275
3320 0.0 0.0 0.0 0.000171661376953125
3330 0.0 0.0 0.0 0.00013327598571777344
3340 0.009011808456417653 0.0 0.0 441.41574215888977
3350 0.014562129400016248 0.0 0.0 442.0602445602417
3360 0.00012018999113528365 0.0 0.0 441.8310708999634
3370 0.014487102278430185 0.0 0.0 442.6443078517914
3380 0.0155459961190427 0.0 0.0 444.7126798629761
3390 0.0 0.0 0.0 0.0001728534698486328
3400 0.0 0.0 0.0 0.00012135505676269531
3410 0.01616409629781793 0.0 0.0 414.72824001312256
3420 0.0 0.0 0.0 0.00015878677368164062
3430 0.02324615120421728 0.0 0.0 374.27516889572144
3440 0.0 0.0 0.0 0.00021600723266601562
3450 0.0 0.0 0.0 0.0001239776611328125
3460 0.011213796269052348 0.0 0.0 313.6622910499573
3470 0.003308512184960236 0.0 0.0 401.76808881759644
3480 0.024415843798508946 0.0 0.0 459.55444169044495
3490 0.0 0.0 0.0 0.0001614093780517578
3500 0.001116619988858194 0.0 0.0 434.8583936691284
3510 0.0017730802263409373 0.0 0.0 308.47033882141113
3520 0.02012464688702469 0.0 0.0 418.7141704559326
3530 0.022529461711252082 0.0 0.0 436.05630469322205
3540 0.012647563065926492 0.0 0.0 426.5599687099457
3550 0.0 0.0 0.0 0.0001323223114013672
3560 0.0 0.0 0.0 0.00016236305236816406
3570 0.004743035336465421 0.0 0.0 436.70446014404297
3580 0.0 0.0 0.0 0.0002472400665283203
3590 0.022802795915581372 0.0 0.0 422.03238701820374
3600 0.0 0.0 0.0 0.00012683868408203125
3610 0.0 0.0 0.0 0.0001513957977294922
3620 0.0 0.0 0.0 0.0001361370086669922
3630 0.019188382604859052 0.0 0.0 302.1196274757385
3640 0.0 0.0 0.0 0.00010657310485839844
3650 0.027151601307719094 0.0 0.0 359.0628032684326
3660 0.011393472810856824 0.0 0.0 452.17683005332947
3670 0.0056450792324500895 0.0 0.0 444.1132619380951
3680 0.0 0.0 0.0 9.036064147949219e-05
3690 0.012325337231827035 0.0 0.0 441.07941126823425
3700 0.009406853363312604 0.0 0.0 332.0600805282593
3710 0.0 0.0 0.0 0.00017023086547851562
3720 0.01968972746812218 0.0 0.0 377.47354912757874
3730 0.012337977942078904 0.0 0.0 346.8194406032562
3740 0.017715491052235452 0.0 0.0 441.8903465270996
3750 0.0 0.0 0.0 5.793571472167969e-05
3760 0.025402443422228197 0.0 0.0 436.17948842048645
3770 0.002346078048413179 0.0 0.0 358.5973467826843
3780 0.0053448226660387675 0.0 0.0 360.0375292301178
3790 0.0017396757382508706 0.0 0.0 439.81975388526917
3800 0.01126747423317503 0.0 0.0 451.019734621048
3810 0.004799142355588254 0.0 0.0 1022.1590991020203
3820 0.007038419865516467 0.0 0.0 302.33960795402527
3830 0.013285296412552614 0.0 0.0 378.0500342845917
3840 0.0 0.0 0.0 0.0001957416534423828
3850 0.005180237620977025 0.0 0.0 456.0999217033386
3860 0.02608967681225061 0.0 0.0 448.803014755249
3870 0.0013713607002388921 0.0 0.0 434.48071026802063
3880 0.007245338890011081 0.0 0.0 389.30770349502563
3890 0.011442208948546022 0.0 0.0 355.1041648387909
3900 0.0 0.0 0.0 0.000102996826171875
3910 0.0 0.0 0.0 0.0001533031463623047
3920 0.0 0.0 0.0 0.0001392364501953125
3930 0.013935231729641982 0.0 0.0 397.54042053222656
3940 0.0 0.0 0.0 8.916854858398438e-05
3950 0.013823810992884038 0.0 0.0 292.11060214042664
3960 0.01629550668833133 0.0 0.0 441.31778383255005
3970 0.0 0.0 0.0 0.00016069412231445312
3980 0.0 0.0 0.0 0.00019884109497070312
3990 0.0 0.0 0.0 0.00016760826110839844
4000 0.0 0.0 0.0 7.581710815429688e-05
4010 0.007099361703315788 0.0 0.0 447.8304216861725
4020 0.008809354130143634 0.0 0.0 398.7332901954651
4030 0.010491244087080874 0.0 0.0 403.6766836643219
4040 0.021630567805020273 0.0 0.0 401.9916672706604
4050 0.0 0.0 0.0 9.274482727050781e-05
4060 0.01077163040131693 0.0 0.0 359.0019414424896
4070 0.010447341945905686 0.0 0.0 448.8708107471466
4080 0.014500497071643663 0.0 0.0 325.89833998680115
4090 0.0 0.0 0.0 0.00011539459228515625
4100 0.02883662080431566 0.0 0.0 431.2628779411316
4110 0.01348465178500508 0.0 0.0 388.6171133518219
4120 0.014052669548272643 0.0 0.0 324.9903540611267
4130 0.022714652938801202 0.0 0.0 352.9864671230316
4140 0.013011096074199357 0.0 0.0 442.6259620189667
4150 0.010548643676908836 0.0 0.0 712.9170451164246
4160 0.0 0.0 0.0 0.0001633167266845703
4170 0.0 0.0 0.0 8.702278137207031e-05
4180 0.0013954644064119303 0.0 0.0 419.3571026325226
4190 0.0 0.0 0.0 0.00013518333435058594
4200 0.0017826152214036994 0.0 0.0 427.61415433883667
4210 0.006404194824719554 0.0 0.0 312.7996394634247
4220 0.0 0.0 0.0 0.0001876354217529297
4230 0.0014436522109213578 0.0 0.0 350.3512134552002
4240 0.0 0.0 0.0 0.00012421607971191406
4250 0.0 0.0 0.0 5.340576171875e-05
4260 0.01836409236949445 0.0 0.0 1011.8095836639404
4270 0.008526152530738847 0.0 0.0 325.801011800766
4280 0.0 0.0 0.0 6.341934204101562e-05
4290 0.0 0.0 0.0 6.079673767089844e-05
4300 0.01812071439510622 0.0 0.0 889.7312812805176
4310 0.0 0.0 0.0 0.0001437664031982422
4320 0.0 0.0 0.0 0.00015687942504882812
4330 0.02482571127637848 0.0 0.0 444.356009721756
4340 0.014544710212330976 0.0 0.0 390.5548689365387
4350 0.012947154023881375 0.0 0.0 424.9603044986725
4360 0.012415717002796237 0.0 0.0 455.6251873970032
4370 0.028438650951910154 0.0 0.0 448.3487343788147
4380 0.006455170086538335 0.0 0.0 450.79191303253174
4390 0.022987371005752138 0.0 0.0 313.9103388786316
4400 0.0 0.0 0.0 0.0001163482666015625
4410 0.005259411169600436 0.0 0.0 350.1492660045624
4420 0.0 0.0 0.0 0.00016736984252929688
4430 0.011759157739392682 0.0 0.0 439.4703447818756
4440 0.00981813710509045 0.0 0.0 431.5490074157715
4450 0.0 0.0 0.0 7.176399230957031e-05
4460 0.008166759703979705 0.0 0.0 302.4683241844177
4470 0.008111969946821817 0.0 0.0 395.1432499885559
4480 0.01760089072066481 0.0 0.0 390.89148783683777
4490 0.00892838883774753 0.0 0.0 443.5853428840637
4500 0.0 0.0 0.0 5.602836608886719e-05
4510 0.014353430395399302 0.0 0.0 449.49026441574097
4520 0.0 0.0 0.0 0.0001418590545654297
4530 0.0 0.0 0.0 0.00014519691467285156
4540 0.024862913396190747 0.0 0.0 433.7734978199005
4550 0.0 0.0 0.0 0.00010323524475097656
4560 0.01659538320681515 0.0 0.0 437.6667449474335
4570 0.0033789726354599464 0.0 0.0 435.3762173652649
4580 0.0009077454171214629 0.0 0.0 438.1991276741028
4590 0.0 0.0 0.0 0.00010824203491210938
4600 0.0 0.0 0.0 0.00013256072998046875
4610 0.0 0.0 0.0 0.0001404285430908203
4620 0.0 0.0 0.0 0.00010132789611816406
4630 0.0007543638503381593 0.0 0.0 441.5432472229004
4640 0.008633011441514288 0.0 0.0 419.80421257019043
4650 0.008353664325369057 0.0 0.0 365.6682732105255
4660 0.0 0.0 0.0 0.0001628398895263672
4670 0.017001349281702306 0.0 0.0 437.8318898677826
4680 0.0 0.0 0.0 0.0001304149627685547
4690 0.0 0.0 0.0 0.000148773193359375
4700 0.0 0.0 0.0 0.0001399517059326172
4710 0.0 0.0 0.0 0.0001456737518310547
4720 0.0032767995757283066 0.0 0.0 448.87923192977905
4730 0.0011774147378516525 0.0 0.0 446.94204330444336
4740 0.0009841032684714543 0.0 0.0 318.2474603652954
4750 0.0 0.0 0.0 5.054473876953125e-05
4760 0.0 0.0 0.0 0.00010347366333007812
4770 0.002408429497922284 0.0 0.0 436.0449125766754
4780 0.011370858490189657 0.0 0.0 859.9470634460449
4790 0.0043102909196306586 0.0 0.0 430.56599974632263
4800 0.030681400410511754 0.0 0.0 429.2069447040558
4810 0.01566242662640538 0.0 0.0 451.7877459526062
4820 0.007207559193727865 0.0 0.0 385.73258328437805
4830 0.0 0.0 0.0 0.00015282630920410156
4840 0.02058717955182074 0.0 0.0 310.0669651031494
4850 0.0 0.0 0.0 0.00015735626220703125
4860 0.01605261988926275 0.0 0.0 447.7395730018616
4870 0.002237583418581782 0.0 0.0 397.00223994255066
4880 0.0 0.0 0.0 0.00014472007751464844
4890 0.019490957595309045 0.0 0.0 449.3820104598999
4900 0.0 0.0 0.0 0.0001437664031982422
4910 0.0022103039070166643 0.0 0.0 383.825811624527
4920 0.015667339566443714 0.0 0.0 444.73855566978455
4930 0.008352963704371554 0.0 0.0 389.72771430015564
4940 0.0035648332900983033 0.0 0.0 459.5374102592468
4950 0.02679523414548794 0.0 0.0 927.6304771900177
4960 0.0013520186392029171 0.0 0.0 437.5739643573761
4970 0.0 0.0 0.0 7.271766662597656e-05
4980 0.0 0.0 0.0 8.821487426757812e-05
4990 0.0011003823407515064 0.0 0.0 413.6369185447693
5000 0.029073209348380778 0.0 0.0 369.29991364479065
5010 0.01884390003491784 0.0 0.0 292.40531396865845
5020 0.014073692593686378 0.0 0.0 435.33065128326416
5030 0.010042616260304707 0.0 0.0 435.5659875869751
5040 0.0 0.0 0.0 0.00010919570922851562
5050 0.0 0.0 0.0 0.00011944770812988281
5060 0.005090250129143675 0.0 0.0 455.8846502304077
5070 0.0 0.0 0.0 0.000164031982421875
5080 0.020456953922190164 0.0 0.0 392.9338059425354
5090 0.007681655066544355 0.0 0.0 298.4113073348999
5100 0.01851895470128059 0.0 0.0 436.90188670158386
5110 0.010453867417992205 0.0 0.0 378.51636576652527
5120 0.017232754976737177 0.0 0.0 446.8093101978302
5130 0.0 0.0 0.0 0.00016021728515625
5140 0.014407596578970628 0.0 0.0 337.2885684967041
5150 0.0 0.0 0.0 0.00016188621520996094
5160 0.014310902578716153 0.0 0.0 976.9464995861053
5170 0.023164037878921122 0.0 0.0 443.90061354637146
5180 0.0 0.0 0.0 0.00018286705017089844
5190 0.005158587566584394 0.0 0.0 407.377316236496
5200 0.02007861413445261 0.0 0.0 440.894992351532
5210 0.014494751947962101 0.0 0.0 447.68133759498596
5220 0.014327508484522746 0.0 0.0 374.1547882556915
5230 0.009193862402813438 0.0 0.0 437.5900001525879
5240 0.0 0.0 0.0 0.00012969970703125
5250 0.006274658937719811 0.0 0.0 306.2687680721283
5260 0.02796246658674445 0.0 0.0 399.0889654159546
5270 0.01943343424587773 0.0 0.0 440.0369174480438
5280 0.0 0.0 0.0 0.00014400482177734375
5290 0.0 0.0 0.0 0.00015425682067871094
5300 0.013517577384756887 0.0 0.0 778.6761312484741
5310 0.009761424616116827 0.0 0.0 296.23601841926575
5320 0.011141899161420695 0.0 0.0 319.4590656757355
5330 0.0 0.0 0.0 0.00011730194091796875
5340 0.0 0.0 0.0 9.560585021972656e-05
5350 0.012250059890732294 0.0 0.0 951.2497406005859
5360 0.018964436898430515 0.0 0.0 363.03293085098267
5370 0.0005362612649142068 0.0 0.0 917.2768058776855
5380 0.0 0.0 0.0 0.0001621246337890625
5390 0.012599621421137469 0.0 0.0 435.7982017993927
5400 0.010687116002503319 0.0 0.0 444.34064292907715
5410 0.0 0.0 0.0 0.00015544891357421875
5420 0.014662048391301965 0.0 0.0 449.9478802680969
5430 0.013984979580032107 0.0 0.0 305.0365700721741
5440 0.02564473582014683 0.0 0.0 455.7907977104187
5450 0.006148870544092187 0.0 0.0 444.9101505279541
5460 0.023507535277606552 0.0 0.0 425.60342741012573
5470 0.02159418968313396 0.0 0.0 418.2655999660492
5480 0.009758904565419385 0.0 0.0 309.26977825164795
5490 0.010712264239181759 0.0 0.0 393.58244824409485
5500 0.004391184723442136 0.0 0.0 453.11904215812683
5510 0.004148284086647054 0.0 0.0 432.52746987342834
5520 0.0 0.0 0.0 9.274482727050781e-05
5530 0.0 0.0 0.0 6.198883056640625e-05
5540 0.0 0.0 0.0 0.00014281272888183594
5550 0.006782881083846699 0.0 0.0 324.5911235809326
5560 0.0 0.0 0.0 0.00013136863708496094
5570 0.010039994413503249 0.0 0.0 448.21676564216614
5580 0.0 0.0 0.0 0.00016689300537109375
5590 0.0 0.0 0.0 0.0001380443572998047
5600 0.0 0.0 0.0 0.00012993812561035156
5610 0.0022010726526498553 0.0 0.0 432.8738648891449
5620 0.0 0.0 0.0 0.00017642974853515625
5630 0.0 0.0 0.0 0.00010943412780761719
5640 0.007201993742172305 0.0 0.0 451.6818516254425
5650 0.0 0.0 0.0 0.00014209747314453125
5660 1.4902175032392753e-05 0.0 0.0 451.7311770915985
5670 0.0 0.0 0.0 0.0001049041748046875
5680 0.0 0.0 0.0 0.00016117095947265625
5690 0.0 0.0 0.0 0.00011944770812988281
5700 0.0 0.0 0.0 9.107589721679688e-05
5710 0.0 0.0 0.0 6.961822509765625e-05
5720 0.022767225601550364 0.0 0.0 422.4710183143616
5730 0.0 0.0 0.0 0.00011706352233886719
5740 0.0 0.0 0.0 0.00011754035949707031
5750 0.0034858197678282795 0.0 0.0 420.1801505088806
5760 0.006467240698214989 0.0 0.0 394.6726393699646
5770 0.014449076365067284 0.0 0.0 445.1523756980896
5780 0.02423222959673531 0.0 0.0 451.1008388996124
5790 0.012920371971783987 0.0 0.0 445.200101852417
5800 0.007347049098315044 0.0 0.0 444.7042531967163
5810 0.01813408334824685 0.0 0.0 416.8740723133087
5820 0.00471155825811444 0.0 0.0 440.0607342720032
5830 0.0 0.0 0.0 0.00019621849060058594
5840 0.0003504171969486447 0.0 0.0 339.4435610771179
5850 0.0 0.0 0.0 0.0001614093780517578
5860 0.005942456750153045 0.0 0.0 353.0669889450073
5870 0.005933137231144191 0.0 0.0 434.2174379825592
5880 0.012372254387209002 0.0 0.0 443.81830620765686
5890 0.0 0.0 0.0 0.00017189979553222656
5900 0.0 0.0 0.0 0.00015783309936523438
5910 0.0 0.0 0.0 0.00012731552124023438
5920 0.030681400410511754 0.0 0.0 437.39838767051697
5930 0.0 0.0 0.0 8.249282836914062e-05
5940 0.0 0.0 0.0 8.702278137207031e-05
5950 0.006391624212435541 0.0 0.0 916.6004219055176
5960 0.0 0.0 0.0 9.036064147949219e-05
5970 0.018465008109564227 0.0 0.0 396.10580706596375
5980 0.024862913396190747 0.0 0.0 326.59898614883423
5990 0.0031039710382484344 0.0 0.0 310.5337996482849
6000 0.0002701879519938488 0.0 0.0 451.47747564315796
6010 0.0 0.0 0.0 0.00017642974853515625
6020 0.013023969934700329 0.0 0.0 303.6494665145874
6030 0.0 0.0 0.0 8.654594421386719e-05
6040 0.0 0.0 0.0 0.0001499652862548828
6050 0.0 0.0 0.0 0.00014662742614746094
6060 0.0 0.0 0.0 0.00014781951904296875
6070 0.0019898776374503878 0.0 0.0 428.5732491016388
6080 0.01103506484720866 0.0 0.0 439.04775047302246
6090 0.014292529649267907 0.0 0.0 437.4937644004822
6100 0.01254683221914444 0.0 0.0 444.52161622047424
6110 0.030681400410511754 0.0 0.0 421.99055790901184
6120 0.012468577276864708 0.0 0.0 446.156973361969
6130 0.006174027727819524 0.0 0.0 314.4998836517334
6140 0.022061382911666313 0.0 0.0 434.36186838150024
6150 0.010455723889003458 0.0 0.0 353.01849341392517
6160 0.0 0.0 0.0 0.00012373924255371094
6170 0.0062340833122259175 0.0 0.0 440.3292887210846
6180 0.008895269383876933 0.0 0.0 328.3791961669922
6190 0.003801976129428303 0.0 0.0 918.0055267810822
6200 0.005807749061462453 0.0 0.0 438.8397605419159
6210 0.0 0.0 0.0 0.00012636184692382812
6220 0.0 0.0 0.0 0.00017523765563964844
6230 0.0 0.0 0.0 0.00013494491577148438
6240 0.0022851641622006176 0.0 0.0 315.12323117256165
6250 0.0 0.0 0.0 7.152557373046875e-05
6260 0.0 0.0 0.0 0.00012302398681640625
6270 0.0 0.0 0.0 0.00013566017150878906
6280 0.0 0.0 0.0 0.00015211105346679688
6290 0.0 0.0 0.0 9.775161743164062e-05
6300 0.0074232425390994995 0.0 0.0 435.3907821178436
6310 0.02679523414548794 0.0 0.0 443.38472962379456
6320 0.007847034175240946 0.0 0.0 303.24543142318726
6330 0.011635529539600276 0.0 0.0 445.98263692855835
6340 0.0038619904119791015 0.0 0.0 976.9769690036774
6350 0.030681400410511754 0.0 0.0 460.16123270988464
6360 0.001161551012840775 0.0 0.0 416.8761200904846
6370 0.0 0.0 0.0 0.000102996826171875
6380 0.0 0.0 0.0 0.0001659393310546875
6390 0.02326705042825764 0.0 0.0 402.2041594982147
6400 0.004169954510801131 0.0 0.0 812.6244533061981
6410 0.019922173468040965 0.0 0.0 434.52111315727234
6420 0.017747703448998148 0.0 0.0 350.03732419013977
6430 0.0021874327750745276 0.0 0.0 294.2775399684906
6440 0.0 0.0 0.0 8.511543273925781e-05
6450 0.0197516019643988 0.0 0.0 433.36436581611633
6460 0.004885232531616159 0.0 0.0 447.4044187068939
6470 0.007485420840938463 0.0 0.0 328.9739029407501
6480 0.01086419397635162 0.0 0.0 424.43649768829346
6490 0.0 0.0 0.0 6.818771362304688e-05
6500 0.0 0.0 0.0 8.249282836914062e-05
6510 0.0 0.0 0.0 0.00012421607971191406
6520 0.0 0.0 0.0 0.00010752677917480469
6530 0.003393734410086904 0.0 0.0 426.5523135662079
6540 0.014601067294245767 0.0 0.0 391.2544858455658
6550 0.020517100104602587 0.0 0.0 442.9982907772064
6560 0.009707666185700755 0.0 0.0 298.161940574646
6570 0.0 0.0 0.0 0.00011754035949707031
6580 0.002223074503034419 0.0 0.0 450.2678427696228
6590 0.0 0.0 0.0 9.107589721679688e-05
6600 0.02883662080431566 0.0 0.0 436.0023534297943
6610 0.023462280670994446 0.0 0.0 1073.467455625534
6620 0.01058750148764693 0.0 0.0 414.62093472480774
6630 0.014364585852918714 0.0 0.0 441.3433885574341
6640 0.0 0.0 0.0 0.0001838207244873047
6650 0.008244088288028691 0.0 0.0 392.379367351532
6660 0.015507840183838884 0.0 0.0 436.0522496700287
6670 0.0 0.0 0.0 0.000125885009765625
6680 0.0 0.0 0.0 0.00012803077697753906
6690 0.012840841792612244 0.0 0.0 396.96912384033203
6700 0.007946955825572118 0.0 0.0 344.96356654167175
6710 0.015198077891457894 0.0 0.0 291.5612246990204
6720 0.0073614866075911315 0.0 0.0 412.0959436893463
6730 0.008954072414141949 0.0 0.0 296.5248599052429
6740 0.010044374916348402 0.0 0.0 328.3984775543213
6750 0.0 0.0 0.0 6.914138793945312e-05
6760 0.018080881110118893 0.0 0.0 900.0718293190002
6770 0.012744713689741775 0.0 0.0 449.05743432044983
6780 0.023309303107524732 0.0 0.0 453.2227418422699
6790 0.0 0.0 0.0 0.00017452239990234375
6800 0.0 0.0 0.0 0.00014472007751464844
6810 0.014735850369505043 0.0 0.0 338.06458568573
6820 0.020025675399006175 0.0 0.0 331.38572669029236
6830 0.0078404124775611 0.0 0.0 355.7402832508087
6840 0.011824832586885678 0.0 0.0 326.6723895072937
6850 0.010639035061281072 0.0 0.0 433.6375787258148
6860 0.01585835809355998 0.0 0.0 854.5877139568329
6870 0.010534474357663814 0.0 0.0 371.03134846687317
6880 0.006031095308679662 0.0 0.0 417.6643257141113
6890 0.010227559284237657 0.0 0.0 453.0367925167084
6900 0.010293660120007582 0.0 0.0 440.5428946018219
6910 0.014441512403244922 0.0 0.0 390.1038646697998
6920 0.0 0.0 0.0 0.00010657310485839844
6930 0.0 0.0 0.0 0.00010180473327636719
6940 0.02687918984071091 0.0 0.0 334.45342803001404
6950 0.0 0.0 0.0 0.0001423358917236328
6960 0.0017904301999341992 0.0 0.0 394.53969168663025
6970 0.0 0.0 0.0 0.00012874603271484375
6980 0.0 0.0 0.0 0.00016021728515625
6990 0.019907633705674107 0.0 0.0 412.4036457538605
7000 0.0 0.0 0.0 0.00010228157043457031
7010 0.0008101182558125893 0.0 0.0 1030.9709687232971
7020 0.023 3.161915857492412e-05 0.0013766385533758114 815.2025408744812
7030 0.008739090353936545 0.0 0.0 379.3123185634613
7040 0.0 0.0 0.0 0.00012946128845214844
7050 0.00901485856774999 0.0 0.0 439.103125333786
7060 0.013643368562573505 0.0 0.0 448.87019968032837
7070 0.012159787076397945 0.0 0.0 437.7904920578003
7080 0.0 0.0 0.0 5.745887756347656e-05
7090 0.0 0.0 0.0 0.00010013580322265625
7100 0.0 0.0 0.0 0.00010824203491210938
7110 0.0 0.0 0.0 0.00015211105346679688
7120 0.000983249461908892 0.0 0.0 319.4528064727783
7130 0.015751787089039893 0.0 0.0 453.6735289096832
7140 0.0002635325207854235 0.0 0.0 426.9318165779114
7150 0.0 0.0 0.0 0.00014209747314453125
7160 0.010332895601456043 0.0 0.0 314.5727186203003
7170 0.013972931043558859 0.0 0.0 290.1509339809418
7180 0.016033867562252155 0.0 0.0 379.70328521728516
7190 0.006798279794909209 0.0 0.0 310.036500453949
7200 0.0 0.0 0.0 0.00012421607971191406
7210 0.0013636451770284933 0.0 0.0 345.2632086277008
7220 0.014014372737045462 0.0 0.0 327.63045287132263
7230 0.011790173263215846 0.0 0.0 382.8222715854645
7240 0.0019663067025136242 0.0 0.0 281.96226978302
7250 0.014087747428551498 0.0 0.0 746.4064955711365
7260 0.007850354853468855 0.0 0.0 297.64621329307556
7270 0.007942930774139014 0.0 0.0 433.75028681755066
7280 0.007489247948701298 0.0 0.0 363.3034951686859
7290 0.0 0.0 0.0 0.00010609626770019531
7300 0.0 0.0 0.0 0.00019550323486328125
7310 0.0 0.0 0.0 0.00013685226440429688
7320 0.0 0.0 0.0 0.0001266002655029297
7330 0.0 0.0 0.0 0.0001773834228515625
7340 0.0 0.0 0.0 0.00012803077697753906
7350 0.0 0.0 0.0 0.00019431114196777344
7360 0.0 0.0 0.0 0.00010824203491210938
7370 0.0 0.0 0.0 0.00011134147644042969
7380 0.0156526009054769 0.0 0.0 437.40410017967224
7390 0.0 0.0 0.0 0.0001366138458251953
7400 0.008744250074544324 0.0 0.0 440.1450607776642
7410 0.0 0.0 0.0 7.224082946777344e-05
7420 0.0 0.0 0.0 0.00010013580322265625
7430 0.0035643823409290147 0.0 0.0 429.12404203414917
7440 0.011013711326323797 0.0 0.0 434.776802778244
7450 0.02569615034920146 0.0 0.0 449.90257596969604
7460 0.024292068839642272 0.0 0.0 406.53508281707764
7470 0.0 0.0 0.0 0.00020360946655273438
7480 0.0 0.0 0.0 0.0001323223114013672
7490 0.011850374728796348 0.0 0.0 420.9952585697174
7500 0.029073209348380778 0.0 0.0 439.1138949394226
7510 0.01943343424587773 0.0 0.0 432.4258396625519
7520 0.004220641043257249 0.0 0.0 371.6314754486084
7530 0.0 0.0 0.0 0.00017142295837402344
7540 0.025449060388441403 0.0 0.0 431.8385121822357
7550 0.01917065635770892 0.0 0.0 425.2699501514435
7560 0.010620864605400508 0.0 0.0 291.5658667087555
7570 0.02071345618283807 0.0 0.0 429.10674381256104
7580 0.01299967089154472 0.0 0.0 429.0445272922516
7590 0.0 0.0 0.0 6.508827209472656e-05
7600 0.0 0.0 0.0 0.00019431114196777344
7610 0.0060382844423142925 0.0 0.0 398.7874503135681
7620 0.0 0.0 0.0 0.0001068115234375
7630 0.021937865423381143 0.0 0.0 288.3335540294647
7640 0.00874939531424842 0.0 0.0 282.16126537323
7650 0.0 0.0 0.0 0.0001876354217529297
7660 0.00272013233505375 0.0 0.0 306.208039522171
7670 0.01039079662440796 0.0 0.0 276.6762692928314
7680 0.0 0.0 0.0 0.00010538101196289062
7690 0.019864391582442485 0.0 0.0 290.6405670642853
7700 0.019510334856257045 0.0 0.0 251.0805037021637
7710 0.013026833477911861 0.0 0.0 304.8164472579956
7720 0.0005061061824640463 0.0 0.0 320.4763550758362
7730 0.0 0.0 0.0 9.274482727050781e-05
7740 0.005241784558963634 0.0 0.0 620.3117027282715
7750 0.0 0.0 0.0 5.6743621826171875e-05
7760 0.0 0.0 0.0 0.0002467632293701172
7770 0.02564473582014683 0.0 0.0 317.5508840084076
7780 0.0 0.0 0.0 0.00016546249389648438
7790 0.0 0.0 0.0 0.00014448165893554688
7800 0.009926037870269643 0.0 0.0 423.45805191993713
7810 0.01724342703656398 0.0 0.0 316.31224727630615
7820 3.161631670327888e-05 0.0 0.0 403.9293704032898
7830 0.0 0.0 0.0 0.00013709068298339844
7840 0.027250357797250224 0.0 0.0 328.1599564552307
7850 0.0031153539624151206 0.0 0.0 422.87151193618774
7860 0.01003473326201559 0.0 0.0 343.64429473876953
7870 0.012622216470420004 0.0 0.0 385.1727571487427
7880 0.010062831676084774 0.0 0.0 387.2558927536011
7890 0.013709881314371623 0.0 0.0 286.21116971969604
7900 0.0 0.0 0.0 8.535385131835938e-05
7910 0.0 0.0 0.0 8.034706115722656e-05
7920 0.00190570713555697 0.0 0.0 311.5663640499115
7930 0.0 0.0 0.0 6.413459777832031e-05
7940 0.0011003823407515064 0.0 0.0 324.73099184036255
7950 0.028627149510462423 0.0 0.0 323.8781723976135
7960 0.013984979580032107 0.0 0.0 233.2214229106903
7970 0.0 0.0 0.0 0.00011229515075683594
7980 0.00766799319166789 0.0 0.0 239.53894710540771
7990 0.0 0.0 0.0 4.3392181396484375e-05
8000 0.017455559227664483 0.0 0.0 414.84382700920105
8010 0.0 0.0 0.0 0.00011324882507324219
8020 0.0 0.0 0.0 0.0001232624053955078
8030 0.007470792633084307 0.0 0.0 335.82231974601746
8040 0.014261445631039557 0.0 0.0 324.1221868991852
8050 0.013222469599095496 0.0 0.0 297.816828250885
8060 0.014091260145796168 0.0 0.0 642.7972812652588
8070 0.019850088060859947 0.0 0.0 621.0474946498871
8080 0.003371134781268853 0.0 0.0 260.6832513809204
8090 0.0 0.0 0.0 9.679794311523438e-05
8100 0.0 0.0 0.0 0.00015234947204589844
8110 0.0 0.0 0.0 0.00011539459228515625
8120 0.0 0.0 0.0 8.7738037109375e-05
8130 0.0068697271069341915 0.0 0.0 312.00111961364746
8140 0.0 0.0 0.0 0.000102996826171875
8150 0.020778432264069686 0.0 0.0 264.0786385536194
8160 0.017917068880261827 0.0 0.0 241.13290143013
8170 0.011984545553401392 0.0 0.0 279.6351068019867
8180 0.005334889676241437 0.0 0.0 215.62506556510925
8190 0.0 0.0 0.0 5.745887756347656e-05
8200 0.0 0.0 0.0 5.888938903808594e-05
8210 0.02796246658674445 0.0 0.0 213.86150789260864
8220 0.0 0.0 0.0 7.724761962890625e-05
8230 0.01911219001433217 0.0 0.0 208.90438532829285
8240 0.025311688016896493 0.0 0.0 192.789044380188
8250 0.01763218756327521 0.0 0.0 331.5678565502167
8260 0.026966370715598452 0.0 0.0 361.8366365432739
8270 0.018865527366093572 0.0 0.0 378.293488740921
8280 0.0 0.0 0.0 0.00010752677917480469
8290 0.0 0.0 0.0 0.0001342296600341797
8300 0.0 0.0 0.0 0.00016570091247558594
8310 0.012131629571881663 0.0 0.0 278.9039554595947
8320 0.0 0.0 0.0 0.00013828277587890625
8330 0.017862570914086676 0.0 0.0 389.13669443130493
8340 0.001393313791852222 0.0 0.0 264.49821734428406
8350 0.015842979463747946 0.0 0.0 257.0975205898285
8360 0.019682917443931715 0.0 0.0 250.09241604804993
8370 0.0 0.0 0.0 0.00016450881958007812
8380 0.024579031209537926 0.0 0.0 275.4119620323181
8390 0.019471674337202486 0.0 0.0 235.2376844882965
8400 0.000915848103294871 0.0 0.0 246.09675478935242
8410 0.0 0.0 0.0 7.82012939453125e-05
8420 0.0 0.0 0.0 9.298324584960938e-05
8430 0.01605261988926275 0.0 0.0 238.92059659957886
8440 0.007631707661790154 0.0 0.0 223.5265085697174
8450 0.0 0.0 0.0 9.632110595703125e-05
8460 0.016247522960361773 0.0 0.0 219.01354932785034
8470 0.011411837022096612 0.0 0.0 213.50719118118286
8480 0.0081222247972771 0.0 0.0 200.9278531074524
8490 0.0 0.0 0.0 3.457069396972656e-05
8500 0.015011072804463713 0.0 0.0 293.3687994480133
8510 0.025356659028527226 0.0 0.0 274.9084892272949
8520 0.0 0.0 0.0 0.0001285076141357422
8530 0.0 0.0 0.0 0.000102996826171875
8540 0.0 0.0 0.0 0.0001480579376220703
8550 0.018548716354582464 0.0 0.0 749.6182448863983
8560 0.021793269350657982 0.0 0.0 262.1529929637909
8570 0.0035424888925569397 0.0 0.0 258.1469373703003
8580 0.0 0.0 0.0 5.412101745605469e-05
8590 0.013744285844800027 0.0 0.0 287.10605120658875
8600 0.004799643853245276 0.0 0.0 253.55100083351135
8610 0.012462100453716684 0.0 0.0 239.54015183448792
8620 0.0 0.0 0.0 8.463859558105469e-05
8630 0.012861650336278717 0.0 0.0 272.97208309173584
8640 0.011384841485755822 0.0 0.0 238.86942529678345
8650 0.004137227595504827 0.0 0.0 532.4789249897003
8660 0.009474622275259458 0.0 0.0 211.33028745651245
8670 0.0 0.0 0.0 3.123283386230469e-05
8680 0.0 0.0 0.0 4.887580871582031e-05
8690 0.007979844714591473 0.0 0.0 442.95696663856506
8700 0.01011050668285523 0.0 0.0 177.78551959991455
8710 0.000977699990153108 0.0 0.0 174.75913214683533
8720 0.0 0.0 0.0 7.2479248046875e-05
8730 0.0 0.0 0.0 4.76837158203125e-05
8740 0.002860738550547924 0.0 0.0 168.7745566368103
8750 0.02353043789732556 0.0 0.0 421.6028606891632
8760 0.019248098612424033 0.0 0.0 369.1812403202057
8770 0.0 0.0 0.0 0.00014400482177734375
8780 0.003965463304967883 0.0 0.0 723.5008254051208
8790 0.0 0.0 0.0 8.893013000488281e-05
8800 0.022968380841425075 0.0 0.0 320.2335424423218
8810 0.0 0.0 0.0 0.0001590251922607422
8820 0.02382078656294622 0.0 0.0 318.61646819114685
8830 0.01985722754668378 0.0 0.0 310.1459376811981
8840 0.0 0.0 0.0 0.00010466575622558594
8850 0.006606680854520537 0.0 0.0 322.9374783039093
8860 0.014357150930686955 0.0 0.0 265.05036520957947
8870 0.011266410559144416 0.0 0.0 527.9501299858093
8880 0.01586092368474674 0.0 0.0 207.90477013587952
8890 0.019427093580991886 0.0 0.0 192.75730991363525
8900 0.0 0.0 0.0 4.553794860839844e-05
8910 0.0019545432293820637 0.0 0.0 182.81023526191711
8920 0.016895270311970675 0.0 0.0 175.60067462921143
8930 0.002834628850236964 0.0 0.0 402.42977356910706
8940 0.0 0.0 0.0 4.1961669921875e-05
8950 0.020971458254208805 0.0 0.0 163.1809480190277
8960 0.013285296412552614 0.0 0.0 163.28118324279785
8970 0.01805892323602036 0.0 0.0 162.13162446022034
8980 0.023439922565325677 0.0 0.0 160.61261582374573
8990 0.023309303107524732 0.0 0.0 160.91349411010742
9000 0.02796246658674445 0.0 0.0 419.1654405593872
9010 0.0 0.0 0.0 0.00013780593872070312
9020 0.006557283721057082 0.0 0.0 344.32812881469727
9030 0.0 0.0 0.0 5.078315734863281e-05
9040 0.0 0.0 0.0 0.0001163482666015625
9050 0.0 0.0 0.0 5.698204040527344e-05
9060 0.0067302942283537885 0.0 0.0 379.1191883087158
9070 0.001951474038855254 0.0 0.0 280.0752365589142
9080 0.0063142770123474625 0.0 0.0 263.8700385093689
9090 0.0 0.0 0.0 8.845329284667969e-05
9100 0.0 0.0 0.0 5.602836608886719e-05
9110 0.02287524091679876 0.0 0.0 307.3672122955322
9120 0.0 0.0 0.0 5.14984130859375e-05
9130 0.006603179633591977 0.0 0.0 322.49594807624817
9140 0.0015592324351457046 0.0 0.0 284.0829746723175
9150 0.013110636213185624 0.0 0.0 258.76614570617676
9160 0.0 0.0 0.0 0.00011229515075683594
9170 0.0 0.0 0.0 9.560585021972656e-05
9180 0.02031521317522592 0.0 0.0 525.27663230896
9190 0.0 0.0 0.0 7.009506225585938e-05
9200 0.01621952535015654 0.0 0.0 214.34279441833496
9210 0.011234789065042383 0.0 0.0 452.5945522785187
9220 0.021546322601371303 0.0 0.0 178.82755255699158
9230 0.0 0.0 0.0 4.839897155761719e-05
9240 0.010825635859875912 0.0 0.0 176.12368440628052
9250 0.0 0.0 0.0 7.343292236328125e-05
9260 0.0064517313215489485 0.0 0.0 371.73542833328247
9270 0.02017913618997539 0.0 0.0 327.1955232620239
9280 0.0 0.0 0.0 0.0001857280731201172
9290 0.0028116821051258653 0.0 0.0 307.55782413482666
9300 0.0 0.0 0.0 9.465217590332031e-05
9310 0.0 0.0 0.0 6.842613220214844e-05
9320 0.017887621829478118 0.0 0.0 713.8350064754486
9330 0.0 0.0 0.0 4.744529724121094e-05
9340 0.022103667277333205 0.0 0.0 273.91258096694946
9350 0.0072646019438303506 0.0 0.0 323.58698773384094
9360 0.0 0.0 0.0 0.00011420249938964844
9370 0.0 0.0 0.0 9.012222290039062e-05
9380 0.0 0.0 0.0 7.200241088867188e-05
9390 0.016610653974369158 0.0 0.0 249.51119899749756
9400 0.010846374570953877 0.0 0.0 222.2663116455078
9410 0.023225400253334607 0.0 0.0 210.34641337394714
9420 0.014810820584307119 0.0 0.0 208.80357241630554
9430 0.007486691290660622 0.0 0.0 190.93192267417908
9440 0.025017243548312314 0.0 0.0 180.8262860774994
9450 0.003357757561087508 0.0 0.0 175.45503568649292
9460 0.0 0.0 0.0 0.00016260147094726562
9470 0.020389518442122532 0.0 0.0 173.37888526916504
9480 0.0 0.0 0.0 2.47955322265625e-05
9490 0.012664986901393708 0.0 0.0 168.74046897888184
9500 0.012951383032278517 0.0 0.0 388.48231315612793
9510 0.01370173145818422 0.0 0.0 303.5033540725708
9520 0.015086274528090244 0.0 0.0 341.524272441864
9530 0.027250357797250224 0.0 0.0 251.60096907615662
9540 0.013303387789556911 0.0 0.0 275.7659809589386
9550 0.014709784616977514 0.0 0.0 270.9589204788208
9560 0.0 0.0 0.0 0.0001285076141357422
9570 0.025097984385154898 0.0 0.0 283.36666679382324
9580 0.01083155131652735 0.0 0.0 276.70140314102173
9590 0.002890946938827153 0.0 0.0 254.26854062080383
9600 0.006980863733428799 0.0 0.0 212.705730676651
9610 0.00470707251968673 0.0 0.0 210.89663457870483
9620 0.00803719627002182 0.0 0.0 199.71325707435608
9630 0.0013520186392029171 0.0 0.0 435.5275526046753
9640 0.006339809918649475 0.0 0.0 172.27924418449402
9650 0.02518133657880323 0.0 0.0 169.8374650478363
9660 0.024545589263124817 0.0 0.0 389.66390895843506
9670 0.01823817993819825 0.0 0.0 161.224200963974
9680 0.021041785499383545 0.0 0.0 159.54815435409546
9690 0.0 0.0 0.0 4.1484832763671875e-05
9700 0.015975466028980048 0.0 0.0 378.4800534248352
9710 0.0 0.0 0.0 4.1961669921875e-05
9720 0.0 0.0 0.0 4.029273986816406e-05
9730 0.02136171651293576 0.0 0.0 158.28580856323242
9740 0.0 0.0 0.0 2.5033950805664062e-05
9750 0.013041187193130382 0.0 0.0 270.95689368247986
9760 0.0008617055343566166 0.0 0.0 250.58928203582764
9770 0.0 0.0 0.0 0.00010275840759277344
9780 0.0 0.0 0.0 0.00013375282287597656
9790 0.0 0.0 0.0 0.00014448165893554688
9800 0.030681400410511754 0.0 0.0 263.68932485580444
9810 0.008557775018258145 0.0 0.0 241.2307825088501
9820 0.0 0.0 0.0 0.00011610984802246094
9830 0.008576519278059629 0.0 0.0 319.02165627479553
9840 0.0 0.0 0.0 6.4849853515625e-05
9850 0.0 0.0 0.0 0.00011491775512695312
9860 0.0 0.0 0.0 0.00015401840209960938
9870 0.01211822006042385 0.0 0.0 239.2109730243683
9880 0.0032722247477688184 0.0 0.0 213.65328860282898
9890 0.020364563855763095 0.0 0.0 213.85174870491028
9900 0.008882512635623844 0.0 0.0 205.44293689727783
9910 8.81959719471032e-05 0.0 0.0 189.49834036827087
9920 0.013420949094988536 0.0 0.0 181.31185102462769
9930 0.0 0.0 0.0 2.9087066650390625e-05
9940 0.0 0.0 0.0 2.9087066650390625e-05
9950 0.0 0.0 0.0 2.9325485229492188e-05
9960 0.0 0.0 0.0 5.817413330078125e-05
9970 0.0 0.0 0.0 2.8371810913085938e-05
9980 0.022645979084033617 0.0 0.0 174.86779499053955
9990 0.02967343826142538 0.0 0.0 172.9938473701477
