0 0.61 0.044427796415278276 0.07855371274204262
10 0.56 0.014832843365568338 0.027207881445276933
20 0.17 0.00022974652552695818 0.0013532790393194721
30 0.3541334415915764 0.0 0.0
40 0.49 0.014361718970396287 0.030194623820664287
50 1.12 0.02981472324745127 0.027348308478595092
60 1.24 0.09040898948659337 0.07864448195903756
70 0.0 0.0 0.0
80 0.77 0.024331908219367593 0.032631017053799026
90 0.3510729270159816 0.0 0.0
100 0.0 0.0 0.0
110 0.0 0.0 0.0
120 0.21 0.00016190087568448974 0.0007715513834719497
130 0.0 0.0 0.0
140 0.1288082902780171 0.0 0.0
150 0.9400000000000001 0.06680849550280643 0.07651070258783209
160 0.2 0.002235468368189497 0.0113036870147747
170 0.62 0.035387587028240075 0.06053170655127622
180 0.99 0.05983267535327319 0.06432463683455808
190 0.14504103446139288 0.0 0.0
200 0.75 0.02837659516618163 0.03932327440615155
210 0.0 0.0 0.0
220 1.23 0.06983394206478621 0.060193057353420606
230 1.08 0.08028259027619855 0.08030528376851889
240 1.49 0.06577478516013846 0.046182854000049504
250 0.18 0.005484024756788608 0.031424199126446076
260 0.0 0.0 0.0
270 0.14447254374293586 0.0 0.0
280 0.9500000000000001 0.035862044132132787 0.039230450832867955
290 1.43 0.05195746475560825 0.037703817862482565
300 0.8200000000000001 0.024554378299175728 0.030868707588927926
310 0.58 0.02830966955959746 0.05131442042313568
320 0.34 0.005263086697745056 0.015723054400614268
330 0.99 0.022929996091308524 0.02371079239210228
340 0.0 0.0 0.0
350 0.65 0.0053417552997468976 0.008286181622063415
360 0.3467138064404277 0.0 0.0
370 0.14 0.0051374028507373826 0.03809360756304753
380 0.3491877200559733 0.0 0.0
390 1.11 0.05639944507668804 0.05353019682188109
400 0.73 0.006385625979183462 0.008824625668643454
410 0.22 0.0031886051372190527 0.01470681529094496
420 0.85 0.07800923581550101 0.10104944182578005
430 0.0 0.0 0.0
440 0.6900000000000001 0.016172170453216395 0.02400044899317054
450 0.39 0.01171913051363227 0.030979971388837565
460 0.6900000000000001 0.020292571473582988 0.03030065161175457
470 0.0 0.0 0.0
480 0.0 0.0 0.0
490 0.98 0.02838178068913999 0.029824755467264406
500 0.0 0.0 0.0
510 0.5700000000000001 0.016384634513438856 0.029595700435515796
520 0.27 0.0007152041199797177 0.0026559394771711376
530 0.7000000000000001 0.02158487594877856 0.031816619623516625
540 0.53 0.00879722947622974 0.016878708199093366
550 0.0 0.0 0.0
560 1.32 0.06388878991357427 0.05086236744052181
570 0.6374616548905897 0.0 0.0
580 0.52 0.01656671927905995 0.03290747734304659
590 1.05 0.024122339233254797 0.023513855653339463
600 0.16820916985476736 0.0 0.0
610 0.6 0.0033544304713054585 0.005622149300388182
620 0.12 0.00017089541659356944 0.001426159505970593
630 0.0 0.0 0.0
640 0.0 0.0 0.0
650 0.88 0.04859109268956485 0.05844427725312028
660 1.07 0.02526575676096532 0.024183907940676666
670 0.9400000000000001 0.025035726522812274 0.027362518131628964
680 0.07992117257938079 0.0 0.0
690 0.0 0.0 0.0
700 1.07 0.10887602497227333 0.11327989708001245
710 0.17418736491677717 0.0 0.0
720 0.0 0.0 0.0
730 0.0 0.0 0.0
740 0.0 0.0 0.0
750 1.32 0.0980086672326681 0.08020406086736871
760 0.31 0.012107514362267702 0.040643906597199894
770 0.0 0.0 0.0
780 0.59 0.014083594093127316 0.02445423319891442
790 0.0 0.0 0.0
800 1.6 0.09510550490166292 0.06319745683929043
810 0.0 0.0 0.0
820 0.0 0.0 0.0
830 0.3625426734949608 0.0 0.0
840 1.6 0.10034562103136269 0.06691249826534947
850 0.0 0.0 0.0
860 0.39081588773798887 0.0 0.0
870 0.0 0.0 0.0
880 1.1400000000000001 0.11330131547761368 0.11035498261139852
890 0.18587528888427776 0.0 0.0
900 0.06723044575208027 0.0 0.0
910 0.0 0.0 0.0
920 0.61 0.01894110298212992 0.032046050025971023
930 0.4 0.0041022428695959845 0.010361874488328445
940 1.31 0.06750799834724663 0.054332742792265874
950 0.01643232673991158 0.0 0.0
960 1.34 0.04569093629108867 0.03530141105568624
970 0.65 0.01815104563990433 0.02872687453963864
980 0.0 0.0 0.0
990 0.65 0.018629300575521035 0.02950612151071063
1000 1.47 0.15930597666342083 0.12154322353426336
1010 1.6 0.042044844174732976 0.026987197941818378
1020 0.91 0.03047039503547111 0.03464396748384606
1030 0.28 0.01102215668937856 0.04097793540804747
1040 0.0 0.0 0.0
1050 0.0 0.0 0.0
1060 1.28 0.06482425037740192 0.05334557605970547
1070 0.55 0.020436526252975984 0.038591268594062145
1080 0.73 0.0030924598135918524 0.0042542684490503736
1090 0.81 0.02564419846519117 0.03269459907737179
1100 0.0 0.0 0.0
1110 1.6400000000000001 0.02859917662457745 0.017748021603135572
1120 0.0 0.0 0.0
1130 0.0 0.0 0.0
1140 0.43 0.0002593784986174019 0.0006035698876015319
1150 0.0 0.0 0.0
1160 0.0 0.0 0.0
1170 0.86 0.0723639145095617 0.09187480848405108
1180 0.77 0.016209779436852645 0.021504364204595967
1190 0.65 0.030784447462095854 0.04971523621447063
1200 0.96 0.05059305069473674 0.055633015267133205
1210 0.99 0.06263982777058563 0.06754638558608438
1220 0.0 0.0 0.0
1230 0.0 0.0 0.0
1240 0.0 0.0 0.0
1250 0.81 0.02356140063210721 0.029959618781485165
1260 0.0 0.0 0.0
1270 0.39203193720744595 0.0 0.0
1280 0.0 0.0 0.0
1290 0.55 0.03304670873520921 0.06392590838208284
1300 0.0 0.0 0.0
1310 1.4000000000000001 0.11040916851169835 0.08561565871577763
1320 0.07715440075486364 0.0 0.0
1330 0.0 0.0 0.0
1340 1.0 0.11396435535220406 0.1286227659582539
1350 0.0 0.0 0.0
1360 1.18 0.11382839229736508 0.10676366869554912
1370 0.28020083918870786 0.0 0.0
1380 0.0 0.0 0.0
1390 1.06 0.05809960039520856 0.057989397367369515
1400 0.0 0.0 0.0
1410 1.32 0.055146492428382876 0.043599114125285714
1420 0.0 0.0 0.0
1430 0.16 0.0027392896919430088 0.017418779850205634
1440 0.2036155240280678 0.0 0.0
1450 0.59 0.044691103600022486 0.08195557397846322
1460 0.96 0.027703969113774596 0.02971585011194315
1470 0.047903072892172854 0.0 0.0
1480 0.282272196283495 0.0 0.0
1490 1.17 0.19337705140309924 0.19800584420110248
1500 0.4876465173163652 0.0 0.0
1510 0.0 0.0 0.0
1520 0.9400000000000001 0.048331172083711516 0.05420305226622651
1530 0.0 0.0 0.0
1540 1.19 0.15433742407277018 0.14902288415181145
1550 0.84 0.041242256896435014 0.05163299793024685
1560 1.67 0.0023871360752680815 0.0014314689739499547
1570 0.09339486158346025 0.0 0.0
1580 0.0 0.0 0.0
1590 0.0 0.0 0.0
1600 0.0 0.0 0.0
1610 0.0 0.0 0.0
1620 0.0 0.0 0.0
1630 0.67 0.027943034427629132 0.043521114053671095
1640 0.0 0.0 0.0
1650 1.6500000000000001 0.02344618823512068 0.014414640367588317
1660 0.0 0.0 0.0
1670 0.0 0.0 0.0
1680 0.98 0.008099451883350817 0.008333622096464448
1690 0.0 0.0 0.0
1700 0.04287122810243695 0.0 0.0
1710 0.04639006915715986 0.0 0.0
1720 0.2509452975806341 0.0 0.0
1730 0.0 0.0 0.0
1740 0.47173260666999206 0.0 0.0
1750 0.65 0.03411480547948409 0.05539150118074105
1760 0.45 0.009423864363535095 0.02138986568103875
1770 0.51 0.010979561874308819 0.02200222883765601
1780 0.6900000000000001 0.054903450140453613 0.0864489818951082
1790 0.0 0.0 0.0
1800 0.0 0.0 0.0
1810 0.59 0.007580403231356558 0.013015364306788168
1820 0.0 0.0 0.0
1830 0.0 0.0 0.0
1840 0.0 0.0 0.0
1850 0.0 0.0 0.0
1860 1.36 0.06448882929476496 0.04977867482196953
1870 0.88 0.02696349214974203 0.031608837255620956
1880 0.87 0.011649993489435961 0.01357254430135847
1890 0.31051427126896625 0.0 0.0
1900 1.49 0.1517551935513184 0.11339867924018567
1910 0.53 0.035472793001046665 0.07173072077533187
1920 1.06 0.06786930646100897 0.06840762704247662
1930 0.48 0.015237376743737041 0.0327852886210589
1940 0.656041792734457 0.0 0.0
1950 0.0 0.0 0.0
1960 0.0 0.0 0.0
1970 1.16 0.07019002043258227 0.06440574205463144
1980 1.37 0.063241227621744 0.04839548733745796
1990 0.0 0.0 0.0
2000 0.18363035470288902 0.0 0.0
2010 0.0 0.0 0.0
2020 1.1500000000000001 0.03199318922095373 0.028616273990907378
2030 0.0 0.0 0.0
2040 0.7000000000000001 0.0691669421434582 0.10964381349714791
2050 0.93 0.07033670300156236 0.08181889729054023
2060 0.0 0.0 0.0
2070 0.0 0.0 0.0
2080 0.0 0.0 0.0
2090 0.91 0.06739099053918818 0.07997895795383422
2100 0.51 0.01207588342986654 0.024252457408669482
2110 0.63 0.03519063438488612 0.059162878762835575
2120 0.0 0.0 0.0
2130 0.8300000000000001 0.011130165794741576 0.013592106254034607
2140 1.31 0.053888789913574264 0.04290128889930573
2150 0.6439125958203697 0.0 0.0
2160 0.29 0.010789757148638612 0.03864384428898828
2170 1.31 0.1209715253461634 0.10173980516436495
2180 0.64 0.03959940896984371 0.06595497999410654
2190 0.1788997686786945 0.0 0.0
2200 0.3604290561475195 0.0 0.0
2210 0.51 0.03472082914831737 0.07305354679461111
2220 1.42 0.11708014523096644 0.08985982123337974
2230 0.34065049221457566 0.0 0.0
2240 0.0 0.0 0.0
2250 0.37247521376182924 0.0 0.0
2260 0.61 0.029346499046738805 0.05054046690248236
2270 0.26006317553180325 0.0 0.0
2280 0.0 0.0 0.0
2290 0.8200000000000001 0.00459006422634034 0.005629149247470592
2300 0.0 0.0 0.0
2310 0.0 0.0 0.0
2320 0.0 0.0 0.0
2330 0.34 0.0031132927553113032 0.00924136419858812
2340 1.29 0.09643917008785463 0.0807995434090722
2350 0.0 0.0 0.0
2360 0.34 0.0031132927553113032 0.00924136419858812
2370 0.84 0.06866962675143207 0.08902751548888208
2380 0.54 0.008159591739043792 0.015342180872875975
2390 0.18250990346600465 0.0 0.0
2400 0.68 0.016802625184240694 0.02533578361782354
2410 1.02 0.014659179820817325 0.014581303699778756
2420 0.0 0.0 0.0
2430 0.28 0.00914903744726936 0.03377886259306971
2440 0.86 0.06424592435569287 0.0807359036190599
2450 1.5 0.06056184633555084 0.04207325349920422
2460 0.039475917874953484 0.0 0.0
2470 1.31 0.10907215120620561 0.09082323414829384
2480 1.1500000000000001 0.07911685613575825 0.07388000884043056
2490 0.20011606253388659 0.0 0.0
2500 0.14600550707876156 0.0 0.0
2510 0.0 0.0 0.0
2520 0.276442124092133 0.0 0.0
2530 0.59 0.012134358967287873 0.02099858185996728
2540 0.0 0.0 0.0
2550 0.0 0.0 0.0
2560 0.38 0.003463598074133989 0.009198574311590506
2570 0.0 0.0 0.0
2580 0.41000000000000003 0.01284155380531915 0.0323335785210128
2590 0.0 0.0 0.0
2600 1.32 0.10994535063970434 0.0908598224863875
2610 1.4000000000000001 0.17954699384912254 0.1471150408448633
2620 0.33476752503043283 0.0 0.0
2630 0.0 0.0 0.0
2640 0.9500000000000001 0.037504265964932726 0.04110075758829951
2650 0.0 0.0 0.0
2660 0.0 0.0 0.0
2670 0.1466989447515327 0.0 0.0
2680 1.4000000000000001 0.05526453608166082 0.04109695740501183
2690 0.0 0.0 0.0
2700 0.35195477985043977 0.0 0.0
2710 1.37 0.1301030897799349 0.10493057020106884
2720 0.3 0.010648251406771558 0.03680036999444888
2730 0.59 0.0046006863862328995 0.007859056680186554
2740 0.2960377050913227 0.0 0.0
2750 1.37 0.09271189191880458 0.07258494879286155
2760 0.8 0.07016987124612428 0.09614548438269259
2770 0.0 0.0 0.0
2780 1.46 0.10497065609700362 0.07746744125455504
2790 1.41 0.16219299794499187 0.12998243933386885
2800 0.0 0.0 0.0
2810 0.0 0.0 0.0
2820 1.29 0.07333271824489285 0.060273436579231836
2830 1.0 0.04129037283209791 0.04306869531922056
2840 1.6400000000000001 0.01344618823512067 0.00826667285020899
2850 1.31 0.036963117281925584 0.029035385999976092
2860 0.0 0.0 0.0
2870 0.41000000000000003 0.0031328520299234164 0.007699938531664947
2880 1.32 0.14212099076922913 0.12065839500955457
2890 0.34 0.002128301903704999 0.006299142294831759
2900 0.0 0.0 0.0
2910 0.5700000000000001 0.03961831761835455 0.07469774868628756
2920 0.0 0.0 0.0
2930 0.10374191291750322 0.0 0.0
2940 0.0 0.0 0.0
2950 0.05402578414796438 0.0 0.0
2960 0.5014330045367743 0.0 0.0
2970 0.55 0.013705096152833995 0.025555148957260444
2980 0.63 0.012625362953799568 0.020450083622166625
2990 0.37 0.017729758257656547 0.05032999145759351
3000 1.37 0.0980089747477555 0.07705162442346607
3010 1.08 0.05026318580172173 0.04881168188674998
3020 1.0 0.03126221741387902 0.03227108302767143
3030 0.03648281084406783 0.0 0.0
3040 1.6500000000000001 0.02344618823512068 0.014414640367588317
3050 0.020407595623397567 0.0 0.0
3060 0.81 0.028787463225236842 0.036849719980283364
3070 0.85 0.04018485867993349 0.049622261463806175
3080 0.25 0.011449290089888764 0.047995204433485
3090 0.71 0.03995649109317578 0.05963268140357749
3100 0.88 0.02073114556281086 0.024126494816793416
3110 0.0 0.0 0.0
3120 0.0 0.0 0.0
3130 0.0 0.0 0.0
3140 0.6900000000000001 0.05922634330014309 0.09389476347190724
3150 0.19212507137272494 0.0 0.0
3160 0.0 0.0 0.0
3170 1.04 0.050646765841265706 0.051191792872978883
3180 0.42 0.024816707024873208 0.0627979660730121
3190 0.04416968107801948 0.0 0.0
3200 0.1252643062522697 0.0 0.0
3210 1.45 0.10854422307753642 0.08091524517234257
3220 0.0 0.0 0.0
3230 0.0 0.0 0.0
3240 0.0 0.0 0.0
3250 0.0 0.0 0.0
3260 0.66 0.05442033189428652 0.08986485967158757
3270 0.39 0.010068301310980021 0.026500292936128718
3280 0.0 0.0 0.0
3290 0.34099114943900544 0.0 0.0
3300 0.14548550296972773 0.0 0.0
3310 0.43 0.006505139731499632 0.015360610816800237
3320 0.0 0.0 0.0
3330 0.0 0.0 0.0
3340 0.51 0.010514876332984535 0.021051430432579482
3350 0.87 0.06288486440893981 0.07791312742870131
3360 0.006661605478642056 0.0 0.0
3370 0.81 0.0070432895779865 0.008771692778163255
3380 1.01 0.14835343576158277 0.17217434841477933
3390 0.0 0.0 0.0
3400 0.0 0.0 0.0
3410 0.99 0.09409484651978739 0.1050276875339635
3420 0.0 0.0 0.0
3430 1.42 0.13156752108375125 0.10211440897113823
3440 0.0 0.0 0.0
3450 0.0 0.0 0.0
3460 0.63 0.008468323720800641 0.013624927005323813
3470 0.18337635845797912 0.0 0.0
3480 1.45 0.09673657700214444 0.07148392202003508
3490 0.0 0.0 0.0
3500 0.061889361710380335 0.0 0.0
3510 0.1 0.0017259187866167092 0.017562298881932132
3520 1.23 0.1145788514332926 0.10272250224099122
3530 1.3900000000000001 0.14129048476587958 0.11314920166952441
3540 0.73 0.02900090169227887 0.041370811691897776
3550 0.0 0.0 0.0
3560 0.0 0.0 0.0
3570 0.26288570191528493 0.0 0.0
3580 0.0 0.0 0.0
3590 1.41 0.14614076542684762 0.11563057137150583
3600 0.0 0.0 0.0
3610 0.0 0.0 0.0
3620 0.0 0.0 0.0
3630 1.24 0.17647188522602497 0.1659306254104335
3640 0.0 0.0 0.0
3650 1.56 0.05510550490166288 0.03661752041830814
3660 0.64 0.008509638942124531 0.013475485085582535
3670 0.3128820493873752 0.0 0.0
3680 0.0 0.0 0.0
3690 0.73 0.04686047020976747 0.06859575264830103
3700 0.54 0.01861926513255674 0.03571145592345396
3710 0.0 0.0 0.0
3720 1.24 0.14868453241689195 0.13624340241981314
3730 0.71 0.026159850932967688 0.038254336146623956
3740 1.0 0.0181078213278838 0.01844176144917695
3750 0.0 0.0 0.0
3760 1.45 0.04205367540182192 0.029868805839472514
3770 0.13003284410795718 0.0 0.0
3780 0.3 0.003759858719203646 0.012691928591945272
3790 0.0964226165550529 0.0 0.0
3800 0.63 0.0054931889653656585 0.0087960433229943
3810 0.27 0.004004531435691572 0.015054885924582642
3820 0.390108825986452 0.0 0.0
3830 0.74 0.0036541318350827856 0.004962521001427526
3840 0.0 0.0 0.0
3850 0.2871179121539819 0.0 0.0
3860 1.58 0.1339633346601703 0.09264172746870694
3870 0.08 0.0039914749338561956 0.05251351648229921
3880 0.42 0.018422557582275678 0.04587547913887149
3890 0.66 0.02580840800956896 0.04069497031420494
3900 0.0 0.0 0.0
3910 0.0 0.0 0.0
3920 0.0 0.0 0.0
3930 0.79 0.01763106012845328 0.022827251612921557
3940 0.0 0.0 0.0
3950 0.8 0.03380662419506186 0.044122835386753
3960 0.96 0.05681134338341365 0.06290086015499052
3970 0.0 0.0 0.0
3980 0.0 0.0 0.0
3990 0.0 0.0 0.0
4000 0.0 0.0 0.0
4010 0.39348656548645344 0.0 0.0
4020 0.51 0.021736034071183852 0.044516973579722945
4030 0.59 0.008516230610219666 0.014645689284082261
4040 1.31 0.11111224208452097 0.09267943671200146
4050 0.0 0.0 0.0
4060 0.61 0.01297564366609738 0.02173385981398787
4070 0.59 0.010949534260667249 0.018909464560548903
4080 0.84 0.036300874781102555 0.04516724436052554
4090 0.0 0.0 0.0
4100 1.6400000000000001 0.04171224474648261 0.02609808190632499
4110 0.79 0.04260473555189925 0.057004288866293364
4120 0.85 0.07112199553330556 0.09131339584047377
4130 1.34 0.08102614507848349 0.06435887827355605
4140 0.7211481428055437 0.0 0.0
4150 0.584665177579081 0.0 0.0
4160 0.0 0.0 0.0
4170 0.0 0.0 0.0
4180 0.07734448806590105 0.0 0.0
4190 0.0 0.0 0.0
4200 0.09880256428213921 0.0 0.0
4210 0.36 0.0050434938245143 0.014208765684719878
4220 0.0 0.0 0.0
4230 0.08001532728879784 0.0 0.0
4240 0.0 0.0 0.0
4250 0.0 0.0 0.0
4260 1.08 0.06215868739672592 0.06106913388860806
4270 0.47256734004229267 0.0 0.0
4280 0.0 0.0 0.0
4290 0.0 0.0 0.0
4300 1.17 0.16564806394340126 0.16493029783343438
4310 0.0 0.0 0.0
4320 0.0 0.0 0.0
4330 1.51 0.13401941552885988 0.09739920536769085
4340 0.8300000000000001 0.023850333788058897 0.029585491116222225
4350 0.76 0.04239588535096406 0.0590797690335136
4360 0.72 0.031851114840324435 0.046285208807587935
4370 1.6300000000000001 0.053769972882387274 0.034113024087426
4380 0.3577818419642618 0.0 0.0
4390 1.34 0.06591057553925173 0.0517315145027187
4400 0.0 0.0 0.0
4410 0.29150615563658266 0.0 0.0
4420 0.0 0.0 0.0
4430 0.71 0.058241322916962934 0.08936025704732233
4440 0.55 0.005823606345796151 0.01070168866879726
4450 0.0 0.0 0.0
4460 0.46 0.007352232304031647 0.016242722992881185
4470 0.45 0.00038898888424993006 0.0008651676107411587
4480 1.02 0.04445961642691065 0.045574347485308024
4490 0.5 0.005138460905294129 0.01038363360121777
4500 0.0 0.0 0.0
4510 0.795547862647521 0.0 0.0
4520 0.0 0.0 0.0
4530 0.0 0.0 0.0
4540 1.44 0.06195746475560826 0.044960487917464965
4550 0.0 0.0 0.0
4560 0.9500000000000001 0.030190499671066795 0.03282255691017582
4570 0.1872816730240492 0.0 0.0
4580 0.05031235784934966 0.0 0.0
4590 0.0 0.0 0.0
4600 0.0 0.0 0.0
4610 0.0 0.0 0.0
4620 0.0 0.0 0.0
4630 0.041811088517727246 0.0 0.0
4640 0.51 0.03150993795116225 0.06585285766697102
4650 0.4630070733092734 0.0 0.0
4660 0.0 0.0 0.0
4670 1.07 0.12768957589974317 0.13550691219580277
4680 0.0 0.0 0.0
4690 0.0 0.0 0.0
4700 0.0 0.0 0.0
4710 0.0 0.0 0.0
4720 0.18161866724421016 0.0 0.0
4730 0.06525894872126248 0.0 0.0
4740 0.054544539548388934 0.0 0.0
4750 0.0 0.0 0.0
4760 0.0 0.0 0.0
4770 0.13348871221916792 0.0 0.0
4780 0.6302369481819015 0.0 0.0
4790 0.25 0.011099428217501428 0.04646045061627831
4800 1.7005358194678708 0.0 0.0
4810 0.92 0.051900202023880904 0.05978598560313067
4820 0.4 0.0005165208929013287 0.001292971849689066
4830 0.0 0.0 0.0
4840 1.1500000000000001 0.008942689014509453 0.00783719531737277
4850 0.0 0.0 0.0
4860 0.9400000000000001 0.0502734962305994 0.056504438181409156
4870 0.12401946134903376 0.0 0.0
4880 0.0 0.0 0.0
4890 1.1500000000000001 0.0697014770161355 0.06452057050269294
4900 0.0 0.0 0.0
4910 0.12250747734786746 0.0 0.0
4920 0.91 0.041627899247531075 0.04793785891032119
4930 0.47000000000000003 0.007031759047991415 0.01518842638866956
4940 0.1975831161268219 0.0 0.0
4950 1.56 0.0748573778979349 0.050404167777490655
4960 0.07493647922814678 0.0 0.0
4970 0.0 0.0 0.0
4980 0.0 0.0 0.0
4990 0.06098937990186171 0.0 0.0
5000 1.6400000000000001 0.02859917662457745 0.017748021603135572
5010 1.17 0.12556504725674755 0.1202229463184334
5020 0.84 0.05995678008414018 0.07686340776169746
5030 0.58 0.02338170867951661 0.042006719944555605
5040 0.0 0.0 0.0
5050 0.0 0.0 0.0
5060 0.2821302991011483 0.0 0.0
5070 0.0 0.0 0.0
5080 1.19 0.0561605260374789 0.04953128491920478
5090 0.42576053956715865 0.0 0.0
5100 1.1400000000000001 0.11357534573809613 0.11065142021531771
5110 0.62 0.04058785588635605 0.07005006073603331
5120 1.01 0.05486377042898516 0.05744078041477539
5130 0.0 0.0 0.0
5140 0.9 0.10144994272855457 0.12704268418087333
5150 0.0 0.0 0.0
5160 0.81 0.01680926820784512 0.0211919624550653
5170 1.33 0.04611870352827552 0.03592131426403345
5180 0.0 0.0 0.0
5190 0.2859179443397526 0.0 0.0
5200 1.23 0.11713024555383944 0.10525063250742347
5210 0.87 0.06661930185669396 0.08292370231281122
5220 0.8300000000000001 0.03588887548583808 0.04519376996235247
5230 0.55 0.04042442241695521 0.07932959151749633
5240 0.0 0.0 0.0
5250 0.3477768985694999 0.0 0.0
5260 1.62 0.07016278933796904 0.045271070313248056
5270 1.16 0.08288974465890564 0.07695567305935315
5280 0.0 0.0 0.0
5290 0.0 0.0 0.0
5300 0.75 0.0007798135794253591 0.0010408336475168207
5310 0.56 0.018966931540228327 0.03505688033861576
5320 0.63 0.012453265907529265 0.020165706043009414
5330 0.0 0.0 0.0
5340 0.0 0.0 0.0
5350 0.71 0.03103276395168053 0.045705834249521946
5360 1.0511157838404988 0.0 0.0
5370 0.03 0.00027738377719809665 0.009332414586886191
5380 0.0 0.0 0.0
5390 0.7000000000000001 0.0016580973586152181 0.002374334623690325
5400 0.65 0.05765990711301938 0.09734257026566151
5410 0.0 0.0 0.0
5420 0.8300000000000001 0.017346791783407256 0.021345872517350466
5430 0.81 0.03487375438627627 0.04499106382169292
5440 1.57 0.1486244676103734 0.1045638286459771
5450 0.34080499812900333 0.0 0.0
5460 1.42 0.11708014523096644 0.08985982123337974
5470 1.22 0.02312852225703388 0.01932414857161534
5480 0.55 0.009106606927288041 0.01683623250702906
5490 0.63 0.03626605035628905 0.06108131491899975
5500 0.25 0.006615838514493821 0.027182699457983434
5510 0.23 7.875832633116864e-05 0.0003425448025500475
5520 0.0 0.0 0.0
5530 0.0 0.0 0.0
5540 0.0 0.0 0.0
5550 0.39 0.014054570914549258 0.03738460379406479
5560 0.0 0.0 0.0
5570 0.5700000000000001 0.013527026179349866 0.024308505202823367
5580 0.0 0.0 0.0
5590 0.0 0.0 0.0
5600 0.0 0.0 0.0
5610 0.12199582929727848 0.0 0.0
5620 0.0 0.0 0.0
5630 0.0 0.0 0.0
5640 0.42 0.02082498952846268 0.05217007323144438
5650 0.0 0.0 0.0
5660 0.0008259623775804361 0.0 0.0
5670 0.0 0.0 0.0
5680 0.0 0.0 0.0
5690 0.0 0.0 0.0
5700 0.0 0.0 0.0
5710 0.0 0.0 0.0
5720 1.36 0.09811227234342024 0.0777503974348194
5730 0.0 0.0 0.0
5740 0.0 0.0 0.0
5750 0.19320374220500888 0.0 0.0
5760 0.38 0.021549136829261406 0.06011740811179758
5770 0.8300000000000001 0.029150899624346804 0.03639999047345253
5780 1.4000000000000001 0.056913509048965194 0.04237516305347166
5790 0.72 0.0038802973498003324 0.005418503827558738
5800 0.43 0.022785205632487593 0.05595377660057185
5810 1.1 0.09490708134872694 0.09442617651319449
5820 0.2611410651479977 0.0 0.0
5830 0.0 0.0 0.0
5840 0.019422092446749514 0.0 0.0
5850 0.0 0.0 0.0
5860 0.33 0.0006356155825373855 0.0019298248766683763
5870 0.33 0.0011521557561514073 0.0035036135292316408
5880 0.71 0.024260057509986055 0.035377926830241976
5890 0.0 0.0 0.0
5900 0.0 0.0 0.0
5910 0.0 0.0 0.0
5920 1.7005358194678708 0.0 0.0
5930 0.0 0.0 0.0
5940 0.0 0.0 0.0
5950 0.36 0.005740227877575443 0.016203442584476525
5960 0.0 0.0 0.0
5970 1.04 0.016565369346029257 0.016186055122488916
5980 1.44 0.06195746475560826 0.044960487917464965
5990 0.18 0.00796046260900457 0.04627112307860241
6000 0.014975336334282458 0.0 0.0
6010 0.0 0.0 0.0
6020 0.76 0.038138315419184554 0.052833272957729355
6030 0.0 0.0 0.0
6040 0.0 0.0 0.0
6050 0.0 0.0 0.0
6060 0.0 0.0 0.0
6070 0.11029021340509419 0.0 0.0
6080 0.63 0.018374624634153958 0.03004228629847659
6090 0.8 0.007827599321068912 0.009881181563962933
6100 0.71 0.014583971916789285 0.02097157863471652
6110 1.7005358194678708 0.0 0.0
6120 0.72 0.028921301067888927 0.04184950442341741
6130 0.34219935078151825 0.0 0.0
6140 1.31 0.08723404517638844 0.07134157181287588
6150 0.61 0.030484959818699475 0.05260425995011673
6160 0.0 0.0 0.0
6170 0.35000000000000003 0.0044720308674380815 0.012942601661639684
6180 0.52 0.026974127363624034 0.054711383034290385
6190 0.21072690641068437 0.0 0.0
6200 0.33 0.008101873533970239 0.025169060854491297
6210 0.0 0.0 0.0
6220 0.0 0.0 0.0
6230 0.0 0.0 0.0
6240 0.12665665384214517 0.0 0.0
6250 0.0 0.0 0.0
6260 0.0 0.0 0.0
6270 0.0 0.0 0.0
6280 0.0 0.0 0.0
6290 0.0 0.0 0.0
6300 0.43 0.01856213649193822 0.04511528504856362
6310 1.57 0.0848573778979349 0.05713752782734637
6320 0.44 0.005073219832106901 0.011664537718621295
6330 0.6900000000000001 0.04509349326220213 0.06992252798053403
6340 0.21405323558053324 0.0 0.0
6350 1.7005358194678708 0.0 0.0
6360 0.06437969183434597 0.0 0.0
6370 0.0 0.0 0.0
6380 0.0 0.0 0.0
6390 1.4000000000000001 0.11040916851169835 0.08561565871577763
6400 0.23112233849467456 0.0 0.0
6410 1.23 0.12580106739687635 0.11392971291894227
6420 1.1 0.11632242907743406 0.11825259873348361
6430 0.12123983054625491 0.0 0.0
6440 0.0 0.0 0.0
6450 1.12 0.02525509973708928 0.02306939245026315
6460 0.28 0.00923292955047944 0.03409915960294273
6470 0.4148841348012918 0.0 0.0
6480 0.63 0.02784524958960788 0.046242680258903955
6490 0.0 0.0 0.0
6500 0.0 0.0 0.0
6510 0.0 0.0 0.0
6520 0.0 0.0 0.0
6530 0.2 0.01190014637871012 0.0632650485878061
6540 0.91 0.10072670725229116 0.12446562632790692
6550 1.26 0.12282688623525106 0.1080107195188759
6560 0.54 0.0019465261903336417 0.0036177188422394893
6570 0.0 0.0 0.0
6580 0.12321529562452946 0.0 0.0
6590 0.0 0.0 0.0
6600 1.6400000000000001 0.04171224474648261 0.02609808190632499
6610 1.46 0.15958841012468516 0.1227214609337546
6620 0.65 0.06318110394190224 0.10766712586509317
6630 0.87 0.07383383913790953 0.09273672101055147
6640 0.0 0.0 0.0
6650 0.47000000000000003 0.013066247137625109 0.028595495639737883
6660 0.86 0.0004682523498488189 0.0005447760959719759
6670 0.0 0.0 0.0
6680 0.0 0.0 0.0
6690 0.77 0.0582883073037368 0.08189876308328753
6700 0.4404650001726842 0.0 0.0
6710 0.9500000000000001 0.10763702126738106 0.12777985735950412
6720 0.41000000000000003 0.0019849976452578355 0.004865011418212536
6730 0.4962850673902326 0.0 0.0
6740 0.62 0.06328423406765371 0.11367422649090954
6750 0.0 0.0 0.0
6760 1.06 0.05785584869317484 0.05773206241609964
6770 0.72 0.013616267566356255 0.019276020866796136
6780 1.4000000000000001 0.10806728731980964 0.0836477676113779
6790 0.0 0.0 0.0
6800 0.0 0.0 0.0
6810 0.89 0.07325627095310894 0.08969309264069432
6820 1.24 0.13006440809725306 0.11718194194879857
6830 0.44 0.005440231570150278 0.012518948980958152
6840 0.66 0.004601253392572446 0.007020540421217065
6850 0.59 0.00032482337134465133 0.0005508513571857664
6860 0.91 0.03104057783465597 0.03531514317030306
6870 0.59 0.006120165807832367 0.010481892761889919
6880 0.3342772319975512 0.0 0.0
6890 0.59 0.023131125832883126 0.04080507307244376
6900 0.61 0.039467445641642285 0.06917650069246067
6910 0.88 0.07957013694219761 0.09940925571945024
6920 0.0 0.0 0.0
6930 0.0 0.0 0.0
6940 1.58 0.09020408094718446 0.06054794471751173
6950 0.0 0.0 0.0
6960 0.1 0.0007642856418644539 0.0077017195553829975
6970 0.0 0.0 0.0
6980 0.0 0.0 0.0
6990 1.1400000000000001 0.036606942825656574 0.0331767021621493
7000 0.0 0.0 0.0
7010 0.044901311334607535 0.0 0.0
7020 1.4000000000000001 0.12696311728192566 0.09973247358776077
7030 0.5 0.015630447841498363 0.032269674614855984
7040 0.0 0.0 0.0
7050 0.53 0.030345822003501444 0.06073365007209866
7060 0.79 0.03380775882351139 0.04470788905598009
7070 0.673963808817301 0.0 0.0
7080 0.0 0.0 0.0
7090 0.0 0.0 0.0
7100 0.0 0.0 0.0
7110 0.0 0.0 0.0
7120 0.054497216785310734 0.0 0.0
7130 0.89 0.016947342456814063 0.019411592543002773
7140 0.014606454894305749 0.0 0.0
7150 0.0 0.0 0.0
7160 0.61 0.03729279452714118 0.0651166847051456
7170 0.8300000000000001 0.0555415520607887 0.07171663271100151
7180 0.89 0.0013128556911593536 0.0014772979440142594
7190 0.4 0.023201087716746394 0.06157418973467015
7200 0.0 0.0 0.0
7210 0.0755808873635074 0.0 0.0
7220 0.81 0.03324462026333297 0.04279934343628678
7230 0.68 0.02652226809824032 0.04058633799357609
7240 0.1089837795845382 0.0 0.0
7250 0.7808222179343678 0.0 0.0
7260 0.45 0.01488916916310451 0.03421925658450416
7270 0.4402419091779573 0.0 0.0
7280 0.43 0.014903745355787479 0.035904311804889164
7290 0.0 0.0 0.0
7300 0.0 0.0 0.0
7310 0.0 0.0 0.0
7320 0.0 0.0 0.0
7330 0.0 0.0 0.0
7340 0.0 0.0 0.0
7350 0.0 0.0 0.0
7360 0.0 0.0 0.0
7370 0.0 0.0 0.0
7380 0.9400000000000001 0.07244479875569276 0.08350454086585782
7390 0.0 0.0 0.0
7400 0.52 0.035344467097641274 0.07292698565923926
7410 0.0 0.0 0.0
7420 0.0 0.0 0.0
7430 0.2 0.002441878013108967 0.012360301811691636
7440 0.66 0.049558156893132144 0.08118407585054122
7450 1.51 0.08577478516013848 0.0602255768725334
7460 1.46 0.11359688156092296 0.08437063165199662
7470 0.0 0.0 0.0
7480 0.0 0.0 0.0
7490 0.7000000000000001 0.04318556419182318 0.06575002289449611
7500 1.6400000000000001 0.02859917662457745 0.017748021603135572
7510 1.2 0.12288974465890568 0.11409207557864122
7520 0.24 0.0060683287221738325 0.025940603463508172
7530 0.0 0.0 0.0
7540 1.45 0.039469900874590236 0.027982317356477042
7550 1.1400000000000001 0.07745437356815499 0.07289510364675446
7560 0.63 0.041331932260363025 0.07021262834770205
7570 1.22 0.07194372771112856 0.06266568063575392
7580 0.77 0.04948510509345094 0.06868019723571318
7590 0.0 0.0 0.0
7600 0.0 0.0 0.0
7610 0.33467569422851384 0.0 0.0
7620 0.0 0.0 0.0
7630 1.25 0.03408007926705103 0.02802822676554865
7640 0.49 0.005059288966933473 0.010432799003729131
7650 0.0 0.0 0.0
7660 0.15076503704397004 0.0 0.0
7670 0.59 0.014083594093127316 0.02445423319891442
7680 0.0 0.0 0.0
7690 1.1500000000000001 0.049003664568515015 0.04450847200078125
7700 1.12 0.03862748020098472 0.035720789546385044
7710 0.76 0.03797960174455928 0.05260184038612525
7720 0.028051251905678497 0.0 0.0
7730 0.0 0.0 0.0
7740 0.3 0.009470810289438913 0.03259848106441278
7750 0.0 0.0 0.0
7760 0.0 0.0 0.0
7770 1.5 0.07862446761037334 0.05531575985284432
7780 0.0 0.0 0.0
7790 0.0 0.0 0.0
7800 0.5501568610931133 0.0 0.0
7810 0.98 0.0242722648340592 0.025396631217200014
7820 0.0017523541401045623 0.0 0.0
7830 0.0 0.0 0.0
7840 1.58 0.06963186466342086 0.04610257793071336
7850 0.17267044308684837 0.0 0.0
7860 0.58 0.023818628793203955 0.042825290501051064
7870 0.71 0.01040575261119514 0.014873982526348683
7880 0.56 0.002261256608246054 0.004054329441944029
7890 0.79 0.03012124792861348 0.039639544922798094
7900 0.0 0.0 0.0
7910 0.0 0.0 0.0
7920 0.10562501066019908 0.0 0.0
7930 0.0 0.0 0.0
7940 0.06098937990186171 0.0 0.0
7950 1.6300000000000001 0.04332232230427446 0.027303795164743162
7960 0.8 0.02487375438627626 0.03208993957698065
7970 0.0 0.0 0.0
7980 0.44 0.014996678398047358 0.03528602633391385
7990 0.0 0.0 0.0
8000 1.07 0.1025147053810358 0.10595996233866307
8010 0.0 0.0 0.0
8020 0.0 0.0 0.0
8030 0.41407335722602534 0.0 0.0
8040 0.8300000000000001 0.03955045048506567 0.050035388734595544
8050 0.77 0.03713634729061499 0.05067292824978087
8060 0.8 0.018983087513939623 0.02430560364373471
8070 1.2 0.09979644620397443 0.09070725672503727
8080 0.19 0.0031527449497520954 0.01687338114174727
8090 0.0 0.0 0.0
8100 0.0 0.0 0.0
8110 0.0 0.0 0.0
8120 0.0 0.0 0.0
8130 0.39 0.009241075733018467 0.02427014875832243
8140 0.0 0.0 0.0
8150 1.22 0.06834238774409229 0.05934262667722988
8160 1.08 0.08693524405360975 0.08754237176684465
8170 0.6900000000000001 0.025749062268323963 0.038764058589444234
8180 0.2956895991047951 0.0 0.0
8190 0.0 0.0 0.0
8200 0.0 0.0 0.0
8210 1.59 0.04016278933796902 0.02591419864078048
8220 0.0 0.0 0.0
8230 1.07 0.010694907240516471 0.010096153897132979
8240 1.5 0.09708385054089463 0.06920146337920861
8250 1.02 0.042724969338344354 0.043718470233929725
8260 1.58 0.08537202639507147 0.057119248336534645
8270 1.18 0.13436633889103589 0.12850230811097976
8280 0.0 0.0 0.0
8290 0.0 0.0 0.0
8300 0.0 0.0 0.0
8310 0.7000000000000001 0.027596838492668696 0.041042101037723634
8320 0.0 0.0 0.0
8330 1.07 0.07995582793599487 0.0807598591983084
8340 0.08 0.002774711092016144 0.035930083671454977
8350 0.9 0.02189294801658348 0.024931980636225363
8360 1.2 0.10906198226964903 0.09997083289529843
8370 0.0 0.0 0.0
8380 1.44 0.07769181261629421 0.05702954246021252
8390 1.12 0.040770263664968276 0.03777718709217601
8400 0.050761454301513784 0.0 0.0
8410 0.0 0.0 0.0
8420 0.0 0.0 0.0
8430 0.9500000000000001 0.06027349623059941 0.06774384709823267
8440 0.42299217339946316 0.0 0.0
8450 0.0 0.0 0.0
8460 1.01 0.10947087153636859 0.12156283242401487
8470 0.6325082089589391 0.0 0.0
8480 0.4501793926201523 0.0 0.0
8490 0.0 0.0 0.0
8500 0.88 0.048001895249709325 0.05769471706202532
8510 1.54 0.13459130407650433 0.09576666521766768
8520 0.0 0.0 0.0
8530 0.0 0.0 0.0
8540 0.0 0.0 0.0
8550 1.05 0.021925787477740988 0.02132704741610885
8560 1.3 0.09209440709205707 0.0762430504774356
8570 0.1963446639090248 0.0 0.0
8580 0.0 0.0 0.0
8590 0.77 0.008214355297812004 0.01078302716116857
8600 0.27 0.003976735614192761 0.014948826462130001
8610 0.71 0.019280283044337487 0.027913323698525744
8620 0.0 0.0 0.0
8630 0.77 0.057134980748157704 0.0801483860270228
8640 0.6310119644623049 0.0 0.0
8650 0.23 0.0006915712675078789 0.0030158999009785893
8660 0.53 0.0048631307752571296 0.009260691945771293
8670 0.0 0.0 0.0
8680 0.0 0.0 0.0
8690 0.47000000000000003 0.027712112570163316 0.06265627741062542
8700 0.5603811604790379 0.0 0.0
8710 0.05418963384015277 0.0 0.0
8720 0.0 0.0 0.0
8730 0.0 0.0 0.0
8740 0.15855822453503843 0.0 0.0
8750 1.3900000000000001 0.08581075319961462 0.06579624345940378
8760 1.1400000000000001 0.07316208813393832 0.0685784478787098
8770 0.0 0.0 0.0
8780 0.22 0.00021171456786014953 0.0009632659331405399
8790 0.0 0.0 0.0
8800 1.31 0.036963117281925584 0.029035385999976092
8810 0.0 0.0 0.0
8820 1.49 0.16971799669514054 0.12854677733265432
8830 1.11 0.009400735733997134 0.008541470123793466
8840 0.0 0.0 0.0
8850 0.36617942110150836 0.0 0.0
8860 0.88 0.08424592435569289 0.1058692967264799
8870 0.65 0.02555214376420445 0.040919579607870085
8880 0.96 0.08089837833747437 0.09202392117589574
8890 1.12 0.04324117997845933 0.040158649434229185
8900 0.0 0.0 0.0
8910 0.10833178172414351 0.0 0.0
8920 0.97 0.033569069185814815 0.035847885926437735
8930 0.15711107805475108 0.0 0.0
8940 0.0 0.0 0.0
8950 1.27 0.10764380143682062 0.0926082740986645
8960 0.77 0.03365413183508281 0.04570424482580976
8970 1.02 0.019072877607250405 0.019055211094346266
8980 1.46 0.1608276221240228 0.12379236571128506
8990 1.43 0.13806728731980944 0.10686879120305014
9000 1.62 0.07016278933796904 0.045271070313248056
9010 0.0 0.0 0.0
9020 0.38 0.016558445935514532 0.04556013408575885
9030 0.0 0.0 0.0
9040 0.0 0.0 0.0
9050 0.0 0.0 0.0
9060 0.38 0.006969230291317352 0.01868272233081457
9070 0.10816166991836612 0.0 0.0
9080 0.35000000000000003 2.724484959942819e-05 7.78484873421639e-05
9090 0.0 0.0 0.0
9100 0.0 0.0 0.0
9110 1.33 0.06212545589523488 0.04899968706217783
9120 0.0 0.0 0.0
9130 0.38 0.014014636259668922 0.038292887224890215
9140 0.08642143355141454 0.0 0.0
9150 0.73 0.003334782694722316 0.004589159650559341
9160 0.0 0.0 0.0
9170 0.0 0.0 0.0
9180 1.18 0.05401659564531358 0.047972816860716604
9190 0.0 0.0 0.0
9200 0.98 0.08102265660407948 0.09012758463746524
9210 0.7000000000000001 0.07730478486487524 0.1241454615129813
9220 1.26 0.06578158522096911 0.055083378724436124
9230 0.0 0.0 0.0
9240 0.63 0.02998235732657062 0.049969126229325006
9250 0.0 0.0 0.0
9260 0.36 0.002408753737399183 0.006736053420139625
9270 1.1400000000000001 0.02155874771554478 0.01927570864496484
9280 0.0 0.0 0.0
9290 0.1558392403459269 0.0 0.0
9300 0.0 0.0 0.0
9310 0.0 0.0 0.0
9320 1.05 0.05856736527250406 0.05907346926158207
9330 0.0 0.0 0.0
9340 1.37 0.1448904077459603 0.1182673033188656
9350 0.4026451092312894 0.0 0.0
9360 0.0 0.0 0.0
9370 0.0 0.0 0.0
9380 0.0 0.0 0.0
9390 0.9500000000000001 0.02934410782229513 0.031873046239768305
9400 0.61 0.008832901285913741 0.01469292199258338
9410 1.36 0.0727176555232445 0.05648928211844791
9420 0.88 0.059100999878179405 0.07199545847833762
9430 0.42 0.005045449727756501 0.012159041814209005
9440 1.45 0.06340361948794793 0.045726081777693516
9450 0.19 0.0038941857503321242 0.020924578665274418
9460 0.0 0.0 0.0
9470 1.19 0.059898179724196865 0.05300246283080813
9480 0.0 0.0 0.0
9490 0.75 0.048035174706936856 0.06842960355867213
9500 0.74 0.022161489913860466 0.03087252857359397
9510 0.79 0.030572958808324335 0.04025792755595053
9520 0.89 0.05383379265329635 0.06438168892775523
9530 1.6 0.08963186466342088 0.05934438271464645
9540 0.81 0.07265140594227248 0.0985306088975665
9550 0.84 0.02470098159999512 0.03029683716346171
9560 0.0 0.0 0.0
9570 1.49 0.09892850807492448 0.07111676764938898
9580 0.61 0.009654489439522185 0.0160815551539793
9590 0.160232543361099 0.0 0.0
9600 0.39 0.003081258655563579 0.007963580789229933
9610 0.26089244028827746 0.0 0.0
9620 0.47000000000000003 0.024533366717412408 0.05507341040703568
9630 0.07493647922814678 0.0 0.0
9640 0.37 0.018612067538239963 0.05296729289434386
9650 1.54 0.14430866057664504 0.10339582721511172
9660 1.5 0.13954535342562235 0.10257258761032373
9670 1.09 0.07913746270263133 0.07828706652262771
9680 1.28 0.11374586985925261 0.09753094708914375
9690 0.0 0.0 0.0
9700 0.9 0.014549797222910166 0.01643208977453139
9710 0.0 0.0 0.0
9720 0.0 0.0 0.0
9730 1.31 0.12601349320679045 0.10643152813294643
9740 0.0 0.0 0.0
9750 0.74 0.017184038095411913 0.023773739099691066
9760 0.04776056853340636 0.0 0.0
9770 0.0 0.0 0.0
9780 0.0 0.0 0.0
9790 0.0 0.0 0.0
9800 1.7005358194678708 0.0 0.0
9810 0.49 0.015679963796262908 0.03305777238878396
9820 0.0 0.0 0.0
9830 0.48 0.004641051465816837 0.009763256756032433
9840 0.0 0.0 0.0
9850 0.0 0.0 0.0
9860 0.0 0.0 0.0
9870 0.68 0.008340069057456101 0.012417100787525672
9880 0.18136510454143512 0.0 0.0
9890 1.26 0.131281303290802 0.1163100280641716
9900 0.56 0.06768117811926294 0.13747428518111485
9910 0.004888316941929668 0.0 0.0
9920 0.743864502986102 0.0 0.0
9930 0.0 0.0 0.0
9940 0.0 0.0 0.0
9950 0.0 0.0 0.0
9960 0.0 0.0 0.0
9970 0.0 0.0 0.0
9980 1.35 0.09483243645797357 0.07555360671555333
9990 1.6600000000000001 0.01533111347049454 0.009321702134735129
