0 0.63 0.0644277964152783 0.11391612955325717
10 0.58 0.034832843365568245 0.0638938772111795
20 0.17 0.00022974652552695818 0.0013532790393194721
30 0.3541334415915764 0.0 0.0
40 0.49 0.014361718970396287 0.030194623820664287
50 1.12 0.02981472324745127 0.027348308478595092
60 1.25 0.10040898948659338 0.08734322778128788
70 0.0 0.0 0.0
80 0.77 0.024331908219367593 0.032631017053799026
90 0.3510729270159816 0.0 0.0
100 0.0 0.0 0.0
110 0.0 0.0 0.0
120 0.21 0.00016190087568448974 0.0007715513834719497
130 0.0 0.0 0.0
140 0.13 0.0011917097219829031 0.009251809176340607
150 0.9400000000000001 0.06680849550280643 0.07651070258783209
160 0.2 0.002235468368189497 0.0113036870147747
170 0.62 0.035387587028240075 0.06053170655127622
180 1.01 0.07983267535327321 0.08582614464939765
190 0.14504103446139288 0.0 0.0
200 0.76 0.03837659516618164 0.05318091806490025
210 0.0 0.0 0.0
220 1.23 0.06983394206478621 0.060193057353420606
230 1.08 0.08028259027619855 0.08030528376851889
240 1.46 0.035774785160138434 0.025118769691323654
250 0.19 0.015484024756788617 0.0887255435223598
260 0.0 0.0 0.0
270 0.14447254374293586 0.0 0.0
280 0.9500000000000001 0.035862044132132787 0.039230450832867955
290 1.41 0.031957464755608234 0.023190477752517757
300 0.8300000000000001 0.034554378299175736 0.04344027719367096
310 0.58 0.02830966955959746 0.05131442042313568
320 0.33473691330225497 0.0 0.0
330 1.0 0.03292999609130853 0.03405130544656797
340 0.0 0.0 0.0
350 0.65 0.0053417552997468976 0.008286181622063415
360 0.3467138064404277 0.0 0.0
370 0.14 0.0051374028507373826 0.03809360756304753
380 0.3491877200559733 0.0 0.0
390 1.12 0.06639944507668805 0.06302145985631247
400 0.73 0.006385625979183462 0.008824625668643454
410 0.21681139486278095 0.0 0.0
420 0.86 0.08800923581550102 0.11400296467078923
430 0.0 0.0 0.0
440 0.7000000000000001 0.026172170453216403 0.03884103521046288
450 0.41000000000000003 0.03171913051363229 0.08385073915236774
460 0.71 0.040292571473582894 0.06016443861499369
470 0.0 0.0 0.0
480 0.0 0.0 0.0
490 0.99 0.03838178068914 0.04033317133937936
500 0.0 0.0 0.0
510 0.58 0.026384634513438754 0.047658782899296585
520 0.27 0.0007152041199797177 0.0026559394771711376
530 0.72 0.041584875948778466 0.061297094469902676
540 0.54 0.01879722947622975 0.03606509891983099
550 0.0 0.0 0.0
560 1.3 0.043888789913574255 0.03494021035808965
570 0.6374616548905897 0.0 0.0
580 0.52 0.01656671927905995 0.03290747734304659
590 1.05 0.024122339233254797 0.023513855653339463
600 0.17 0.0017908301452326525 0.010646447793416162
610 0.61 0.013354430471305467 0.022382518455394667
620 0.12 0.00017089541659356944 0.001426159505970593
630 0.0 0.0 0.0
640 0.0 0.0 0.0
650 0.89 0.05859109268956486 0.07047205313099665
660 1.07 0.02526575676096532 0.024183907940676666
670 0.9400000000000001 0.025035726522812274 0.027362518131628964
680 0.07992117257938079 0.0 0.0
690 0.0 0.0 0.0
700 1.08 0.11887602497227334 0.12368438209945182
710 0.17418736491677717 0.0 0.0
720 0.0 0.0 0.0
730 0.0 0.0 0.0
740 0.0 0.0 0.0
750 1.29 0.06800866723266807 0.055653968574928485
760 0.31 0.012107514362267702 0.040643906597199894
770 0.0 0.0 0.0
780 0.6 0.024083594093127325 0.041817864270082473
790 0.0 0.0 0.0
800 1.52 0.015105504901662847 0.010037583997325858
810 0.0 0.0 0.0
820 0.0 0.0 0.0
830 0.3625426734949608 0.0 0.0
840 1.52 0.020345621031362615 0.013566873352081952
850 0.0 0.0 0.0
860 0.39081588773798887 0.0 0.0
870 0.0 0.0 0.0
880 1.1300000000000001 0.10330131547761368 0.10061502662357923
890 0.18587528888427776 0.0 0.0
900 0.06723044575208027 0.0 0.0
910 0.0 0.0 0.0
920 0.62 0.02894110298212993 0.048964837731314825
930 0.4 0.0041022428695959845 0.010361874488328445
940 1.31 0.06750799834724663 0.054332742792265874
950 0.01643232673991158 0.0 0.0
960 1.31 0.015690936291088642 0.01212302125593205
970 0.66 0.028151045639904337 0.044553441840248474
980 0.0 0.0 0.0
990 0.66 0.028629300575521044 0.04534467722626004
1000 1.3800000000000001 0.06930597666342098 0.05287731188930857
1010 1.57 0.01204484417473295 0.0077311879804092655
1020 0.91 0.03047039503547111 0.03464396748384606
1030 0.29 0.021022156689378513 0.07815571881547756
1040 0.0 0.0 0.0
1050 0.0 0.0 0.0
1060 1.28 0.06482425037740192 0.05334557605970547
1070 0.55 0.020436526252975984 0.038591268594062145
1080 0.73 0.0030924598135918524 0.0042542684490503736
1090 0.8 0.01564419846519116 0.019945283039379532
1100 0.0 0.0 0.0
1110 1.6114008233754227 0.0 0.0
1120 0.0 0.0 0.0
1130 0.0 0.0 0.0
1140 0.44 0.01025937849861741 0.023873420350103914
1150 0.0 0.0 0.0
1160 0.0 0.0 0.0
1170 0.89 0.10236391450956173 0.12996346459395988
1180 0.78 0.026209779436852654 0.03477065464881151
1190 0.66 0.04078444746209586 0.06586470138700096
1200 0.96 0.05059305069473674 0.055633015267133205
1210 1.0 0.07263982777058564 0.07832968241018624
1220 0.0 0.0 0.0
1230 0.0 0.0 0.0
1240 0.0 0.0 0.0
1250 0.8300000000000001 0.04356140063210723 0.05539072047979346
1260 0.0 0.0 0.0
1270 0.39203193720744595 0.0 0.0
1280 0.0 0.0 0.0
1290 0.5700000000000001 0.053046708735209225 0.10261412323234044
1300 0.0 0.0 0.0
1310 1.36 0.07040916851169832 0.05459806846675539
1320 0.07715440075486364 0.0 0.0
1330 0.0 0.0 0.0
1340 0.99 0.10396435535220405 0.11733653829867133
1350 0.0 0.0 0.0
1360 1.17 0.10382839229736507 0.09738431557101056
1370 0.28020083918870786 0.0 0.0
1380 0.0 0.0 0.0
1390 1.07 0.06809960039520857 0.06797042941800509
1400 0.0 0.0 0.0
1410 1.32 0.055146492428382876 0.043599114125285714
1420 0.0 0.0 0.0
1430 0.16 0.0027392896919430088 0.017418779850205634
1440 0.2036155240280678 0.0 0.0
1450 0.6 0.054691103600022495 0.1002938040458948
1460 0.96 0.027703969113774596 0.02971585011194315
1470 0.05 0.0020969271078271484 0.04377437565534083
1480 0.29 0.0077278037165049995 0.02737713390922753
1490 1.1300000000000001 0.15337705140309943 0.15704837944209063
1500 0.49 0.0023534826836347778 0.004826206278651497
1510 0.0 0.0 0.0
1520 0.9400000000000001 0.048331172083711516 0.05420305226622651
1530 0.0 0.0 0.0
1540 1.16 0.12433742407277015 0.12005592068579936
1550 0.84 0.041242256896435014 0.05163299793024685
1560 1.6676128639247318 0.0 0.0
1570 0.09339486158346025 0.0 0.0
1580 0.0 0.0 0.0
1590 0.0 0.0 0.0
1600 0.0 0.0 0.0
1610 0.0 0.0 0.0
1620 0.0 0.0 0.0
1630 0.67 0.027943034427629132 0.043521114053671095
1640 0.0 0.0 0.0
1650 1.6265538117648795 0.0 0.0
1660 0.0 0.0 0.0
1670 0.0 0.0 0.0
1680 0.98 0.008099451883350817 0.008333622096464448
1690 0.0 0.0 0.0
1700 0.04287122810243695 0.0 0.0
1710 0.04639006915715986 0.0 0.0
1720 0.2509452975806341 0.0 0.0
1730 0.0 0.0 0.0
1740 0.48 0.008267393330007922 0.017525592280695376
1750 0.65 0.03411480547948409 0.05539150118074105
1760 0.45 0.009423864363535095 0.02138986568103875
1770 0.52 0.020979561874308827 0.042041488226629675
1780 0.71 0.07490345014045352 0.11794025673264742
1790 0.0 0.0 0.0
1800 0.0 0.0 0.0
1810 0.6 0.017580403231356567 0.030185116244191373
1820 0.0 0.0 0.0
1830 0.0 0.0 0.0
1840 0.0 0.0 0.0
1850 0.0 0.0 0.0
1860 1.36 0.06448882929476496 0.04977867482196953
1870 0.89 0.03696349214974204 0.043331664951707566
1880 0.88 0.02164999348943597 0.025222803431259152
1890 0.31051427126896625 0.0 0.0
1900 1.4000000000000001 0.06175519355131853 0.04614641002433563
1910 0.53 0.035472793001046665 0.07173072077533187
1920 1.06 0.06786930646100897 0.06840762704247662
1930 0.49 0.02523737674373705 0.054301648800664314
1940 0.656041792734457 0.0 0.0
1950 0.0 0.0 0.0
1960 0.0 0.0 0.0
1970 1.17 0.08019002043258228 0.07358165362406793
1980 1.35 0.04324122762174398 0.033090443726692134
1990 0.0 0.0 0.0
2000 0.19 0.006369645297110982 0.03468732229710587
2010 0.0 0.0 0.0
2020 1.1500000000000001 0.03199318922095373 0.028616273990907378
2030 0.0 0.0 0.0
2040 0.73 0.09916694214345811 0.15719997693273982
2050 0.96 0.10033670300156228 0.11671628107410595
2060 0.0 0.0 0.0
2070 0.0 0.0 0.0
2080 0.0 0.0 0.0
2090 0.92 0.07739099053918819 0.09184685859068956
2100 0.51 0.01207588342986654 0.024252457408669482
2110 0.65 0.05519063438488614 0.09278709713625896
2120 0.0 0.0 0.0
2130 0.85 0.031130165794741482 0.03801601242883051
2140 1.3 0.043888789913574255 0.03494021035808965
2150 0.6439125958203697 0.0 0.0
2160 0.29 0.010789757148638612 0.03864384428898828
2170 1.29 0.10097152534616338 0.08491935012368762
2180 0.63 0.0295994089698437 0.04929943343169862
2190 0.18 0.0011002313213054893 0.00614998738920403
2200 0.3604290561475195 0.0 0.0
2210 0.53 0.054720829148317385 0.11513407804145864
2220 1.37 0.06708014523096661 0.05148447541530312
2230 0.34065049221457566 0.0 0.0
2240 0.0 0.0 0.0
2250 0.38 0.007524786238170766 0.02020211267797894
2260 0.62 0.039346499046738814 0.06776244176973618
2270 0.26006317553180325 0.0 0.0
2280 0.0 0.0 0.0
2290 0.8200000000000001 0.00459006422634034 0.005629149247470592
2300 0.0 0.0 0.0
2310 0.0 0.0 0.0
2320 0.0 0.0 0.0
2330 0.34 0.0031132927553113032 0.00924136419858812
2340 1.27 0.07643917008785461 0.06404296134071448
2350 0.0 0.0 0.0
2360 0.34 0.0031132927553113032 0.00924136419858812
2370 0.85 0.07866962675143208 0.10199212876851163
2380 0.55 0.0181595917390438 0.034144813852003325
2390 0.18250990346600465 0.0 0.0
2400 0.6900000000000001 0.026802625184240703 0.04041425102396801
2410 1.02 0.014659179820817325 0.014581303699778756
2420 0.0 0.0 0.0
2430 0.29 0.019149037447269313 0.07069953625710775
2440 0.86 0.06424592435569287 0.0807359036190599
2450 1.47 0.030561846335550813 0.021231788429220112
2460 0.039475917874953484 0.0 0.0
2470 1.27 0.06907215120620558 0.05751565447964362
2480 1.16 0.08911685613575804 0.08321809587382539
2490 0.21 0.009883937466113407 0.04939102509294932
2500 0.14600550707876156 0.0 0.0
2510 0.0 0.0 0.0
2520 0.276442124092133 0.0 0.0
2530 0.59 0.012134358967287873 0.02099858185996728
2540 0.0 0.0 0.0
2550 0.0 0.0 0.0
2560 0.38 0.003463598074133989 0.009198574311590506
2570 0.0 0.0 0.0
2580 0.42 0.022841553805319104 0.057512446289817866
2590 0.0 0.0 0.0
2600 1.28 0.0699453506397043 0.057803464229224215
2610 1.31 0.08954699384912246 0.07337193107626487
2620 0.34 0.005232474969567191 0.015630174907472046
2630 0.0 0.0 0.0
2640 0.97 0.05750426596493263 0.06301866827436887
2650 0.0 0.0 0.0
2660 0.0 0.0 0.0
2670 0.1466989447515327 0.0 0.0
2680 1.37 0.025264536081660793 0.018787736889190134
2690 0.0 0.0 0.0
2700 0.36 0.008045220149560217 0.022858675631508587
2710 1.32 0.08010308977993486 0.0646046369820517
2720 0.31 0.020648251406771567 0.0713603823275972
2730 0.59 0.0046006863862328995 0.007859056680186554
2740 0.2960377050913227 0.0 0.0
2750 1.33 0.05271189191880454 0.041268599922996946
2760 0.8200000000000001 0.0901698712461243 0.12354912149225993
2770 0.0 0.0 0.0
2780 1.41 0.05497065609700358 0.04056787134857709
2790 1.33 0.08219299794499202 0.06586996050641543
2800 0.0 0.0 0.0
2810 0.0 0.0 0.0
2820 1.27 0.05333271824489283 0.043835088725290246
2830 1.02 0.06129037283209793 0.06393006922560499
2840 1.6265538117648795 0.0 0.0
2850 1.33 0.0569631172819256 0.04474584990837269
2860 0.0 0.0 0.0
2870 0.41000000000000003 0.0031328520299234164 0.007699938531664947
2880 1.27 0.09212099076922908 0.07820921338040474
2890 0.34 0.002128301903704999 0.006299142294831759
2900 0.0 0.0 0.0
2910 0.59 0.059618317618354455 0.11240644162264835
2920 0.0 0.0 0.0
2930 0.10374191291750322 0.0 0.0
2940 0.0 0.0 0.0
2950 0.05402578414796438 0.0 0.0
2960 0.5014330045367743 0.0 0.0
2970 0.55 0.013705096152833995 0.025555148957260444
2980 0.64 0.022625362953799577 0.03664770399712167
2990 0.37 0.017729758257656547 0.05032999145759351
3000 1.32 0.04800897474775545 0.037743170977354135
3010 1.08 0.05026318580172173 0.04881168188674998
3020 1.01 0.04126221741387903 0.042593793857948155
3030 0.03648281084406783 0.0 0.0
3040 1.6265538117648795 0.0 0.0
3050 0.020407595623397567 0.0 0.0
3060 0.8200000000000001 0.03878746322523685 0.04965033380720045
3070 0.86 0.0501848586799335 0.06197075865749802
3080 0.27 0.03144929008988878 0.13183482078816386
3090 0.7000000000000001 0.029956491093175885 0.04470827744014697
3100 0.88 0.02073114556281086 0.024126494816793416
3110 0.0 0.0 0.0
3120 0.0 0.0 0.0
3130 0.0 0.0 0.0
3140 0.7000000000000001 0.0692263433001431 0.10974831076860157
3150 0.19212507137272494 0.0 0.0
3160 0.0 0.0 0.0
3170 1.03 0.0406467658412657 0.041084179479969465
3180 0.44 0.044816707024873226 0.11340739302886986
3190 0.04416968107801948 0.0 0.0
3200 0.1252643062522697 0.0 0.0
3210 1.4000000000000001 0.058544223077536595 0.04364230568364123
3220 0.0 0.0 0.0
3230 0.0 0.0 0.0
3240 0.0 0.0 0.0
3250 0.0 0.0 0.0
3260 0.68 0.07442033189428654 0.12289106754042359
3270 0.4 0.02006830131098003 0.05282081326782435
3280 0.0 0.0 0.0
3290 0.34099114943900544 0.0 0.0
3300 0.14548550296972773 0.0 0.0
3310 0.44 0.01650513973149964 0.03897364827765608
3320 0.0 0.0 0.0
3330 0.0 0.0 0.0
3340 0.51 0.010514876332984535 0.021051430432579482
3350 0.87 0.06288486440893981 0.07791312742870131
3360 0.006661605478642056 0.0 0.0
3370 0.81 0.0070432895779865 0.008771692778163255
3380 0.99 0.12835343576158276 0.14896297517884308
3390 0.0 0.0 0.0
3400 0.0 0.0 0.0
3410 1.0 0.1040948465197874 0.11618958336763992
3420 0.0 0.0 0.0
3430 1.35 0.06156752108375141 0.04778482543030759
3440 0.0 0.0 0.0
3450 0.0 0.0 0.0
3460 0.64 0.01846832372080065 0.029714211560963887
3470 0.19 0.006623641542020886 0.03612047702178959
3480 1.41 0.056736577002144406 0.04192574486086167
3490 0.0 0.0 0.0
3500 0.061889361710380335 0.0 0.0
3510 0.1 0.0017259187866167092 0.017562298881932132
3520 1.22 0.1045788514332926 0.093757278645536
3530 1.32 0.07129048476587951 0.057091328204152636
3540 0.74 0.03900090169227888 0.05563616527671831
3550 0.0 0.0 0.0
3560 0.0 0.0 0.0
3570 0.27 0.007114298084715087 0.027062324169336807
3580 0.0 0.0 0.0
3590 1.34 0.07614076542684778 0.06024465648072198
3600 0.0 0.0 0.0
3610 0.0 0.0 0.0
3620 0.0 0.0 0.0
3630 1.19 0.12647188522602493 0.1189172937406579
3640 0.0 0.0 0.0
3650 1.52 0.015105504901662847 0.010037583997325858
3660 0.65 0.01850963894212454 0.029311039540044777
3670 0.3128820493873752 0.0 0.0
3680 0.0 0.0 0.0
3690 0.74 0.05686047020976748 0.08323405062978463
3700 0.55 0.028619265132556748 0.05489129769981424
3710 0.0 0.0 0.0
3720 1.2 0.10868453241689191 0.09959038943852883
3730 0.73 0.046159850932967705 0.06750093716483874
3740 1.01 0.02810782132788381 0.028626179063668728
3750 0.0 0.0 0.0
3760 1.43 0.022053675401821904 0.015663718862376327
3770 0.13003284410795718 0.0 0.0
3780 0.29624014128079634 0.0 0.0
3790 0.0964226165550529 0.0 0.0
3800 0.65 0.025493188965365676 0.04082131453959732
3810 0.27 0.004004531435691572 0.015054885924582642
3820 0.390108825986452 0.0 0.0
3830 0.75 0.013654131835082794 0.018543095609554937
3840 0.0 0.0 0.0
3850 0.2871179121539819 0.0 0.0
3860 1.48 0.03396333466017021 0.023487187755497584
3870 0.08 0.0039914749338561956 0.05251351648229921
3880 0.44 0.038422557582275696 0.0956790733835797
3890 0.68 0.04580840800956898 0.07223118153584754
3900 0.0 0.0 0.0
3910 0.0 0.0 0.0
3920 0.0 0.0 0.0
3930 0.8 0.02763106012845329 0.03577443201308513
3940 0.0 0.0 0.0
3950 0.81 0.04380662419506187 0.05717437082908742
3960 0.96 0.05681134338341365 0.06290086015499052
3970 0.0 0.0 0.0
3980 0.0 0.0 0.0
3990 0.0 0.0 0.0
4000 0.0 0.0 0.0
4010 0.4 0.006513434513546579 0.016553130614495697
4020 0.51 0.021736034071183852 0.044516973579722945
4030 0.6 0.018516230610219675 0.031843073848219265
4040 1.28 0.08111224208452095 0.06765624350485637
4050 0.0 0.0 0.0
4060 0.61 0.01297564366609738 0.02173385981398787
4070 0.59 0.010949534260667249 0.018909464560548903
4080 0.87 0.06630087478110258 0.08249464594483005
4090 0.0 0.0 0.0
4100 1.6 0.0017122447464825719 0.0010712994208048466
4110 0.79 0.04260473555189925 0.057004288866293364
4120 0.85 0.07112199553330556 0.09131339584047377
4130 1.33 0.07102614507848348 0.056415901570022034
4140 0.7211481428055437 0.0 0.0
4150 0.584665177579081 0.0 0.0
4160 0.0 0.0 0.0
4170 0.0 0.0 0.0
4180 0.07734448806590105 0.0 0.0
4190 0.0 0.0 0.0
4200 0.09880256428213921 0.0 0.0
4210 0.36 0.0050434938245143 0.014208765684719878
4220 0.0 0.0 0.0
4230 0.08001532728879784 0.0 0.0
4240 0.0 0.0 0.0
4250 0.0 0.0 0.0
4260 1.08 0.06215868739672592 0.06106913388860806
4270 0.47256734004229267 0.0 0.0
4280 0.0 0.0 0.0
4290 0.0 0.0 0.0
4300 1.1300000000000001 0.12564806394340144 0.12510362098442826
4310 0.0 0.0 0.0
4320 0.0 0.0 0.0
4330 1.42 0.044019415528859795 0.03199130571001386
4340 0.85 0.043850333788058804 0.05439478005878168
4350 0.76 0.04239588535096406 0.0590797690335136
4360 0.71 0.021851114840324426 0.03175346979637143
4370 1.58 0.003769972882387229 0.002391765679836225
4380 0.36 0.0022181580357381603 0.006199750170551495
4390 1.31 0.0359105755392517 0.02818528656609065
4400 0.0 0.0 0.0
4410 0.29150615563658266 0.0 0.0
4420 0.0 0.0 0.0
4430 0.74 0.08824132291696296 0.13538956368312471
4440 0.55 0.005823606345796151 0.01070168866879726
4450 0.0 0.0 0.0
4460 0.47000000000000003 0.017352232304031656 0.0383349561014221
4470 0.4496110111157501 0.0 0.0
4480 1.04 0.06445961642691067 0.06607580527913762
4490 0.51 0.015138460905294138 0.030591306273242143
4500 0.0 0.0 0.0
4510 0.795547862647521 0.0 0.0
4520 0.0 0.0 0.0
4530 0.0 0.0 0.0
4540 1.42 0.04195746475560824 0.03044714780750016
4550 0.0 0.0 0.0
4560 0.9500000000000001 0.030190499671066795 0.03282255691017582
4570 0.19 0.0027183269759508133 0.014514644877193872
4580 0.05031235784934966 0.0 0.0
4590 0.0 0.0 0.0
4600 0.0 0.0 0.0
4610 0.0 0.0 0.0
4620 0.0 0.0 0.0
4630 0.041811088517727246 0.0 0.0
4640 0.53 0.051509937951162266 0.10765100894802875
4650 0.4630070733092734 0.0 0.0
4660 0.0 0.0 0.0
4670 1.06 0.11768957589974316 0.12489469806313169
4680 0.0 0.0 0.0
4690 0.0 0.0 0.0
4700 0.0 0.0 0.0
4710 0.0 0.0 0.0
4720 0.18161866724421016 0.0 0.0
4730 0.06525894872126248 0.0 0.0
4740 0.054544539548388934 0.0 0.0
4750 0.0 0.0 0.0
4760 0.0 0.0 0.0
4770 0.13348871221916792 0.0 0.0
4780 0.6302369481819015 0.0 0.0
4790 0.26 0.021099428217501437 0.08831886864092948
4800 1.7005358194678708 0.0 0.0
4810 0.9400000000000001 0.07190020202388092 0.0828248113771118
4820 0.4 0.0005165208929013287 0.001292971849689066
4830 0.0 0.0 0.0
4840 1.16 0.01894268901450924 0.01660099701578452
4850 0.0 0.0 0.0
4860 0.9500000000000001 0.06027349623059941 0.06774384709823267
4870 0.12401946134903376 0.0 0.0
4880 0.0 0.0 0.0
4890 1.1400000000000001 0.059701477016135485 0.05526386988962604
4900 0.0 0.0 0.0
4910 0.12250747734786746 0.0 0.0
4920 0.93 0.06162789924753109 0.07096946020505354
4930 0.49 0.027031759047991377 0.05838793389457031
4940 0.1975831161268219 0.0 0.0
4950 1.51 0.02485737789793485 0.01673736752821208
4960 0.07493647922814678 0.0 0.0
4970 0.0 0.0 0.0
4980 0.0 0.0 0.0
4990 0.06098937990186171 0.0 0.0
5000 1.6114008233754227 0.0 0.0
5010 1.1400000000000001 0.09556504725674775 0.09149928102821735
5020 0.87 0.08995678008414021 0.11532281518175813
5030 0.58 0.02338170867951661 0.042006719944555605
5040 0.0 0.0 0.0
5050 0.0 0.0 0.0
5060 0.2821302991011483 0.0 0.0
5070 0.0 0.0 0.0
5080 1.2 0.0661605260374789 0.058350875548777936
5090 0.43 0.0042394604328413465 0.009957382234509834
5100 1.1500000000000001 0.12357534573809614 0.12039397653299594
5110 0.64 0.06058785588635607 0.10456780463074411
5120 1.03 0.07486377042898518 0.0783802018091274
5130 0.0 0.0 0.0
5140 0.91 0.11144994272855457 0.13956538067177193
5150 0.0 0.0 0.0
5160 0.81 0.01680926820784512 0.0211919624550653
5170 1.32 0.03611870352827551 0.028132432201897855
5180 0.0 0.0 0.0
5190 0.29 0.004082055660247386 0.01427701807829428
5200 1.21 0.09713024555383942 0.08727907750730275
5210 0.89 0.08661930185669398 0.10781850006712874
5220 0.84 0.04588887548583798 0.05778646598599514
5230 0.56 0.05042442241695522 0.09895376590872355
5240 0.0 0.0 0.0
5250 0.3477768985694999 0.0 0.0
5260 1.55 0.00016278933796898265 0.00010503641082371824
5270 1.16 0.08288974465890564 0.07695567305935315
5280 0.0 0.0 0.0
5290 0.0 0.0 0.0
5300 0.75 0.0007798135794253591 0.0010408336475168207
5310 0.58 0.03896693154022823 0.07202319749356614
5320 0.64 0.022453265907529274 0.03635881248813656
5330 0.0 0.0 0.0
5340 0.0 0.0 0.0
5350 0.72 0.04103276395168054 0.060434085436134946
5360 1.0511157838404988 0.0 0.0
5370 0.03 0.00027738377719809665 0.009332414586886191
5380 0.0 0.0 0.0
5390 0.72 0.021658097358615125 0.031013601327224197
5400 0.66 0.06765990711301939 0.11422476365436401
5410 0.0 0.0 0.0
5420 0.8300000000000001 0.017346791783407256 0.021345872517350466
5430 0.8200000000000001 0.04487375438627628 0.05789218806640519
5440 1.46 0.0386244676103733 0.02717400625676845
5450 0.34080499812900333 0.0 0.0
5460 1.37 0.06708014523096661 0.05148447541530312
5470 1.23 0.03312852225703389 0.027679264543513833
5480 0.5700000000000001 0.02910660692728806 0.05381209550728469
5490 0.63 0.03626605035628905 0.06108131491899975
5500 0.26 0.01661583851449383 0.06827000743630281
5510 0.23 7.875832633116864e-05 0.0003425448025500475
5520 0.0 0.0 0.0
5530 0.0 0.0 0.0
5540 0.0 0.0 0.0
5550 0.4 0.024054570914549267 0.06398420901955365
5560 0.0 0.0 0.0
5570 0.58 0.023527026179349764 0.04227882985550429
5580 0.0 0.0 0.0
5590 0.0 0.0 0.0
5600 0.0 0.0 0.0
5610 0.13 0.008004170702721525 0.06561019953573187
5620 0.0 0.0 0.0
5630 0.0 0.0 0.0
5640 0.44 0.040824989528462696 0.1022734100519894
5650 0.0 0.0 0.0
5660 0.0008259623775804361 0.0 0.0
5670 0.0 0.0 0.0
5680 0.0 0.0 0.0
5690 0.0 0.0 0.0
5700 0.0 0.0 0.0
5710 0.0 0.0 0.0
5720 1.34 0.07811227234342022 0.06190112688430734
5730 0.0 0.0 0.0
5740 0.0 0.0 0.0
5750 0.19320374220500888 0.0 0.0
5760 0.39 0.031549136829261415 0.08801523464105544
5770 0.8300000000000001 0.029150899624346804 0.03639999047345253
5780 1.3800000000000001 0.036913509048965176 0.02748408929556491
5790 0.72 0.0038802973498003324 0.005418503827558738
5800 0.44 0.0327852056324876 0.08051084117267819
5810 1.09 0.08490708134872693 0.0844768476358018
5820 0.27 0.008858934852002343 0.0339239439303875
5830 0.0 0.0 0.0
5840 0.019422092446749514 0.0 0.0
5850 0.0 0.0 0.0
5860 0.33 0.0006356155825373855 0.0019298248766683763
5870 0.33 0.0011521557561514073 0.0035036135292316408
5880 0.73 0.04426005750998607 0.0645435022339108
5890 0.0 0.0 0.0
5900 0.0 0.0 0.0
5910 0.0 0.0 0.0
5920 1.7005358194678708 0.0 0.0
5930 0.0 0.0 0.0
5940 0.0 0.0 0.0
5950 0.36 0.005740227877575443 0.016203442584476525
5960 0.0 0.0 0.0
5970 1.05 0.026565369346029266 0.02595707488328209
5980 1.42 0.04195746475560824 0.03044714780750016
5990 0.19 0.01796046260900458 0.10439729658296927
6000 0.014975336334282458 0.0 0.0
6010 0.0 0.0 0.0
6020 0.77 0.04813831541918456 0.06668634233875212
6030 0.0 0.0 0.0
6040 0.0 0.0 0.0
6050 0.0 0.0 0.0
6060 0.0 0.0 0.0
6070 0.11029021340509419 0.0 0.0
6080 0.65 0.038374624634153975 0.06274204141906317
6090 0.8 0.007827599321068912 0.009881181563962933
6100 0.72 0.024583971916789293 0.035351460023937895
6110 1.7005358194678708 0.0 0.0
6120 0.73 0.038921301067888936 0.056319636429298214
6130 0.35000000000000003 0.007800649218481781 0.022795628339640567
6140 1.31 0.08723404517638844 0.07134157181287588
6150 0.62 0.040484959818699484 0.06986006749028259
6160 0.0 0.0 0.0
6170 0.36 0.014472030867438035 0.04188381885197211
6180 0.54 0.04697412736362405 0.0952772054586862
6190 0.21072690641068437 0.0 0.0
6200 0.33 0.008101873533970239 0.025169060854491297
6210 0.0 0.0 0.0
6220 0.0 0.0 0.0
6230 0.0 0.0 0.0
6240 0.12665665384214517 0.0 0.0
6250 0.0 0.0 0.0
6260 0.0 0.0 0.0
6270 0.0 0.0 0.0
6280 0.0 0.0 0.0
6290 0.0 0.0 0.0
6300 0.45 0.03856213649193824 0.0937252983066364
6310 1.51 0.02485737789793485 0.01673736752821208
6320 0.45 0.01507321983210691 0.03465691357586271
6330 0.72 0.07509349326220205 0.11644089876229624
6340 0.21405323558053324 0.0 0.0
6350 1.7005358194678708 0.0 0.0
6360 0.06437969183434597 0.0 0.0
6370 0.0 0.0 0.0
6380 0.0 0.0 0.0
6390 1.36 0.07040916851169832 0.05459806846675539
6400 0.23112233849467456 0.0 0.0
6410 1.21 0.10580106739687634 0.09581703466009765
6420 1.08 0.09632242907743405 0.09792073330196571
6430 0.12123983054625491 0.0 0.0
6440 0.0 0.0 0.0
6450 1.1300000000000001 0.03525509973708929 0.03220394059714051
6460 0.29 0.019232929550479394 0.07103127244590479
6470 0.4148841348012918 0.0 0.0
6480 0.66 0.057845249589607906 0.09606376027123276
6490 0.0 0.0 0.0
6500 0.0 0.0 0.0
6510 0.0 0.0 0.0
6520 0.0 0.0 0.0
6530 0.21 0.0219001463787101 0.1164283010171963
6540 0.91 0.10072670725229116 0.12446562632790692
6550 1.22 0.08282688623525103 0.07283577604208617
6560 0.54 0.0019465261903336417 0.0036177188422394893
6570 0.0 0.0 0.0
6580 0.12321529562452946 0.0 0.0
6590 0.0 0.0 0.0
6600 1.6 0.0017122447464825719 0.0010712994208048466
6610 1.37 0.06958841012468531 0.053512603752906826
6620 0.68 0.09318110394190227 0.15879022398194367
6630 0.88 0.08383383913790954 0.10529691320607507
6640 0.0 0.0 0.0
6650 0.47000000000000003 0.013066247137625109 0.028595495639737883
6660 0.86 0.0004682523498488189 0.0005447760959719759
6670 0.0 0.0 0.0
6680 0.0 0.0 0.0
6690 0.77 0.0582883073037368 0.08189876308328753
6700 0.45 0.009534999827315815 0.02164757659195991
6710 0.97 0.12763702126738097 0.15152259119865147
6720 0.41000000000000003 0.0019849976452578355 0.004865011418212536
6730 0.4962850673902326 0.0 0.0
6740 0.65 0.09328423406765374 0.16756168906305036
6750 0.0 0.0 0.0
6760 1.06 0.05785584869317484 0.05773206241609964
6770 0.73 0.023616267566356264 0.033432632267723875
6780 1.36 0.0680672873198096 0.05268640282248137
6790 0.0 0.0 0.0
6800 0.0 0.0 0.0
6810 0.91 0.09325627095310896 0.1141805778685751
6820 1.2 0.09006440809725302 0.08114381478915986
6830 0.45 0.015440231570150287 0.03553074327597995
6840 0.66 0.004601253392572446 0.007020540421217065
6850 0.6 0.01032482337134466 0.017509340363239777
6860 0.9 0.02104057783465596 0.023938053684915098
6870 0.6 0.016120165807832376 0.027608704503616882
6880 0.34 0.005722768002448808 0.017119825865049437
6890 0.59 0.023131125832883126 0.04080507307244376
6900 0.63 0.0594674456416423 0.10423146792827909
6910 0.87 0.0695701369421976 0.08691596872263829
6920 0.0 0.0 0.0
6930 0.0 0.0 0.0
6940 1.51 0.0202040809471844 0.013561643369267502
6950 0.0 0.0 0.0
6960 0.1 0.0007642856418644539 0.0077017195553829975
6970 0.0 0.0 0.0
6980 0.0 0.0 0.0
6990 1.16 0.05660694282565637 0.051302609217625424
7000 0.0 0.0 0.0
7010 0.044901311334607535 0.0 0.0
7020 1.34 0.06696311728192561 0.05260108186257098
7030 0.5 0.015630447841498363 0.032269674614855984
7040 0.0 0.0 0.0
7050 0.56 0.06034582200350147 0.12077517743467034
7060 0.8 0.0438077588235114 0.057932039550359596
7070 0.68 0.006036191182699047 0.008956254184169917
7080 0.0 0.0 0.0
7090 0.0 0.0 0.0
7100 0.0 0.0 0.0
7110 0.0 0.0 0.0
7120 0.054497216785310734 0.0 0.0
7130 0.89 0.016947342456814063 0.019411592543002773
7140 0.014606454894305749 0.0 0.0
7150 0.0 0.0 0.0
7160 0.62 0.04729279452714119 0.08257761396260702
7170 0.84 0.0655415520607886 0.0846288812978809
7180 0.89 0.0013128556911593536 0.0014772979440142594
7190 0.41000000000000003 0.0332010877167464 0.08811354447803693
7200 0.0 0.0 0.0
7210 0.0755808873635074 0.0 0.0
7220 0.8300000000000001 0.05324462026333299 0.06854747537298524
7230 0.7000000000000001 0.04652226809824034 0.07119181852279895
7240 0.1089837795845382 0.0 0.0
7250 0.7808222179343678 0.0 0.0
7260 0.46 0.02488916916310452 0.057201906730826486
7270 0.45 0.009758090822042709 0.022165292805184145
7280 0.45 0.0349037453557875 0.08408590770279104
7290 0.0 0.0 0.0
7300 0.0 0.0 0.0
7310 0.0 0.0 0.0
7320 0.0 0.0 0.0
7330 0.0 0.0 0.0
7340 0.0 0.0 0.0
7350 0.0 0.0 0.0
7360 0.0 0.0 0.0
7370 0.0 0.0 0.0
7380 0.9400000000000001 0.07244479875569276 0.08350454086585782
7390 0.0 0.0 0.0
7400 0.54 0.05534446709764129 0.11419340818459464
7410 0.0 0.0 0.0
7420 0.0 0.0 0.0
7430 0.2 0.002441878013108967 0.012360301811691636
7440 0.67 0.05955815689313215 0.09756565275736762
7450 1.46 0.035774785160138434 0.025118769691323654
7460 1.3900000000000001 0.04359688156092312 0.03238025890155855
7470 0.0 0.0 0.0
7480 0.0 0.0 0.0
7490 0.6900000000000001 0.03318556419182317 0.05052502256743187
7500 1.6114008233754227 0.0 0.0
7510 1.17 0.09288974465890565 0.08623977368917517
7520 0.24 0.0060683287221738325 0.025940603463508172
7530 0.0 0.0 0.0
7540 1.43 0.019469900874590218 0.013803250910180795
7550 1.1 0.03745437356815495 0.03524966141353497
7560 0.64 0.051331932260363033 0.08720013038496717
7570 1.22 0.07194372771112856 0.06266568063575392
7580 0.78 0.05948510509345095 0.082559160836177
7590 0.0 0.0 0.0
7600 0.0 0.0 0.0
7610 0.33467569422851384 0.0 0.0
7620 0.0 0.0 0.0
7630 1.26 0.04408007926705104 0.03625245257967305
7640 0.49 0.005059288966933473 0.010432799003729131
7650 0.0 0.0 0.0
7660 0.15076503704397004 0.0 0.0
7670 0.6 0.024083594093127325 0.041817864270082473
7680 0.0 0.0 0.0
7690 1.1300000000000001 0.029003664568514997 0.026343107270332865
7700 1.1300000000000001 0.04862748020098473 0.04496829659590634
7710 0.78 0.057979601744559295 0.08030188881733909
7720 0.028051251905678497 0.0 0.0
7730 0.0 0.0 0.0
7740 0.3 0.009470810289438913 0.03259848106441278
7750 0.0 0.0 0.0
7760 0.0 0.0 0.0
7770 1.46 0.0386244676103733 0.02717400625676845
7780 0.0 0.0 0.0
7790 0.0 0.0 0.0
7800 0.5501568610931133 0.0 0.0
7810 0.98 0.0242722648340592 0.025396631217200014
7820 0.0017523541401045623 0.0 0.0
7830 0.0 0.0 0.0
7840 1.53 0.019631864663420817 0.012998065970880627
7850 0.17267044308684837 0.0 0.0
7860 0.6 0.04381862879320397 0.0787847832769494
7870 0.72 0.02040575261119515 0.02916798228024093
7880 0.5700000000000001 0.012261256608246063 0.021983871039121614
7890 0.79 0.03012124792861348 0.039639544922798094
7900 0.0 0.0 0.0
7910 0.0 0.0 0.0
7920 0.10562501066019908 0.0 0.0
7930 0.0 0.0 0.0
7940 0.06098937990186171 0.0 0.0
7950 1.59 0.0033223223042744277 0.002093886080945763
7960 0.81 0.03487375438627627 0.04499106382169292
7970 0.0 0.0 0.0
7980 0.44 0.014996678398047358 0.03528602633391385
7990 0.0 0.0 0.0
8000 1.07 0.1025147053810358 0.10595996233866307
8010 0.0 0.0 0.0
8020 0.0 0.0 0.0
8030 0.41407335722602534 0.0 0.0
8040 0.85 0.059550450485065576 0.07533744629446519
8050 0.79 0.05713634729061501 0.07796313417834663
8060 0.81 0.02898308751393963 0.037109423689281405
8070 1.2 0.09979644620397443 0.09070725672503727
8080 0.19 0.0031527449497520954 0.01687338114174727
8090 0.0 0.0 0.0
8100 0.0 0.0 0.0
8110 0.0 0.0 0.0
8120 0.0 0.0 0.0
8130 0.39 0.009241075733018467 0.02427014875832243
8140 0.0 0.0 0.0
8150 1.21 0.05834238774409228 0.05065949039299028
8160 1.07 0.07693524405360974 0.07747253499122571
8170 0.72 0.05574906226832388 0.08392771331072428
8180 0.2956895991047951 0.0 0.0
8190 0.0 0.0 0.0
8200 0.0 0.0 0.0
8210 1.56 0.010162789337968992 0.0065573269683129095
8220 0.0 0.0 0.0
8230 1.07 0.010694907240516471 0.010096153897132979
8240 1.44 0.03708385054089458 0.026433404844040227
8250 1.02 0.042724969338344354 0.043718470233929725
8260 1.51 0.015372026395071403 0.010284851258333703
8270 1.16 0.11436633889103587 0.10937515034638685
8280 0.0 0.0 0.0
8290 0.0 0.0 0.0
8300 0.0 0.0 0.0
8310 0.7000000000000001 0.027596838492668696 0.041042101037723634
8320 0.0 0.0 0.0
8330 1.09 0.09995582793599489 0.1009609780618282
8340 0.08 0.002774711092016144 0.035930083671454977
8350 0.9 0.02189294801658348 0.024931980636225363
8360 1.2 0.10906198226964903 0.09997083289529843
8370 0.0 0.0 0.0
8380 1.41 0.04769181261629418 0.03500809365895808
8390 1.12 0.040770263664968276 0.03777718709217601
8400 0.050761454301513784 0.0 0.0
8410 0.0 0.0 0.0
8420 0.0 0.0 0.0
8430 0.98 0.09027349623059933 0.10146207384870308
8440 0.43 0.007007826600536837 0.016567272496360877
8450 0.0 0.0 0.0
8460 1.02 0.1194708715363686 0.13266741492326256
8470 0.6325082089589391 0.0 0.0
8480 0.4501793926201523 0.0 0.0
8490 0.0 0.0 0.0
8500 0.88 0.048001895249709325 0.05769471706202532
8510 1.45 0.044591304076504246 0.03172835361403769
8520 0.0 0.0 0.0
8530 0.0 0.0 0.0
8540 0.0 0.0 0.0
8550 1.06 0.031925787477741 0.03105397167721466
8560 1.29 0.08209440709205706 0.06796425778145532
8570 0.1963446639090248 0.0 0.0
8580 0.0 0.0 0.0
8590 0.77 0.008214355297812004 0.01078302716116857
8600 0.28 0.01397673561419277 0.05253952373850522
8610 0.71 0.019280283044337487 0.027913323698525744
8620 0.0 0.0 0.0
8630 0.8 0.08713498074815773 0.12223208937872504
8640 0.6310119644623049 0.0 0.0
8650 0.23 0.0006915712675078789 0.0030158999009785893
8660 0.54 0.014863130775257138 0.02830334651078586
8670 0.0 0.0 0.0
8680 0.0 0.0 0.0
8690 0.46 0.017712112570163308 0.040046569380612095
8700 0.5700000000000001 0.009618839520962208 0.017164816020473657
8710 0.05418963384015277 0.0 0.0
8720 0.0 0.0 0.0
8730 0.0 0.0 0.0
8740 0.15855822453503843 0.0 0.0
8750 1.37 0.0658107531996146 0.05046104571178646
8760 1.1300000000000001 0.06316208813393831 0.059204952721879006
8770 0.0 0.0 0.0
8780 0.22 0.00021171456786014953 0.0009632659331405399
8790 0.0 0.0 0.0
8800 1.32 0.04696311728192559 0.036890617954174386
8810 0.0 0.0 0.0
8820 1.3800000000000001 0.05971799669514066 0.045231243435612814
8830 1.12 0.019400735733997143 0.017627429314097918
8840 0.0 0.0 0.0
8850 0.36617942110150836 0.0 0.0
8860 0.91 0.11424592435569292 0.14356938638760994
8870 0.67 0.04555214376420447 0.07294787436503535
8880 0.98 0.10089837833747439 0.11477441953372693
8890 1.11 0.03324117997845932 0.030871518635709274
8900 0.0 0.0 0.0
8910 0.10833178172414351 0.0 0.0
8920 0.98 0.043569069185814824 0.04652673011124638
8930 0.15711107805475108 0.0 0.0
8940 0.0 0.0 0.0
8950 1.24 0.07764380143682059 0.06679862982861728
8960 0.77 0.03365413183508281 0.04570424482580976
8970 1.03 0.029072877607250414 0.029045948458016335
8980 1.37 0.07082762212402294 0.054517493852370334
8990 1.36 0.0680672873198096 0.05268640282248137
9000 1.56 0.010162789337968992 0.0065573269683129095
9010 0.0 0.0 0.0
9020 0.38 0.016558445935514532 0.04556013408575885
9030 0.0 0.0 0.0
9040 0.0 0.0 0.0
9050 0.0 0.0 0.0
9060 0.39 0.01696923029131736 0.04549016239215182
9070 0.10816166991836612 0.0 0.0
9080 0.36 0.010027244849599382 0.02865150130126609
9090 0.0 0.0 0.0
9100 0.0 0.0 0.0
9110 1.34 0.07212545589523489 0.05688690275437466
9120 0.0 0.0 0.0
9130 0.39 0.02401463625966893 0.0656163842571242
9140 0.09 0.003578566448585452 0.04140832084735625
9150 0.73 0.003334782694722316 0.004589159650559341
9160 0.0 0.0 0.0
9170 0.0 0.0 0.0
9180 1.18 0.05401659564531358 0.047972816860716604
9190 0.0 0.0 0.0
9200 0.98 0.08102265660407948 0.09012758463746524
9210 0.71 0.08730478486487514 0.140204682391738
9220 1.25 0.0557815852209691 0.04670970111551202
9230 0.0 0.0 0.0
9240 0.63 0.02998235732657062 0.049969126229325006
9250 0.0 0.0 0.0
9260 0.36 0.002408753737399183 0.006736053420139625
9270 1.1500000000000001 0.03155874771554479 0.028216723633078575
9280 0.0 0.0 0.0
9290 0.16 0.004160759654073115 0.02669904989806929
9300 0.0 0.0 0.0
9310 0.0 0.0 0.0
9320 1.07 0.07856736527250407 0.07924629724751699
9330 0.0 0.0 0.0
9340 1.31 0.08489040774596024 0.06929209295453569
9350 0.4026451092312894 0.0 0.0
9360 0.0 0.0 0.0
9370 0.0 0.0 0.0
9380 0.0 0.0 0.0
9390 0.9400000000000001 0.01934410782229512 0.02101122470040231
9400 0.61 0.008832901285913741 0.01469292199258338
9410 1.33 0.04271765552324447 0.033184371483482134
9420 0.9 0.07910099987817942 0.09635899162557258
9430 0.42 0.005045449727756501 0.012159041814209005
9440 1.41 0.02340361948794789 0.016878465728653667
9450 0.19 0.0038941857503321242 0.020924578665274418
9460 0.0 0.0 0.0
9470 1.19 0.059898179724196865 0.05300246283080813
9480 0.0 0.0 0.0
9490 0.76 0.058035174706936865 0.0826753316061211
9500 0.74 0.022161489913860466 0.03087252857359397
9510 0.8 0.040572958808324344 0.05342574942374738
9520 0.9 0.06383379265329636 0.07634103374716822
9530 1.53 0.019631864663420817 0.012998065970880627
9540 0.8300000000000001 0.0926514059422725 0.12565482146293855
9550 0.84 0.02470098159999512 0.03029683716346171
9560 0.0 0.0 0.0
9570 1.44 0.04892850807492444 0.03517325195645644
9580 0.63 0.029654489439522203 0.04939570450329012
9590 0.160232543361099 0.0 0.0
9600 0.39 0.003081258655563579 0.007963580789229933
9610 0.26089244028827746 0.0 0.0
9620 0.48 0.03453336671741236 0.07752178084122782
9630 0.07493647922814678 0.0 0.0
9640 0.38 0.02861206753823997 0.0814258683779748
9650 1.44 0.044308660576644954 0.03174674752581868
9660 1.41 0.049545353425622274 0.03641823235370425
9670 1.1 0.08913746270263134 0.08817960841733072
9680 1.25 0.08374586985925259 0.07180756551674193
9690 0.0 0.0 0.0
9700 0.9 0.014549797222910166 0.01643208977453139
9710 0.0 0.0 0.0
9720 0.0 0.0 0.0
9730 1.26 0.0760134932067904 0.06420131713550568
9740 0.0 0.0 0.0
9750 0.74 0.017184038095411913 0.023773739099691066
9760 0.04776056853340636 0.0 0.0
9770 0.0 0.0 0.0
9780 0.0 0.0 0.0
9790 0.0 0.0 0.0
9800 1.7005358194678708 0.0 0.0
9810 0.49 0.015679963796262908 0.03305777238878396
9820 0.0 0.0 0.0
9830 0.48 0.004641051465816837 0.009763256756032433
9840 0.0 0.0 0.0
9850 0.0 0.0 0.0
9860 0.0 0.0 0.0
9870 0.68 0.008340069057456101 0.012417100787525672
9880 0.18136510454143512 0.0 0.0
9890 1.23 0.10128130329080198 0.08973121787216749
9900 0.59 0.09768117811926286 0.19841040760153156
9910 0.004888316941929668 0.0 0.0
9920 0.743864502986102 0.0 0.0
9930 0.0 0.0 0.0
9940 0.0 0.0 0.0
9950 0.0 0.0 0.0
9960 0.0 0.0 0.0
9970 0.0 0.0 0.0
9980 1.33 0.07483243645797355 0.059619479208656234
9990 1.6446688865295056 0.0 0.0
