88.81350302696228
64.81034708023071
23.027201652526855
12.1447434425354
40.26495099067688
52.503376483917236
170.20588183403015
0.00010895729064941406
61.193121671676636
5.04429817199707
5.793571472167969e-05
4.38690185546875e-05
24.982338428497314
6.985664367675781e-05
17.56905722618103
113.46374654769897
26.313013315200806
63.05010533332825
116.29236769676208
14.659006357192993
67.94204950332642
0.00017952919006347656
108.74825954437256
170.70063304901123
69.83216452598572
35.021522521972656
3.504753112792969e-05
11.35043740272522
55.38388705253601
95.98065519332886
78.32164525985718
50.08279299736023
13.63300609588623
52.246084213256836
5.221366882324219e-05
18.311168670654297
12.712321996688843
26.484315156936646
11.548150539398193
115.19766569137573
24.76723051071167
13.986237287521362
119.83897757530212
8.058547973632812e-05
46.772627115249634
69.29282236099243
77.10656237602234
4.0531158447265625e-05
3.123283386230469e-05
59.32637929916382
4.7206878662109375e-05
50.54684114456177
26.78895616531372
82.36632323265076
40.86819887161255
6.747245788574219e-05
108.94090104103088
4.63393235206604
36.46920156478882
63.37140917778015
24.96640372276306
39.70686221122742
26.929672956466675
8.487701416015625e-05
5.078315734863281e-05
97.97972798347473
54.009493589401245
57.546462535858154
12.30407190322876
4.9114227294921875e-05
189.71346759796143
11.545019149780273
3.528594970703125e-05
5.4836273193359375e-05
2.8371810913085938e-05
113.63156628608704
37.52044939994812
7.987022399902344e-05
44.258939266204834
7.104873657226562e-05
146.13510370254517
4.124641418457031e-05
5.269050598144531e-05
13.090610027313232
110.35954022407532
3.62396240234375e-05
12.462141036987305
4.982948303222656e-05
190.70726251602173
13.001168727874756
13.801198720932007
0.00011897087097167969
44.68292570114136
24.808703422546387
94.344566822052
12.531206846237183
97.27233672142029
46.76061701774597
5.602836608886719e-05
42.16303730010986
256.1822464466095
59.55465841293335
73.92453837394714
54.803696632385254
5.269050598144531e-05
6.67572021484375e-05
146.01600790023804
51.92244577407837
25.613340616226196
48.82968091964722
4.553794860839844e-05
59.240471601486206
6.747245788574219e-05
2.6941299438476562e-05
28.38270592689514
2.7418136596679688e-05
2.7418136596679688e-05
162.09311652183533
51.083399057388306
75.82059574127197
100.6785659790039
116.62778544425964
0.0003414154052734375
5.626678466796875e-05
4.839897155761719e-05
70.79371809959412
8.344650268554688e-05
8.754289150238037
4.696846008300781e-05
87.51484990119934
7.05718994140625e-05
240.17463517189026
14.766117572784424
5.459785461425781e-05
201.45839762687683
2.956390380859375e-05
181.16338205337524
9.638089656829834
3.409385681152344e-05
130.63521528244019
6.103515625e-05
107.31995987892151
6.079673767089844e-05
24.500553846359253
13.679814100265503
101.53860545158386
64.16370940208435
16.545267820358276
24.42424702644348
298.09642910957336
17.768096923828125
3.5762786865234375e-05
74.23922562599182
4.124641418457031e-05
221.97706151008606
76.96708297729492
38.82052731513977
12.332048177719116
6.365776062011719e-05
6.222724914550781e-05
5.7697296142578125e-05
7.081031799316406e-05
2.5987625122070312e-05
40.94466853141785
3.933906555175781e-05
58.094895124435425
2.9087066650390625e-05
4.649162292480469e-05
18.32031273841858
3.24249267578125e-05
13.054641962051392
11.551932096481323
3.662079095840454
4.696846008300781e-05
25.869646549224854
55.18425536155701
26.419719219207764
49.47854423522949
131.47806310653687
3.6716461181640625e-05
4.673004150390625e-05
39.49398326873779
0.00010395050048828125
2.2649765014648438e-05
0.00019311904907226562
3.147125244140625e-05
127.51510238647461
64.60417485237122
50.75865578651428
8.896778106689453
250.91411662101746
64.63497638702393
106.84010195732117
54.73780655860901
13.559317350387573
2.9325485229492188e-05
6.365776062011719e-05
152.03454518318176
132.05428338050842
2.765655517578125e-05
29.352705717086792
3.600120544433594e-05
68.46373653411865
7.033348083496094e-05
135.66653203964233
158.89763188362122
6.723403930664062e-05
8.296966552734375e-05
4.410743713378906e-05
99.44187521934509
28.536303520202637
90.58722758293152
5.459785461425781e-05
68.57897186279297
89.2346498966217
11.916575193405151
34.41052985191345
206.319438457489
64.50214910507202
26.54685401916504
11.351616144180298
78.30272197723389
155.70978164672852
15.198594808578491
4.38690185546875e-05
18.749820470809937
62.94634246826172
13.56131911277771
4.410743713378906e-05
38.971715450286865
6.794929504394531e-05
4.506111145019531e-05
2.956390380859375e-05
19.007301092147827
141.34363317489624
4.4345855712890625e-05
26.23602795600891
128.01105499267578
29.41199827194214
4.443616151809692
50.85252904891968
37.821228981018066
6.67572021484375e-05
39.9812548160553
118.59407043457031
122.45469236373901
11.606960773468018
142.0870485305786
125.63456892967224
27.49562406539917
13.40695571899414
5.173683166503906e-05
8.720351934432983
34.66800785064697
5.53131103515625e-05
4.3392181396484375e-05
25.971912622451782
4.100799560546875e-05
55.02419090270996
5.078315734863281e-05
144.52184867858887
217.8928987979889
21.556286334991455
6.0558319091796875e-05
100.76736569404602
4.506111145019531e-05
5.507469177246094e-05
8.833412170410156
79.19339299201965
3.075599670410156e-05
23.664754390716553
233.73226165771484
32.88696885108948
18.0978844165802
11.786322832107544
122.36876916885376
146.5590672492981
7.367134094238281e-05
151.30357718467712
276.8389322757721
3.981590270996094e-05
3.170967102050781e-05
103.39164066314697
99.33517646789551
38.96704721450806
86.55540299415588
6.222724914550781e-05
25.47092032432556
224.63105154037476
21.7453453540802
3.7670135498046875e-05
96.49675559997559
4.1961669921875e-05
11.855493068695068
2.5272369384765625e-05
13.502224922180176
11.401420593261719
38.82872819900513
48.932350158691406
38.710915327072144
116.63920831680298
100.82991027832031
91.05095911026001
13.428297519683838
58.05478835105896
4.999954700469971
73.47109413146973
95.50559306144714
65.17648839950562
66.38908290863037
52.598923444747925
3.981590270996094e-05
4.00543212890625e-05
5.340576171875e-05
97.89977884292603
13.154953718185425
4.076957702636719e-05
89.23241710662842
63.295063972473145
12.702746391296387
11.247663021087646
123.43345618247986
3.5762786865234375e-05
3.600120544433594e-05
5.316734313964844e-05
6.270408630371094e-05
112.95286154747009
39.94715476036072
4.315376281738281e-05
12.717525005340576
13.949881792068481
38.629812240600586
3.838539123535156e-05
3.886222839355469e-05
35.84350800514221
100.54371237754822
13.406738519668579
23.35573434829712
238.86245894432068
3.886222839355469e-05
2.9802322387695312e-05
166.99432945251465
4.5299530029296875e-05
205.1614010334015
2.9802322387695312e-05
4.1961669921875e-05
41.0322539806366
24.775100708007812
151.43427205085754
2.86102294921875e-05
12.926726579666138
22.042823314666748
172.06843519210815
231.13976073265076
75.21621537208557
5.316734313964844e-05
2.9802322387695312e-05
25.270853281021118
0.00010943412780761719
192.70269393920898
5.53131103515625e-05
3.0279159545898438e-05
4.00543212890625e-05
260.32451605796814
3.266334533691406e-05
46.78893184661865
34.745025396347046
3.388686418533325
3.647804260253906e-05
90.3585467338562
70.18128657341003
3.123283386230469e-05
212.4771282672882
81.0849380493164
53.70172905921936
2.9325485229492188e-05
36.9322726726532
14.42475938796997
13.370130062103271
11.963703155517578
43.31328368186951
20.38325071334839
13.818749189376831
38.43767976760864
2.765655517578125e-05
11.559908866882324
132.21185994148254
22.088101387023926
48.556010007858276
68.04760384559631
4.553794860839844e-05
4.029273986816406e-05
2.1219253540039062e-05
51.79845881462097
3.457069396972656e-05
78.50149703025818
102.79195070266724
3.6716461181640625e-05
5.888938903808594e-05
2.6464462280273438e-05
4.1961669921875e-05
10.146484851837158
67.59730958938599
41.761672258377075
177.41376876831055
4.649162292480469e-05
35.429710388183594
44.562432527542114
102.78316712379456
4.3392181396484375e-05
56.5454306602478
96.13591837882996
153.6005425453186
140.08367276191711
4.05317759513855
3.764237403869629
2.8371810913085938e-05
3.24249267578125e-05
10.526886463165283
3.910064697265625e-05
9.226548671722412
26.961493253707886
4.124641418457031e-05
13.890192747116089
4.00543212890625e-05
7.033348083496094e-05
122.73090028762817
15.086681127548218
9.34600830078125e-05
5.9604644775390625e-05
247.47853827476501
3.743171691894531e-05
3.981590270996094e-05
159.95374035835266
56.98468351364136
80.62924814224243
63.95125102996826
73.93307995796204
27.24821710586548
131.26217126846313
8.821487426757812e-05
12.056105613708496
3.933906555175781e-05
146.31625390052795
21.803288221359253
6.103515625e-05
40.94946098327637
14.93687915802002
99.95277404785156
41.577388763427734
3.8623809814453125e-05
10.608041286468506
3.123283386230469e-05
3.361701965332031e-05
76.16184902191162
3.1948089599609375e-05
82.96844363212585
25.769593954086304
12.357582330703735
2.86102294921875e-05
3.695487976074219e-05
4.887580871582031e-05
3.409385681152344e-05
11.946864366531372
90.3047730922699
14.613983869552612
4.38690185546875e-05
213.82809114456177
6.270408630371094e-05
2.2411346435546875e-05
7.033348083496094e-05
3.8623809814453125e-05
10.027916669845581
13.393852233886719
11.110994577407837
4.696846008300781e-05
2.5272369384765625e-05
11.19364333152771
14.48381495475769
51.62013053894043
13.456427097320557
132.94428205490112
27.709340810775757
3.743171691894531e-05
26.700171947479248
2.4557113647460938e-05
125.69236636161804
13.861839771270752
4.363059997558594e-05
109.95453882217407
2.288818359375e-05
10.71324634552002
102.70540380477905
56.025195837020874
10.943413019180298
141.64458966255188
14.821746349334717
2.193450927734375e-05
4.100799560546875e-05
13.464868068695068
69.8846538066864
198.43749117851257
134.76365160942078
47.13021469116211
3.600120544433594e-05
3.695487976074219e-05
14.883912086486816
3.9577484130859375e-05
121.41289710998535
29.403675317764282
201.4771749973297
109.90847587585449
139.81398963928223
4.601478576660156e-05
200.95940518379211
3.457069396972656e-05
36.20402431488037
66.45739364624023
3.552436828613281e-05
28.404033422470093
179.9007043838501
131.01826190948486
89.12799406051636
75.49373316764832
2.765655517578125e-05
13.352770805358887
61.072023153305054
179.15249943733215
3.2901763916015625e-05
5.3882598876953125e-05
38.62158441543579
62.71789264678955
63.320085525512695
4.267692565917969e-05
4.124641418457031e-05
97.08326148986816
11.58872389793396
23.877795934677124
4.4345855712890625e-05
40.38332462310791
107.27292561531067
3.981590270996094e-05
40.384583711624146
79.43659162521362
144.5837435722351
22.670875549316406
230.5371334552765
51.20222473144531
50.592772245407104
76.60839176177979
34.34945487976074
21.15926504135132
2.5272369384765625e-05
2.9325485229492188e-05
2.5272369384765625e-05
51.01268744468689
3.266334533691406e-05
53.02189517021179
4.458427429199219e-05
4.3392181396484375e-05
3.075599670410156e-05
24.27050256729126
4.4345855712890625e-05
5.459785461425781e-05
86.05516409873962
5.0067901611328125e-05
9.88141131401062
7.724761962890625e-05
3.218650817871094e-05
2.86102294921875e-05
3.719329833984375e-05
4.267692565917969e-05
157.2626452445984
7.987022399902344e-05
3.8623809814453125e-05
13.189186096191406
64.68391489982605
50.84262824058533
119.13015508651733
27.486090660095215
63.341527700424194
167.78751850128174
25.91685724258423
4.315376281738281e-05
11.910401344299316
4.57763671875e-05
26.028987646102905
26.29853892326355
82.93189263343811
3.314018249511719e-05
4.887580871582031e-05
6.508827209472656e-05
11.735700607299805
4.2438507080078125e-05
5.364418029785156e-05
40.558223724365234
4.9114227294921875e-05
69.83371901512146
171.7357738018036
23.733620405197144
10.470756769180298
3.528594970703125e-05
78.93033862113953
3.337860107421875e-05
4.029273986816406e-05
4.4345855712890625e-05
3.337860107421875e-05
13.733893871307373
60.33473062515259
28.988304376602173
49.9609694480896
11.723461627960205
80.7496030330658
28.07697629928589
148.32979106903076
72.74937057495117
4.9591064453125e-05
28.853965520858765
78.67172074317932
12.848602056503296
26.50409245491028
4.482269287109375e-05
2.7179718017578125e-05
3.9577484130859375e-05
11.207963705062866
7.081031799316406e-05
4.482269287109375e-05
5.745887756347656e-05
5.125999450683594e-05
5.125999450683594e-05
64.93752193450928
164.74645829200745
35.58559727668762
119.59729504585266
10.104763269424438
11.810779333114624
10.025691032409668
2.6941299438476562e-05
5.221366882324219e-05
161.82107019424438
13.413442373275757
177.19267106056213
135.96228528022766
8.364955186843872
5.3882598876953125e-05
65.13848280906677
41.012775897979736
12.520589113235474
75.56096196174622
4.124641418457031e-05
5.412101745605469e-05
3.62396240234375e-05
4.3392181396484375e-05
54.23056602478027
176.0348207950592
154.09454321861267
23.35973811149597
2.9087066650390625e-05
13.736278772354126
5.4836273193359375e-05
80.91071105003357
209.6639060974121
121.55884528160095
103.92579340934753
2.956390380859375e-05
42.17190194129944
26.7429096698761
4.458427429199219e-05
4.267692565917969e-05
103.02497553825378
22.654897212982178
195.05212497711182
29.492173194885254
12.123998165130615
145.25858569145203
4.696846008300781e-05
99.01096725463867
43.74392819404602
138.47446846961975
3.170967102050781e-05
5.030632019042969e-05
129.46578884124756
191.70442414283752
31.433499813079834
21.681450843811035
28.412269115447998
57.34241032600403
36.461533546447754
27.88211417198181
51.41410851478577
91.30776262283325
103.66723299026489
2.8133392333984375e-05
2.7894973754882812e-05
105.84674382209778
4.2438507080078125e-05
23.177786827087402
3.0040740966796875e-05
3.504753112792969e-05
78.12007594108582
7.367134094238281e-05
10.538408041000366
204.07107543945312
42.4682092666626
4.00543212890625e-05
89.1186876296997
68.10747051239014
24.77517294883728
5.602836608886719e-05
2.8848648071289062e-05
4.172325134277344e-05
3.552436828613281e-05
10.469505548477173
40.30869770050049
12.04192066192627
4.57763671875e-05
78.45981287956238
122.94544649124146
37.49598670005798
59.46853709220886
4.482269287109375e-05
10.853169918060303
98.33551812171936
79.72029161453247
11.452479124069214
11.800560235977173
46.070926904678345
22.467517137527466
67.50358366966248
2.8848648071289062e-05
3.147125244140625e-05
4.887580871582031e-05
3.0279159545898438e-05
2.956390380859375e-05
3.337860107421875e-05
4.100799560546875e-05
5.340576171875e-05
6.079673767089844e-05
133.48449754714966
3.719329833984375e-05
84.45968413352966
3.62396240234375e-05
2.6226043701171875e-05
26.21207332611084
111.39830899238586
81.7805609703064
114.47561764717102
3.838539123535156e-05
3.075599670410156e-05
78.5183413028717
77.72008085250854
153.55620956420898
21.010761737823486
5.91278076171875e-05
33.07613515853882
63.14834809303284
96.24707341194153
129.1307373046875
79.22121834754944
3.314018249511719e-05
3.528594970703125e-05
10.458152770996094
2.5272369384765625e-05
89.3122889995575
25.025006532669067
4.2438507080078125e-05
11.925192832946777
45.7204065322876
4.100799560546875e-05
56.87409281730652
89.3643639087677
91.90482211112976
9.779011011123657
2.5987625122070312e-05
20.654245138168335
3.4332275390625e-05
3.62396240234375e-05
101.27878522872925
5.626678466796875e-05
4.0531158447265625e-05
4.117834806442261
59.16504693031311
13.34111762046814
3.838539123535156e-05
65.7158784866333
12.49719762802124
77.65144634246826
46.44179940223694
34.390305042266846
59.01193571090698
3.886222839355469e-05
3.8623809814453125e-05
12.968791484832764
4.649162292480469e-05
12.71296501159668
51.01831412315369
61.15106415748596
4.2438507080078125e-05
37.46900033950806
5.435943603515625e-05
182.51287078857422
4.076957702636719e-05
3.361701965332031e-05
13.066133260726929
64.59519672393799
96.86369514465332
49.72098422050476
126.06770038604736
18.499589443206787
0.00011396408081054688
3.2901763916015625e-05
4.220008850097656e-05
3.695487976074219e-05
26.95373558998108
4.267692565917969e-05
99.73446917533875
119.33641171455383
61.31349492073059
7.906586170196533
4.267692565917969e-05
3.552436828613281e-05
105.75936770439148
4.076957702636719e-05
46.12738633155823
84.61910128593445
63.64647054672241
81.51845049858093
184.42402458190918
2.574920654296875e-05
2.384185791015625e-05
4.029273986816406e-05
40.10808825492859
1.621246337890625e-05
151.93375539779663
20.003167152404785
39.82992768287659
112.71557641029358
4.0531158447265625e-05
75.09770059585571
52.0981707572937
10.324064493179321
5.412101745605469e-05
4.220008850097656e-05
121.43717980384827
22.158076524734497
4.100799560546875e-05
149.04183888435364
4.788716793060303
13.773646116256714
3.2901763916015625e-05
86.84520602226257
129.10812759399414
4.8160552978515625e-05
3.981590270996094e-05
3.910064697265625e-05
66.65609860420227
138.01239252090454
9.171687841415405
3.3855438232421875e-05
18.57405662536621
26.5954532623291
40.363332986831665
7.700920104980469e-05
114.8893632888794
9.627066612243652
20.689415216445923
28.495724201202393
3.314018249511719e-05
2.86102294921875e-05
36.078973054885864
24.56325078010559
11.544999361038208
4.482269287109375e-05
3.981590270996094e-05
13.64549207687378
167.7646918296814
88.89253091812134
4.410743713378906e-05
15.108465909957886
3.6716461181640625e-05
40.217411518096924
1.5020370483398438e-05
214.52878427505493
25.240453958511353
2.4557113647460938e-05
7.790536403656006
102.03229808807373
44.14870524406433
95.86476039886475
67.09054374694824
3.6716461181640625e-05
13.451972723007202
61.77224564552307
9.639698266983032
3.719329833984375e-05
103.83030986785889
66.97315192222595
39.89940404891968
143.30015063285828
116.11219048500061
55.14654326438904
3.1948089599609375e-05
22.03711247444153
3.218650817871094e-05
4.172325134277344e-05
3.552436828613281e-05
38.507245779037476
10.130370378494263
33.663151264190674
4.029273986816406e-05
5.650520324707031e-05
105.45174741744995
4.029273986816406e-05
38.470990896224976
14.892999410629272
16.846327543258667
1.3589859008789062e-05
1.8596649169921875e-05
76.94190335273743
3.910064697265625e-05
103.65232396125793
85.97597360610962
68.40886044502258
1.4066696166992188e-05
41.49065160751343
3.600120544433594e-05
20.56044578552246
40.40708136558533
3.9577484130859375e-05
18.989511013031006
3.0040740966796875e-05
3.218650817871094e-05
110.13709211349487
4.9591064453125e-05
125.78041958808899
7.53558349609375
4.124641418457031e-05
3.5762786865234375e-05
3.719329833984375e-05
44.693639039993286
19.415940046310425
81.08840417861938
70.27795910835266
15.400295972824097
69.59305024147034
23.98066020011902
4.124641418457031e-05
78.95601534843445
0.0002200603485107422
57.437830686569214
32.0626106262207
46.087571144104004
90.21766662597656
84.74292182922363
95.78924870491028
26.574969053268433
2.3126602172851562e-05
61.86598300933838
29.30512499809265
9.839255571365356
20.296781301498413
10.513152837753296
52.27213144302368
8.771525382995605
34.298949003219604
86.60134434700012
160.35242319107056
93.6961944103241
95.52384948730469
1.33514404296875e-05
21.812081336975098
1.52587890625e-05
2.7179718017578125e-05
128.71271514892578
1.1205673217773438e-05
24.065255641937256
7.411430835723877
3.981590270996094e-05
2.8848648071289062e-05
1.7404556274414062e-05
10.012899398803711
32.29625177383423
4.7206878662109375e-05
20.046971797943115
3.814697265625e-05
3.647804260253906e-05
3.5762786865234375e-05
20.977643489837646
9.718289852142334
175.30852603912354
81.58555889129639
6.21487021446228
6.7123682498931885
1.5020370483398438e-05
2.5987625122070312e-05
2.86102294921875e-05
5.364418029785156e-05
3.361701965332031e-05
126.80346775054932
14.692824602127075
