58.73345375061035
41.608171463012695
27.59733271598816
13.336174726486206
22.130147218704224
25.367281436920166
63.95068645477295
5.316734313964844e-05
38.586674451828
12.982757568359375
2.5987625122070312e-05
2.7418136596679688e-05
26.42861795425415
4.220008850097656e-05
23.891825914382935
52.24189567565918
25.41149592399597
51.019885540008545
63.51188564300537
11.812086343765259
38.103275537490845
0.00010156631469726562
52.05926465988159
81.91594052314758
22.919994354248047
22.61305856704712
3.814697265625e-05
11.436992883682251
37.83596849441528
28.123088359832764
53.141093730926514
35.7773916721344
14.253307104110718
52.388922691345215
6.556510925292969e-05
22.397698402404785
14.686431407928467
13.683870315551758
14.254772186279297
53.846418380737305
26.942367792129517
11.53392744064331
75.5057783126831
8.893013000488281e-05
35.835954666137695
54.3766450881958
67.76383566856384
9.775161743164062e-05
5.364418029785156e-05
35.23582410812378
3.504753112792969e-05
41.064589977264404
12.320780038833618
64.850750207901
21.997233390808105
4.291534423828125e-05
37.64847993850708
13.36235761642456
25.130831956863403
27.9587984085083
13.482717990875244
26.644145727157593
24.557114362716675
7.009506225585938e-05
2.7418136596679688e-05
50.153239011764526
28.126837968826294
25.940897226333618
14.207505941390991
6.556510925292969e-05
59.43154835700989
13.913875579833984
0.00010919570922851562
3.8623809814453125e-05
3.123283386230469e-05
25.028015851974487
27.412298440933228
7.462501525878906e-05
39.05700325965881
0.00013637542724609375
13.393086910247803
3.0279159545898438e-05
9.131431579589844e-05
14.21124005317688
20.77437710762024
3.0517578125e-05
13.347586870193481
4.673004150390625e-05
67.02681851387024
14.925468921661377
14.013108253479004
0.000102996826171875
34.78355169296265
25.54137349128723
42.36412572860718
11.614124298095703
24.116326570510864
36.44147324562073
6.437301635742188e-05
37.33905005455017
26.524874448776245
12.436481952667236
50.94163966178894
34.21089291572571
4.076957702636719e-05
6.198883056640625e-05
37.08784317970276
40.08518576622009
12.516306400299072
25.440558195114136
5.316734313964844e-05
4.562454462051392
0.00012183189392089844
1.9550323486328125e-05
35.798506021499634
3.0517578125e-05
6.461143493652344e-05
84.44028615951538
36.81002759933472
63.732584953308105
62.57555079460144
56.028499364852905
4.1961669921875e-05
6.628036499023438e-05
3.0040740966796875e-05
54.992162227630615
7.176399230957031e-05
9.000005006790161
5.078315734863281e-05
65.87388372421265
0.00038623809814453125
38.53173494338989
11.853177785873413
7.772445678710938e-05
79.65493440628052
8.96453857421875e-05
66.17978239059448
13.87945294380188
3.266334533691406e-05
58.26491856575012
6.985664367675781e-05
38.0667507648468
6.151199340820312e-05
27.32024073600769
14.153611660003662
68.26049518585205
36.00185823440552
19.521081686019897
25.91609215736389
80.64570784568787
28.187076091766357
6.29425048828125e-05
35.27216339111328
4.029273986816406e-05
63.99261546134949
56.02480411529541
4.902123928070068
14.30241084098816
4.1961669921875e-05
0.0002505779266357422
4.3392181396484375e-05
9.250640869140625e-05
2.6702880859375e-05
33.94200897216797
4.887580871582031e-05
4.891549348831177
7.796287536621094e-05
5.173683166503906e-05
9.993605375289917
3.528594970703125e-05
13.404232025146484
15.07654070854187
12.02698040008545
4.029273986816406e-05
12.97020435333252
36.381365060806274
24.58841562271118
50.94142746925354
77.78937411308289
3.600120544433594e-05
4.100799560546875e-05
24.651859998703003
6.580352783203125e-05
3.62396240234375e-05
4.673004150390625e-05
2.6702880859375e-05
39.31374478340149
35.91742992401123
39.961873292922974
9.961769819259644
42.77952861785889
39.45266652107239
49.76825451850891
36.733579874038696
14.198304414749146
7.081031799316406e-05
6.747245788574219e-05
60.892648458480835
38.85798740386963
4.124641418457031e-05
25.30116295814514
3.838539123535156e-05
37.2869336605072
7.605552673339844e-05
77.31794762611389
76.62348127365112
3.7670135498046875e-05
6.866455078125e-05
3.8623809814453125e-05
57.425737380981445
22.36427903175354
55.03799533843994
5.817413330078125e-05
48.96591091156006
35.33505201339722
4.890143156051636
32.97333574295044
50.088775634765625
28.775813341140747
27.07859444618225
11.124579668045044
55.94683814048767
22.515681982040405
13.049180269241333
5.030632019042969e-05
9.958711862564087
37.33688569068909
12.373336791992188
4.100799560546875e-05
26.45839238166809
5.626678466796875e-05
5.936622619628906e-05
3.24249267578125e-05
22.08515167236328
55.2669517993927
4.935264587402344e-05
12.322346925735474
64.9003643989563
23.565967321395874
13.959154605865479
36.97475218772888
25.47219681739807
6.532669067382812e-05
22.61029887199402
58.93694257736206
22.220702409744263
13.229080200195312
40.44911789894104
55.29846477508545
22.602224349975586
13.523609161376953
4.506111145019531e-05
9.324079275131226
26.22153091430664
7.462501525878906e-05
5.91278076171875e-05
28.835731983184814
5.2928924560546875e-05
38.25276517868042
5.841255187988281e-05
34.8010470867157
42.004035234451294
26.535701274871826
5.340576171875e-05
63.15994310379028
6.723403930664062e-05
4.76837158203125e-05
10.722025394439697
26.113709449768066
5.054473876953125e-05
24.607673168182373
52.73049306869507
36.97877240180969
21.448834896087646
13.743183851242065
39.35277557373047
76.96588277816772
3.147125244140625e-05
24.003121614456177
37.770222663879395
2.8133392333984375e-05
2.765655517578125e-05
39.52595806121826
64.22107315063477
5.359789133071899
30.46416997909546
4.0531158447265625e-05
25.267696380615234
52.19619607925415
21.1151704788208
4.3392181396484375e-05
63.96905970573425
3.123283386230469e-05
12.464902400970459
3.266334533691406e-05
12.711189270019531
13.563111543655396
25.48151659965515
36.882683515548706
23.100083351135254
40.32595729827881
56.87644338607788
56.014254331588745
13.370574712753296
5.138864994049072
13.105417490005493
53.20597863197327
52.57925319671631
40.96447730064392
26.665070056915283
31.62889289855957
4.2438507080078125e-05
5.316734313964844e-05
4.315376281738281e-05
53.5170156955719
13.66280746459961
4.029273986816406e-05
52.581998109817505
48.592857122421265
11.316757917404175
13.593477964401245
28.289825916290283
2.1219253540039062e-05
3.2901763916015625e-05
3.0040740966796875e-05
5.7697296142578125e-05
73.17771029472351
54.116265058517456
5.412101745605469e-05
14.220609188079834
12.08451223373413
26.659602165222168
6.4849853515625e-05
3.528594970703125e-05
34.712140798568726
55.51318335533142
12.018908262252808
12.39375114440918
72.50612115859985
3.981590270996094e-05
5.245208740234375e-05
79.28806686401367
4.863739013671875e-05
36.98117804527283
5.316734313964844e-05
4.029273986816406e-05
23.850393772125244
26.38007688522339
26.41329526901245
3.910064697265625e-05
12.414380311965942
23.48618221282959
51.474308490753174
53.213249921798706
37.09689235687256
0.0001246929168701172
4.124641418457031e-05
27.572906494140625
3.719329833984375e-05
40.165416955947876
7.104873657226562e-05
5.8650970458984375e-05
5.936622619628906e-05
66.55396580696106
2.9325485229492188e-05
11.316086530685425
21.497503757476807
4.855997323989868
6.175041198730469e-05
53.5881462097168
38.43555688858032
2.7894973754882812e-05
44.971179246902466
49.35715341567993
40.09264135360718
6.723403930664062e-05
27.556332111358643
12.61475682258606
10.032533168792725
12.643916130065918
38.68225359916687
26.187203884124756
11.543307065963745
25.163984537124634
4.673004150390625e-05
13.209930896759033
22.912153720855713
23.358986854553223
40.113200664520264
51.86318635940552
4.506111145019531e-05
6.651878356933594e-05
3.0994415283203125e-05
31.99206781387329
0.0008876323699951172
52.61257338523865
53.111825704574585
5.602836608886719e-05
6.556510925292969e-05
5.0067901611328125e-05
4.100799560546875e-05
27.346709966659546
39.845290660858154
25.47403359413147
52.68319845199585
4.38690185546875e-05
31.651273488998413
38.40429711341858
65.32667255401611
6.198883056640625e-05
12.343134641647339
47.740758419036865
63.78069067001343
37.17054224014282
10.59728717803955
12.09451937675476
6.937980651855469e-05
8.893013000488281e-05
12.67098093032837
4.100799560546875e-05
11.759597063064575
26.353211164474487
7.82012939453125e-05
11.806040287017822
8.177757263183594e-05
3.504753112792969e-05
52.61888337135315
14.80832576751709
5.698204040527344e-05
5.078315734863281e-05
69.5689582824707
4.744529724121094e-05
3.0279159545898438e-05
26.77705717086792
47.03121376037598
51.41707181930542
37.682379484176636
12.216559171676636
24.654958486557007
21.838006496429443
7.295608520507812e-05
10.304095029830933
1.7881393432617188e-05
76.26042199134827
12.564217567443848
4.100799560546875e-05
27.4988009929657
11.914691686630249
66.86907315254211
26.47630023956299
3.981590270996094e-05
12.504040956497192
4.5299530029296875e-05
5.054473876953125e-05
26.286254167556763
5.221366882324219e-05
50.10112643241882
24.053271293640137
12.393473863601685
2.574920654296875e-05
4.482269287109375e-05
6.0558319091796875e-05
2.5510787963867188e-05
10.876596450805664
61.15052795410156
13.880471229553223
4.172325134277344e-05
80.58487820625305
4.291534423828125e-05
2.1219253540039062e-05
3.409385681152344e-05
2.3365020751953125e-05
15.589702129364014
13.873471736907959
12.30363392829895
5.245208740234375e-05
2.8848648071289062e-05
13.351359605789185
12.04457974433899
39.67147159576416
4.216146945953369
78.17518997192383
24.37486457824707
3.814697265625e-05
13.085114002227783
3.814697265625e-05
82.36362862586975
11.343564510345459
6.079673767089844e-05
50.61144208908081
3.0517578125e-05
12.781871795654297
67.50975823402405
39.88448667526245
11.939021587371826
12.073904752731323
10.301766395568848
4.792213439941406e-05
4.792213439941406e-05
12.365963220596313
4.248653888702393
67.10266041755676
66.42616009712219
32.80215358734131
3.4809112548828125e-05
4.124641418457031e-05
15.600695610046387
4.267692565917969e-05
52.03145408630371
27.495405912399292
62.046080589294434
68.50029277801514
68.1312358379364
3.4809112548828125e-05
70.31786918640137
4.601478576660156e-05
19.407219409942627
18.583038330078125
2.7894973754882812e-05
24.76126456260681
48.70277190208435
60.86146378517151
46.543139934539795
48.49120092391968
4.220008850097656e-05
12.549234867095947
26.571878671646118
62.55578875541687
4.172325134277344e-05
0.00012373924255371094
22.26333451271057
33.5195038318634
38.22494673728943
5.0067901611328125e-05
2.7418136596679688e-05
64.91172313690186
4.243417978286743
12.076790571212769
2.3603439331054688e-05
37.91597604751587
47.88360333442688
3.743171691894531e-05
27.106194496154785
42.34051537513733
9.687233448028564
9.922629833221436
27.529212713241577
37.92754554748535
38.91442632675171
35.83710598945618
21.83489751815796
19.354872703552246
6.341934204101562e-05
2.86102294921875e-05
3.62396240234375e-05
40.36195349693298
3.123283386230469e-05
40.637619733810425
3.409385681152344e-05
7.605552673339844e-05
3.647804260253906e-05
13.203505516052246
5.1975250244140625e-05
4.00543212890625e-05
55.342328786849976
4.553794860839844e-05
4.173262119293213
2.9087066650390625e-05
5.3882598876953125e-05
5.316734313964844e-05
7.963180541992188e-05
6.103515625e-05
41.46409487724304
6.318092346191406e-05
0.00020551681518554688
13.69725251197815
55.62904191017151
25.074193000793457
25.37936782836914
23.655840635299683
38.63381838798523
63.83876824378967
13.760803461074829
5.245208740234375e-05
12.485491514205933
7.009506225585938e-05
24.6044762134552
20.18644428253174
55.5892698764801
4.172325134277344e-05
5.1975250244140625e-05
4.029273986816406e-05
5.468830108642578
4.57763671875e-05
4.9591064453125e-05
27.284557580947876
4.291534423828125e-05
39.2426073551178
28.16995120048523
21.948519945144653
10.031284809112549
2.1696090698242188e-05
53.607592821121216
6.198883056640625e-05
5.626678466796875e-05
6.580352783203125e-05
5.53131103515625e-05
12.13438105583191
49.56478929519653
24.185980081558228
51.27692770957947
5.245441436767578
41.420793533325195
19.779940128326416
28.282650232315063
36.63156723976135
3.314018249511719e-05
27.576356172561646
55.755269050598145
12.708125114440918
10.615975379943848
3.647804260253906e-05
4.3392181396484375e-05
4.029273986816406e-05
13.061649799346924
3.9577484130859375e-05
3.790855407714844e-05
4.3392181396484375e-05
4.553794860839844e-05
6.413459777832031e-05
53.986103534698486
13.823594093322754
34.55380034446716
50.5439875125885
9.05162239074707
3.422635793685913
9.407332181930542
3.0994415283203125e-05
5.125999450683594e-05
41.31556057929993
13.774275064468384
47.06263446807861
59.867512941360474
9.428419828414917
2.9087066650390625e-05
43.03105425834656
24.74660301208496
12.244497776031494
42.47260093688965
4.267692565917969e-05
3.790855407714844e-05
3.504753112792969e-05
3.361701965332031e-05
40.318028688430786
71.98209857940674
40.2434766292572
19.82030177116394
2.5510787963867188e-05
13.276055812835693
4.8160552978515625e-05
13.36274242401123
24.762256145477295
65.85918617248535
49.29403638839722
3.337860107421875e-05
27.561271905899048
27.378671646118164
3.8623809814453125e-05
7.62939453125e-05
43.74691081047058
20.73401165008545
59.13649606704712
28.222465991973877
24.050650119781494
67.87863111495972
4.673004150390625e-05
38.54396653175354
27.26587677001953
17.50849485397339
4.1961669921875e-05
0.0002448558807373047
81.54390931129456
50.73683285713196
28.59218740463257
9.271508693695068
17.804519414901733
38.558185338974
33.957523345947266
11.900936126708984
29.733705282211304
39.078871726989746
36.23454475402832
4.673004150390625e-05
3.5762786865234375e-05
26.401801586151123
3.170967102050781e-05
26.0837504863739
0.00010728836059570312
3.981590270996094e-05
43.82896614074707
3.361701965332031e-05
12.68718433380127
36.880542278289795
23.91561222076416
4.029273986816406e-05
50.05047369003296
38.361146688461304
24.06657314300537
4.76837158203125e-05
7.843971252441406e-05
5.650520324707031e-05
3.0279159545898438e-05
13.28839111328125
23.026911735534668
11.229397535324097
5.054473876953125e-05
46.8262460231781
51.85649275779724
20.20362114906311
28.359130859375
2.574920654296875e-05
15.178043842315674
61.67932486534119
39.09284448623657
9.425495624542236
9.454009056091309
27.427317142486572
8.46385407447815
51.80866551399231
4.100799560546875e-05
3.9577484130859375e-05
6.508827209472656e-05
7.343292236328125e-05
4.76837158203125e-05
3.6716461181640625e-05
3.457069396972656e-05
2.7894973754882812e-05
3.337860107421875e-05
62.004432916641235
3.075599670410156e-05
40.04942607879639
5.7697296142578125e-05
2.765655517578125e-05
25.064722299575806
45.52515482902527
19.67125177383423
19.366023778915405
4.1961669921875e-05
4.5299530029296875e-05
36.299103021621704
4.289812088012695
51.3503212928772
9.309836626052856
4.6253204345703125e-05
9.592555284500122
37.718958377838135
60.68874454498291
39.13389778137207
37.21590256690979
6.270408630371094e-05
4.982948303222656e-05
8.871805667877197
1.8835067749023438e-05
36.45863461494446
21.43037438392639
3.5762786865234375e-05
12.379571437835693
22.076098918914795
3.9577484130859375e-05
18.903358221054077
33.13686919212341
39.42549276351929
8.979082584381104
3.719329833984375e-05
9.430494785308838
6.651878356933594e-05
3.933906555175781e-05
11.015953779220581
3.886222839355469e-05
3.4809112548828125e-05
10.884568214416504
30.086371898651123
8.556764841079712
4.4345855712890625e-05
11.522764921188354
10.573007345199585
40.66517114639282
28.95987820625305
18.267915964126587
36.55031371116638
4.38690185546875e-05
3.743171691894531e-05
11.023920774459839
4.029273986816406e-05
9.390068292617798
10.182749271392822
39.03932237625122
4.935264587402344e-05
20.1653995513916
4.792213439941406e-05
58.76591753959656
0.00020599365234375
4.1484832763671875e-05
9.660820245742798
35.15165948867798
48.79989051818848
29.851097106933594
36.092068672180176
19.28942847251892
4.1484832763671875e-05
3.600120544433594e-05
4.1961669921875e-05
3.3855438232421875e-05
10.174356698989868
4.4345855712890625e-05
29.20735216140747
37.86161732673645
46.08012127876282
9.659140825271606
2.7894973754882812e-05
4.744529724121094e-05
19.970065593719482
7.724761962890625e-05
19.551248788833618
18.79986000061035
37.15683674812317
9.694790840148926
48.89016604423523
4.76837158203125e-05
3.910064697265625e-05
5.030632019042969e-05
28.36808156967163
4.2438507080078125e-05
49.36646771430969
18.40987253189087
28.1302809715271
36.6209032535553
3.504753112792969e-05
19.790682077407837
39.13685488700867
10.198732852935791
3.886222839355469e-05
3.7670135498046875e-05
59.92451858520508
9.682389259338379
2.9325485229492188e-05
55.69218397140503
10.20815896987915
10.106517791748047
6.222724914550781e-05
29.263781785964966
20.621670722961426
3.337860107421875e-05
3.790855407714844e-05
1.9788742065429688e-05
40.35238981246948
38.055235385894775
9.753035306930542
3.814697265625e-05
8.532080173492432
17.646435022354126
20.066893100738525
4.482269287109375e-05
60.58834910392761
8.762372493743896
16.872719764709473
19.710412979125977
3.910064697265625e-05
2.6226043701171875e-05
19.560823440551758
10.02724289894104
3.2962734699249268
4.172325134277344e-05
4.315376281738281e-05
9.548493146896362
29.178563117980957
47.06702160835266
4.4345855712890625e-05
16.57697868347168
3.9577484130859375e-05
21.374082803726196
3.910064697265625e-05
19.456464767456055
19.46138024330139
4.267692565917969e-05
9.24344778060913
55.86231184005737
39.178696393966675
54.99037551879883
30.148125410079956
8.296966552734375e-05
9.664889812469482
37.78836107254028
8.366883277893066
5.841255187988281e-05
40.93814516067505
39.003406047821045
18.190663814544678
28.407577991485596
19.76042914390564
18.147510051727295
4.601478576660156e-05
18.492989540100098
2.8371810913085938e-05
4.291534423828125e-05
3.528594970703125e-05
19.361047744750977
9.411035060882568
18.61379623413086
5.793571472167969e-05
3.337860107421875e-05
28.371685028076172
4.0531158447265625e-05
27.074320077896118
8.51534104347229
19.11104917526245
4.982948303222656e-05
3.0517578125e-05
39.10533332824707
4.601478576660156e-05
47.6901478767395
57.06505727767944
35.77049279212952
4.267692565917969e-05
19.349595069885254
4.315376281738281e-05
18.429010152816772
25.512656211853027
2.2649765014648438e-05
20.255932331085205
3.4809112548828125e-05
2.8133392333984375e-05
47.753116607666016
3.409385681152344e-05
32.636335611343384
9.805458307266235
3.337860107421875e-05
3.337860107421875e-05
2.2649765014648438e-05
19.317660093307495
9.818785667419434
26.403527975082397
49.02618479728699
18.37783670425415
18.129092693328857
18.83257508277893
3.337860107421875e-05
35.00675392150879
5.030632019042969e-05
52.89686632156372
27.367499113082886
45.13364243507385
45.348360776901245
8.610620021820068
60.59505915641785
27.7301504611969
3.337860107421875e-05
17.45323133468628
37.94013333320618
9.41196894645691
17.974838495254517
8.549158096313477
29.692283153533936
9.738168954849243
28.796918630599976
18.320459127426147
19.487208366394043
48.12203574180603
38.38205337524414
4.649162292480469e-05
18.175827980041504
2.574920654296875e-05
3.886222839355469e-05
34.822433948516846
3.695487976074219e-05
18.113226175308228
10.958906412124634
6.914138793945312e-05
4.649162292480469e-05
3.8623809814453125e-05
3.2890334129333496
18.339463233947754
2.193450927734375e-05
16.959430932998657
4.410743713378906e-05
3.695487976074219e-05
4.315376281738281e-05
8.712517738342285
9.130502223968506
36.934051275253296
57.54420709609985
7.811366081237793
8.520445823669434
3.1948089599609375e-05
2.765655517578125e-05
3.600120544433594e-05
3.170967102050781e-05
3.552436828613281e-05
26.591938018798828
2.9317574501037598
