95.66579842567444
52.18193435668945
25.63575005531311
12.47490119934082
45.0125527381897
43.73733186721802
151.67361664772034
6.103515625e-05
45.80337309837341
14.697629690170288
3.814697265625e-05
4.172325134277344e-05
27.02382779121399
4.0531158447265625e-05
28.13561463356018
114.04615950584412
21.929258346557617
73.33927011489868
130.4605917930603
12.455935716629028
70.19290518760681
6.175041198730469e-05
133.92316150665283
153.26194763183594
86.20370149612427
45.8121452331543
4.363059997558594e-05
12.302295684814453
86.76206421852112
110.57577800750732
73.92953658103943
44.84987950325012
12.795680046081543
64.85662794113159
3.8623809814453125e-05
22.576430320739746
13.849470853805542
19.75892448425293
14.778318405151367
104.85816788673401
27.500653743743896
24.516801118850708
140.95608687400818
3.600120544433594e-05
46.157708168029785
54.07692241668701
56.31846213340759
3.0279159545898438e-05
4.291534423828125e-05
62.636698722839355
5.245208740234375e-05
54.99771165847778
31.538466215133667
69.77315664291382
47.09572958946228
7.605552673339844e-05
136.19643807411194
13.890651941299438
39.98490381240845
44.304495096206665
26.225943326950073
39.09945750236511
19.912888288497925
6.890296936035156e-05
3.504753112792969e-05
82.83348631858826
71.96792411804199
45.874573707580566
13.85458755493164
4.315376281738281e-05
185.69304656982422
10.723082304000854
5.817413330078125e-05
2.8133392333984375e-05
2.7418136596679688e-05
136.7928113937378
36.345688819885254
5.936622619628906e-05
45.42698073387146
7.534027099609375e-05
72.78515386581421
4.673004150390625e-05
2.5272369384765625e-05
13.080710411071777
85.24076247215271
5.364418029785156e-05
12.852028369903564
5.698204040527344e-05
172.14890313148499
12.033838033676147
14.147371053695679
4.863739013671875e-05
47.97470235824585
30.241825819015503
81.74986743927002
10.621365785598755
59.954537868499756
32.44643425941467
5.602836608886719e-05
42.1515371799469
137.95520901679993
79.22902274131775
63.17687273025513
45.56938672065735
4.363059997558594e-05
5.698204040527344e-05
143.51637935638428
44.970714807510376
26.59380555152893
46.29566788673401
4.124641418457031e-05
27.735764026641846
7.367134094238281e-05
3.0040740966796875e-05
32.12885928153992
4.38690185546875e-05
4.363059997558594e-05
150.2906711101532
47.277650117874146
88.36639261245728
112.92618203163147
133.28257966041565
4.863739013671875e-05
4.482269287109375e-05
5.125999450683594e-05
83.5595018863678
6.341934204101562e-05
14.773442029953003
4.2438507080078125e-05
86.58707618713379
4.2438507080078125e-05
143.76803469657898
11.918632745742798
5.054473876953125e-05
184.76994943618774
0.0001571178436279297
150.12795114517212
14.260208129882812
5.650520324707031e-05
133.49176168441772
5.5789947509765625e-05
99.00549101829529
4.57763671875e-05
23.21136999130249
15.12068486213684
91.74820232391357
61.12048411369324
24.831316471099854
23.54105830192566
294.85107493400574
25.098960638046265
5.14984130859375e-05
74.17416191101074
4.458427429199219e-05
189.41346883773804
93.54241299629211
30.923677444458008
5.489097356796265
4.076957702636719e-05
0.0002396106719970703
2.9087066650390625e-05
7.867813110351562e-05
4.76837158203125e-05
61.97649955749512
3.695487976074219e-05
29.48257851600647
7.462501525878906e-05
0.0001373291015625
27.133305311203003
3.314018249511719e-05
13.648823022842407
14.115500688552856
15.51276445388794
5.7220458984375e-05
25.41961121559143
61.417245864868164
21.83855628967285
47.71484446525574
120.86941957473755
6.699562072753906e-05
6.604194641113281e-05
39.0419442653656
6.246566772460938e-05
3.1948089599609375e-05
4.172325134277344e-05
4.220008850097656e-05
142.11740827560425
64.9239182472229
52.295055866241455
14.829611778259277
141.92167234420776
61.15966463088989
123.81400108337402
51.20862126350403
14.637606143951416
4.553794860839844e-05
4.839897155761719e-05
140.11537885665894
139.31232070922852
2.8371810913085938e-05
26.111350536346436
4.4345855712890625e-05
62.05791926383972
6.29425048828125e-05
135.44311690330505
145.20946145057678
3.886222839355469e-05
4.220008850097656e-05
3.9577484130859375e-05
100.55641102790833
36.90335774421692
73.21078705787659
4.1961669921875e-05
57.5004141330719
92.65704560279846
13.143562078475952
47.627392292022705
190.59336137771606
72.25708246231079
14.47589898109436
10.965780973434448
85.43205833435059
137.51132130622864
12.148978471755981
5.888938903808594e-05
22.344099283218384
70.326651096344
13.256815671920776
5.7697296142578125e-05
32.95256233215332
4.792213439941406e-05
6.461143493652344e-05
3.0994415283203125e-05
32.23535490036011
131.16439485549927
5.245208740234375e-05
27.68258500099182
123.15963435173035
35.5328004360199
5.494262218475342
55.65819978713989
41.50323414802551
0.0001430511474609375
42.77472710609436
98.58817195892334
116.46788620948792
14.913641929626465
169.78317189216614
134.73678708076477
24.838252305984497
12.477524995803833
5.173683166503906e-05
13.213916301727295
47.1804461479187
5.054473876953125e-05
4.291534423828125e-05
29.156030893325806
4.363059997558594e-05
46.93995213508606
6.318092346191406e-05
135.58616256713867
194.46580028533936
29.88949990272522
6.0558319091796875e-05
100.22045373916626
4.8160552978515625e-05
5.626678466796875e-05
16.1920006275177
86.58725929260254
4.2438507080078125e-05
28.96496033668518
200.58713269233704
37.315428495407104
24.49981164932251
13.656871318817139
148.01250672340393
152.4334363937378
3.1948089599609375e-05
121.55906414985657
174.05611753463745
4.124641418457031e-05
0.0002562999725341797
101.44207215309143
95.30927062034607
26.9770770072937
116.49645161628723
4.00543212890625e-05
32.678661823272705
162.47639083862305
20.937312126159668
8.988380432128906e-05
93.4842700958252
4.0531158447265625e-05
14.8001868724823
2.765655517578125e-05
15.879881143569946
15.599225759506226
35.927181243896484
57.77621507644653
40.22049880027771
153.67799592018127
109.75021886825562
97.37462377548218
9.843327522277832
23.059950590133667
4.157301425933838
62.70970010757446
86.14069247245789
52.97910451889038
58.766849517822266
50.95353817939758
4.029273986816406e-05
4.100799560546875e-05
4.124641418457031e-05
124.07799959182739
13.102821111679077
4.363059997558594e-05
87.43680882453918
87.74445700645447
9.287784814834595
12.385795593261719
112.1351408958435
2.5510787963867188e-05
4.1961669921875e-05
4.00543212890625e-05
5.340576171875e-05
97.32338118553162
45.0388126373291
4.0531158447265625e-05
13.926149845123291
14.990153312683105
24.443774700164795
4.4345855712890625e-05
4.1484832763671875e-05
35.66289925575256
96.04271030426025
14.862523317337036
30.584335565567017
252.18848729133606
3.981590270996094e-05
4.1961669921875e-05
139.5371413230896
1.5974044799804688e-05
149.5447657108307
4.220008850097656e-05
4.1961669921875e-05
33.96374821662903
22.06084108352661
125.59172582626343
3.838539123535156e-05
12.505266904830933
23.502583503723145
194.71142029762268
164.58105278015137
46.761205196380615
4.601478576660156e-05
4.8160552978515625e-05
27.432157516479492
3.218650817871094e-05
141.76441621780396
4.00543212890625e-05
4.506111145019531e-05
3.5762786865234375e-05
201.26702880859375
2.86102294921875e-05
71.28389048576355
42.63621950149536
15.656681776046753
6.604194641113281e-05
93.70536470413208
47.759727239608765
6.29425048828125e-05
235.62881875038147
71.10734581947327
40.4019935131073
3.147125244140625e-05
37.52231168746948
9.285595655441284
15.217932224273682
13.379486560821533
53.14291191101074
27.910371780395508
13.309306621551514
43.209978342056274
4.5299530029296875e-05
15.113516569137573
127.55879092216492
24.974313259124756
47.9864182472229
54.260234117507935
0.0001266002655029297
4.410743713378906e-05
5.602836608886719e-05
47.0131733417511
2.6464462280273438e-05
67.9400041103363
111.86674094200134
4.506111145019531e-05
3.9577484130859375e-05
2.8371810913085938e-05
3.814697265625e-05
11.333828687667847
58.784279346466064
45.22608041763306
140.59513473510742
5.793571472167969e-05
31.185071229934692
44.82134819030762
104.89385795593262
4.1961669921875e-05
38.330841302871704
87.98625874519348
103.93717575073242
114.4028947353363
5.486343860626221
4.90801739692688
3.266334533691406e-05
5.078315734863281e-05
10.914700984954834
9.632110595703125e-05
15.920292377471924
27.13214683532715
4.8160552978515625e-05
10.456584215164185
5.14984130859375e-05
3.790855407714844e-05
111.3567590713501
12.362318754196167
6.437301635742188e-05
2.86102294921875e-05
215.4186680316925
4.38690185546875e-05
4.9591064453125e-05
135.76023602485657
70.10096192359924
74.10889530181885
55.57574677467346
44.522212266922
19.77267360687256
75.9271547794342
3.337860107421875e-05
14.472907543182373
4.2438507080078125e-05
113.92882442474365
23.859836101531982
4.458427429199219e-05
33.474531412124634
10.758621215820312
104.58406376838684
32.901204109191895
3.886222839355469e-05
13.490456581115723
3.695487976074219e-05
3.933906555175781e-05
70.70708799362183
3.170967102050781e-05
63.66563034057617
21.88466763496399
11.513903856277466
4.7206878662109375e-05
5.53131103515625e-05
2.9087066650390625e-05
3.1948089599609375e-05
15.20446228981018
96.82538175582886
14.635109663009644
3.266334533691406e-05
175.03275299072266
6.246566772460938e-05
3.457069396972656e-05
4.601478576660156e-05
4.458427429199219e-05
10.587124824523926
12.206731081008911
11.715704679489136
4.4345855712890625e-05
5.364418029785156e-05
10.61182451248169
15.837094068527222
41.490883111953735
5.4814934730529785
116.7628345489502
22.523986101150513
2.8133392333984375e-05
31.794605493545532
4.4345855712890625e-05
107.75205397605896
4.975409507751465
4.029273986816406e-05
80.94488096237183
2.765655517578125e-05
12.711703300476074
91.51989555358887
35.51567053794861
4.431358575820923
73.39237642288208
8.757001161575317
3.337860107421875e-05
7.295608520507812e-05
12.487666130065918
28.529741048812866
155.54562854766846
93.65177488327026
36.17809510231018
3.981590270996094e-05
6.914138793945312e-05
14.92440676689148
3.814697265625e-05
115.23348665237427
26.69586491584778
140.52512550354004
79.40221428871155
117.59624314308167
3.647804260253906e-05
132.08101296424866
5.316734313964844e-05
29.373412609100342
71.81581425666809
3.0994415283203125e-05
25.288091897964478
130.6032543182373
96.50830793380737
64.27981662750244
71.86409521102905
4.696846008300781e-05
14.952377319335938
37.10703110694885
142.13313126564026
2.6941299438476562e-05
6.961822509765625e-05
30.573895931243896
47.31834030151367
42.46678709983826
2.7418136596679688e-05
4.00543212890625e-05
63.93476700782776
13.401986122131348
18.452956438064575
2.4557113647460938e-05
41.18609619140625
93.60634350776672
3.743171691894531e-05
33.61823558807373
59.46614933013916
86.25275135040283
9.022939682006836
151.6885838508606
55.77976655960083
28.189842700958252
55.77426862716675
28.27329134941101
18.690184116363525
1.3113021850585938e-05
2.3603439331054688e-05
6.103515625e-05
50.87434101104736
4.506111145019531e-05
46.702280044555664
7.772445678710938e-05
5.340576171875e-05
4.1484832763671875e-05
20.61824917793274
4.315376281738281e-05
5.030632019042969e-05
68.07014870643616
5.626678466796875e-05
8.211565732955933
2.7894973754882812e-05
4.8160552978515625e-05
5.650520324707031e-05
4.982948303222656e-05
4.506111145019531e-05
120.40093922615051
3.7670135498046875e-05
3.838539123535156e-05
15.25900650024414
66.04457783699036
45.85895228385925
97.55027341842651
18.677196979522705
46.02974605560303
119.98213648796082
22.756920337677002
7.748603820800781e-05
9.565629005432129
3.7670135498046875e-05
19.24133276939392
18.833122730255127
75.53418350219727
3.8623809814453125e-05
7.295608520507812e-05
4.553794860839844e-05
5.2924206256866455
4.076957702636719e-05
5.602836608886719e-05
31.755139589309692
4.1484832763671875e-05
45.04923439025879
107.78654384613037
17.934857845306396
8.240918159484863
2.8133392333984375e-05
71.06421065330505
5.793571472167969e-05
4.1484832763671875e-05
3.790855407714844e-05
4.0531158447265625e-05
13.632450580596924
42.46256422996521
30.794575214385986
39.346688985824585
4.4039881229400635
52.187002420425415
19.762615442276
102.0043740272522
53.999236822128296
2.5987625122070312e-05
22.40687608718872
66.23531150817871
9.684046030044556
21.34481954574585
3.6716461181640625e-05
4.673004150390625e-05
2.8848648071289062e-05
12.885719776153564
3.981590270996094e-05
2.6464462280273438e-05
7.653236389160156e-05
4.696846008300781e-05
2.5033950805664062e-05
48.30664277076721
67.07844042778015
29.297363996505737
74.39034986495972
3.132021903991699
3.1408355236053467
8.535691261291504
3.528594970703125e-05
0.00013899803161621094
117.52092838287354
9.589748859405518
156.58465361595154
125.22386479377747
9.717010498046875
3.075599670410156e-05
50.365092277526855
28.974676847457886
9.773833274841309
57.09857702255249
4.6253204345703125e-05
4.100799560546875e-05
4.172325134277344e-05
4.124641418457031e-05
41.33337688446045
139.54188680648804
109.5955171585083
17.463534593582153
4.1961669921875e-05
13.503787279129028
0.00013303756713867188
36.750131607055664
135.84091711044312
92.27754831314087
111.57667756080627
3.147125244140625e-05
30.307242155075073
29.584652423858643
2.956390380859375e-05
2.765655517578125e-05
75.57700276374817
18.6459641456604
154.4186794757843
22.705170392990112
9.579780101776123
105.49912595748901
4.57763671875e-05
82.18803787231445
35.57512903213501
89.53961205482483
2.6702880859375e-05
2.47955322265625e-05
109.14193224906921
133.79282593727112
26.636855602264404
17.878787517547607
26.31453561782837
39.91527795791626
47.561291217803955
10.079084157943726
37.42352294921875
68.47682070732117
98.19947123527527
2.3126602172851562e-05
3.1948089599609375e-05
70.25901794433594
4.2438507080078125e-05
17.635541915893555
3.838539123535156e-05
2.8848648071289062e-05
66.18789672851562
2.47955322265625e-05
10.39702558517456
155.96310877799988
27.274070501327515
5.269050598144531e-05
71.83197379112244
59.642184019088745
20.065601110458374
2.9087066650390625e-05
2.574920654296875e-05
4.601478576660156e-05
4.38690185546875e-05
10.573173522949219
30.584206581115723
13.236522912979126
3.62396240234375e-05
60.71583843231201
83.06960678100586
28.83545708656311
45.31293272972107
3.504753112792969e-05
11.61086916923523
66.57252812385559
55.09459066390991
9.143791437149048
9.072700500488281
35.84931397438049
18.00152611732483
37.79457759857178
3.075599670410156e-05
3.647804260253906e-05
3.981590270996094e-05
3.6716461181640625e-05
4.863739013671875e-05
3.981590270996094e-05
1.8835067749023438e-05
4.267692565917969e-05
9.655952453613281e-05
98.82248902320862
3.981590270996094e-05
64.81208491325378
3.457069396972656e-05
3.0517578125e-05
19.630115032196045
74.85973930358887
74.86414194107056
98.95475196838379
1.4543533325195312e-05
1.1205673217773438e-05
67.30139541625977
19.52142357826233
118.9121766090393
18.35492491722107
0.00010609626770019531
61.82904028892517
78.84529089927673
65.90363335609436
91.81631779670715
71.11416125297546
2.288818359375e-05
4.291534423828125e-05
8.785400152206421
2.8371810913085938e-05
66.51121807098389
18.312861442565918
5.91278076171875e-05
10.38651704788208
36.184184551239014
4.124641418457031e-05
47.87988519668579
75.64402389526367
63.6840341091156
8.206033706665039
4.8160552978515625e-05
17.897420644760132
3.147125244140625e-05
2.5033950805664062e-05
56.97612190246582
5.4836273193359375e-05
4.363059997558594e-05
4.091073751449585
47.355802059173584
2.4466471672058105
3.838539123535156e-05
58.53671360015869
9.586941719055176
55.45543336868286
36.16542339324951
27.087947368621826
44.27129602432251
2.8133392333984375e-05
3.361701965332031e-05
8.846940040588379
5.14984130859375e-05
9.216730117797852
38.24407720565796
46.00823378562927
1.621246337890625e-05
28.034619331359863
4.506111145019531e-05
136.4892075061798
6.318092346191406e-05
5.435943603515625e-05
9.027618646621704
60.138856649398804
65.6621470451355
35.61251711845398
98.8493583202362
16.035900831222534
3.6716461181640625e-05
4.00543212890625e-05
3.504753112792969e-05
1.7881393432617188e-05
22.461800575256348
3.647804260253906e-05
66.08065748214722
106.7400770187378
64.02439546585083
10.383013248443604
3.0279159545898438e-05
4.4345855712890625e-05
48.41114377975464
3.24249267578125e-05
36.729538679122925
73.3972680568695
60.075658321380615
66.63873434066772
141.76714444160461
1.8596649169921875e-05
2.4318695068359375e-05
4.38690185546875e-05
38.8616509437561
4.8160552978515625e-05
94.8149893283844
15.929326057434082
35.91842198371887
113.02690601348877
2.7894973754882812e-05
87.69434785842896
78.8136670589447
8.556437015533447
2.765655517578125e-05
3.8623809814453125e-05
103.08800530433655
18.617913722991943
3.4332275390625e-05
140.62579584121704
9.480666875839233
18.35874629020691
4.673004150390625e-05
63.17694544792175
81.95044279098511
4.601478576660156e-05
3.361701965332031e-05
1.6450881958007812e-05
45.59408092498779
130.4153275489807
7.857912302017212
1.4066696166992188e-05
17.11520290374756
36.226808071136475
27.725775957107544
4.220008850097656e-05
80.14787077903748
8.946959495544434
18.168426275253296
26.119921445846558
3.695487976074219e-05
2.193450927734375e-05
36.77255153656006
18.167401552200317
9.222125768661499
3.4332275390625e-05
4.315376281738281e-05
9.059775114059448
96.44818425178528
88.3906455039978
4.887580871582031e-05
20.340166568756104
4.2438507080078125e-05
60.61230683326721
3.695487976074219e-05
120.69107961654663
26.318222999572754
3.743171691894531e-05
8.103439807891846
116.41057276725769
46.964237213134766
120.80862617492676
54.49964451789856
3.719329833984375e-05
8.923647403717041
61.602135181427
8.289173603057861
2.6702880859375e-05
113.9836688041687
53.70794439315796
35.955589294433594
131.72957634925842
116.05225419998169
48.39418935775757
0.00010728836059570312
27.6830050945282
3.4332275390625e-05
4.1961669921875e-05
6.270408630371094e-05
27.38910412788391
9.284442901611328
17.78975009918213
4.6253204345703125e-05
2.4080276489257812e-05
99.69211888313293
4.506111145019531e-05
34.19096374511719
15.123363733291626
19.424062490463257
5.1975250244140625e-05
3.6716461181640625e-05
81.921377658844
0.00011873245239257812
103.68495845794678
103.88922429084778
83.68304538726807
3.62396240234375e-05
45.25699329376221
3.838539123535156e-05
27.49756956100464
44.648432970047
1.33514404296875e-05
15.996369361877441
1.7642974853515625e-05
2.1219253540039062e-05
80.40289974212646
4.3392181396484375e-05
143.47891497612
9.419775485992432
2.8371810913085938e-05
4.553794860839844e-05
1.0967254638671875e-05
36.42489576339722
17.849926948547363
89.2045464515686
87.67987537384033
19.007686138153076
56.34435415267944
17.40306258201599
0.00011944770812988281
82.93906807899475
5.7697296142578125e-05
67.68036031723022
37.77301502227783
56.34960317611694
80.14331865310669
55.49953818321228
105.1948835849762
37.52513790130615
3.147125244140625e-05
63.8774516582489
36.43088889122009
8.886542081832886
18.258607625961304
9.054989337921143
43.088820934295654
7.933582544326782
41.96757531166077
78.73713278770447
107.94521260261536
115.04342150688171
121.69530582427979
3.123283386230469e-05
36.38925838470459
3.314018249511719e-05
5.221366882324219e-05
106.50207829475403
2.3365020751953125e-05
42.04082250595093
9.090123176574707
4.220008850097656e-05
4.0531158447265625e-05
3.9577484130859375e-05
3.0681307315826416
36.08708333969116
2.9087066650390625e-05
17.48619318008423
3.9577484130859375e-05
4.482269287109375e-05
3.4809112548828125e-05
26.580504655838013
8.815001010894775
149.08416104316711
107.50868463516235
7.4597368240356445
3.3145575523376465
4.38690185546875e-05
2.1457672119140625e-05
2.574920654296875e-05
3.9577484130859375e-05
3.9577484130859375e-05
116.20830821990967
19.260549068450928
