
x disttype general-gaussian
x k 360
x std 0.5
x N 50000
x alpha 0.0005

o 0 0.9998341327646891 1
o 10 0.9998341327646891 1
o 20 0.9899113248435923 0.9928017568708557
o 30 0.9998341327646891 1
o 40 0.9994730802517786 0.9999506585660503
o 50 0.9996330653686861 0.9999891487861118
o 60 0.9998341327646891 1
o 70 0.9998341327646891 1
o 80 0.9893057427349855 0.9922875767895556
o 90 0.999442873695936 0.9999411111022777
o 100 0.9996678275924519 0.9999940967944916
o 110 0.999442873695936 0.9999411111022777
o 120 0.9986592401095487 0.9995680130057608
o 130 0.9998341327646891 1
o 140 0.9997041638433971 0.9999976422569008
o 150 0.9985078691024893 0.9994797052294327
o 160 0.9989962943624112 0.9997500155155598
o 170 0.9946075303645595 0.9966634698045075
o 180 0.9996678275924519 0.9999940967944916
o 190 0.9992130705901301 0.9998523473218889
o 200 0.9998341327646891 1
o 210 0.9978227858521463 0.9990458375033571
o 220 0.9990764961900899 0.99978951939873
o 230 0.998532952220799 0.9994945720557045
o 240 0.9995037605889281 0.9999597116202779
o 250 0.9552247517433449 0.9614603354584121
o 260 0.9997427320109885 0.9999995494141014
o 270 0.999784848241918 0.9999999949993749
o 280 0.9998341327646891 1
o 290 0.9859119871646659 0.9893626095837204
o 300 0.9965329270499892 0.9981368947272495
o 310 0.9943842650976894 0.9964868508983944
o 320 0.8641435643385406 0.8746518135161189
o 330 0.9997427320109885 0.9999995494141014
o 340 0.6755152420342252 0.6900231437559131
o 350 0.9996678275924519 0.9999940967944916
o 360 0.9998341327646891 1
o 370 0.9997427320109885 0.9999995494141014
o 380 0.9998341327646891 1
o 390 0.9998341327646891 1
o 400 0.9996678275924519 0.9999940967944916
o 410 0.9998341327646891 1
o 420 0.9628609920476594 0.9685415392194642
o 430 0.9998341327646891 1
o 440 0.9998341327646891 1
o 450 0.9854206921093704 0.988934083933081
o 460 0.9889387669872588 0.9919746948309158
o 470 0.9996330653686861 0.9999891487861118
o 480 0.999297246851899 0.9998877222821806
o 490 0.9982843587370567 0.9993436167432374
o 500 0.9998341327646891 1
o 510 0.999784848241918 0.9999999949993749
o 520 0.9995037605889281 0.9999597116202779
o 530 0.9761505803086069 0.9806874515345056
o 540 0.9984578626277146 0.999449808165806
o 550 0.9806624556959366 0.9847340140550433
o 560 0.9958239179842938 0.9976063863609007
o 570 0.999784848241918 0.9999999949993749
o 580 0.9983832285394911 0.9994045786411975
o 590 0.9997427320109885 0.9999995494141014
o 600 0.999784848241918 0.9999999949993749
o 610 0.9994130827814863 0.9999311292217226
o 620 0.9990764961900899 0.99978951939873
o 630 0.9986085425177087 0.999538823531834
o 640 0.9995349878824064 0.9999681957182619
o 650 0.9991579479265237 0.999827728109528
o 660 0.9997041638433971 0.9999976422569008
o 670 0.9977031051647232 0.9989656589179493
o 680 0.9998341327646891 1
o 690 0.999784848241918 0.9999999949993749
o 700 0.999784848241918 0.9999999949993749
o 710 0.999297246851899 0.9998877222821806
o 720 0.9238118992825503 0.9318836424925684
o 730 0.9994130827814863 0.9999311292217226
o 740 0.31667538661785144 0.3312639551777906
o 750 0.999784848241918 0.9999999949993749
o 760 0.9043213225775087 0.9133006954351282
o 770 0.9998341327646891 1
o 780 0.9988648919050572 0.999681833128126
o 790 0.9995349878824064 0.9999681957182619
o 800 0.9966482500970695 0.9982214850281281
o 810 0.9996678275924519 0.9999940967944916
o 820 0.9998341327646891 1
o 830 0.9884215189204483 0.9915321414010584
o 840 0.9997427320109885 0.9999995494141014
o 850 0.9997041638433971 0.9999976422569008
o 860 0.9998341327646891 1
o 870 0.9918036615141346 0.994388645694132
o 880 0.9998341327646891 1
o 890 0.995100725915886 0.9970500070111683
o 900 0.7387896160142837 0.75236758468307
o 910 0.9996678275924519 0.9999940967944916
o 920 0.9987871854159925 0.9996397540167659
o 930 0.9985832870189011 0.9995241331856756
o 940 0.9687987088383779 0.9740018238152359
o 950 0.9911926670051865 0.9938798964580051
o 960 0.9953484763535602 0.9972421153525199
o 970 0.9993836603972324 0.9999207619417313
o 980 0.9998341327646891 1
o 990 0.990866160144025 0.9936065376155375
o 1000 0.9992130705901301 0.9998523473218889
o 1010 0.9997427320109885 0.9999995494141014
o 1020 0.9994130827814863 0.9999311292217226
o 1030 0.9997427320109885 0.9999995494141014
o 1040 0.9997041638433971 0.9999976422569008
o 1050 0.9818480562605547 0.9857879972195978
o 1060 0.9998341327646891 1
o 1070 0.9998341327646891 1
o 1080 0.9923948979403604 0.9948771540820822
o 1090 0.9978227858521463 0.9990458375033571
o 1100 0.9998341327646891 1
o 1110 0.999784848241918 0.9999999949993749
o 1120 0.9997041638433971 0.9999976422569008
o 1130 0.9891113982734092 0.9921219967670716
o 1140 0.9997041638433971 0.9999976422569008
o 1150 0.9982351769925596 0.9993128775364343
o 1160 0.9994130827814863 0.9999311292217226
o 1170 0.999784848241918 0.9999999949993749
o 1180 0.9997427320109885 0.9999995494141014
o 1190 0.9998341327646891 1
o 1200 0.9896948746063506 0.9926182925641336
o 1210 0.9998341327646891 1
o 1220 0.9998341327646891 1
o 1230 0.9992409148798167 0.9998643624923798
o 1240 0.9995668564461039 0.999976016692425
o 1250 0.9996330653686861 0.9999891487861118
o 1260 0.01997679898219531 0.024584917016589825
o 1270 0.6304863275918272 0.6454671612765754
o 1280 0.9997427320109885 0.9999995494141014
o 1290 0.963651349465155 0.9692709164776784
o 1300 0.9985580909074143 0.9995093820155696
o 1310 0.9979672929505882 0.9991411475683059
o 1320 0.9946969897174516 0.99673396320075
o 1330 0.9994730802517786 0.9999506585660503
o 1340 0.999442873695936 0.9999411111022777
o 1350 0.9998341327646891 1
o 1360 0.9996678275924519 0.9999940967944916
o 1370 0.9977269908240753 0.9989817458746678
o 1380 0.9969030863289797 0.9984064467814524
o 1390 0.9998341327646891 1
o 1400 0.9998341327646891 1
o 1410 0.9997427320109885 0.9999995494141014
o 1420 0.9998341327646891 1
o 1430 0.9998341327646891 1
o 1440 0.9509828688054406 0.9575036339891817
o 1450 0.9998341327646891 1
o 1460 0.9993545677321735 0.9999100498624319
o 1470 0.9964408811586623 0.9980690078933331
o 1480 0.9996678275924519 0.9999940967944916
o 1490 0.997894911366256 0.9990936226399529
o 1500 0.10038274257812341 0.10995049592340922
o 1510 0.9993545677321735 0.9999100498624319
o 1520 0.9920442769644893 0.9945879273285018
o 1530 0.3343343041608403 0.3491190501690108
o 1540 0.9997427320109885 0.9999995494141014
o 1550 0.999599491460172 0.9999830535762632
o 1560 0.9998341327646891 1
o 1570 0.9831210641861341 0.9869145386210663
o 1580 0.9983832285394911 0.9994045786411975
o 1590 0.9998341327646891 1
o 1600 0.9958239179842938 0.9976063863609007
o 1610 0.9998341327646891 1
o 1620 0.9970428031898161 0.9985066120860036
o 1630 0.9996678275924519 0.9999940967944916
o 1640 0.9886153760902718 0.9916982101017467
o 1650 0.9993836603972324 0.9999207619417313
o 1660 0.9936067152200819 0.9958647843344953
o 1670 0.9860402508164849 0.9894742989395224
o 1680 0.995960421005609 0.997709796129333
o 1690 0.997371070376275 0.9987380436441108
o 1700 0.9998341327646891 1
o 1710 0.9997427320109885 0.9999995494141014
o 1720 0.9998341327646891 1
o 1730 0.9838012650761434 0.98751409506781
o 1740 0.9970428031898161 0.9985066120860036
o 1750 0.9975602862033369 0.9988686350034939
o 1760 0.9995668564461039 0.999976016692425
o 1770 0.999784848241918 0.9999999949993749
o 1780 0.9997041638433971 0.9999976422569008
o 1790 0.6783119185782547 0.6927855299001258
o 1800 0.9937396147950882 0.9959718211155568
o 1810 0.9997427320109885 0.9999995494141014
o 1820 0.9998341327646891 1
o 1830 0.9996330653686861 0.9999891487861118
o 1840 0.9998341327646891 1
o 1850 0.9906270565796824 0.9934057384895714
o 1860 0.9990496341945716 0.9997764839702489
o 1870 0.9998341327646891 1
o 1880 0.9872395125402215 0.9905145936873929
o 1890 0.9998341327646891 1
o 1900 0.9954613703038478 0.997329155250577
o 1910 0.9981128936006963 0.9992353457234481
o 1920 0.998088544558281 0.9992197297420591
o 1930 0.9992689677678922 0.9998761603306536
o 1940 0.9995668564461039 0.999976016692425
o 1950 0.9998341327646891 1
o 1960 0.9995349878824064 0.9999681957182619
o 1970 0.9948089425921502 0.9968219504684411
o 1980 0.999784848241918 0.9999999949993749
o 1990 0.9995349878824064 0.9999681957182619
o 2000 0.9993545677321735 0.9999100498624319
o 2010 0.9997427320109885 0.9999995494141014
o 2020 0.9988130027235841 0.999653867701341
o 2030 0.999599491460172 0.9999830535762632
o 2040 0.9984329360206239 0.9994347812916474
o 2050 0.9997427320109885 0.9999995494141014
o 2060 0.9998341327646891 1
o 2070 0.40815257586224535 0.4235157945871961
o 2080 0.9998341327646891 1
o 2090 0.931346022092179 0.9390270157942071
o 2100 0.999442873695936 0.9999411111022777
o 2110 0.99158521230267 0.9942071873208811
o 2120 0.9995349878824064 0.9999681957182619
o 2130 0.17457697388707732 0.18657075359631503
o 2140 0.9998341327646891 1
o 2150 0.9998341327646891 1
o 2160 0.9997041638433971 0.9999976422569008
o 2170 0.9998341327646891 1
o 2180 0.999297246851899 0.9998877222821806
o 2190 0.999784848241918 0.9999999949993749
o 2200 0.999599491460172 0.9999830535762632
o 2210 0.999442873695936 0.9999411111022777
o 2220 0.9998341327646891 1
o 2230 0.9998341327646891 1
o 2240 0.9998341327646891 1
o 2250 0.99863385948088 0.9995534508999322
o 2260 0.9998341327646891 1
o 2270 0.9996330653686861 0.9999891487861118
o 2280 0.9488130412126695 0.9554741849038949
o 2290 0.9940058868960785 0.9961854192572273
o 2300 0.999784848241918 0.9999999949993749
o 2310 0.9987871854159925 0.9996397540167659
o 2320 0.9980399474396386 0.9991883950191714
o 2330 0.9987871854159925 0.9996397540167659
o 2340 0.9998341327646891 1
o 2350 0.999784848241918 0.9999999949993749
o 2360 0.9998341327646891 1
o 2370 0.9993257723589525 0.9998990270247117
o 2380 0.9984828397939801 0.999464783357556
o 2390 0.9998341327646891 1
o 2400 0.9991306438647708 0.9998151511351715
o 2410 0.9997427320109885 0.9999995494141014
o 2420 0.9998341327646891 1
o 2430 0.9712438362456824 0.9762358688388468
o 2440 0.9998341327646891 1
o 2450 0.9927243343004069 0.9951475718848587
o 2460 0.9983584448714474 0.9993894057514955
o 2470 0.9998341327646891 1
o 2480 0.9918473843023324 0.9944249042949562
o 2490 0.9983337061651681 0.9993741869624272
o 2500 0.9897597892642745 0.9926733523329196
o 2510 0.9975602862033369 0.9988686350034939
o 2520 0.9995668564461039 0.999976016692425
o 2530 0.9977987982532164 0.9990298540327246
o 2540 0.999784848241918 0.9999999949993749
o 2550 0.996234423774403 0.9979156106725443
o 2560 0.9798380905254493 0.9839986669986661
o 2570 0.9984329360206239 0.9994347812916474
o 2580 0.9995668564461039 0.999976016692425
o 2590 0.9996330653686861 0.9999891487861118
o 2600 0.9998341327646891 1
o 2610 0.996717592406219 0.9982720892569996
o 2620 0.9998341327646891 1
o 2630 0.9939836726426157 0.9961676444566422
o 2640 0.9995668564461039 0.999976016692425
o 2650 0.9895434738181318 0.9924897528182758
o 2660 0.999599491460172 0.9999830535762632
o 2670 0.9981372773655336 0.9992509263546009
o 2680 0.9990229026390082 0.9997633135035773
o 2690 0.9983337061651681 0.9993741869624272
o 2700 0.9989962943624112 0.9997500155155598
o 2710 0.9849939533934682 0.9885609775361613
o 2720 0.7446807035168417 0.7581545271268997
o 2730 0.9861899454199688 0.9896045493909196
o 2740 0.9926144404943138 0.9950575146577324
o 2750 0.9993257723589525 0.9998990270247117
o 2760 0.9745122842484625 0.9792063085377084
o 2770 0.9993836603972324 0.9999207619417313
o 2780 0.9995037605889281 0.9999597116202779
o 2790 0.9998341327646891 1
o 2800 0.9998341327646891 1
o 2810 0.7266090007376584 0.7403922746203678
o 2820 0.9995037605889281 0.9999597116202779
o 2830 0.9998341327646891 1
o 2840 0.9997427320109885 0.9999995494141014
o 2850 0.9975128585703185 0.9988361124990678
o 2860 0.9969495993090236 0.9984398951779412
o 2870 0.9996678275924519 0.9999940967944916
o 2880 0.9995668564461039 0.999976016692425
o 2890 0.9997427320109885 0.9999995494141014
o 2900 0.999784848241918 0.9999999949993749
o 2910 0.9996330653686861 0.9999891487861118
o 2920 0.9839714619510453 0.9876638372478805
o 2930 0.9843759243900332 0.9880192295854896
o 2940 0.999784848241918 0.9999999949993749
o 2950 0.9996678275924519 0.9999940967944916
o 2960 0.9997427320109885 0.9999995494141014
o 2970 0.9621333622007522 0.9678694131767437
o 2980 0.9998341327646891 1
o 2990 0.9991579479265237 0.999827728109528
o 3000 0.9991306438647708 0.9998151511351715
o 3010 0.9972299702688214 0.9986392778683405
o 3020 0.999784848241918 0.9999999949993749
o 3030 0.8507899411803902 0.8617298816833985
o 3040 0.9997041638433971 0.9999976422569008
o 3050 0.999784848241918 0.9999999949993749
o 3060 0.2090982977803738 0.22191763345141324
o 3070 0.9996330653686861 0.9999891487861118
o 3080 0.9998341327646891 1
o 3090 0.9998341327646891 1
o 3100 0.9894786159586213 0.9924346360773508
o 3110 0.9989171466500022 0.9997094220119266
o 3120 0.9998341327646891 1
o 3130 0.9885722854206941 0.9916613172757114
o 3140 0.9998341327646891 1
o 3150 0.9996330653686861 0.9999891487861118
o 3160 0.946810107302445 0.9535977861219518
o 3170 0.9998341327646891 1
o 3180 0.9998341327646891 1
o 3190 0.9988648919050572 0.999681833128126
o 3200 0.9998341327646891 1
o 3210 0.9997427320109885 0.9999995494141014
o 3220 0.9998341327646891 1
o 3230 0.999784848241918 0.9999999949993749
o 3240 0.9707418666303707 0.9757780086252511
o 3250 0.9978468002059815 0.9990617938017794
o 3260 0.9991579479265237 0.999827728109528
o 3270 0.999784848241918 0.9999999949993749
o 3280 0.9978227858521463 0.9990458375033571
o 3290 0.9997041638433971 0.9999976422569008
o 3300 0.9984828397939801 0.999464783357556
o 3310 0.9998341327646891 1
o 3320 0.9995349878824064 0.9999681957182619
o 3330 0.9512102910203014 0.9577161359344062
o 3340 0.9998341327646891 1
o 3350 0.9997041638433971 0.9999976422569008
o 3360 0.9997041638433971 0.9999976422569008
o 3370 0.9986592401095487 0.9995680130057608
o 3380 0.9998341327646891 1
o 3390 0.999784848241918 0.9999999949993749
o 3400 0.9998341327646891 1
o 3410 0.9897165109013889 0.9926366477506107
o 3420 0.9985832870189011 0.9995241331856756
o 3430 0.9986085425177087 0.999538823531834
o 3440 0.9989171466500022 0.9997094220119266
o 3450 0.999599491460172 0.9999830535762632
o 3460 0.9878192156090767 0.9910146731576699
o 3470 0.9995668564461039 0.999976016692425
o 3480 0.9998341327646891 1
o 3490 0.8564992927049248 0.867258629383117
o 3500 0.9998341327646891 1
o 3510 0.9996330653686861 0.9999891487861118
o 3520 0.08181280976105097 0.09056687082836812
o 3530 0.997371070376275 0.9987380436441108
o 3540 0.9998341327646891 1
o 3550 0.9793101843654335 0.9835267568075947
o 3560 0.9998341327646891 1
o 3570 0.9998341327646891 1
o 3580 0.9325790412796413 0.9401935867330689
o 3590 0.999784848241918 0.9999999949993749
o 3600 0.9997427320109885 0.9999995494141014
o 3610 0.9996678275924519 0.9999940967944916
o 3620 0.9998341327646891 1
o 3630 0.9998341327646891 1
o 3640 0.9977987982532164 0.9990298540327246
o 3650 0.9998341327646891 1
o 3660 0.9998341327646891 1
o 3670 0.999599491460172 0.9999830535762632
o 3680 0.9997427320109885 0.9999995494141014
o 3690 0.9993257723589525 0.9998990270247117
o 3700 0.9991306438647708 0.9998151511351715
o 3710 0.9857410339165169 0.9892136253439652
o 3720 0.9997427320109885 0.9999995494141014
o 3730 0.9113562898720171 0.9200233905247174
o 3740 0.9997427320109885 0.9999995494141014
o 3750 0.9995668564461039 0.999976016692425
o 3760 0.9994130827814863 0.9999311292217226
o 3770 0.9997427320109885 0.9999995494141014
o 3780 0.8486166739181379 0.8596238725987753
o 3790 0.9998341327646891 1
o 3800 0.9987614482791993 0.999625557902435
o 3810 0.9930545307500314 0.9954172262285641
o 3820 0.9998341327646891 1
o 3830 0.9998341327646891 1
o 3840 0.999599491460172 0.9999830535762632
o 3850 0.9243042039951541 0.9323511741890315
o 3860 0.9994730802517786 0.9999506585660503
o 3870 0.9997427320109885 0.9999995494141014
o 3880 0.9984329360206239 0.9994347812916474
o 3890 0.9998341327646891 1
o 3900 0.9995037605889281 0.9999597116202779
o 3910 0.9998341327646891 1
o 3920 0.9998341327646891 1
o 3930 0.9997041638433971 0.9999976422569008
o 3940 0.9998341327646891 1
o 3950 0.9716832398893881 0.976636316105147
o 3960 0.9998341327646891 1
o 3970 0.9795846450309195 0.9837722007210514
o 3980 0.9998341327646891 1
o 3990 0.9993836603972324 0.9999207619417313
o 4000 0.9756251631140553 0.9802130489201911
o 4010 0.999784848241918 0.9999999949993749
o 4020 0.999784848241918 0.9999999949993749
o 4030 0.9844611192616602 0.9880940040514578
o 4040 0.998532952220799 0.9994945720557045
o 4050 0.9995037605889281 0.9999597116202779
o 4060 0.9985832870189011 0.9995241331856756
o 4070 0.9998341327646891 1
o 4080 0.999784848241918 0.9999999949993749
o 4090 0.9996678275924519 0.9999940967944916
o 4100 0.9992409148798167 0.9998643624923798
o 4110 0.9973946521725114 0.9987544386726732
o 4120 0.9981616966934683 0.9992664707710186
o 4130 0.9998341327646891 1
o 4140 0.9812337946393054 0.9852424748888085
o 4150 0.9998341327646891 1
o 4160 0.9998341327646891 1
o 4170 0.9998341327646891 1
o 4180 0.9996330653686861 0.9999891487861118
o 4190 0.9997427320109885 0.9999995494141014
o 4200 0.9998341327646891 1
o 4210 0.9995668564461039 0.999976016692425
o 4220 0.9997427320109885 0.9999995494141014
o 4230 0.999784848241918 0.9999999949993749
o 4240 0.9998341327646891 1
o 4250 0.9998341327646891 1
o 4260 0.999784848241918 0.9999999949993749
o 4270 0.9997427320109885 0.9999995494141014
o 4280 0.9983090111814502 0.9993589235528282
o 4290 0.9997041638433971 0.9999976422569008
o 4300 0.9180515648995192 0.9264058908978198
o 4310 0.9997041638433971 0.9999976422569008
o 4320 0.9998341327646891 1
o 4330 0.9946969897174516 0.99673396320075
o 4340 0.9987102018538886 0.9995969315746592
o 4350 0.9957104012102794 0.9975199739418538
o 4360 0.9514170565506294 0.9579093014477553
o 4370 0.99561973517329 0.9974506954889379
o 4380 0.9591220812579785 0.9650817029659735
o 4390 0.999784848241918 0.9999999949993749
o 4400 0.9283266945158659 0.936167346912211
o 4410 0.9972299702688214 0.9986392778683405
o 4420 0.9978227858521463 0.9990458375033571
o 4430 0.9998341327646891 1
o 4440 0.9992130705901301 0.9998523473218889
o 4450 0.999784848241918 0.9999999949993749
o 4460 0.9991306438647708 0.9998151511351715
o 4470 0.9998341327646891 1
o 4480 0.9990764961900899 0.99978951939873
o 4490 0.999599491460172 0.9999830535762632
o 4500 0.5290622488812771 0.5446053355217474
o 4510 0.9998341327646891 1
o 4520 0.9997041638433971 0.9999976422569008
o 4530 0.9998341327646891 1
o 4540 0.9984828397939801 0.999464783357556
o 4550 0.9989171466500022 0.9997094220119266
o 4560 0.9997041638433971 0.9999976422569008
o 4570 0.9862541181774765 0.9896603530448549
o 4580 0.9993545677321735 0.9999100498624319
o 4590 0.9984828397939801 0.999464783357556
o 4600 0.9998341327646891 1
o 4610 0.9977509012387209 0.9989978077068434
o 4620 0.9785717790666391 0.9828654182289509
o 4630 0.9685899458408819 0.9738106573238609
o 4640 0.9985078691024893 0.9994797052294327
o 4650 0.9998341327646891 1
o 4660 0.9986085425177087 0.999538823531834
o 4670 0.9997041638433971 0.9999976422569008
o 4680 0.9998341327646891 1
o 4690 0.959308845627015 0.9652548760859313
o 4700 0.9980399474396386 0.9991883950191714
o 4710 0.999599491460172 0.9999830535762632
o 4720 0.9997041638433971 0.9999976422569008
o 4730 0.9998341327646891 1
o 4740 0.3713195781471377 0.3864412498155231
o 4750 0.9983337061651681 0.9993741869624272
o 4760 0.999784848241918 0.9999999949993749
o 4770 0.999599491460172 0.9999830535762632
o 4780 0.9998341327646891 1
o 4790 0.9998341327646891 1
o 4800 0.9998341327646891 1
o 4810 0.9998341327646891 1
o 4820 0.999599491460172 0.9999830535762632
o 4830 0.9984828397939801 0.999464783357556
o 4840 0.9992409148798167 0.9998643624923798
o 4850 0.9996330653686861 0.9999891487861118
o 4860 0.5619314624336218 0.577365060863898
o 4870 0.9998341327646891 1
o 4880 0.9916288804942436 0.9942435007295501
o 4890 0.9777919794621519 0.9821654874415168
o 4900 0.9921099598704722 0.9946422161123841
o 4910 0.9984329360206239 0.9994347812916474
o 4920 0.9998341327646891 1
o 4930 0.9998341327646891 1
o 4940 0.999784848241918 0.9999999949993749
o 4950 0.9897814313452405 0.9926917017155561
o 4960 0.9998341327646891 1
o 4970 0.9997041638433971 0.9999976422569008
o 4980 0.9997041638433971 0.9999976422569008
o 4990 0.8990910620655435 0.9082926940960911
o 5000 0.9998341327646891 1
o 5010 0.9998341327646891 1
o 5020 0.9951232150519905 0.9970675052663202
o 5030 0.9998341327646891 1
o 5040 0.997371070376275 0.9987380436441108
o 5050 0.9989698028369101 0.9997365968529978
o 5060 0.9995037605889281 0.9999597116202779
o 5070 0.9996330653686861 0.9999891487861118
o 5080 0.9998341327646891 1
o 5090 0.9995349878824064 0.9999681957182619
o 5100 0.9978708418570428 0.999077722372286
o 5110 0.999442873695936 0.9999411111022777
o 5120 0.9998341327646891 1
o 5130 0.9985832870189011 0.9995241331856756
o 5140 0.9961657922277294 0.9978642890092243
o 5150 0.9998341327646891 1
o 5160 0.9998341327646891 1
o 5170 0.9998341327646891 1
o 5180 0.999599491460172 0.9999830535762632
o 5190 0.9996678275924519 0.9999940967944916
o 5200 0.9927243343004069 0.9951475718848587
o 5210 0.988335401685957 0.9914582914682947
o 5220 0.9980156978384686 0.999172677844584
o 5230 0.9998341327646891 1
o 5240 0.9996330653686861 0.9999891487861118
o 5250 0.9996678275924519 0.9999940967944916
o 5260 0.9987614482791993 0.999625557902435
o 5270 0.9998341327646891 1
o 5280 0.9998341327646891 1
o 5290 0.9998341327646891 1
o 5300 0.9998341327646891 1
o 5310 0.9998341327646891 1
o 5320 0.9998341327646891 1
o 5330 0.9993545677321735 0.9999100498624319
o 5340 0.9998341327646891 1
o 5350 0.999784848241918 0.9999999949993749
o 5360 0.9985832870189011 0.9995241331856756
o 5370 0.999784848241918 0.9999999949993749
o 5380 0.999103496509203 0.9998024115070666
o 5390 0.9998341327646891 1
o 5400 0.9995668564461039 0.999976016692425
o 5410 0.9970428031898161 0.9985066120860036
o 5420 0.9987871854159925 0.9996397540167659
o 5430 0.9998341327646891 1
o 5440 0.9945851794921386 0.9966458324047529
o 5450 0.7858252482081599 0.7984762351275313
o 5460 0.999103496509203 0.9998024115070666
o 5470 0.9998341327646891 1
o 5480 0.999442873695936 0.9999411111022777
o 5490 0.9996330653686861 0.9999891487861118
o 5500 0.999784848241918 0.9999999949993749
o 5510 0.9997427320109885 0.9999995494141014
o 5520 0.9998341327646891 1
o 5530 0.9992130705901301 0.9998523473218889
o 5540 0.9996330653686861 0.9999891487861118
o 5550 0.9998341327646891 1
o 5560 0.99678705109857 0.9983225759189072
o 5570 0.9998341327646891 1
o 5580 0.9991579479265237 0.999827728109528
o 5590 0.999784848241918 0.9999999949993749
o 5600 0.688837375985297 0.7031765456327627
o 5610 0.9991306438647708 0.9998151511351715
o 5620 0.9876473439686809 0.9908666095041936
o 5630 0.9994130827814863 0.9999311292217226
o 5640 0.9960287934415504 0.997761379103869
o 5650 0.999784848241918 0.9999999949993749
o 5660 0.9998341327646891 1
o 5670 0.9983090111814502 0.9993589235528282
o 5680 0.9995349878824064 0.9999681957182619
o 5690 0.9998341327646891 1
o 5700 0.9995037605889281 0.9999597116202779
o 5710 0.9992130705901301 0.9998523473218889
o 5720 0.9822720646568425 0.9861638391779828
o 5730 0.9903882232524459 0.9932046682070498
o 5740 0.9979431363013752 0.9991253358653104
o 5750 0.9998341327646891 1
o 5760 0.9996678275924519 0.9999940967944916
o 5770 0.9997427320109885 0.9999995494141014
o 5780 0.9995668564461039 0.999976016692425
o 5790 0.9997041638433971 0.9999976422569008
o 5800 0.9987357880946652 0.999611282711117
o 5810 0.9998341327646891 1
o 5820 0.9998341327646891 1
o 5830 0.999784848241918 0.9999999949993749
o 5840 0.9992689677678922 0.9998761603306536
o 5850 0.9998341327646891 1
o 5860 0.9998341327646891 1
o 5870 0.9983337061651681 0.9993741869624272
o 5880 0.999784848241918 0.9999999949993749
o 5890 0.999103496509203 0.9998024115070666
o 5900 0.9998341327646891 1
o 5910 0.9986085425177087 0.999538823531834
o 5920 0.9998341327646891 1
o 5930 0.9998341327646891 1
o 5940 0.999599491460172 0.9999830535762632
o 5950 0.9929003408208814 0.9952914862335147
o 5960 0.9988909714709572 0.9996956768430979
o 5970 0.9997041638433971 0.9999976422569008
o 5980 0.999784848241918 0.9999999949993749
o 5990 0.9998341327646891 1
o 6000 0.9955744496960323 0.9974160083623181
o 6010 0.9998341327646891 1
o 6020 0.9991579479265237 0.999827728109528
o 6030 0.9964638754550494 0.998085996940606
o 6040 0.9998341327646891 1
o 6050 0.999784848241918 0.9999999949993749
o 6060 0.9998341327646891 1
o 6070 0.999784848241918 0.9999999949993749
o 6080 0.999784848241918 0.9999999949993749
o 6090 0.9997427320109885 0.9999995494141014
o 6100 0.999784848241918 0.9999999949993749
o 6110 0.9983337061651681 0.9993741869624272
o 6120 0.9998341327646891 1
o 6130 0.9998341327646891 1
o 6140 0.9998341327646891 1
o 6150 0.9998341327646891 1
o 6160 0.9991854194751913 0.9998401310800589
o 6170 0.9997041638433971 0.9999976422569008
o 6180 0.9998341327646891 1
o 6190 0.9994130827814863 0.9999311292217226
o 6200 0.9997427320109885 0.9999995494141014
o 6210 0.9997041638433971 0.9999976422569008
o 6220 0.9998341327646891 1
o 6230 0.9994130827814863 0.9999311292217226
o 6240 0.9998341327646891 1
o 6250 0.9997427320109885 0.9999995494141014
o 6260 0.9994130827814863 0.9999311292217226
o 6270 0.9998341327646891 1
o 6280 0.9998341327646891 1
o 6290 0.9989434220919977 0.9997230637730928
o 6300 0.9997041638433971 0.9999976422569008
o 6310 0.9996330653686861 0.9999891487861118
o 6320 0.999784848241918 0.9999999949993749
o 6330 0.9998341327646891 1
o 6340 0.9998341327646891 1
o 6350 0.9998341327646891 1
o 6360 0.9998341327646891 1
o 6370 0.9992689677678922 0.9998761603306536
o 6380 0.9995037605889281 0.9999597116202779
o 6390 0.9972769311337085 0.9986722731996572
o 6400 0.9976078010658749 0.9989010690693881
o 6410 0.9995349878824064 0.9999681957182619
o 6420 0.9979190093140644 0.999109494009705
o 6430 0.9997427320109885 0.9999995494141014
o 6440 0.9998341327646891 1
o 6450 0.9998341327646891 1
o 6460 0.9982106455758747 0.9992974473203111
o 6470 0.9998341327646891 1
o 6480 0.9998341327646891 1
o 6490 0.9993836603972324 0.9999207619417313
o 6500 0.9998341327646891 1
o 6510 0.9998341327646891 1
o 6520 0.9996678275924519 0.9999940967944916
o 6530 0.9989698028369101 0.9997365968529978
o 6540 0.9994730802517786 0.9999506585660503
o 6550 0.9998341327646891 1
o 6560 0.5842645078996755 0.599584506204091
o 6570 0.9840140206023189 0.9877012633420493
o 6580 0.9996330653686861 0.9999891487861118
o 6590 0.9997041638433971 0.9999976422569008
o 6600 0.997371070376275 0.9987380436441108
o 6610 0.9843759243900332 0.9880192295854896
o 6620 0.999599491460172 0.9999830535762632
o 6630 0.9998341327646891 1
o 6640 0.999784848241918 0.9999999949993749
o 6650 0.99678705109857 0.9983225759189072
o 6660 0.999784848241918 0.9999999949993749
o 6670 0.9995037605889281 0.9999597116202779
o 6680 0.9992130705901301 0.9998523473218889
o 6690 0.9997041638433971 0.9999976422569008
o 6700 0.9988389036516672 0.9996678953600677
o 6710 0.999599491460172 0.9999830535762632
o 6720 0.9996678275924519 0.9999940967944916
o 6730 0.9991306438647708 0.9998151511351715
o 6740 0.9988909714709572 0.9996956768430979
o 6750 0.9998341327646891 1
o 6760 0.9998341327646891 1
o 6770 0.9998341327646891 1
o 6780 0.9965098982706061 0.9981199404896446
o 6790 0.9998341327646891 1
o 6800 0.9998341327646891 1
o 6810 0.999784848241918 0.9999999949993749
o 6820 0.999784848241918 0.9999999949993749
o 6830 0.9995037605889281 0.9999597116202779
o 6840 0.999784848241918 0.9999999949993749
o 6850 0.9997427320109885 0.9999995494141014
o 6860 0.9998341327646891 1
o 6870 0.9786139534334936 0.9829032292559474
o 6880 0.9997041638433971 0.9999976422569008
o 6890 0.9998341327646891 1
o 6900 0.999784848241918 0.9999999949993749
o 6910 0.9908009226349882 0.9935518017583986
o 6920 0.999784848241918 0.9999999949993749
o 6930 0.9992689677678922 0.9998761603306536
o 6940 0.9996330653686861 0.9999891487861118
o 6950 0.999784848241918 0.9999999949993749
o 6960 0.9998341327646891 1
o 6970 0.9998341327646891 1
o 6980 0.9816997275242819 0.9856563782042607
o 6990 0.9960516027518843 0.9977785547768216
o 7000 0.9997427320109885 0.9999995494141014
o 7010 0.9997427320109885 0.9999995494141014
o 7020 0.9998341327646891 1
o 7030 0.9953484763535602 0.9972421153525199
o 7040 0.999784848241918 0.9999999949993749
o 7050 0.9998341327646891 1
o 7060 0.9996678275924519 0.9999940967944916
o 7070 0.999784848241918 0.9999999949993749
o 7080 0.999784848241918 0.9999999949993749
o 7090 0.9995037605889281 0.9999597116202779
o 7100 0.9990496341945716 0.9997764839702489
o 7110 0.9998341327646891 1
o 7120 0.9998341327646891 1
o 7130 0.9989434220919977 0.9997230637730928
o 7140 0.9998341327646891 1
o 7150 0.999784848241918 0.9999999949993749
o 7160 0.999784848241918 0.9999999949993749
o 7170 0.999784848241918 0.9999999949993749
o 7180 0.9998341327646891 1
o 7190 0.999599491460172 0.9999830535762632
o 7200 0.9992130705901301 0.9998523473218889
o 7210 0.9946522487902374 0.9966987278221023
o 7220 0.9992689677678922 0.9998761603306536
o 7230 0.9987102018538886 0.9995969315746592
o 7240 0.9982597477012427 0.9993282676995614
o 7250 0.9998341327646891 1
o 7260 0.9991579479265237 0.999827728109528
o 7270 0.9998341327646891 1
o 7280 0.9997041638433971 0.9999976422569008
o 7290 0.9998341327646891 1
o 7300 0.9981372773655336 0.9992509263546009
o 7310 0.9998341327646891 1
o 7320 0.9976315921770181 0.9989172519476788
o 7330 0.9998341327646891 1
o 7340 0.9997427320109885 0.9999995494141014
o 7350 0.9785506927854138 0.9828465118119456
o 7360 0.9996678275924519 0.9999940967944916
o 7370 0.9931206664299417 0.9954710602649183
o 7380 0.998064229430307 0.9992040792410983
o 7390 0.9981616966934683 0.9992664707710186
o 7400 0.9991306438647708 0.9998151511351715
o 7410 0.9995037605889281 0.9999597116202779
o 7420 0.9988130027235841 0.999653867701341
o 7430 0.9822932734648216 0.9861826228731442
o 7440 0.9998341327646891 1
o 7450 0.9998341327646891 1
o 7460 0.999442873695936 0.9999411111022777
o 7470 0.9998341327646891 1
o 7480 0.9998341327646891 1
o 7490 0.9992689677678922 0.9998761603306536
o 7500 0.999784848241918 0.9999999949993749
o 7510 0.9997427320109885 0.9999995494141014
o 7520 0.9998341327646891 1
o 7530 0.9997427320109885 0.9999995494141014
o 7540 0.9998341327646891 1
o 7550 0.999784848241918 0.9999999949993749
o 7560 0.9997041638433971 0.9999976422569008
o 7570 0.9998341327646891 1
o 7580 0.9821236255498019 0.9860323307235531
o 7590 0.9998341327646891 1
o 7600 0.9998341327646891 1
o 7610 0.999784848241918 0.9999999949993749
o 7620 0.9997041638433971 0.9999976422569008
o 7630 0.999784848241918 0.9999999949993749
o 7640 0.9978227858521463 0.9990458375033571
o 7650 0.9998341327646891 1
o 7660 0.9998341327646891 1
o 7670 0.9998341327646891 1
o 7680 0.9931647753590979 0.9955069310599574
o 7690 0.9995349878824064 0.9999681957182619
o 7700 0.9977748368846215 0.9990138439272586
o 7710 0.9998341327646891 1
o 7720 0.9972065160734749 0.9986227536460907
o 7730 0.9990496341945716 0.9997764839702489
o 7740 0.9998341327646891 1
o 7750 0.9998341327646891 1
o 7760 0.9997427320109885 0.9999995494141014
o 7770 0.9993836603972324 0.9999207619417313
o 7780 0.9998341327646891 1
o 7790 0.9993545677321735 0.9999100498624319
o 7800 0.9966020844888756 0.998187685653262
o 7810 0.9998341327646891 1
o 7820 0.9998341327646891 1
o 7830 0.9998341327646891 1
o 7840 0.9998341327646891 1
o 7850 0.9972299702688214 0.9986392778683405
o 7860 0.999784848241918 0.9999999949993749
o 7870 0.9994130827814863 0.9999311292217226
o 7880 0.9998341327646891 1
o 7890 0.9996678275924519 0.9999940967944916
o 7900 0.996717592406219 0.9982720892569996
o 7910 0.9998341327646891 1
o 7920 0.9979431363013752 0.9991253358653104
o 7930 0.9998341327646891 1
o 7940 0.9998341327646891 1
o 7950 0.999784848241918 0.9999999949993749
o 7960 0.9998341327646891 1
o 7970 0.9998341327646891 1
o 7980 0.9998341327646891 1
o 7990 0.9935403221669237 0.9958112089209974
o 8000 0.9996678275924519 0.9999940967944916
o 8010 0.9993545677321735 0.9999100498624319
o 8020 0.9989962943624112 0.9997500155155598
o 8030 0.9998341327646891 1
o 8040 0.9998341327646891 1
o 8050 0.9998341327646891 1
o 8060 0.9997427320109885 0.9999995494141014
o 8070 0.9998341327646891 1
o 8080 0.9998341327646891 1
o 8090 0.9996678275924519 0.9999940967944916
o 8100 0.9997427320109885 0.9999995494141014
o 8110 0.9876473439686809 0.9908666095041936
o 8120 0.9998341327646891 1
o 8130 0.9998341327646891 1
o 8140 0.999784848241918 0.9999999949993749
o 8150 0.9990229026390082 0.9997633135035773
o 8160 0.9557425946540686 0.961942319566888
o 8170 0.999784848241918 0.9999999949993749
o 8180 0.9996330653686861 0.9999891487861118
o 8190 0.9997427320109885 0.9999995494141014
o 8200 0.9998341327646891 1
o 8210 0.9988130027235841 0.999653867701341
o 8220 0.9998341327646891 1
o 8230 0.9987357880946652 0.999611282711117
o 8240 0.9998341327646891 1
o 8250 0.9995668564461039 0.999976016692425
o 8260 0.9998341327646891 1
o 8270 0.9997041638433971 0.9999976422569008
o 8280 0.9997427320109885 0.9999995494141014
o 8290 0.9886584732879916 0.9917350963815065
o 8300 0.9998341327646891 1
o 8310 0.9998341327646891 1
o 8320 0.9995668564461039 0.999976016692425
o 8330 0.9998341327646891 1
o 8340 0.999784848241918 0.9999999949993749
o 8350 0.9997427320109885 0.9999995494141014
o 8360 0.9997427320109885 0.9999995494141014
o 8370 0.999784848241918 0.9999999949993749
o 8380 0.9998341327646891 1
o 8390 0.9996330653686861 0.9999891487861118
o 8400 0.9997427320109885 0.9999995494141014
o 8410 0.9878621980834253 0.9910516744692324
o 8420 0.9998341327646891 1
o 8430 0.9965790200213357 0.9981707674489865
o 8440 0.9998341327646891 1
o 8450 0.9998341327646891 1
o 8460 0.9998341327646891 1
o 8470 0.9998341327646891 1
o 8480 0.9998341327646891 1
o 8490 0.9998341327646891 1
o 8500 0.9998341327646891 1
o 8510 0.9975840325399995 0.9988848632863743
o 8520 0.6309282233489132 0.6459051171998136
o 8530 0.9988648919050572 0.999681833128126
o 8540 0.9998341327646891 1
o 8550 0.9998341327646891 1
o 8560 0.9998341327646891 1
o 8570 0.9997427320109885 0.9999995494141014
o 8580 0.9998341327646891 1
o 8590 0.9993836603972324 0.9999207619417313
o 8600 0.9998341327646891 1
o 8610 0.9994730802517786 0.9999506585660503
o 8620 0.9998341327646891 1
o 8630 0.9998341327646891 1
o 8640 0.9987614482791993 0.999625557902435
o 8650 0.9997041638433971 0.9999976422569008
o 8660 0.999599491460172 0.9999830535762632
o 8670 0.9990764961900899 0.99978951939873
o 8680 0.9996678275924519 0.9999940967944916
o 8690 0.9996678275924519 0.9999940967944916
o 8700 0.9988389036516672 0.9996678953600677
o 8710 0.9988909714709572 0.9996956768430979
o 8720 0.999784848241918 0.9999999949993749
o 8730 0.9998341327646891 1
o 8740 0.9998341327646891 1
o 8750 0.999599491460172 0.9999830535762632
o 8760 0.9998341327646891 1
o 8770 0.9997041638433971 0.9999976422569008
o 8780 0.9998341327646891 1
o 8790 0.9998341327646891 1
o 8800 0.9998341327646891 1
o 8810 0.9998341327646891 1
o 8820 0.9998341327646891 1
o 8830 0.9998341327646891 1
o 8840 0.9998341327646891 1
o 8850 0.999784848241918 0.9999999949993749
o 8860 0.9998341327646891 1
o 8870 0.9998341327646891 1
o 8880 0.9998341327646891 1
o 8890 0.9998341327646891 1
o 8900 0.9998341327646891 1
o 8910 0.999784848241918 0.9999999949993749
o 8920 0.9997427320109885 0.9999995494141014
o 8930 0.9998341327646891 1
o 8940 0.999784848241918 0.9999999949993749
o 8950 0.9998341327646891 1
o 8960 0.9998341327646891 1
o 8970 0.9998341327646891 1
o 8980 0.999599491460172 0.9999830535762632
o 8990 0.9998341327646891 1
o 9000 0.999784848241918 0.9999999949993749
o 9010 0.9988130027235841 0.999653867701341
o 9020 0.9998341327646891 1
o 9030 0.999784848241918 0.9999999949993749
o 9040 0.999784848241918 0.9999999949993749
o 9050 0.9998341327646891 1
o 9060 0.9998341327646891 1
o 9070 0.9998341327646891 1
o 9080 0.9998341327646891 1
o 9090 0.9997041638433971 0.9999976422569008
o 9100 0.9998341327646891 1
o 9110 0.9996330653686861 0.9999891487861118
o 9120 0.999784848241918 0.9999999949993749
o 9130 0.9998341327646891 1
o 9140 0.999784848241918 0.9999999949993749
o 9150 0.9997427320109885 0.9999995494141014
o 9160 0.9998341327646891 1
o 9170 0.9955518186013934 0.9973986530682086
o 9180 0.999784848241918 0.9999999949993749
o 9190 0.9997427320109885 0.9999995494141014
o 9200 0.9998341327646891 1
o 9210 0.9993545677321735 0.9999100498624319
o 9220 0.9998341327646891 1
o 9230 0.9998341327646891 1
o 9240 0.9998341327646891 1
o 9250 0.9996678275924519 0.9999940967944916
o 9260 0.9998341327646891 1
o 9270 0.9998341327646891 1
o 9280 0.786371218417754 0.7990100826419878
o 9290 0.999442873695936 0.9999411111022777
o 9300 0.9998341327646891 1
o 9310 0.9998341327646891 1
o 9320 0.9984828397939801 0.999464783357556
o 9330 0.9985078691024893 0.9994797052294327
o 9340 0.9998341327646891 1
o 9350 0.9963949261562345 0.9980349958952714
o 9360 0.9997041638433971 0.9999976422569008
o 9370 0.9998341327646891 1
o 9380 0.9998341327646891 1
o 9390 0.9998341327646891 1
o 9400 0.9988389036516672 0.9996678953600677
o 9410 0.9997427320109885 0.9999995494141014
o 9420 0.999784848241918 0.9999999949993749
o 9430 0.9998341327646891 1
o 9440 0.9998341327646891 1
o 9450 0.9993836603972324 0.9999207619417313
o 9460 0.9998341327646891 1
o 9470 0.999784848241918 0.9999999949993749
o 9480 0.9998341327646891 1
o 9490 0.9995668564461039 0.999976016692425
o 9500 0.9990764961900899 0.99978951939873
o 9510 0.9998341327646891 1
o 9520 0.9989962943624112 0.9997500155155598
o 9530 0.8870516591360048 0.8967360990154873
o 9540 0.9940058868960785 0.9961854192572273
o 9550 0.9997427320109885 0.9999995494141014
o 9560 0.9974655152195606 0.9988035045674075
o 9570 0.9996678275924519 0.9999940967944916
o 9580 0.9983584448714474 0.9993894057514955
o 9590 0.9998341327646891 1
o 9600 0.999784848241918 0.9999999949993749
o 9610 0.9935403221669237 0.9958112089209974
o 9620 0.9563227264134259 0.9624819939700698
o 9630 0.9990496341945716 0.9997764839702489
o 9640 0.9994730802517786 0.9999506585660503
o 9650 0.9997427320109885 0.9999995494141014
o 9660 0.999599491460172 0.9999830535762632
o 9670 0.9976078010658749 0.9989010690693881
o 9680 0.9902580605410123 0.9930948831289347
o 9690 0.9994730802517786 0.9999506585660503
o 9700 0.9397591011053559 0.946971139285541
o 9710 0.9997427320109885 0.9999995494141014
o 9720 0.9996678275924519 0.9999940967944916
o 9730 0.9998341327646891 1
o 9740 0.9908879106251846 0.9936247782402114
o 9750 0.9996330653686861 0.9999891487861118
o 9760 0.9997041638433971 0.9999976422569008
o 9770 0.525458919092395 0.5410098785714885
o 9780 0.9994730802517786 0.9999506585660503
o 9790 0.9997427320109885 0.9999995494141014
o 9800 0.9998341327646891 1
o 9810 0.9997427320109885 0.9999995494141014
o 9820 0.9984329360206239 0.9994347812916474
o 9830 0.999442873695936 0.9999411111022777
o 9840 0.9942282900275515 0.9963629052366167
o 9850 0.8436420160220351 0.8548001872063757
o 9860 0.9986085425177087 0.999538823531834
o 9870 0.9992409148798167 0.9998643624923798
o 9880 0.9977987982532164 0.9990298540327246
o 9890 0.9911055455129469 0.9938070539518886
o 9900 0.999599491460172 0.9999830535762632
o 9910 0.9998341327646891 1
o 9920 0.999784848241918 0.9999999949993749
o 9930 0.9998341327646891 1
o 9940 0.9991306438647708 0.9998151511351715
o 9950 0.9998341327646891 1
o 9960 0.9950108340448901 0.9969799488864464
o 9970 0.9982106455758747 0.9992974473203111
o 9980 0.9966713515299861 0.9982383659018511
o 9990 0.9998341327646891 1
