5.9604644775390625e-05
453.60242795944214
115.64849829673767
333.6489176750183
4.3392181396484375e-05
408.2810044288635
109.10243964195251
2.2411346435546875e-05
483.82241344451904
117.70150184631348
111.42151546478271
131.43500208854675
444.80484795570374
2.288818359375e-05
122.09218502044678
441.831912279129
2.4080276489257812e-05
114.87628388404846
549.3726625442505
2.574920654296875e-05
4.839897155761719e-05
111.36630392074585
546.5256764888763
228.1756763458252
459.33647084236145
4.410743713378906e-05
129.89612293243408
120.23389720916748
326.279887676239
538.4601266384125
117.83432865142822
615.166255235672
4.1484832763671875e-05
125.35677981376648
4.315376281738281e-05
133.3680305480957
117.76583456993103
2.0742416381835938e-05
106.92139911651611
446.36568117141724
430.03431034088135
2.47955322265625e-05
4.6253204345703125e-05
114.20137739181519
3.5684404373168945
6.723403930664062e-05
460.4055106639862
0.00021219253540039062
9.059906005859375e-05
437.54696393013
108.5577826499939
112.64691424369812
224.1556453704834
114.84567666053772
5.626678466796875e-05
4.220008850097656e-05
228.94571542739868
134.42581391334534
114.91873717308044
119.06611776351929
120.65891814231873
449.95950746536255
113.20063924789429
6.890296936035156e-05
2.3603439331054688e-05
548.516119480133
196.21917176246643
220.30129671096802
625.4248473644257
8.344650268554688e-05
267.97742652893066
2.5510787963867188e-05
5.7697296142578125e-05
118.41305541992188
0.0002579689025878906
521.1018943786621
4.124641418457031e-05
117.18546557426453
114.75827193260193
2.2172927856445312e-05
440.8551971912384
116.582768201828
2.5510787963867188e-05
124.11038851737976
808.3008391857147
0.00013709068298339844
336.1474380493164
4.291534423828125e-05
317.9414572715759
271.24556374549866
7.224082946777344e-05
2.193450927734375e-05
3.743171691894531e-05
233.9391040802002
112.78016757965088
2.0265579223632812e-05
729.3178746700287
602.4658689498901
2.7179718017578125e-05
118.25644063949585
556.7093579769135
3.187260866165161
2.683126211166382
5.412101745605469e-05
1.5735626220703125e-05
1.8596649169921875e-05
231.43697333335876
113.53025031089783
294.80433344841003
6.175041198730469e-05
3.886222839355469e-05
4.2438507080078125e-05
3.8623809814453125e-05
1.6927719116210938e-05
117.21385192871094
2.47955322265625e-05
111.41413068771362
5.173683166503906e-05
1.7881393432617188e-05
114.86487174034119
114.62389159202576
4.863739013671875e-05
5.221366882324219e-05
3.8623809814453125e-05
2.956390380859375e-05
124.64562344551086
7.319450378417969e-05
2.7894973754882812e-05
2.8133392333984375e-05
335.56957387924194
4.935264587402344e-05
0.00011920928955078125
123.43946242332458
8.606910705566406e-05
120.10396671295166
4.076957702636719e-05
220.29986906051636
340.4399354457855
8.749961853027344e-05
425.89912724494934
117.22222256660461
112.20000672340393
5.7697296142578125e-05
2.5510787963867188e-05
335.6813769340515
2.3126602172851562e-05
228.55995631217957
4.1961669921875e-05
113.30129718780518
2.791563034057617
1.8358230590820312e-05
7.176399230957031e-05
113.87646794319153
5.412101745605469e-05
315.63090443611145
0.0004303455352783203
803.843343257904
112.27627110481262
8.368492126464844e-05
7.128715515136719e-05
2.8371810913085938e-05
1.7642974853515625e-05
5.316734313964844e-05
2.5272369384765625e-05
107.03898596763611
390.43700432777405
105.16806936264038
112.22375512123108
669.1154944896698
112.37103700637817
8.988380432128906e-05
7.414817810058594e-05
4.363059997558594e-05
7.605552673339844e-05
114.03592324256897
228.48287987709045
7.700920104980469e-05
6.175041198730469e-05
7.033348083496094e-05
6.151199340820312e-05
6.890296936035156e-05
2.3603439331054688e-05
116.30321931838989
6.771087646484375e-05
1.9788742065429688e-05
3.814697265625e-05
446.09971499443054
2.47955322265625e-05
317.4154567718506
5.507469177246094e-05
2.9013113975524902
116.88197827339172
2.7001261711120605
0.00017261505126953125
2.002716064453125e-05
0.00010037422180175781
2.86102294921875e-05
233.0378861427307
625.8408710956573
2.193450927734375e-05
109.59163546562195
4.76837158203125e-05
482.5201804637909
3.5762786865234375e-05
1.7881393432617188e-05
840.7104380130768
605.7076029777527
5.602836608886719e-05
112.59621071815491
118.8844141960144
5.173683166503906e-05
2.6941299438476562e-05
1.5735626220703125e-05
3.246730089187622
421.4112198352814
170.28290820121765
5.4836273193359375e-05
861.1949949264526
4.5299530029296875e-05
224.76884055137634
97.61767172813416
4.00543212890625e-05
216.57780289649963
9.417533874511719e-05
421.58259534835815
108.54279255867004
114.55561971664429
117.71374344825745
0.00017213821411132812
2.574920654296875e-05
3.886222839355469e-05
218.06133723258972
2.288818359375e-05
118.99692416191101
124.11376285552979
2.384185791015625e-05
114.8826334476471
3.790855407714844e-05
485.3383295536041
113.47748851776123
3.404465913772583
9.799003601074219e-05
119.13054919242859
118.6387631893158
2.651887893676758
221.54612469673157
342.0728061199188
592.7420799732208
471.4999692440033
127.17987108230591
132.68269419670105
260.3685212135315
5.173683166503906e-05
221.20979189872742
4.553794860839844e-05
131.36124563217163
131.35826587677002
278.69463086128235
9.179115295410156e-05
0.00012564659118652344
478.7004222869873
849.865261554718
111.22470378875732
2.5510787963867188e-05
435.44057965278625
2.288818359375e-05
1.9073486328125e-05
147.7923982143402
546.4988632202148
4.00543212890625e-05
123.18380188941956
426.8947229385376
4.887580871582031e-05
449.48627972602844
470.54479455947876
133.63925433158875
2.6941299438476562e-05
3.695487976074219e-05
582.1516251564026
952.8992826938629
109.78718757629395
4.315376281738281e-05
429.7499647140503
260.7073221206665
4.093796491622925
115.02027082443237
9.5367431640625e-05
129.13054013252258
582.1005408763885
110.41718912124634
2.1219253540039062e-05
8.821487426757812e-05
2.5033950805664062e-05
216.32968306541443
106.60651469230652
5.53131103515625e-05
112.45255041122437
2.956390380859375e-05
1.239776611328125e-05
112.65881752967834
188.8940486907959
219.53404927253723
109.56241393089294
2.5987625122070312e-05
389.9413061141968
3.5411765575408936
820.7637202739716
111.77936911582947
5.0067901611328125e-05
604.8884310722351
638.141196012497
2.5272369384765625e-05
2.8371810913085938e-05
1.811981201171875e-05
514.9546940326691
8.058547973632812e-05
2.765655517578125e-05
7.581710815429688e-05
2.8371810913085938e-05
2.4318695068359375e-05
8.749961853027344e-05
415.48863649368286
112.39224600791931
2.0742416381835938e-05
120.01589488983154
8.58306884765625e-05
5.9604644775390625e-05
673.4414224624634
8.368492126464844e-05
104.3407928943634
128.02129101753235
269.54354643821716
5.14984130859375e-05
1.8596649169921875e-05
114.54167890548706
736.3240449428558
2.47955322265625e-05
486.2981324195862
126.75261616706848
2.1219253540039062e-05
0.00015044212341308594
136.23031520843506
3.3855438232421875e-05
448.4637088775635
2.7894973754882812e-05
3.600120544433594e-05
610.3679654598236
3.790855407714844e-05
646.0760366916656
121.42596817016602
242.05728721618652
119.46206712722778
699.9135665893555
507.8586926460266
129.0791244506836
122.74048519134521
4.0531158447265625e-05
3.6716461181640625e-05
5.030632019042969e-05
8.893013000488281e-05
2.765655517578125e-05
116.811527967453
318.8339669704437
829.8337264060974
9.369850158691406e-05
3.800194501876831
133.5792429447174
128.3862702846527
4.482269287109375e-05
117.31866431236267
2.2649765014648438e-05
113.93490242958069
373.2885727882385
122.15369701385498
340.79647850990295
3.594594717025757
777.8689363002777
162.65604281425476
111.21115136146545
118.53361678123474
261.8489034175873
2.928316116333008
491.577760219574
106.01461911201477
4.9591064453125e-05
371.60805010795593
481.61763429641724
2.193450927734375e-05
2.288818359375e-05
216.8783826828003
4.553794860839844e-05
2.7662360668182373
4.506111145019531e-05
581.4258873462677
3.053870677947998
108.92306542396545
110.06929469108582
4.00543212890625e-05
122.89500164985657
139.38385915756226
2.6941299438476562e-05
4.553794860839844e-05
129.7147834300995
133.08385562896729
143.71386241912842
1.7404556274414062e-05
239.66572666168213
133.672598361969
3.0546019077301025
128.24277234077454
538.4082789421082
477.32574915885925
4.649162292480469e-05
681.4759860038757
122.31681537628174
491.8693902492523
8.749961853027344e-05
124.44751334190369
128.8886477947235
8.630752563476562e-05
117.17731428146362
133.1733419895172
6.747245788574219e-05
113.20675897598267
0.00011539459228515625
4.124641418457031e-05
498.1217761039734
108.50258469581604
505.7774865627289
132.66196751594543
357.8378300666809
119.41660022735596
2.5987625122070312e-05
703.5607900619507
123.0794746875763
143.72743129730225
132.76068568229675
262.8841919898987
321.5019807815552
980.581573009491
6.246566772460938e-05
122.13884019851685
2.002716064453125e-05
2.8133392333984375e-05
1.3113021850585938e-05
471.65126371383667
8.869171142578125e-05
122.49513959884644
121.26987051963806
9.965896606445312e-05
130.78837299346924
210.18181586265564
3.218650817871094e-05
3.504753112792969e-05
3.39497447013855
4.220008850097656e-05
262.1776978969574
129.3328206539154
125.4999828338623
7.653236389160156e-05
3.170967102050781e-05
118.84054160118103
2.1219253540039062e-05
1.4543533325195312e-05
1.3589859008789062e-05
134.2907075881958
2.6702880859375e-05
2.8012771606445312
117.64163589477539
134.44632244110107
122.67398142814636
4.57763671875e-05
137.57312154769897
130.7331669330597
120.07935738563538
4.649162292480469e-05
242.67688822746277
254.12936854362488
256.3633267879486
3.8623809814453125e-05
309.71366262435913
342.8846080303192
116.63367486000061
2.6226043701171875e-05
4.370689392089844
2.2172927856445312e-05
785.8538649082184
2.2411346435546875e-05
116.86747121810913
447.5363073348999
124.49844527244568
249.64533352851868
136.70216846466064
275.8364050388336
127.89877939224243
127.76598715782166
124.63398766517639
0.00010371208190917969
2.8133392333984375e-05
120.21352362632751
1122.3896617889404
133.1124575138092
382.8029234409332
373.8682198524475
362.28213691711426
4.267692565917969e-05
124.91817688941956
3.933906555175781e-05
685.5816788673401
0.00011181831359863281
129.94159603118896
250.1281361579895
2.3603439331054688e-05
1.9073486328125e-05
126.78545761108398
2.002716064453125e-05
7.62939453125e-05
128.1158754825592
131.30700159072876
125.16895294189453
477.78496980667114
500.4581916332245
309.48219323158264
2.193450927734375e-05
1.33514404296875e-05
126.93432760238647
213.14401388168335
598.3976233005524
0.00014495849609375
2.6226043701171875e-05
123.010573387146
135.23856902122498
3.0411674976348877
3.910064697265625e-05
2.2411346435546875e-05
2.9820094108581543
203.57802367210388
0.000141143798828125
2.193450927734375e-05
687.3478255271912
123.00074863433838
0.00012063980102539062
257.4230287075043
126.92890334129333
621.0331642627716
2.6464462280273438e-05
1.5735626220703125e-05
119.50117468833923
2.9961814880371094
2.0742416381835938e-05
3.045179843902588
133.20141291618347
0.0001068115234375
7.891654968261719e-05
3.790855407714844e-05
8.797645568847656e-05
8.559226989746094e-05
3.0700700283050537
125.32763051986694
5.030632019042969e-05
3.266334533691406e-05
1.2874603271484375e-05
1.33514404296875e-05
1.3589859008789062e-05
1.2636184692382812e-05
1.2874603271484375e-05
254.90506649017334
116.43197679519653
5.1975250244140625e-05
462.26464581489563
2.7894973754882812e-05
4.1484832763671875e-05
433.0995292663574
0.00011992454528808594
1.3113021850585938e-05
119.91430974006653
239.12419652938843
675.2440745830536
238.60538458824158
262.387259721756
2.574920654296875e-05
125.90005898475647
2.2649765014648438e-05
1.2874603271484375e-05
123.43606352806091
2.3365020751953125e-05
0.00010061264038085938
2.5870184898376465
122.8125581741333
8.440017700195312e-05
125.16180419921875
2.2411346435546875e-05
602.8577632904053
3.457069396972656e-05
2.9802322387695312e-05
4.482269287109375e-05
3.528594970703125e-05
248.6678981781006
477.22762155532837
2.5987625122070312e-05
122.49903464317322
3.600120544433594e-05
127.94095134735107
2.3365020751953125e-05
2.5510787963867188e-05
1.6927719116210938e-05
1.4781951904296875e-05
1.7404556274414062e-05
121.20564770698547
850.898610830307
259.2065873146057
114.73959302902222
550.9648973941803
0.00010180473327636719
565.3053901195526
3.814697265625e-05
2.2649765014648438e-05
384.85473108291626
4.0531158447265625e-05
8.821487426757812e-05
1.239776611328125e-05
3.337860107421875e-05
2.47955322265625e-05
2.3603439331054688e-05
2.6702880859375e-05
3.1435446739196777
0.00011873245239257812
2.765655517578125e-05
3.528594970703125e-05
135.36381697654724
6.413459777832031e-05
633.7595746517181
424.9785668849945
2.3126602172851562e-05
2.5510787963867188e-05
349.67566084861755
129.10572934150696
8.678436279296875e-05
2.0265579223632812e-05
367.95295763015747
4.982948303222656e-05
473.3154842853546
2.9994428157806396
3.1365129947662354
8.606910705566406e-05
3.5569560527801514
1.8835067749023438e-05
1.3589859008789062e-05
365.80974411964417
133.28609919548035
2.47955322265625e-05
2.0503997802734375e-05
2.4080276489257812e-05
2.193450927734375e-05
368.47940826416016
3.3082098960876465
394.50303316116333
2.574920654296875e-05
118.14750027656555
8.249282836914062e-05
571.6183578968048
122.38117146492004
678.4162571430206
1.7404556274414062e-05
1.7881393432617188e-05
1.4066696166992188e-05
135.93165755271912
4.839897155761719e-05
374.00816559791565
125.59464120864868
133.8431465625763
132.42240238189697
372.6882059574127
381.66917610168457
7.486343383789062e-05
125.42427682876587
2.1219253540039062e-05
136.30291986465454
650.1396124362946
2.09808349609375e-05
795.5935463905334
474.98450803756714
585.6990678310394
2.574920654296875e-05
498.9993898868561
135.13417410850525
101.93986821174622
141.0177035331726
6.914138793945312e-05
129.59749174118042
2.574920654296875e-05
1.5020370483398438e-05
1.621246337890625e-05
2.2172927856445312e-05
432.2801892757416
3.266334533691406e-05
2.1457672119140625e-05
3.446485996246338
7.534027099609375e-05
486.83383989334106
129.17981600761414
3.54848051071167
136.57181906700134
119.3844645023346
4.2438507080078125e-05
8.749961853027344e-05
357.94919180870056
2.47955322265625e-05
3.933906555175781e-05
3.218650817871094e-05
127.80479907989502
3.075599670410156e-05
127.43288207054138
734.600373506546
381.57436418533325
1.7642974853515625e-05
1.3589859008789062e-05
119.1332676410675
628.9265542030334
1.8358230590820312e-05
125.48007011413574
125.99189949035645
132.43034148216248
522.6778209209442
8.630752563476562e-05
855.1782298088074
8.320808410644531e-05
117.19699907302856
124.06937432289124
2.4318695068359375e-05
7.2479248046875e-05
1.33514404296875e-05
127.15476274490356
130.5553252696991
9.608268737792969e-05
338.0073895454407
3.695487976074219e-05
2.002716064453125e-05
239.20448923110962
4.7206878662109375e-05
151.30359435081482
0.00019812583923339844
1.430511474609375e-05
134.69316124916077
0.0001404285430908203
214.64674401283264
682.4844892024994
1.71661376953125e-05
2.002716064453125e-05
1.621246337890625e-05
889.7452867031097
141.0119080543518
144.55248546600342
124.5046877861023
3.443443536758423
445.11931705474854
124.85532927513123
376.50158643722534
414.1152262687683
134.18192958831787
2.5987625122070312e-05
141.46998643875122
4.38690185546875e-05
469.4208331108093
221.8916049003601
2.0742416381835938e-05
117.63840198516846
2.1696090698242188e-05
9.036064147949219e-05
496.8530304431915
867.2945115566254
2.0742416381835938e-05
121.56385064125061
6.723403930664062e-05
3.533594846725464
2.5033950805664062e-05
6.437301635742188e-05
459.1790428161621
3.8623809814453125e-05
251.62508177757263
348.94235610961914
461.37555050849915
2.4080276489257812e-05
2.5987625122070312e-05
357.18355441093445
2.288818359375e-05
2.3365020751953125e-05
551.7350883483887
3.082279920578003
354.42977380752563
7.772445678710938e-05
2.4318695068359375e-05
2.193450927734375e-05
2.1219253540039062e-05
3.647804260253906e-05
251.7985188961029
111.22248697280884
7.271766662597656e-05
127.4573769569397
237.03146147727966
509.6371943950653
1.7404556274414062e-05
562.5990252494812
127.25838565826416
2.4080276489257812e-05
138.74923086166382
135.31145906448364
143.6979422569275
137.40317344665527
130.59977960586548
2.4080276489257812e-05
0.0001232624053955078
131.28362727165222
363.0291690826416
2.3365020751953125e-05
634.3355569839478
123.89529013633728
131.02120542526245
3.3018221855163574
132.71594500541687
2.0503997802734375e-05
433.4400610923767
130.5336413383484
3.509556531906128
748.9656245708466
116.3392243385315
110.23912191390991
109.35154700279236
2.384185791015625e-05
1.52587890625e-05
1.33514404296875e-05
1.2874603271484375e-05
120.69532752037048
337.0645146369934
124.98066711425781
599.1634039878845
128.6761565208435
134.3523497581482
129.863703250885
138.11140823364258
4.506111145019531e-05
3.075599670410156e-05
2.09808349609375e-05
133.95546174049377
4.9591064453125e-05
4.649162292480469e-05
974.2407429218292
438.3406913280487
2.1696090698242188e-05
457.8554389476776
89.82218980789185
573.3466033935547
4.0531158447265625e-05
4.673004150390625e-05
3.2285056114196777
806.7091734409332
377.36268305778503
240.48142766952515
5.269050598144531e-05
321.48511695861816
114.831618309021
111.9890763759613
9.298324584960938e-05
210.1163489818573
861.4882678985596
2.4318695068359375e-05
3.62396240234375e-05
126.55149388313293
9.465217590332031e-05
132.62308979034424
232.74488186836243
110.32853531837463
4.649162292480469e-05
1.3828277587890625e-05
1.3828277587890625e-05
136.47580981254578
127.6464524269104
4.172325134277344e-05
257.76983761787415
0.0001537799835205078
3.425337314605713
2.1219253540039062e-05
2.1457672119140625e-05
751.459326505661
2.6226043701171875e-05
132.4226107597351
3.6882357597351074
445.98784255981445
205.06611919403076
441.3973460197449
4.220008850097656e-05
3.0279159545898438e-05
854.5432114601135
353.565566778183
2.6702880859375e-05
223.44960761070251
2.798107147216797
329.69216680526733
315.13870453834534
393.5604543685913
1094.5508778095245
2.1219253540039062e-05
0.0001366138458251953
132.56908249855042
2.9325485229492188e-05
2.9087066650390625e-05
3.266334533691406e-05
2.448918342590332
1.9550323486328125e-05
119.87921690940857
4.363059997558594e-05
474.1260211467743
2.86102294921875e-05
4.1484832763671875e-05
1.621246337890625e-05
250.3094277381897
453.3634822368622
7.891654968261719e-05
108.5011055469513
2.6941299438476562e-05
525.7086443901062
2.7418136596679688e-05
505.2170250415802
1.8835067749023438e-05
215.44154977798462
4.57763671875e-05
420.66065526008606
132.4764518737793
0.0001289844512939453
3.695487976074219e-05
122.7542667388916
9.393692016601562e-05
264.2996337413788
125.65629935264587
917.6173565387726
212.84182167053223
0.0004169940948486328
123.93534016609192
128.9035062789917
910.2301599979401
110.93820095062256
213.7764585018158
105.01718473434448
385.04126143455505
599.9988725185394
1.3828277587890625e-05
1.5974044799804688e-05
578.7294721603394
4.5299530029296875e-05
401.5835063457489
5.173683166503906e-05
0.00010824203491210938
7.748603820800781e-05
632.7301917076111
518.4536924362183
124.89004158973694
2.09808349609375e-05
656.2257287502289
103.52774715423584
640.5218687057495
81.12536144256592
108.08941197395325
5.817413330078125e-05
470.3956928253174
0.00010824203491210938
696.4072988033295
101.77064990997314
4.673004150390625e-05
115.60282444953918
113.20273327827454
2.8980157375335693
5.745887756347656e-05
122.74141812324524
216.45898151397705
6.723403930664062e-05
6.246566772460938e-05
550.8437883853912
3.5762786865234375e-05
7.581710815429688e-05
7.724761962890625e-05
493.06786251068115
130.37790036201477
138.9992232322693
3.600120544433594e-05
0.0001361370086669922
2.002716064453125e-05
122.93114995956421
4.76837158203125e-05
119.73184013366699
2.8389840126037598
3.0040740966796875e-05
2.0742416381835938e-05
378.1589798927307
2.193450927734375e-05
2.002716064453125e-05
1.4781951904296875e-05
1.9311904907226562e-05
1.7642974853515625e-05
3.5162360668182373
245.65721988677979
