
x disttype general-gaussian
x k 75254
x std 0.25
x N 50000
x alpha 0.0005

o 0 0.09860467811809279 0.13402671761850982
o 50 0 0.0020713641682267793
o 100 0.9719762711862099 0.9769031853126398
o 150 0.9998341327646891 1
o 200 0 0.0020713641682267793
o 250 0 0.0020713641682267793
o 300 0.07086584397336736 0.10189518468431592
o 350 0.2796670659531284 0.29376483936640885
o 400 0.9998341327646891 1
o 450 0.9963260758000195 0.9979838949949406
o 500 0.9998341327646891 1
o 550 0.9997848482419177 0.9999999949993749
o 600 0 0.0020713641682267793
o 650 0.9998341327646891 1
o 700 0.9998341327646891 1
o 750 0.99305453075004 0.9954172262285579
o 800 0.9983832285394977 0.9994045786411974
o 850 0.022744623805885607 0.04225810763633003
o 900 0 0.0020713641682267793
o 950 0.9998341327646891 1
o 1000 0.9998341327646891 1
o 1050 0.9998341327646891 1
o 1100 0 0.0020713641682267793
o 1150 0 0.0020713641682267793
o 1200 0.9998341327646891 1
o 1250 0.9998341327646891 1
o 1300 0 0.0020713641682267793
o 1350 0.9998341327646891 1
o 1400 0.5733966906678053 0.5887759769611367
o 1450 0.9998341327646891 1
o 1500 0.9998341327646891 1
o 1550 0.9997848482419177 0.9999999949993749
o 1600 0 0.0020713641682267793
o 1650 0 0.0020713641682267793
o 1700 0 0.0020713641682267793
o 1750 0.011961986560252047 0.02710571979410768
o 1800 0 0.0020713641682267793
o 1850 0.9998341327646891 1
o 1900 0.0012634637878653678 0.008409713721628458
o 1950 0.9998341327646891 1
o 2000 0 0.0020713641682267793
o 2050 0.5299631448561796 0.5455041362310362
o 2100 0.8684357966683045 0.878798152966481
o 2150 0 0.0020713641682267793
o 2200 0.9998341327646891 1
o 2250 0.9998341327646891 1
o 2300 0.00039780109237607124 0.005802461929782443
o 2350 0 0.0020713641682267793
o 2400 0 0.0020713641682267793
o 2450 0.9998341327646891 1
o 2500 0 0.0020713641682267793
o 2550 0.02168335538424684 0.04082534769308467
o 2600 0 0.0020713641682267793
o 2650 0.9989698028369127 0.9997365968529984
o 2700 0 0.0020713641682267793
o 2750 0.0001356941374875258 0.004579646877596001
o 2800 0.9998341327646891 1
o 2850 0.30779077053252935 0.3222715854335633
o 2900 0.033328544651038405 0.05611725481544439
o 2950 0 0.0020713641682267793
o 3000 0 0.0020713641682267793
o 3050 0.9998341327646891 1
o 3100 0 0.0020713641682267793
o 3150 0 0.0020713641682267793
o 3200 0.9998341327646891 1
o 3250 0 0.0020713641682267793
o 3300 0 0.0020713641682267793
o 3350 0.018944662351117823 0.0370797735581057
o 3400 0 0.0020713641682267793
o 3450 0.0036382898523235952 0.013498064508532212
o 3500 0.9998341327646891 1
o 3550 0.9998341327646891 1
o 3600 0.9998341327646891 1
o 3650 0.037062794198833876 0.06086372074938029
o 3700 0 0.0020713641682267793
o 3750 0.9294561195031347 0.9372375465539845
o 3800 0.7667670622508919 0.7798207862047422
o 3850 0.9313254749843197 0.9390075697319273
o 3900 0.9998341327646891 1
o 3950 0.4370242524876005 0.45251436428419445
o 4000 0.9998341327646891 1
o 4050 0.9998341327646891 1
o 4100 0.9997041638433968 0.9999976422569008
o 4150 0.9998341327646891 1
o 4200 0.9444373357541805 0.9513713477973851
o 4250 0.9998341327646891 1
o 4300 0.9998341327646891 1
o 4350 0.9998341327646891 1
o 4400 0 0.0020713641682267793
o 4450 0.9998341327646891 1
o 4500 0.9998341327646891 1
o 4550 0 0.0020713641682267793
o 4600 0.00039780109237607124 0.005802461929782443
o 4650 0 0.0020713641682267793
o 4700 0.9998341327646891 1
o 4750 0.9997427320109892 0.9999995494141014
o 4800 0.9998341327646891 1
o 4850 0.9998341327646891 1
o 4900 0 0.0020713641682267793
o 4950 0.9998341327646891 1
o 5000 0.9998341327646891 1
o 5050 0.9998341327646891 1
o 5100 0.9998341327646891 1
o 5150 0.9956650521574545 0.9974853508716574
o 5200 0.9567786556467461 0.9629059123602628
o 5250 0.9998341327646891 1
o 5300 0.9014196539719944 0.9105233283120912
o 5350 0.06857671835394429 0.09919518578959571
o 5400 0 0.0020713641682267793
o 5450 0 0.0020713641682267793
o 5500 0 0.0020713641682267793
o 5550 0.9995668564461055 0.9999760166924246
o 5600 0.9997041638433968 0.9999976422569008
o 5650 0.04952883299778932 0.07633515309239802
o 5700 0 0.0020713641682267793
o 5750 0.9998341327646891 1
o 5800 0.9998341327646891 1
o 5850 0 0.0020713641682267793
o 5900 0.9988909714709537 0.999695676843098
o 5950 0.0001356941374875258 0.004579646877596001
o 6000 0 0.0020713641682267793
o 6050 0.22586503558750015 0.27369623793958725
o 6100 0.9652332356449481 0.9707284986746532
o 6150 0 0.0020713641682267793
o 6200 0 0.0020713641682267793
o 6250 0.0009913927362599764 0.007688463700958955
o 6300 0.059235989373319003 0.0880806743403026
o 6350 0.9998341327646891 1
o 6400 0.9998341327646891 1
o 6450 0.9998341327646891 1
o 6500 0.057649048521890095 0.08617528878920573
o 6550 0.7469407328820059 0.7603737420904708
o 6600 0.9998341327646891 1
o 6650 0.9998341327646891 1
o 6700 0 0.0020713641682267793
o 6750 0.7292300913901086 0.7429703070125986
o 6800 0.9998341327646891 1
o 6850 0 0.0020713641682267793
o 6900 0.9998341327646891 1
o 6950 0.9998341327646891 1
o 7000 0.9998341327646891 1
o 7050 0.9998341327646891 1
o 7100 0.10210179526154085 0.13801348101447272
o 7150 0.995258289616 0.9971723541024932
o 7200 0 0.0020713641682267793
o 7250 0 0.0020713641682267793
o 7300 0 0.0020713641682267793
o 7350 0.9879266828522247 0.9911071653505178
o 7400 0.9998341327646891 1
o 7450 0.9864467020062251 0.9898276983002893
o 7500 0.030057569148642566 0.05190541237527137
o 7550 0.9998341327646891 1
o 7600 0.4627058535949906 0.47826409504155154
o 7650 0 0.0020713641682267793
o 7700 0.05516033041397094 0.08317608728546162
o 7750 0.011162882316066536 0.02591022426690886
o 7800 0.9998341327646891 1
o 7850 0.2752012922473729 0.2892321306258581
o 7900 0.04015727030653605 0.06475348630815157
o 7950 0.9947193687185295 0.9967515723000803
o 8000 0.9925705061401031 0.9950214684973464
o 8050 0 0.0020713641682267793
o 8100 0.9997848482419177 0.9999999949993749
o 8150 0 0.0020713641682267793
o 8200 0 0.0020713641682267793
o 8250 0 0.0020713641682267793
o 8300 0 0.0020713641682267793
o 8350 5.632956977942948e-06 0.0032118347953750117
o 8400 0 0.0020713641682267793
o 8450 0.4775531201878826 0.49313182041717785
o 8500 0 0.0020713641682267793
o 8550 0.9923948979403597 0.9948771540820781
o 8600 0 0.0020713641682267793
o 8650 0 0.0020713641682267793
o 8700 0.5037474325821831 0.5193286782933015
o 8750 0 0.0020713641682267793
o 8800 0.9998341327646891 1
o 8850 0 0.0020713641682267793
o 8900 0.9998341327646891 1
o 8950 0.18449277718967047 0.22925109810602007
o 9000 0 0.0020713641682267793
o 9050 0.9998341327646891 1
o 9100 0.12507994244747897 0.16393032524046586
o 9150 0 0.0020713641682267793
o 9200 0 0.0020713641682267793
o 9250 0.9988130027235825 0.999653867701342
o 9300 0 0.0020713641682267793
o 9350 0.9902146898323121 0.9930582711858442
o 9400 0 0.0020713641682267793
o 9450 0 0.0020713641682267793
o 9500 0.9998341327646891 1
o 9550 0.6606515409109195 0.6753318279003384
o 9600 0 0.0020713641682267793
o 9650 0.08699184970413411 0.12069339490893934
o 9700 0 0.0020713641682267793
o 9750 0.2734946019493267 0.28749940098102383
o 9800 0 0.0020713641682267793
o 9850 0 0.0020713641682267793
o 9900 0 0.0020713641682267793
o 9950 0.9941392710828976 0.9962919688562982
o 10000 0 0.0020713641682267793
o 10050 0 0.0020713641682267793
o 10100 0 0.0020713641682267793
o 10150 0.9470578140580465 0.9538299968568882
o 10200 0.6802637340387067 0.6947130603354148
o 10250 0.0023137429626999364 0.010840119172525859
o 10300 0.9799648488503153 0.9841118645054994
o 10350 0.9998341327646891 1
o 10400 0.9997427320109892 0.9999995494141014
o 10450 0 0.0020713641682267793
o 10500 0 0.0020713641682267793
o 10550 0.9998341327646891 1
o 10600 0 0.0020713641682267793
o 10650 0.2159722490569372 0.26313251875068455
o 10700 0.00039780109237607124 0.005802461929782443
o 10750 0.9998341327646891 1
o 10800 0.9975128585703237 0.9988361124990661
o 10850 0.9998341327646891 1
o 10900 0.9998341327646891 1
o 10950 0.04282213236022369 0.06807519139473661
o 11000 0.9998341327646891 1
o 11050 0.9998341327646891 1
o 11100 0 0.0020713641682267793
o 11150 0.0005039517802439839 0.006191718166965772
o 11200 0 0.0020713641682267793
o 11250 0.7296938547191 0.7434263885276957
o 11300 0.9937617797195816 0.9959896455065353
o 11350 0.9998341327646891 1
o 11400 0.9857410339165188 0.9892136253439642
o 11450 0.9997427320109892 0.9999995494141014
o 11500 0.9998341327646891 1
o 11550 0.5965606136244299 0.6118042682505245
o 11600 0.9881202178383208 0.9912735571030535
o 11650 0.9547070310159085 0.9609782290858188
o 11700 0 0.0020713641682267793
o 11750 6.250781184871417e-08 0.0026863809835039826
o 11800 0 0.0020713641682267793
o 11850 0 0.0020713641682267793
o 11900 0.007270456610911262 0.01983142108403857
o 11950 0.9991854194751925 0.9998401310800595
o 12000 0 0.0020713641682267793
o 12050 0.9994730802517788 0.9999506585660495
o 12100 0 0.0020713641682267793
o 12150 5.632956977942948e-06 0.0032118347953750117
o 12200 0.9998341327646891 1
o 12250 0.9998341327646891 1
o 12300 0 0.0020713641682267793
o 12350 0.9998341327646891 1
o 12400 0.0005039517802439839 0.006191718166965772
o 12450 0.19864512666876782 0.2445360683210095
o 12500 0 0.0020713641682267793
o 12550 0.9998341327646891 1
o 12600 0.9287578941028423 0.9365760040159787
o 12650 0.9470578140580465 0.9538299968568882
o 12700 0 0.0020713641682267793
o 12750 0.052227492982510504 0.07962323926104116
o 12800 0.9998341327646891 1
o 12850 0 0.0020713641682267793
o 12900 0.0031296724325380588 0.01251285411303055
o 12950 0.9998341327646891 1
o 13000 0.041266292444969065 0.06613885941210904
o 13050 0.08954051614080262 0.1236328646512493
o 13100 0.9998341327646891 1
o 13150 0.9998341327646891 1
o 13200 0.9998341327646891 1
o 13250 0 0.0020713641682267793
o 13300 0.9043826394434878 0.9133593581932008
o 13350 0.9998341327646891 1
o 13400 0.9997848482419177 0.9999999949993749
o 13450 0 0.0020713641682267793
o 13500 0.9998341327646891 1
o 13550 0 0.0020713641682267793
o 13600 0 0.0020713641682267793
o 13650 6.250781184871417e-08 0.0026863809835039826
o 13700 0.40414420294445247 0.4194855224089892
o 13750 0.9998341327646891 1
o 13800 0.9998341327646891 1
o 13850 0.9998341327646891 1
o 13900 0.9998341327646891 1
o 13950 0.9998341327646891 1
o 14000 0.9998341327646891 1
o 14050 0 0.0020713641682267793
o 14100 0 0.0020713641682267793
o 14150 0.9983090111814497 0.9993589235528288
o 14200 0.9998341327646891 1
o 14250 0 0.0020713641682267793
o 14300 0.9998341327646891 1
o 14350 0.9971596588721745 0.9985896533979244
o 14400 0.9782344700883306 0.9825628439333738
o 14450 0.9998341327646891 1
o 14500 0.9998341327646891 1
o 14550 0.9997848482419177 0.9999999949993749
o 14600 0 0.0020713641682267793
o 14650 0.9998341327646891 1
o 14700 0.9998341327646891 1
o 14750 0.0012634637878653678 0.008409713721628458
o 14800 0.4046028457991365 0.4199467245149705
o 14850 0 0.0020713641682267793
o 14900 0.1411393019221255 0.18179834045832607
o 14950 0.8753562027038665 0.8854754447304817
o 15000 0.9998341327646891 1
o 15050 0.9998341327646891 1
o 15100 6.250781184871417e-08 0.0026863809835039826
o 15150 0 0.0020713641682267793
o 15200 0 0.0020713641682267793
o 15250 0.9935845800559969 0.9958469300306009
o 15300 0.1806624860320479 0.2250983966992661
o 15350 0.9998341327646891 1
o 15400 0.010765566517951755 0.025310275367281882
o 15450 0.9998341327646891 1
o 15500 0.9977509012387189 0.9989978077068437
o 15550 0 0.0020713641682267793
o 15600 0 0.0020713641682267793
o 15650 6.250781184871417e-08 0.0026863809835039826
o 15700 0.2675221906537289 0.28143384254174203
o 15750 0.009779330690055163 0.02380346555290686
o 15800 0.9997848482419177 0.9999999949993749
o 15850 0.9998341327646891 1
o 15900 0 0.0020713641682267793
o 15950 0.027890957252782896 0.049083584363732585
o 16000 0.9998341327646891 1
o 16050 0.9997848482419177 0.9999999949993749
o 16100 7.381303257431036e-05 0.004146138037869025
o 16150 0.40897026873658626 0.4243378253407065
o 16200 0.9998341327646891 1
o 16250 0.009192802791285494 0.022894255628807758
o 16300 0.41684915742706 0.43225627406280087
o 16350 0.9998341327646891 1
o 16400 0.9998341327646891 1
o 16450 0.38490741356617086 0.40012881684401697
o 16500 0.7546710846497715 0.7679608060452108
o 16550 0 0.0020713641682267793
o 16600 0 0.0020713641682267793
o 16650 0.9634017217998032 0.9690406279632515
o 16700 0.09070018872568648 0.12496780280669582
o 16750 0 0.0020713641682267793
o 16800 0.8818132061934985 0.8916962937733507
o 16850 0.9917599498345682 0.9943523759412465
o 16900 0 0.0020713641682267793
o 16950 0.9998341327646891 1
o 17000 0.9998341327646891 1
o 17050 0.9934739660801054 0.995757596355823
o 17100 0.9388942606367944 0.9461562674409766
o 17150 0 0.0020713641682267793
o 17200 0.7973954401247715 0.8097821812612339
o 17250 6.250781184871417e-08 0.0026863809835039826
o 17300 0.9600353263503875 0.9659281521356123
o 17350 0.9206746550034537 0.928901929223778
o 17400 0.000617231858581449 0.006574120542913898
o 17450 0.0026347926915506496 0.011514351585061058
o 17500 0.9998341327646891 1
o 17550 0.37112038988401524 0.3862405054928124
o 17600 0.9998341327646891 1
o 17650 5.632956977942948e-06 0.0032118347953750117
o 17700 0.9998341327646891 1
o 17750 0.03376643991046851 0.056677081189168185
o 17800 0 0.0020713641682267793
o 17850 0.9973004383367916 0.9986887437647798
o 17900 0 0.0020713641682267793
o 17950 0.9998341327646891 1
o 18000 0.8980087410826629 0.9072553747906085
o 18050 0 0.0020713641682267793
o 18100 0.9998341327646891 1
o 18150 0.9754360887993911 0.9800421880078789
o 18200 0.0651507457350255 0.09513750013702395
o 18250 0.9926144404943272 0.9950575146577362
o 18300 0.9877117849819992 0.9909221442539539
o 18350 0.9949883769998434 0.9969624183275265
o 18400 0 0.0020713641682267793
o 18450 0 0.0020713641682267793
o 18500 0.9998341327646891 1
o 18550 0.9998341327646891 1
o 18600 0.40406443967466615 0.4194053126421532
o 18650 0.9997848482419177 0.9999999949993749
o 18700 0 0.0020713641682267793
o 18750 0.1279076276827381 0.1670898117859781
o 18800 0.9955744496960307 0.9974160083623174
o 18850 0.6566504043652188 0.6713743062233961
o 18900 0 0.0020713641682267793
o 18950 0.9998341327646891 1
o 19000 0.19048422416187885 0.23573308530360407
o 19050 0 0.0020713641682267793
o 19100 0.9998341327646891 1
o 19150 0 0.0020713641682267793
o 19200 0 0.0020713641682267793
o 19250 0 0.0020713641682267793
o 19300 0 0.0020713641682267793
o 19350 0.9998341327646891 1
o 19400 0.9998341327646891 1
o 19450 0 0.0020713641682267793
o 19500 0 0.0020713641682267793
o 19550 0 0.0020713641682267793
o 19600 0 0.0020713641682267793
o 19650 0.9998341327646891 1
o 19700 0 0.0020713641682267793
o 19750 0 0.0020713641682267793
o 19800 0.9998341327646891 1
o 19850 0 0.0020713641682267793
o 19900 0.9998341327646891 1
o 19950 0.9998341327646891 1
o 20000 0.9998341327646891 1
o 20050 0 0.0020713641682267793
o 20100 0 0.0020713641682267793
o 20150 0 0.0020713641682267793
o 20200 0.9964638754550497 0.9980859969406028
o 20250 6.250781184871417e-08 0.0026863809835039826
o 20300 0 0.0020713641682267793
o 20350 0.9998341327646891 1
o 20400 0 0.0020713641682267793
o 20450 0 0.0020713641682267793
o 20500 0.011362110836926634 0.026209637177877672
o 20550 0.9998341327646891 1
o 20600 0.9209411393534115 0.9291553563279742
o 20650 5.632956977942948e-06 0.0032118347953750117
o 20700 0.9555768715000775 0.9617880980836897
o 20750 0 0.0020713641682267793
o 20800 0.9998341327646891 1
o 20850 0.6917764247484859 0.7060765122741459
o 20900 0 0.0020713641682267793
o 20950 0 0.0020713641682267793
o 21000 0 0.0020713641682267793
o 21050 0.9997041638433968 0.9999976422569008
o 21100 0.0012634637878653678 0.008409713721628458
o 21150 0 0.0020713641682267793
o 21200 0.15751689349751755 0.19984719949669846
o 21250 0.9998341327646891 1
o 21300 0.9998341327646891 1
o 21350 0 0.0020713641682267793
o 21400 0.5129505071856102 0.5285225031670804
o 21450 0.9998341327646891 1
o 21500 0.858958681200496 0.8696384222424627
o 21550 0.9998341327646891 1
o 21600 0.9506521097275658 0.9571945033575647
o 21650 0.9964408811586661 0.9980690078933329
o 21700 6.250781184871417e-08 0.0026863809835039826
o 21750 0 0.0020713641682267793
o 21800 0.9998341327646891 1
o 21850 0.9998341327646891 1
o 21900 0 0.0020713641682267793
o 21950 0.9663582049631428 0.9717631507646111
o 22000 0 0.0020713641682267793
o 22050 0 0.0020713641682267793
o 22100 0.9997427320109892 0.9999995494141014
o 22150 0 0.0020713641682267793
o 22200 0 0.0020713641682267793
o 22250 0 0.0020713641682267793
o 22300 0.9733168538910402 0.9781221466579734
o 22350 0.6032021839958146 0.6184004665579308
o 22400 0.9997848482419177 0.9999999949993749
o 22450 0.0005039517802439839 0.006191718166965772
o 22500 0.026812262164505572 0.047668096208991935
o 22550 0.9998341327646891 1
o 22600 0.9913234235525651 0.9939890856379938
o 22650 0.9998341327646891 1
o 22700 0 0.0020713641682267793
o 22750 0.9994130827814862 0.9999311292217218
o 22800 0 0.0020713641682267793
o 22850 0 0.0020713641682267793
o 22900 0.9413864318048394 0.9485032671673893
o 22950 2.947816983711372e-05 0.003692940350408797
o 23000 0 0.0020713641682267793
o 23050 0.9998341327646891 1
o 23100 0.14208657224859125 0.18284680280078577
o 23150 0 0.0020713641682267793
o 23200 0 0.0020713641682267793
o 23250 0.9998341327646891 1
o 23300 0.9998341327646891 1
o 23350 0 0.0020713641682267793
o 23400 0.9998341327646891 1
o 23450 0 0.0020713641682267793
o 23500 0 0.0020713641682267793
o 23550 0.9998341327646891 1
o 23600 0.9998341327646891 1
o 23650 0 0.0020713641682267793
o 23700 0 0.0020713641682267793
o 23750 0.9998341327646891 1
o 23800 0.9998341327646891 1
o 23850 0.9998341327646891 1
o 23900 0.6855766385772117 0.6999583755154573
o 23950 0 0.0020713641682267793
o 24000 0 0.0020713641682267793
o 24050 0.21983067869530645 0.2672571136060987
o 24100 0 0.0020713641682267793
o 24150 0.9998341327646891 1
o 24200 0 0.0020713641682267793
o 24250 0.1086447572714207 0.14544046625115156
o 24300 0 0.0020713641682267793
o 24350 0.01276666743747675 0.028295723107619065
o 24400 0 0.0020713641682267793
o 24450 0.9998341327646891 1
o 24500 0.3104737200014061 0.32498772562877587
o 24550 0.9998341327646891 1
o 24600 0.9934518554915971 0.9957397173533561
o 24650 0 0.0020713641682267793
o 24700 0 0.0020713641682267793
o 24750 0 0.0020713641682267793
o 24800 0 0.0020713641682267793
o 24850 0.9600145658551953 0.9659089195830409
o 24900 0.9998341327646891 1
o 24950 0 0.0020713641682267793
o 25000 0.9998341327646891 1
o 25050 0 0.0020713641682267793
o 25100 0.9998341327646891 1
o 25150 0.9998341327646891 1
o 25200 0.10000282905428057 0.1356221171376108
o 25250 0.9998341327646891 1
o 25300 0.03684239780905629 0.0605852467032895
o 25350 0.9998341327646891 1
o 25400 0.9998341327646891 1
o 25450 0 0.0020713641682267793
o 25500 0.9998341327646891 1
o 25550 0.020837393278331375 0.039676116970114604
o 25600 0 0.0020713641682267793
o 25650 0.9432207375915099 0.9502283509397792
o 25700 0.9998341327646891 1
o 25750 0 0.0020713641682267793
o 25800 5.632956977942948e-06 0.0032118347953750117
o 25850 0.9998341327646891 1
o 25900 0.9998341327646891 1
o 25950 0 0.0020713641682267793
o 26000 0.9998341327646891 1
o 26050 6.250781184871417e-08 0.0026863809835039826
o 26100 0.9998341327646891 1
o 26150 0.4219365978052905 0.4373671148188207
o 26200 0.17827027158937744 0.22250124300345078
o 26250 0.9995668564461055 0.9999760166924246
o 26300 0.0016974653738742154 0.009466791134271763
o 26350 0 0.0020713641682267793
o 26400 0 0.0020713641682267793
o 26450 0.9998341327646891 1
o 26500 0 0.0020713641682267793
o 26550 0 0.0020713641682267793
o 26600 0 0.0020713641682267793
o 26650 0.9998341327646891 1
o 26700 0.03398553566351121 0.056956847272532446
o 26750 0.8409423470077548 0.8521807554397193
o 26800 0 0.0020713641682267793
o 26850 0.9989962943624098 0.9997500155155601
o 26900 0.9998341327646891 1
o 26950 0.9987102018538931 0.9995969315746575
o 27000 0.9998341327646891 1
o 27050 0 0.0020713641682267793
o 27100 0 0.0020713641682267793
o 27150 0 0.0020713641682267793
o 27200 0.00029995700032225335 0.005405172829995002
o 27250 0 0.0020713641682267793
o 27300 0.9998341327646891 1
o 27350 0.9998341327646891 1
o 27400 0.9998341327646891 1
o 27450 0.9701983077657498 0.9752817515914227
o 27500 0 0.0020713641682267793
o 27550 0.9998341327646891 1
o 27600 0.9998341327646891 1
o 27650 0 0.0020713641682267793
o 27700 0.9990496341945742 0.9997764839702483
o 27750 0.027243355888425514 0.0482346726408727
o 27800 0 0.0020713641682267793
o 27850 0.9998341327646891 1
o 27900 0 0.0020713641682267793
o 27950 0 0.0020713641682267793
o 28000 0 0.0020713641682267793
o 28050 0 0.0020713641682267793
o 28100 0.9998341327646891 1
o 28150 0.9998341327646891 1
o 28200 0.8542436478944 0.8650750250948458
o 28250 0.9998341327646891 1
o 28300 0.7209444488210233 0.7348187220369915
o 28350 0 0.0020713641682267793
o 28400 0 0.0020713641682267793
o 28450 0.9998341327646891 1
o 28500 0 0.0020713641682267793
o 28550 0 0.0020713641682267793
o 28600 0.09186058766899934 0.12630201663714533
o 28650 0.9843333328798028 0.9879818364150784
o 28700 0.9998341327646891 1
o 28750 0.04527421882297208 0.07111084382991753
o 28800 0 0.0020713641682267793
o 28850 0.9975602862033385 0.9988686350034937
o 28900 0.9994730802517788 0.9999506585660495
o 28950 0.9998341327646891 1
o 29000 0.0009913927362599764 0.007688463700958955
o 29050 0.9998341327646891 1
o 29100 0.558564851738979 0.5740128039786616
o 29150 0.9998341327646891 1
o 29200 0 0.0020713641682267793
o 29250 0 0.0020713641682267793
o 29300 0.9998341327646891 1
o 29350 0 0.0020713641682267793
o 29400 0.9998341327646891 1
o 29450 0 0.0020713641682267793
o 29500 0 0.0020713641682267793
o 29550 0.9998341327646891 1
o 29600 0.9753310645719238 0.9799472481990806
o 29650 0 0.0020713641682267793
o 29700 0 0.0020713641682267793
o 29750 2.947816983711372e-05 0.003692940350408797
o 29800 0 0.0020713641682267793
o 29850 0.0005039517802439839 0.006191718166965772
o 29900 0.9592465888135492 0.965197153737884
o 29950 0.0036382898523235952 0.013498064508532212
o 30000 0 0.0020713641682267793
o 30050 0 0.0020713641682267793
o 30100 0.9998341327646891 1
o 30150 0.9998341327646891 1
o 30200 0 0.0020713641682267793
o 30250 0 0.0020713641682267793
o 30300 0.9985832870188978 0.9995241331856727
o 30350 0.9986846867396849 0.9995825074237972
o 30400 0 0.0020713641682267793
o 30450 0 0.0020713641682267793
o 30500 0.9990229026390072 0.9997633135035763
o 30550 0.9998341327646891 1
o 30600 0.9998341327646891 1
o 30650 0 0.0020713641682267793
o 30700 0.0309274599009564 0.05303092245123836
o 30750 0.9998341327646891 1
o 30800 0 0.0020713641682267793
o 30850 0.02317026806460788 0.042830085544853354
o 30900 0 0.0020713641682267793
o 30950 0 0.0020713641682267793
o 31000 0 0.0020713641682267793
o 31050 0.9998341327646891 1
o 31100 0.9998341327646891 1
o 31150 0 0.0020713641682267793
o 31200 0 0.0020713641682267793
o 31250 0.9998341327646891 1
o 31300 0 0.0020713641682267793
o 31350 0 0.0020713641682267793
o 31400 0 0.0020713641682267793
o 31450 0.9500733853017135 0.956653420729922
o 31500 0 0.0020713641682267793
o 31550 6.250781184871417e-08 0.0026863809835039826
o 31600 0 0.0020713641682267793
o 31650 0 0.0020713641682267793
o 31700 0 0.0020713641682267793
o 31750 0.8712644086144958 0.881528599951976
o 31800 0.9998341327646891 1
o 31850 0.007460175482632987 0.020140170534740175
o 31900 0.005048157084681507 0.016073311665877735
o 31950 0 0.0020713641682267793
o 32000 0.9998341327646891 1
o 32050 0.9998341327646891 1
o 32100 0.9995668564461055 0.9999760166924246
o 32150 0 0.0020713641682267793
o 32200 0.9998341327646891 1
o 32250 0.9998341327646891 1
o 32300 0.9998341327646891 1
o 32350 0.3854654056021491 0.4006906360559467
o 32400 0 0.0020713641682267793
o 32450 0.9998341327646891 1
o 32500 0 0.0020713641682267793
o 32550 0 0.0020713641682267793
o 32600 0.9806413050203525 0.9847151721300811
o 32650 0.9998341327646891 1
o 32700 0 0.0020713641682267793
o 32750 0.012564997929673732 0.027998714211979296
o 32800 0.9306063916422987 0.9383268920925314
o 32850 0.9996330653686876 0.9999891487861117
o 32900 0.9998341327646891 1
o 32950 0.9998341327646891 1
o 33000 0.9995668564461055 0.9999760166924246
o 33050 0.9998341327646891 1
o 33100 0 0.0020713641682267793
o 33150 0.9977748368846212 0.9990138439272555
o 33200 0 0.0020713641682267793
o 33250 0.007460175482632987 0.020140170534740175
o 33300 0 0.0020713641682267793
o 33350 0 0.0020713641682267793
o 33400 0 0.0020713641682267793
o 33450 0.9998341327646891 1
o 33500 0.9995349878824095 0.9999681957182616
o 33550 0 0.0020713641682267793
o 33600 0 0.0020713641682267793
o 33650 0 0.0020713641682267793
o 33700 0 0.0020713641682267793
o 33750 0 0.0020713641682267793
o 33800 0 0.0020713641682267793
o 33850 0.04215489450379866 0.0672457815895094
o 33900 0.9998341327646891 1
o 33950 0.9998341327646891 1
o 34000 5.632956977942948e-06 0.0032118347953750117
o 34050 0 0.0020713641682267793
o 34100 0.9998341327646891 1
o 34150 0 0.0020713641682267793
o 34200 0.7785472497709722 0.7913566637457784
o 34250 0.9998341327646891 1
o 34300 0 0.0020713641682267793
o 34350 0.9998341327646891 1
o 34400 0.9998341327646891 1
o 34450 0 0.0020713641682267793
o 34500 0.9998341327646891 1
o 34550 0 0.0020713641682267793
o 34600 0 0.0020713641682267793
o 34650 0 0.0020713641682267793
o 34700 0.9998341327646891 1
o 34750 0 0.0020713641682267793
o 34800 0 0.0020713641682267793
o 34850 0 0.0020713641682267793
o 34900 0 0.0020713641682267793
o 34950 0.9998341327646891 1
o 35000 0 0.0020713641682267793
o 35050 0.9998341327646891 1
o 35100 0.008610537935773608 0.02198085951972012
o 35150 0 0.0020713641682267793
o 35200 0 0.0020713641682267793
o 35250 0.9997427320109892 0.9999995494141014
o 35300 0 0.0020713641682267793
o 35350 0 0.0020713641682267793
o 35400 0 0.0020713641682267793
o 35450 0.9892193496236932 0.9922140035157815
o 35500 0 0.0020713641682267793
o 35550 0 0.0020713641682267793
o 35600 0 0.0020713641682267793
o 35650 0.19000461653258016 0.2352148178417799
o 35700 0.9998341327646891 1
o 35750 0 0.0020713641682267793
o 35800 0.9998341327646891 1
o 35850 0.7852590748206187 0.7979225975401589
o 35900 0 0.0020713641682267793
o 35950 0.9998341327646891 1
o 36000 0 0.0020713641682267793
o 36050 0.9998341327646891 1
o 36100 0.9998341327646891 1
o 36150 0.06949188756521986 0.10027566464293335
o 36200 0 0.0020713641682267793
o 36250 0.8972940930176878 0.9065702603762745
o 36300 0.9998341327646891 1
o 36350 0.9998341327646891 1
o 36400 0.9412628087157265 0.9483869313908058
o 36450 0 0.0020713641682267793
o 36500 0 0.0020713641682267793
o 36550 0 0.0020713641682267793
o 36600 0.9998341327646891 1
o 36650 0 0.0020713641682267793
o 36700 0 0.0020713641682267793
o 36750 0.04193263067150926 0.06696916371256123
o 36800 0.9998341327646891 1
o 36850 0 0.0020713641682267793
o 36900 0.9998341327646891 1
o 36950 0.9992130705901283 0.9998523473218875
o 37000 0 0.0020713641682267793
o 37050 0 0.0020713641682267793
o 37100 0 0.0020713641682267793
o 37150 0.15109908098774724 0.19279377722201252
o 37200 0 0.0020713641682267793
o 37250 0 0.0020713641682267793
o 37300 0.9998341327646891 1
o 37350 0 0.0020713641682267793
o 37400 0 0.0020713641682267793
o 37450 0.9992130705901283 0.9998523473218875
o 37500 0 0.0020713641682267793
o 37550 0.18209845176818593 0.22665605267218444
o 37600 0 0.0020713641682267793
o 37650 0.546003359209335 0.5614985228136147
o 37700 0.11708397034008239 0.15496267608251615
o 37750 0.9968798513964047 0.9983897007921846
o 37800 0.9998341327646891 1
o 37850 0.9998341327646891 1
o 37900 0.10233514072077173 0.13827906143732913
o 37950 0.9998341327646891 1
o 38000 0 0.0020713641682267793
o 38050 0 0.0020713641682267793
o 38100 0.9986592401095499 0.9995680130057615
o 38150 0.9998341327646891 1
o 38200 0 0.0020713641682267793
o 38250 0.9995668564461055 0.9999760166924246
o 38300 0.03223557273136373 0.05471593499218935
o 38350 0.9998341327646891 1
o 38400 0.0005039517802439839 0.006191718166965772
o 38450 0.8550157986248907 0.8658226173082547
o 38500 0.5110096392432262 0.5265840249162437
o 38550 0.9807047591647777 0.9847716957838897
o 38600 0 0.0020713641682267793
o 38650 0.007460175482632987 0.020140170534740175
o 38700 0.9925924716784971 0.9950394932233823
o 38750 0 0.0020713641682267793
o 38800 0 0.0020713641682267793
o 38850 0.00822489233438099 0.021369445153623583
o 38900 0 0.0020713641682267793
o 38950 0.9998341327646891 1
o 39000 0.9788037680410197 0.9830733488775862
o 39050 0.9998341327646891 1
o 39100 0 0.0020713641682267793
o 39150 0.9998341327646891 1
o 39200 0 0.0020713641682267793
o 39250 0.9997041638433968 0.9999976422569008
o 39300 0 0.0020713641682267793
o 39350 0 0.0020713641682267793
o 39400 0 0.0020713641682267793
o 39450 0.04259964583331202 0.06779879495009956
o 39500 0 0.0020713641682267793
o 39550 0.9998341327646891 1
o 39600 0.2525882674177719 0.2662528452930747
o 39650 0.29410224288013503 0.30840475940244017
o 39700 0.9998341327646891 1
o 39750 0.032891049775107616 0.055557030839983444
o 39800 0.9998341327646891 1
o 39850 0.9997041638433968 0.9999976422569008
o 39900 0.050652237949806396 0.07770622069172443
o 39950 0.9996330653686876 0.9999891487861117
o 40000 0.9998341327646891 1
o 40050 0.07040769987605384 0.10135550272907522
o 40100 0.811464621605943 0.8235083061203271
o 40150 0.4280825399138731 0.4435390966088513
o 40200 0 0.0020713641682267793
o 40250 0.000736709291167083 0.006950583915313205
o 40300 0.29372487241975076 0.308022257996364
o 40350 0 0.0020713641682267793
o 40400 0.951396379220246 0.957889985674247
o 40450 0.6639091830833938 0.6785530934072137
o 40500 0.630486327591852 0.6454671612765495
o 40550 6.250781184871417e-08 0.0026863809835039826
o 40600 0.9998341327646891 1
o 40650 0 0.0020713641682267793
o 40700 0 0.0020713641682267793
o 40750 0.07959907128874692 0.11212075033073286
o 40800 0.9998341327646891 1
o 40850 0.4105658298801259 0.42594172493577215
o 40900 0 0.0020713641682267793
o 40950 0 0.0020713641682267793
o 41000 0.9815726186190508 0.9855435318429314
o 41050 0.9992130705901283 0.9998523473218875
o 41100 0.9998341327646891 1
o 41150 0 0.0020713641682267793
o 41200 0.9981616966934627 0.9992664707710156
o 41250 0.6391246178781238 0.6540259719701618
o 41300 0 0.0020713641682267793
o 41350 0 0.0020713641682267793
o 41400 0 0.0020713641682267793
o 41450 0.9998341327646891 1
o 41500 5.632956977942948e-06 0.0032118347953750117
o 41550 0.0016974653738742154 0.009466791134271763
o 41600 0.9998341327646891 1
o 41650 0.9995994914601743 0.999983053576263
o 41700 0 0.0020713641682267793
o 41750 0.01644672774551629 0.033592558316139734
o 41800 0 0.0020713641682267793
o 41850 0 0.0020713641682267793
o 41900 0 0.0020713641682267793
o 41950 0.994607530364573 0.9966634698045089
o 42000 0.5782486379165397 0.5936023984435974
o 42050 0 0.0020713641682267793
o 42100 0 0.0020713641682267793
o 42150 0 0.0020713641682267793
o 42200 0.9960516027518831 0.997778554776823
o 42250 0.002473307911623271 0.011178161154965364
o 42300 0.18185909119366947 0.2263964762528361
o 42350 0 0.0020713641682267793
o 42400 0 0.0020713641682267793
o 42450 0.9998341327646891 1
o 42500 0.9998341327646891 1
o 42550 0 0.0020713641682267793
o 42600 0.9998341327646891 1
o 42650 0.9998341327646891 1
o 42700 0.03794525043174892 0.061976751766614005
o 42750 0 0.0020713641682267793
o 42800 0.1035022438409338 0.13960658865524447
o 42850 0 0.0020713641682267793
o 42900 0 0.0020713641682267793
o 42950 0.9997041638433968 0.9999976422569008
o 43000 0 0.0020713641682267793
o 43050 0 0.0020713641682267793
o 43100 0.41734788909723525 0.43275737387571667
o 43150 0.9998341327646891 1
o 43200 0 0.0020713641682267793
o 43250 0.2827241318882643 0.2968667347804952
o 43300 0.6788954356686367 0.6933618172536051
o 43350 0.9998341327646891 1
o 43400 0 0.0020713641682267793
o 43450 0 0.0020713641682267793
o 43500 0.9914324568552242 0.9940800068520929
o 43550 0.012162651048216695 0.027403718847155967
o 43600 0 0.0020713641682267793
o 43650 0 0.0020713641682267793
o 43700 0.9998341327646891 1
o 43750 0.9425610890609066 0.9496082190167887
o 43800 0.29154021074638997 0.30580766150191324
o 43850 0.9998341327646891 1
o 43900 0.999667827592453 0.9999940967944916
o 43950 0 0.0020713641682267793
o 44000 0 0.0020713641682267793
o 44050 0.9998341327646891 1
o 44100 0.0012634637878653678 0.008409713721628458
o 44150 0.9998341327646891 1
o 44200 0.9998341327646891 1
o 44250 0 0.0020713641682267793
o 44300 0.9998341327646891 1
o 44350 0.9998341327646891 1
o 44400 0 0.0020713641682267793
o 44450 0.26476470057318546 0.2786322702220373
o 44500 0.9756251631140525 0.9802130489201895
o 44550 0.9998341327646891 1
o 44600 0 0.0020713641682267793
o 44650 0.9998341327646891 1
o 44700 0.9996330653686876 0.9999891487861117
o 44750 0.9831635499440619 0.9869520377468655
o 44800 0 0.0020713641682267793
o 44850 0.9998341327646891 1
o 44900 0 0.0020713641682267793
o 44950 0 0.0020713641682267793
o 45000 0.9998341327646891 1
o 45050 0.050877098616604055 0.07798025541071582
o 45100 0.9998341327646891 1
o 45150 0 0.0020713641682267793
o 45200 0 0.0020713641682267793
o 45250 0 0.0020713641682267793
o 45300 0.9995994914601743 0.999983053576263
o 45350 0.11450225823009831 0.15205616882488524
o 45400 0 0.0020713641682267793
o 45450 0 0.0020713641682267793
o 45500 0.030057569148642566 0.05190541237527137
o 45550 0 0.0020713641682267793
o 45600 0.5504303640491301 0.565910028327304
o 45650 0.03442401947323824 0.05751608913014797
o 45700 0.9954839710957365 0.997346541069976
o 45750 0.9998341327646891 1
o 45800 0.9998341327646891 1
o 45850 0.9998341327646891 1
o 45900 0.9998341327646891 1
o 45950 0.9998341327646891 1
o 46000 0.5101492920470758 0.5257246619440963
o 46050 0 0.0020713641682267793
o 46100 0.9998341327646891 1
o 46150 0.0002119315321281961 0.00499828620196839
o 46200 0.9998341327646891 1
o 46250 0 0.0020713641682267793
o 46300 0.9998341327646891 1
o 46350 0.9998341327646891 1
o 46400 0 0.0020713641682267793
o 46450 0.5631539522535325 0.5785821598661238
o 46500 0 0.0020713641682267793
o 46550 0 0.0020713641682267793
o 46600 0 0.0020713641682267793
o 46650 6.250781184871417e-08 0.0026863809835039826
o 46700 0.001404989256082129 0.008765083991890832
o 46750 0 0.0020713641682267793
o 46800 0.9997848482419177 0.9999999949993749
o 46850 0 0.0020713641682267793
o 46900 0.9696341014023353 0.9747661488741179
o 46950 0.011561709336710609 0.026508685905280244
o 47000 5.632956977942948e-06 0.0032118347953750117
o 47050 0.9998341327646891 1
o 47100 0.9998341327646891 1
o 47150 0.9988909714709537 0.999695676843098
o 47200 0 0.0020713641682267793
o 47250 0.9994730802517788 0.9999506585660495
o 47300 0.9998341327646891 1
o 47350 0 0.0020713641682267793
o 47400 0.9995668564461055 0.9999760166924246
o 47450 0.9998341327646891 1
o 47500 0.9998341327646891 1
o 47550 0.9998341327646891 1
o 47600 0 0.0020713641682267793
o 47650 0.9754991091690066 0.9800991460527587
o 47700 0.9964868811160716 0.9981029745163158
o 47750 0.9998341327646891 1
o 47800 0.9998341327646891 1
o 47850 0.009192802791285494 0.022894255628807758
o 47900 0 0.0020713641682267793
o 47950 0.9804298368030248 0.9845267142806216
o 48000 0.9648584332404402 0.9703834271130837
o 48050 0 0.0020713641682267793
o 48100 0.04104433247683375 0.06586193942123021
o 48150 0.9998341327646891 1
o 48200 0.08213659609480349 0.11507132821787448
o 48250 0 0.0020713641682267793
o 48300 0 0.0020713641682267793
o 48350 0 0.0020713641682267793
o 48400 0.999667827592453 0.9999940967944916
o 48450 0.9998341327646891 1
o 48500 0 0.0020713641682267793
o 48550 0.9998341327646891 1
o 48600 0 0.0020713641682267793
o 48650 0.9998341327646891 1
o 48700 0.9998341327646891 1
o 48750 0 0.0020713641682267793
o 48800 0.24388657163336003 0.2573975027922545
o 48850 0.9998341327646891 1
o 48900 0 0.0020713641682267793
o 48950 0 0.0020713641682267793
o 49000 0.1123919275940402 0.14967614251004735
o 49050 0 0.0020713641682267793
o 49100 0.378052940645904 0.3932256087419426
o 49150 0.9865751466801111 0.989939206220904
o 49200 0.9998341327646891 1
o 49250 0.9998341327646891 1
o 49300 0.9998341327646891 1
o 49350 0.9195883666195471 0.9278685785499198
o 49400 0.01276666743747675 0.028295723107619065
o 49450 0.9998341327646891 1
o 49500 0 0.0020713641682267793
o 49550 0.9998341327646891 1
o 49600 0.9998341327646891 1
o 49650 0.9998341327646891 1
o 49700 0.9998341327646891 1
o 49750 0.9998341327646891 1
o 49800 0.9998341327646891 1
o 49850 0.0683480277677291 0.09892496473201981
o 49900 0.9998341327646891 1
o 49950 0 0.0020713641682267793
