0 1.7177108793854265
10 1.751501055463129
20 1.0716366655233256
30 1.6941644517064574
40 1.5749097631172948
50 1.6465671003381428
60 1.751501055463129
70 1.751501055463129
80 1.0453170896429937
90 1.5749097631172948
100 1.5968494025174302
110 1.5563494802159719
120 1.3748997720108869
130 1.751501055463129
140 1.5749097631172948
150 1.3969418546187908
160 1.4270949985364516
170 1.2019884136726176
180 1.581783110285229
190 1.4512484693536956
200 1.6600240094549488
210 1.3541886441085258
220 1.4650298998162063
230 1.383010701792545
240 1.4938514198507438
250 0.8456234768946975
260 1.751501055463129
270 1.5749097631172948
280 1.6941644517064574
290 1.0646036855368215
300 1.1742613684076586
310 1.170819947681613
320 0.4471062985395791
330 1.6465671003381428
340 0.3586452611449866
350 1.5890758744264593
360 1.6941644517064574
370 1.6346531443160806
380 1.751501055463129
390 1.6941644517064574
400 1.5214108599161613
410 1.7177108793854265
420 0.8610723883186797
430 1.6600240094549488
440 1.751501055463129
450 1.0426972898514175
460 1.013012567142002
470 1.581783110285229
480 1.545355789813554
490 1.3182556004320642
500 1.751501055463129
510 1.5968494025174302
520 1.562231110896173
530 1.0360283639258239
540 1.501166787096087
550 0.9460579239818674
560 1.2387486905255782
570 1.5563494802159719
580 1.4512484693536956
590 1.6941644517064574
600 1.751501055463129
610 1.2549104555474586
620 1.4650298998162063
630 1.3969418546187908
640 1.581783110285229
650 1.4362826716374177
660 1.6051801437995585
670 1.3846851977274017
680 1.751501055463129
690 1.7177108793854265
700 1.7177108793854265
710 1.5890758744264593
720 0.6604938259751921
730 1.4771096936076917
740 0.0
750 1.7177108793854265
760 0.6126155471225658
770 1.6051801437995585
780 1.4293387478710176
790 1.562231110896173
800 1.30644321847317
810 1.6141653205843016
820 1.7177108793854265
830 1.0285762425102583
840 1.545355789813554
850 1.6755739732560544
860 1.751501055463129
870 1.0514662493714413
880 1.751501055463129
890 1.194113484661468
900 0.2931637679987472
910 1.5968494025174302
920 1.501166787096087
930 1.3780937857971545
940 1.020894602427623
950 1.0835891046709716
960 1.1627098214063016
970 1.5258595704051456
980 1.751501055463129
990 1.1722874214105847
1000 1.4486444793543516
1010 1.6755739732560544
1020 1.5258595704051456
1030 1.6600240094549488
1040 1.6755739732560544
1050 0.8544274536855445
1060 1.751501055463129
1070 1.6600240094549488
1080 1.1599266350422082
1090 1.3569866047918713
1100 1.751501055463129
1110 1.6465671003381428
1120 1.5890758744264593
1130 1.1544773960880357
1140 1.562231110896173
1150 1.4006315730416175
1160 1.5049773608599697
1170 1.751501055463129
1180 1.751501055463129
1190 1.6941644517064574
1200 1.0807698046984693
1210 1.7177108793854265
1220 1.7177108793854265
1230 1.5684065186803595
1240 1.4835648782446018
1250 1.5563494802159719
1260 0.0
1270 0.11639347453107411
1280 1.6600240094549488
1290 0.7668778629438282
1300 1.3780937857971545
1310 1.3285869501044
1320 1.1590082150583991
1330 1.5352386904319557
1340 1.512940927361
1350 1.6941644517064574
1360 1.6141653205843016
1370 1.3528073117872146
1380 1.3250708331064025
1390 1.751501055463129
1400 1.7177108793854265
1410 1.6239324170097214
1420 1.751501055463129
1430 1.6941644517064574
1440 0.8540701167464975
1450 1.751501055463129
1460 1.4227060347532419
1470 1.3023460835316907
1480 1.6941644517064574
1490 1.3160448317566802
1500 0.0
1510 1.4539006941740178
1520 1.1803093953048456
1530 0.0
1540 1.5890758744264593
1550 1.5352386904319557
1560 1.751501055463129
1570 0.9576150557754878
1580 1.3370959409730814
1590 1.7177108793854265
1600 1.1844506329822604
1610 1.751501055463129
1620 1.3933388877480928
1630 1.6465671003381428
1640 0.9178298053176759
1650 1.5352386904319557
1660 1.1410645972268052
1670 1.0109712801102613
1680 1.2194473777844348
1690 1.3528073117872146
1700 1.7177108793854265
1710 1.6465671003381428
1720 1.7177108793854265
1730 0.9073811243870931
1740 1.3408835530715983
1750 1.3117093337732881
1760 1.5684065186803595
1770 1.6465671003381428
1780 1.7177108793854265
1790 0.19562652922182872
1800 1.245184366281229
1810 1.5684065186803595
1820 1.7177108793854265
1830 1.6755739732560544
1840 1.751501055463129
1850 1.0912976678686008
1860 1.3933388877480928
1870 1.751501055463129
1880 1.1332726288664896
1890 1.751501055463129
1900 1.5401972045950025
1910 1.3095830310495158
1920 1.3584050219762287
1930 1.3239151252774648
1940 1.5749097631172948
1950 1.7177108793854265
1960 1.6141653205843016
1970 1.1576377716115087
1980 1.6141653205843016
1990 1.5563494802159719
2000 1.562231110896173
2010 1.6941644517064574
2020 1.4650298998162063
2030 1.512940927361
2040 1.5968494025174302
2050 1.6465671003381428
2060 1.751501055463129
2070 0.17557325465787954
2080 1.6941644517064574
2090 0.8032978157754049
2100 1.420560152685946
2110 1.1044689868384516
2120 1.5401972045950025
2130 0.0
2140 1.751501055463129
2150 1.6941644517064574
2160 1.6465671003381428
2170 1.751501055463129
2180 1.4593563206026468
2190 1.6755739732560544
2200 1.5401972045950025
2210 1.5214108599161613
2220 1.751501055463129
2230 1.6755739732560544
2240 1.751501055463129
2250 1.4184437533888432
2260 1.751501055463129
2270 1.545355789813554
2280 0.7046316967110395
2290 1.2556806660652065
2300 1.751501055463129
2310 1.381354573122929
2320 1.2718490874372828
2330 1.3764883627076754
2340 1.751501055463129
2350 1.6600240094549488
2360 1.6239324170097214
2370 1.5684065186803595
2380 1.4270949985364516
2390 1.751501055463129
2400 1.517107704132223
2410 1.5968494025174302
2420 1.6755739732560544
2430 0.9762695553322422
2440 1.5968494025174302
2450 1.1717972161362387
2460 1.3541886441085258
2470 1.751501055463129
2480 1.1782721637903957
2490 1.3846851977274017
2500 0.9588744093630245
2510 1.359835385394815
2520 1.6239324170097214
2530 1.3748997720108869
2540 1.6600240094549488
2550 1.3780937857971545
2560 0.8650154287649899
2570 1.3915693554949287
2580 1.5684065186803595
2590 1.6051801437995585
2600 1.751501055463129
2610 1.1406469994992343
2620 1.7177108793854265
2630 1.359835385394815
2640 1.6141653205843016
2650 1.1613132689089565
2660 1.562231110896173
2670 1.350080169233685
2680 1.41026646928476
2690 1.344760855523278
2700 1.3933388877480928
2710 1.0672139252028705
2720 0.2803498604161244
2730 0.9768519726001241
2740 1.1531386836035993
2750 1.4974596456988305
2760 0.9198195328720729
2770 1.0263888799041072
2780 1.5352386904319557
2790 1.7177108793854265
2800 1.6941644517064574
2810 0.3655957174896608
2820 1.441102036721682
2830 1.751501055463129
2840 1.5507328234277749
2850 1.1631775701651446
2860 1.2896762497872145
2870 1.6600240094549488
2880 1.6346531443160806
2890 1.6941644517064574
2900 1.751501055463129
2910 1.6600240094549488
2920 0.998240927949331
2930 1.0360283639258239
2940 1.7177108793854265
2950 1.6600240094549488
2960 1.6941644517064574
2970 0.9645319973537076
2980 1.751501055463129
2990 1.383010701792545
3000 1.5401972045950025
3010 1.2572323953263143
3020 1.6465671003381428
3030 0.6664687019675632
3040 1.5258595704051456
3050 1.6239324170097214
3060 0.0
3070 1.5890758744264593
3080 1.751501055463129
3090 1.6465671003381428
3100 1.1112050038620058
3110 1.4835648782446018
3120 1.751501055463129
3130 1.1599266350422082
3140 1.7177108793854265
3150 1.4903366392778366
3160 0.606373792615566
3170 1.751501055463129
3180 1.751501055463129
3190 1.416357315193694
3200 1.751501055463129
3210 1.6941644517064574
3220 1.751501055463129
3230 1.6941644517064574
3240 0.7642601610583324
3250 0.9125509546007828
3260 1.3656900154663405
3270 1.751501055463129
3280 1.2676649488340768
3290 1.6600240094549488
3300 1.2744090730340178
3310 1.751501055463129
3320 1.581783110285229
3330 0.7645209121968758
3340 1.6465671003381428
3350 1.6141653205843016
3360 1.6051801437995585
3370 1.381354573122929
3380 1.5968494025174302
3390 1.6346531443160806
3400 1.751501055463129
3410 1.0006019277248428
3420 1.4593563206026468
3430 1.4293387478710176
3440 1.4974596456988305
3450 1.4974596456988305
3460 1.0617405987616886
3470 1.6239324170097214
3480 1.6755739732560544
3490 0.3028764324922575
3500 1.7177108793854265
3510 1.6755739732560544
3520 0.0
3530 1.3969418546187908
3540 1.751501055463129
3550 0.8843285026981853
3560 1.751501055463129
3570 1.7177108793854265
3580 0.7852206947220967
3590 1.5968494025174302
3600 1.5968494025174302
3610 1.6465671003381428
3620 1.6755739732560544
3630 1.751501055463129
3640 1.2954068369389444
3650 1.6941644517064574
3660 1.751501055463129
3670 1.6600240094549488
3680 1.6941644517064574
3690 1.5684065186803595
3700 1.5214108599161613
3710 1.0350200262984197
3720 1.6465671003381428
3730 0.5636297441322979
3740 1.6941644517064574
3750 1.6051801437995585
3760 1.517107704132223
3770 1.6465671003381428
3780 0.38787352550824106
3790 1.751501055463129
3800 1.4512484693536956
3810 1.2278471281078476
3820 1.6600240094549488
3830 1.751501055463129
3840 1.562231110896173
3850 0.8459698505540356
3860 1.441102036721682
3870 1.751501055463129
3880 1.501166787096087
3890 1.6941644517064574
3900 1.545355789813554
3910 1.751501055463129
3920 1.751501055463129
3930 1.6239324170097214
3940 1.7177108793854265
3950 1.002116495928946
3960 1.7177108793854265
3970 0.9791990868407321
3980 1.751501055463129
3990 1.5563494802159719
4000 0.7676676264107143
4010 1.6600240094549488
4020 1.7177108793854265
4030 1.0040786354000153
4040 1.4593563206026468
4050 1.5563494802159719
4060 1.4435725815017562
4070 1.751501055463129
4080 1.7177108793854265
4090 1.581783110285229
4100 1.4974596456988305
4110 1.3671879700180296
4120 1.38981908253903
4130 1.751501055463129
4140 0.863036636097765
4150 1.751501055463129
4160 1.751501055463129
4170 1.6755739732560544
4180 1.5304641869729294
4190 1.6941644517064574
4200 1.7177108793854265
4210 1.545355789813554
4220 1.6600240094549488
4230 1.7177108793854265
4240 1.7177108793854265
4250 1.7177108793854265
4260 1.6346531443160806
4270 1.6600240094549488
4280 1.3584050219762287
4290 1.6465671003381428
4300 0.5798317344795558
4310 1.6600240094549488
4320 1.751501055463129
4330 1.1211785061819182
4340 1.4316168029097445
4350 1.1818513662660886
4360 0.5917768650488473
4370 1.1881497735791902
4380 1.0102952424769678
4390 1.5352386904319557
4400 0.8681374392014138
4410 1.2823228450940447
4420 1.3003345783261273
4430 1.751501055463129
4440 1.4938514198507438
4450 1.751501055463129
4460 1.4679536967023519
4470 1.6755739732560544
4480 1.4771096936076917
4490 1.581783110285229
4500 0.17914950186135387
4510 1.751501055463129
4520 1.545355789813554
4530 1.6755739732560544
4540 1.4082901518074915
4550 1.5049773608599697
4560 1.6239324170097214
4570 0.9393136389694012
4580 1.545355789813554
4590 1.41026646928476
4600 1.751501055463129
4610 1.348733936133303
4620 0.9669451275493208
4630 0.885265618346239
4640 1.351438332962923
4650 1.751501055463129
4660 1.351438332962923
4670 1.6941644517064574
4680 1.751501055463129
4690 0.6159425857094569
4700 1.412269486383527
4710 1.6346531443160806
4720 1.6755739732560544
4730 1.751501055463129
4740 0.0
4750 1.2934755349722993
4760 1.6600240094549488
4770 1.6755739732560544
4780 1.6941644517064574
4790 1.7177108793854265
4800 1.751501055463129
4810 1.7177108793854265
4820 1.5049773608599697
4830 1.3321799169776245
4840 1.446086187476622
4850 1.6465671003381428
4860 0.11030725618445089
4870 1.751501055463129
4880 1.0792202180855401
4890 0.9588744093630245
4900 1.1727788746598018
4910 1.3951295457733366
4920 1.751501055463129
4930 1.6755739732560544
4940 1.751501055463129
4950 1.0558489678638254
4960 1.751501055463129
4970 1.6051801437995585
4980 1.5749097631172948
4990 0.6511055060351414
5000 1.6941644517064574
5010 1.751501055463129
5020 1.152250866247833
5030 1.751501055463129
5040 1.3023460835316907
5050 1.4293387478710176
5060 1.545355789813554
5070 1.5401972045950025
5080 1.6941644517064574
5090 1.5352386904319557
5100 1.383010701792545
5110 1.5304641869729294
5120 1.751501055463129
5130 1.3748997720108869
5140 1.3095830310495158
5150 1.751501055463129
5160 1.751501055463129
5170 1.7177108793854265
5180 1.6239324170097214
5190 1.5563494802159719
5200 1.1897573154788472
5210 1.0385690070442877
5220 1.3764883627076754
5230 1.751501055463129
5240 1.5968494025174302
5250 1.5089001495857453
5260 1.3933388877480928
5270 1.751501055463129
5280 1.751501055463129
5290 1.751501055463129
5300 1.751501055463129
5310 1.751501055463129
5320 1.751501055463129
5330 1.5749097631172948
5340 1.751501055463129
5350 1.6465671003381428
5360 1.4362826716374177
5370 1.6941644517064574
5380 1.5214108599161613
5390 1.751501055463129
5400 1.6346531443160806
5410 1.4650298998162063
5420 1.4248844457578564
5430 1.751501055463129
5440 1.144865248609872
5450 0.4071230834938749
5460 1.4621647074391118
5470 1.6141653205843016
5480 1.5749097631172948
5490 1.6239324170097214
5500 1.6941644517064574
5510 1.6141653205843016
5520 1.751501055463129
5530 1.441102036721682
5540 1.751501055463129
5550 1.6755739732560544
5560 1.2156974528265792
5570 1.751501055463129
5580 1.517107704132223
5590 1.6755739732560544
5600 0.2757868537007815
5610 1.4709402299100194
5620 0.9583334741020912
5630 1.6239324170097214
5640 1.2394524839971643
5650 1.6600240094549488
5660 1.751501055463129
5670 1.4386723146390565
5680 1.5507328234277749
5690 1.6346531443160806
5700 1.5684065186803595
5710 1.5890758744264593
5720 0.9770467527532161
5730 1.1389841950856883
5740 1.4006315730416175
5750 1.751501055463129
5760 1.5968494025174302
5770 1.7177108793854265
5780 1.48690883839345
5790 1.6755739732560544
5800 1.4025101364993833
5810 1.751501055463129
5820 1.751501055463129
5830 1.7177108793854265
5840 1.581783110285229
5850 1.751501055463129
5860 1.6941644517064574
5870 1.441102036721682
5880 1.7177108793854265
5890 1.4539006941740178
5900 1.7177108793854265
5910 1.4184437533888432
5920 1.751501055463129
5930 1.751501055463129
5940 1.5049773608599697
5950 1.1737661287053625
5960 1.3333949194758845
5970 1.6600240094549488
5980 1.7177108793854265
5990 1.7177108793854265
6000 1.262772727530514
6010 1.751501055463129
6020 1.4802997981874675
6030 1.2533787241916894
6040 1.6755739732560544
6050 1.6600240094549488
6060 1.751501055463129
6070 1.6346531443160806
6080 1.6239324170097214
6090 1.6141653205843016
6100 1.6941644517064574
6110 1.4835648782446018
6120 1.7177108793854265
6130 1.751501055463129
6140 1.751501055463129
6150 1.6941644517064574
6160 1.6346531443160806
6170 1.6941644517064574
6180 1.751501055463129
6190 1.5563494802159719
6200 1.6141653205843016
6210 1.6051801437995585
6220 1.6465671003381428
6230 1.5304641869729294
6240 1.751501055463129
6250 1.5968494025174302
6260 1.5507328234277749
6270 1.751501055463129
6280 1.751501055463129
6290 1.5214108599161613
6300 1.5563494802159719
6310 1.6051801437995585
6320 1.6755739732560544
6330 1.7177108793854265
6340 1.751501055463129
6350 1.751501055463129
6360 1.751501055463129
6370 1.4771096936076917
6380 1.5507328234277749
6390 1.517107704132223
6400 1.2037200207315806
6410 1.5304641869729294
6420 1.3642059882972162
6430 1.6346531443160806
6440 1.7177108793854265
6450 1.751501055463129
6460 1.4593563206026468
6470 1.751501055463129
6480 1.6941644517064574
6490 1.5684065186803595
6500 1.751501055463129
6510 1.751501055463129
6520 1.562231110896173
6530 1.5749097631172948
6540 1.6051801437995585
6550 1.751501055463129
6560 0.23271994578719732
6570 0.8833947434623142
6580 1.5890758744264593
6590 1.6941644517064574
6600 1.3951295457733366
6610 0.9815699127617601
6620 1.5507328234277749
6630 1.7177108793854265
6640 1.751501055463129
6650 1.2169391942320376
6660 1.6941644517064574
6670 1.5258595704051456
6680 1.4739909532121171
6690 1.5890758744264593
6700 1.414299272584271
6710 1.5968494025174302
6720 1.6141653205843016
6730 1.416357315193694
6740 1.1324701402666624
6750 1.751501055463129
6760 1.751501055463129
6770 1.751501055463129
6780 1.3612786070050698
6790 1.7177108793854265
6800 1.751501055463129
6810 1.751501055463129
6820 1.751501055463129
6830 1.5749097631172948
6840 1.6941644517064574
6850 1.5968494025174302
6860 1.7177108793854265
6870 0.9458867910136808
6880 1.6465671003381428
6890 1.7177108793854265
6900 1.6755739732560544
6910 1.1897573154788472
6920 1.6941644517064574
6930 1.5089001495857453
6940 1.5304641869729294
6950 1.751501055463129
6960 1.7177108793854265
6970 1.751501055463129
6980 1.0385690070442877
6990 1.1849742919227497
7000 1.6755739732560544
7010 1.6141653205843016
7020 1.7177108793854265
7030 1.2518606288912753
7040 1.7177108793854265
7050 1.7177108793854265
7060 1.6600240094549488
7070 1.7177108793854265
7080 1.7177108793854265
7090 1.545355789813554
7100 1.4539006941740178
7110 1.751501055463129
7120 1.751501055463129
7130 1.4082901518074915
7140 1.751501055463129
7150 1.7177108793854265
7160 1.6755739732560544
7170 1.6465671003381428
7180 1.6941644517064574
7190 1.5890758744264593
7200 1.4248844457578564
7210 1.2213521982587008
7220 1.48690883839345
7230 1.446086187476622
7240 1.446086187476622
7250 1.751501055463129
7260 1.5304641869729294
7270 1.751501055463129
7280 1.6755739732560544
7290 1.7177108793854265
7300 1.38981908253903
7310 1.751501055463129
7320 1.2693265455356126
7330 1.751501055463129
7340 1.751501055463129
7350 1.045581056671344
7360 1.581783110285229
7370 1.2841319548720729
7380 1.3541886441085258
7390 1.3383485731871283
7400 1.6141653205843016
7410 1.545355789813554
7420 1.3274066196810468
7430 1.1246154242673385
7440 1.6941644517064574
7450 1.7177108793854265
7460 1.517107704132223
7470 1.751501055463129
7480 1.751501055463129
7490 1.4771096936076917
7500 1.6941644517064574
7510 1.6346531443160806
7520 1.6755739732560544
7530 1.6465671003381428
7540 1.751501055463129
7550 1.6941644517064574
7560 1.512940927361
7570 1.751501055463129
7580 1.0197180578437126
7590 1.751501055463129
7600 1.6941644517064574
7610 1.6465671003381428
7620 1.5890758744264593
7630 1.6051801437995585
7640 1.3642059882972162
7650 1.6755739732560544
7660 1.7177108793854265
7670 1.751501055463129
7680 1.1369258168780862
7690 1.4802997981874675
7700 1.3370959409730814
7710 1.751501055463129
7720 1.3227680262127717
7730 1.4362826716374177
7740 1.751501055463129
7750 1.751501055463129
7760 1.5890758744264593
7770 1.5684065186803595
7780 1.751501055463129
7790 1.4593563206026468
7800 1.2823228450940447
7810 1.751501055463129
7820 1.751501055463129
7830 1.751501055463129
7840 1.751501055463129
7850 1.446086187476622
7860 1.7177108793854265
7870 1.6600240094549488
7880 1.751501055463129
7890 1.6239324170097214
7900 1.4362826716374177
7910 1.751501055463129
7920 1.416357315193694
7930 1.751501055463129
7940 1.7177108793854265
7950 1.751501055463129
7960 1.751501055463129
7970 1.751501055463129
7980 1.6600240094549488
7990 1.0445281139765927
8000 1.6600240094549488
8010 1.5890758744264593
8020 1.4771096936076917
8030 1.6941644517064574
8040 1.751501055463129
8050 1.751501055463129
8060 1.7177108793854265
8070 1.751501055463129
8080 1.6941644517064574
8090 1.5507328234277749
8100 1.6465671003381428
8110 1.0218403964059912
8120 1.5749097631172948
8130 1.751501055463129
8140 1.751501055463129
8150 1.4270949985364516
8160 0.6975272568343608
8170 1.7177108793854265
8180 1.6239324170097214
8190 1.7177108793854265
8200 1.751501055463129
8210 1.4593563206026468
8220 1.751501055463129
8230 1.4362826716374177
8240 1.751501055463129
8250 1.5890758744264593
8260 1.6941644517064574
8270 1.545355789813554
8280 1.6346531443160806
8290 1.0096202213520593
8300 1.751501055463129
8310 1.6465671003381428
8320 1.5401972045950025
8330 1.7177108793854265
8340 1.6941644517064574
8350 1.6239324170097214
8360 1.6755739732560544
8370 1.6941644517064574
8380 1.751501055463129
8390 1.581783110285229
8400 1.751501055463129
8410 1.1627098214063016
8420 1.7177108793854265
8430 1.330973137252018
8440 1.6941644517064574
8450 1.751501055463129
8460 1.751501055463129
8470 1.751501055463129
8480 1.751501055463129
8490 1.751501055463129
8500 1.7177108793854265
8510 1.3396108372525906
8520 0.10164612490501865
8530 1.4593563206026468
8540 1.7177108793854265
8550 1.751501055463129
8560 1.751501055463129
8570 1.7177108793854265
8580 1.751501055463129
8590 1.545355789813554
8600 1.7177108793854265
8610 1.5304641869729294
8620 1.6465671003381428
8630 1.6941644517064574
8640 1.3969418546187908
8650 1.6600240094549488
8660 1.6346531443160806
8670 1.5352386904319557
8680 1.5749097631172948
8690 1.581783110285229
8700 1.4082901518074915
8710 1.4435725815017562
8720 1.7177108793854265
8730 1.751501055463129
8740 1.751501055463129
8750 1.6465671003381428
8760 1.751501055463129
8770 1.6346531443160806
8780 1.751501055463129
8790 1.7177108793854265
8800 1.751501055463129
8810 1.751501055463129
8820 1.751501055463129
8830 1.751501055463129
8840 1.751501055463129
8850 1.7177108793854265
8860 1.751501055463129
8870 1.751501055463129
8880 1.751501055463129
8890 1.751501055463129
8900 1.6346531443160806
8910 1.6941644517064574
8920 1.6346531443160806
8930 1.6755739732560544
8940 1.751501055463129
8950 1.751501055463129
8960 1.7177108793854265
8970 1.7177108793854265
8980 1.5507328234277749
8990 1.751501055463129
9000 1.751501055463129
9010 1.368700810646612
9020 1.751501055463129
9030 1.545355789813554
9040 1.6941644517064574
9050 1.7177108793854265
9060 1.751501055463129
9070 1.751501055463129
9080 1.751501055463129
9090 1.5749097631172948
9100 1.751501055463129
9110 1.7177108793854265
9120 1.6346531443160806
9130 1.751501055463129
9140 1.6465671003381428
9150 1.7177108793854265
9160 1.751501055463129
9170 1.3656900154663405
9180 1.7177108793854265
9190 1.6941644517064574
9200 1.6755739732560544
9210 1.5352386904319557
9220 1.751501055463129
9230 1.751501055463129
9240 1.6941644517064574
9250 1.6239324170097214
9260 1.751501055463129
9270 1.7177108793854265
9280 0.3119611803002889
9290 1.5968494025174302
9300 1.751501055463129
9310 1.751501055463129
9320 1.41026646928476
9330 1.416357315193694
9340 1.6755739732560544
9350 1.2430137466548743
9360 1.7177108793854265
9370 1.751501055463129
9380 1.751501055463129
9390 1.751501055463129
9400 1.3285869501044
9410 1.6755739732560544
9420 1.6755739732560544
9430 1.6941644517064574
9440 1.751501055463129
9450 1.4248844457578564
9460 1.751501055463129
9470 1.751501055463129
9480 1.751501055463129
9490 1.5401972045950025
9500 1.5890758744264593
9510 1.751501055463129
9520 1.5258595704051456
9530 0.6249060550402941
9540 1.2408683364593822
9550 1.6239324170097214
9560 1.3656900154663405
9570 1.6755739732560544
9580 1.3274066196810468
9590 1.751501055463129
9600 1.7177108793854265
9610 1.151809017957909
9620 0.8194255019793054
9630 1.4593563206026468
9640 1.4771096936076917
9650 1.7177108793854265
9660 1.6755739732560544
9670 1.2060544116039065
9680 1.1580935214739232
9690 1.6239324170097214
9700 0.6340338772959555
9710 1.7177108793854265
9720 1.581783110285229
9730 1.6141653205843016
9740 1.0625953225320597
9750 1.5749097631172948
9760 1.6141653205843016
9770 0.1263053538130645
9780 1.3987749902789344
9790 1.6465671003381428
9800 1.6941644517064574
9810 1.6239324170097214
9820 1.446086187476622
9830 1.5049773608599697
9840 1.1627098214063016
9850 0.33004626699650547
9860 1.517107704132223
9870 1.4835648782446018
9880 1.3780937857971545
9890 1.082644970170191
9900 1.6346531443160806
9910 1.6346531443160806
9920 1.6755739732560544
9930 1.751501055463129
9940 1.3396108372525906
9950 1.6051801437995585
9960 1.243734384411047
9970 1.4082901518074915
9980 0.9295335127409143
9990 1.7177108793854265
