0 0.8757500998693462
10 0.8757500998693462
20 0.7061347431917635
30 0.8757500998693462
40 0.8119658114547875
50 0.8757500998693462
60 0.8757500998693462
70 0.8757500998693462
80 0.8470818118307006
90 0.8757500998693462
100 0.8757500998693462
110 0.8757500998693462
120 0.8757500998693462
130 0.8757500998693462
140 0.8757500998693462
150 0.8757500998693462
160 0.8470818118307006
170 0.8757500998693462
180 0.8757500998693462
190 0.8588550199847992
200 0.8757500998693462
210 0.8757500998693462
220 0.8588550199847992
230 0.8757500998693462
240 0.8757500998693462
250 0.7842028757243247
260 0.8757500998693462
270 0.8757500998693462
280 0.8757500998693462
290 0.6757188354852501
300 0.8470818118307006
310 0.8757500998693462
320 0.49009172854586425
330 0.8757500998693462
340 0.0
350 0.8757500998693462
360 0.8757500998693462
370 0.8757500998693462
380 0.8757500998693462
390 0.8757500998693462
400 0.8757500998693462
410 0.8757500998693462
420 0.8470818118307006
430 0.8757500998693462
440 0.8757500998693462
450 0.7652320934864647
460 0.7908911682890482
470 0.8588550199847992
480 0.8757500998693462
490 0.8757500998693462
500 0.8757500998693462
510 0.8757500998693462
520 0.8757500998693462
530 0.6385032247101448
540 0.8757500998693462
550 0.7629297852025728
560 0.8470818118307006
570 0.8757500998693462
580 0.8757500998693462
590 0.8757500998693462
600 0.8757500998693462
610 0.8757500998693462
620 0.8757500998693462
630 0.8588550199847992
640 0.8757500998693462
650 0.8757500998693462
660 0.8757500998693462
670 0.8757500998693462
680 0.8757500998693462
690 0.8757500998693462
700 0.8757500998693462
710 0.8757500998693462
720 0.0
730 0.8757500998693462
740 0.06552615846806462
750 0.8757500998693462
760 0.6743669680666515
770 0.8757500998693462
780 0.8757500998693462
790 0.8757500998693462
800 0.8757500998693462
810 0.8757500998693462
820 0.8757500998693462
830 0.8119658114547875
840 0.8757500998693462
850 0.8757500998693462
860 0.8757500998693462
870 0.8232831476466432
880 0.8757500998693462
890 0.7874548815586474
900 0.3326898037597373
910 0.8757500998693462
920 0.8588550199847992
930 0.8757500998693462
940 0.8588550199847992
950 0.8757500998693462
960 0.8025900718997793
970 0.8757500998693462
980 0.8757500998693462
990 0.605105710845969
1000 0.7113530173766209
1010 0.8757500998693462
1020 0.8757500998693462
1030 0.8757500998693462
1040 0.8757500998693462
1050 0.6200795123904745
1060 0.8757500998693462
1070 0.8757500998693462
1080 0.8470818118307006
1090 0.7811155554480865
1100 0.8757500998693462
1110 0.8757500998693462
1120 0.8757500998693462
1130 0.8377869866280272
1140 0.8757500998693462
1150 0.8757500998693462
1160 0.8757500998693462
1170 0.8757500998693462
1180 0.8757500998693462
1190 0.8757500998693462
1200 0.7676189696310518
1210 0.8757500998693462
1220 0.8757500998693462
1230 0.8757500998693462
1240 0.8588550199847992
1250 0.8757500998693462
1260 0.0
1270 0.42537683967557516
1280 0.8757500998693462
1290 0.8119658114547875
1300 0.8757500998693462
1310 0.8757500998693462
1320 0.8588550199847992
1330 0.8757500998693462
1340 0.8757500998693462
1350 0.8757500998693462
1360 0.8588550199847992
1370 0.8757500998693462
1380 0.8300115989526464
1390 0.8757500998693462
1400 0.8757500998693462
1410 0.8757500998693462
1420 0.8757500998693462
1430 0.8757500998693462
1440 0.7781743594109873
1450 0.8757500998693462
1460 0.8757500998693462
1470 0.8757500998693462
1480 0.8757500998693462
1490 0.8757500998693462
1500 0.31242455398970004
1510 0.8757500998693462
1520 0.567039448876072
1530 0.0531790901227112
1540 0.8757500998693462
1550 0.8757500998693462
1560 0.8757500998693462
1570 0.8377869866280272
1580 0.8757500998693462
1590 0.8757500998693462
1600 0.672380427761639
1610 0.8757500998693462
1620 0.8757500998693462
1630 0.8757500998693462
1640 0.8757500998693462
1650 0.8757500998693462
1660 0.8757500998693462
1670 0.7124422228789282
1680 0.8757500998693462
1690 0.8757500998693462
1700 0.8757500998693462
1710 0.8757500998693462
1720 0.8757500998693462
1730 0.8757500998693462
1740 0.8757500998693462
1750 0.8757500998693462
1760 0.8757500998693462
1770 0.8757500998693462
1780 0.8757500998693462
1790 0.13433772179258213
1800 0.8757500998693462
1810 0.8757500998693462
1820 0.8757500998693462
1830 0.8757500998693462
1840 0.8757500998693462
1850 0.7564704636805
1860 0.8757500998693462
1870 0.8757500998693462
1880 0.8300115989526464
1890 0.8757500998693462
1900 0.7469257099253719
1910 0.8757500998693462
1920 0.8757500998693462
1930 0.8757500998693462
1940 0.8757500998693462
1950 0.8757500998693462
1960 0.8757500998693462
1970 0.8588550199847992
1980 0.8757500998693462
1990 0.8757500998693462
2000 0.8757500998693462
2010 0.8757500998693462
2020 0.8757500998693462
2030 0.8757500998693462
2040 0.8757500998693462
2050 0.8757500998693462
2060 0.8757500998693462
2070 0.0
2080 0.8757500998693462
2090 0.6398218612647271
2100 0.8757500998693462
2110 0.8757500998693462
2120 0.8757500998693462
2130 0.0
2140 0.8757500998693462
2150 0.8757500998693462
2160 0.8757500998693462
2170 0.8757500998693462
2180 0.8757500998693462
2190 0.8757500998693462
2200 0.8757500998693462
2210 0.8757500998693462
2220 0.8757500998693462
2230 0.8757500998693462
2240 0.8757500998693462
2250 0.8588550199847992
2260 0.8757500998693462
2270 0.8757500998693462
2280 0.6305857077205259
2290 0.8757500998693462
2300 0.8757500998693462
2310 0.8757500998693462
2320 0.8588550199847992
2330 0.8757500998693462
2340 0.8757500998693462
2350 0.8757500998693462
2360 0.8757500998693462
2370 0.8757500998693462
2380 0.8757500998693462
2390 0.8757500998693462
2400 0.8757500998693462
2410 0.8757500998693462
2420 0.8757500998693462
2430 0.7524883121765599
2440 0.8757500998693462
2450 0.8757500998693462
2460 0.8757500998693462
2470 0.8757500998693462
2480 0.8588550199847992
2490 0.8757500998693462
2500 0.8757500998693462
2510 0.8232831476466432
2520 0.8757500998693462
2530 0.8757500998693462
2540 0.8757500998693462
2550 0.8588550199847992
2560 0.8300115989526464
2570 0.8588550199847992
2580 0.8757500998693462
2590 0.8757500998693462
2600 0.8757500998693462
2610 0.8757500998693462
2620 0.8757500998693462
2630 0.37907706853676687
2640 0.8757500998693462
2650 0.8757500998693462
2660 0.8757500998693462
2670 0.8757500998693462
2680 0.8757500998693462
2690 0.8757500998693462
2700 0.8757500998693462
2710 0.8588550199847992
2720 0.1886158252326805
2730 0.7811155554480865
2740 0.7607050577228848
2750 0.8470818118307006
2760 0.7003157865208087
2770 0.1905856209176254
2780 0.8757500998693462
2790 0.8757500998693462
2800 0.8757500998693462
2810 0.24527529927160915
2820 0.8757500998693462
2830 0.8757500998693462
2840 0.8757500998693462
2850 0.8757500998693462
2860 0.8470818118307006
2870 0.8757500998693462
2880 0.8757500998693462
2890 0.8757500998693462
2900 0.8757500998693462
2910 0.8757500998693462
2920 0.8757500998693462
2930 0.8588550199847992
2940 0.8757500998693462
2950 0.8757500998693462
2960 0.8757500998693462
2970 0.772677894906777
2980 0.8757500998693462
2990 0.6142549693408623
3000 0.8470818118307006
3010 0.8757500998693462
3020 0.8757500998693462
3030 0.29354982221082143
3040 0.8757500998693462
3050 0.8757500998693462
3060 0.041286133829735505
3070 0.8757500998693462
3080 0.8757500998693462
3090 0.8757500998693462
3100 0.7369954766060586
3110 0.8757500998693462
3120 0.8757500998693462
3130 0.8300115989526464
3140 0.8757500998693462
3150 0.8757500998693462
3160 0.6642931496091022
3170 0.8757500998693462
3180 0.8757500998693462
3190 0.8757500998693462
3200 0.8757500998693462
3210 0.8757500998693462
3220 0.8757500998693462
3230 0.8757500998693462
3240 0.7908911682890482
3250 0.8300115989526464
3260 0.8757500998693462
3270 0.8757500998693462
3280 0.7908911682890482
3290 0.8757500998693462
3300 0.8757500998693462
3310 0.8757500998693462
3320 0.8757500998693462
3330 0.7700982255116784
3340 0.8588550199847992
3350 0.8757500998693462
3360 0.8757500998693462
3370 0.8757500998693462
3380 0.8757500998693462
3390 0.8757500998693462
3400 0.8757500998693462
3410 0.7310823537195559
3420 0.8588550199847992
3430 0.8470818118307006
3440 0.8757500998693462
3450 0.8757500998693462
3460 0.5352243368971228
3470 0.8757500998693462
3480 0.8757500998693462
3490 0.2747749647391766
3500 0.8757500998693462
3510 0.8757500998693462
3520 0.0
3530 0.8757500998693462
3540 0.8757500998693462
3550 0.7146693739355088
3560 0.8757500998693462
3570 0.8757500998693462
3580 0.5251920529143415
3590 0.8757500998693462
3600 0.8757500998693462
3610 0.8757500998693462
3620 0.8757500998693462
3630 0.8757500998693462
3640 0.8470818118307006
3650 0.8757500998693462
3660 0.8757500998693462
3670 0.8757500998693462
3680 0.8757500998693462
3690 0.8757500998693462
3700 0.8757500998693462
3710 0.8377869866280272
3720 0.8757500998693462
3730 0.5498215536466937
3740 0.8757500998693462
3750 0.8757500998693462
3760 0.8757500998693462
3770 0.8757500998693462
3780 0.1596188469006221
3790 0.8757500998693462
3800 0.8757500998693462
3810 0.8377869866280272
3820 0.8757500998693462
3830 0.8757500998693462
3840 0.8757500998693462
3850 0.7230427397636802
3860 0.8757500998693462
3870 0.8757500998693462
3880 0.8757500998693462
3890 0.8757500998693462
3900 0.8757500998693462
3910 0.8757500998693462
3920 0.8757500998693462
3930 0.8757500998693462
3940 0.8757500998693462
3950 0.8119658114547875
3960 0.8757500998693462
3970 0.6411614225470224
3980 0.8757500998693462
3990 0.8757500998693462
4000 0.500193187624923
4010 0.8757500998693462
4020 0.8757500998693462
4030 0.8588550199847992
4040 0.8757500998693462
4050 0.8757500998693462
4060 0.8757500998693462
4070 0.8757500998693462
4080 0.8757500998693462
4090 0.8757500998693462
4100 0.7842028757243247
4110 0.7908911682890482
4120 0.8757500998693462
4130 0.8757500998693462
4140 0.5619230300843988
4150 0.8757500998693462
4160 0.8757500998693462
4170 0.8757500998693462
4180 0.8757500998693462
4190 0.8757500998693462
4200 0.8757500998693462
4210 0.8757500998693462
4220 0.8757500998693462
4230 0.8757500998693462
4240 0.8757500998693462
4250 0.8757500998693462
4260 0.8757500998693462
4270 0.8757500998693462
4280 0.8119658114547875
4290 0.8757500998693462
4300 0.6263085715798722
4310 0.8757500998693462
4320 0.8757500998693462
4330 0.8757500998693462
4340 0.8757500998693462
4350 0.6255530411644803
4360 0.263831928867873
4370 0.8588550199847992
4380 0.8119658114547875
4390 0.8757500998693462
4400 0.8470818118307006
4410 0.8757500998693462
4420 0.8757500998693462
4430 0.8757500998693462
4440 0.8757500998693462
4450 0.8757500998693462
4460 0.8232831476466432
4470 0.8757500998693462
4480 0.8757500998693462
4490 0.8757500998693462
4500 0.2929307920972173
4510 0.8757500998693462
4520 0.8757500998693462
4530 0.8757500998693462
4540 0.8470818118307006
4550 0.8757500998693462
4560 0.8757500998693462
4570 0.7842028757243247
4580 0.8588550199847992
4590 0.8757500998693462
4600 0.8757500998693462
4610 0.8757500998693462
4620 0.6835936501865418
4630 0.6882441813538377
4640 0.8757500998693462
4650 0.8757500998693462
4660 0.8757500998693462
4670 0.8757500998693462
4680 0.8757500998693462
4690 0.7676189696310518
4700 0.8757500998693462
4710 0.8757500998693462
4720 0.8757500998693462
4730 0.8757500998693462
4740 0.0
4750 0.8757500998693462
4760 0.8757500998693462
4770 0.8757500998693462
4780 0.8757500998693462
4790 0.8757500998693462
4800 0.8757500998693462
4810 0.8757500998693462
4820 0.8757500998693462
4830 0.8757500998693462
4840 0.8757500998693462
4850 0.8757500998693462
4860 0.13512393543966636
4870 0.8757500998693462
4880 0.31157054473194834
4890 0.8757500998693462
4900 0.8119658114547875
4910 0.8757500998693462
4920 0.8757500998693462
4930 0.8757500998693462
4940 0.8757500998693462
4950 0.7230427397636802
4960 0.8757500998693462
4970 0.8757500998693462
4980 0.8757500998693462
4990 0.6898578653740453
5000 0.8757500998693462
5010 0.8757500998693462
5020 0.8757500998693462
5030 0.8757500998693462
5040 0.8757500998693462
5050 0.8757500998693462
5060 0.8757500998693462
5070 0.8757500998693462
5080 0.8757500998693462
5090 0.8757500998693462
5100 0.8588550199847992
5110 0.8757500998693462
5120 0.8757500998693462
5130 0.8757500998693462
5140 0.7417820760589096
5150 0.8757500998693462
5160 0.8757500998693462
5170 0.8757500998693462
5180 0.8757500998693462
5190 0.8757500998693462
5200 0.8470818118307006
5210 0.7585538520661115
5220 0.8757500998693462
5230 0.8757500998693462
5240 0.8588550199847992
5250 0.8757500998693462
5260 0.8757500998693462
5270 0.8757500998693462
5280 0.8757500998693462
5290 0.8757500998693462
5300 0.8757500998693462
5310 0.8757500998693462
5320 0.8757500998693462
5330 0.8757500998693462
5340 0.8757500998693462
5350 0.8757500998693462
5360 0.8588550199847992
5370 0.8757500998693462
5380 0.8757500998693462
5390 0.8757500998693462
5400 0.8757500998693462
5410 0.8757500998693462
5420 0.8757500998693462
5430 0.8757500998693462
5440 0.8757500998693462
5450 0.0769377295459692
5460 0.8757500998693462
5470 0.8757500998693462
5480 0.8757500998693462
5490 0.8757500998693462
5500 0.8757500998693462
5510 0.8757500998693462
5520 0.8757500998693462
5530 0.8757500998693462
5540 0.8757500998693462
5550 0.8757500998693462
5560 0.8757500998693462
5570 0.8757500998693462
5580 0.8757500998693462
5590 0.8757500998693462
5600 0.5052601823231675
5610 0.8757500998693462
5620 0.7469257099253719
5630 0.8757500998693462
5640 0.8119658114547875
5650 0.8757500998693462
5660 0.8757500998693462
5670 0.8757500998693462
5680 0.8757500998693462
5690 0.8757500998693462
5700 0.8757500998693462
5710 0.8757500998693462
5720 0.8232831476466432
5730 0.7842028757243247
5740 0.8757500998693462
5750 0.8757500998693462
5760 0.8757500998693462
5770 0.8757500998693462
5780 0.8757500998693462
5790 0.8757500998693462
5800 0.8757500998693462
5810 0.8757500998693462
5820 0.8757500998693462
5830 0.8757500998693462
5840 0.8757500998693462
5850 0.8757500998693462
5860 0.8757500998693462
5870 0.8757500998693462
5880 0.8757500998693462
5890 0.8757500998693462
5900 0.8757500998693462
5910 0.8757500998693462
5920 0.8757500998693462
5930 0.8757500998693462
5940 0.8757500998693462
5950 0.8757500998693462
5960 0.8757500998693462
5970 0.8757500998693462
5980 0.8757500998693462
5990 0.8757500998693462
6000 0.8757500998693462
6010 0.8757500998693462
6020 0.8757500998693462
6030 0.8757500998693462
6040 0.8757500998693462
6050 0.8757500998693462
6060 0.8757500998693462
6070 0.8757500998693462
6080 0.5883790062617843
6090 0.8757500998693462
6100 0.8757500998693462
6110 0.8588550199847992
6120 0.8757500998693462
6130 0.8757500998693462
6140 0.8757500998693462
6150 0.8757500998693462
6160 0.8757500998693462
6170 0.8757500998693462
6180 0.8757500998693462
6190 0.8757500998693462
6200 0.8757500998693462
6210 0.8757500998693462
6220 0.8757500998693462
6230 0.8757500998693462
6240 0.8757500998693462
6250 0.8757500998693462
6260 0.8757500998693462
6270 0.8757500998693462
6280 0.8757500998693462
6290 0.8757500998693462
6300 0.8757500998693462
6310 0.8757500998693462
6320 0.8757500998693462
6330 0.8757500998693462
6340 0.8757500998693462
6350 0.8757500998693462
6360 0.8757500998693462
6370 0.8588550199847992
6380 0.8757500998693462
6390 0.8757500998693462
6400 0.5100938682490421
6410 0.8757500998693462
6420 0.8757500998693462
6430 0.8757500998693462
6440 0.8757500998693462
6450 0.8757500998693462
6460 0.8757500998693462
6470 0.8757500998693462
6480 0.8757500998693462
6490 0.8757500998693462
6500 0.8757500998693462
6510 0.8757500998693462
6520 0.8757500998693462
6530 0.8757500998693462
6540 0.8757500998693462
6550 0.8757500998693462
6560 0.1910378019126062
6570 0.8470818118307006
6580 0.8757500998693462
6590 0.8757500998693462
6600 0.8757500998693462
6610 0.7629297852025728
6620 0.8757500998693462
6630 0.8757500998693462
6640 0.8757500998693462
6650 0.8470818118307006
6660 0.8757500998693462
6670 0.8757500998693462
6680 0.8757500998693462
6690 0.8757500998693462
6700 0.8757500998693462
6710 0.8757500998693462
6720 0.8757500998693462
6730 0.8757500998693462
6740 0.8757500998693462
6750 0.8757500998693462
6760 0.8757500998693462
6770 0.8757500998693462
6780 0.8757500998693462
6790 0.8757500998693462
6800 0.8757500998693462
6810 0.8757500998693462
6820 0.8757500998693462
6830 0.8757500998693462
6840 0.8757500998693462
6850 0.8757500998693462
6860 0.8757500998693462
6870 0.8588550199847992
6880 0.8757500998693462
6890 0.8757500998693462
6900 0.8757500998693462
6910 0.720551018360841
6920 0.8757500998693462
6930 0.8757500998693462
6940 0.8757500998693462
6950 0.8757500998693462
6960 0.8757500998693462
6970 0.8757500998693462
6980 0.7564704636805
6990 0.8588550199847992
7000 0.8757500998693462
7010 0.8757500998693462
7020 0.8757500998693462
7030 0.8757500998693462
7040 0.8757500998693462
7050 0.8757500998693462
7060 0.8757500998693462
7070 0.8757500998693462
7080 0.8757500998693462
7090 0.8757500998693462
7100 0.8757500998693462
7110 0.8757500998693462
7120 0.8757500998693462
7130 0.8757500998693462
7140 0.8757500998693462
7150 0.8757500998693462
7160 0.8757500998693462
7170 0.8757500998693462
7180 0.8757500998693462
7190 0.8757500998693462
7200 0.7874548815586474
7210 0.8588550199847992
7220 0.8119658114547875
7230 0.8757500998693462
7240 0.8757500998693462
7250 0.8757500998693462
7260 0.8757500998693462
7270 0.8757500998693462
7280 0.8757500998693462
7290 0.8757500998693462
7300 0.8757500998693462
7310 0.8757500998693462
7320 0.8588550199847992
7330 0.8757500998693462
7340 0.8757500998693462
7350 0.8757500998693462
7360 0.8757500998693462
7370 0.47997950339609896
7380 0.8757500998693462
7390 0.8757500998693462
7400 0.8757500998693462
7410 0.8757500998693462
7420 0.8757500998693462
7430 0.8588550199847992
7440 0.8757500998693462
7450 0.8757500998693462
7460 0.8757500998693462
7470 0.8757500998693462
7480 0.8757500998693462
7490 0.8757500998693462
7500 0.8757500998693462
7510 0.8757500998693462
7520 0.8757500998693462
7530 0.8757500998693462
7540 0.8757500998693462
7550 0.8757500998693462
7560 0.8757500998693462
7570 0.8757500998693462
7580 0.6602479704522648
7590 0.8757500998693462
7600 0.8757500998693462
7610 0.8757500998693462
7620 0.8757500998693462
7630 0.8757500998693462
7640 0.8757500998693462
7650 0.8757500998693462
7660 0.8757500998693462
7670 0.8757500998693462
7680 0.8232831476466432
7690 0.8757500998693462
7700 0.8757500998693462
7710 0.8757500998693462
7720 0.8588550199847992
7730 0.8757500998693462
7740 0.8757500998693462
7750 0.8757500998693462
7760 0.8757500998693462
7770 0.8757500998693462
7780 0.8757500998693462
7790 0.8300115989526464
7800 0.8119658114547875
7810 0.8757500998693462
7820 0.8757500998693462
7830 0.8757500998693462
7840 0.8757500998693462
7850 0.7092215294269743
7860 0.8757500998693462
7870 0.8757500998693462
7880 0.8757500998693462
7890 0.8757500998693462
7900 0.7984247012587151
7910 0.8757500998693462
7920 0.8470818118307006
7930 0.8757500998693462
7940 0.8757500998693462
7950 0.8757500998693462
7960 0.8757500998693462
7970 0.8757500998693462
7980 0.8757500998693462
7990 0.8232831476466432
8000 0.8757500998693462
8010 0.8757500998693462
8020 0.8757500998693462
8030 0.8757500998693462
8040 0.8757500998693462
8050 0.8757500998693462
8060 0.8757500998693462
8070 0.8757500998693462
8080 0.8757500998693462
8090 0.8757500998693462
8100 0.8757500998693462
8110 0.5888826752155831
8120 0.8757500998693462
8130 0.8757500998693462
8140 0.8757500998693462
8150 0.8757500998693462
8160 0.4330677056154457
8170 0.8757500998693462
8180 0.8757500998693462
8190 0.8757500998693462
8200 0.8757500998693462
8210 0.8757500998693462
8220 0.8757500998693462
8230 0.8757500998693462
8240 0.8757500998693462
8250 0.8757500998693462
8260 0.8757500998693462
8270 0.8757500998693462
8280 0.8757500998693462
8290 0.8757500998693462
8300 0.8757500998693462
8310 0.8757500998693462
8320 0.8757500998693462
8330 0.8757500998693462
8340 0.8757500998693462
8350 0.8757500998693462
8360 0.8757500998693462
8370 0.8757500998693462
8380 0.8757500998693462
8390 0.8757500998693462
8400 0.8757500998693462
8410 0.6039124139918005
8420 0.8757500998693462
8430 0.8757500998693462
8440 0.8757500998693462
8450 0.8757500998693462
8460 0.8757500998693462
8470 0.8757500998693462
8480 0.8757500998693462
8490 0.8757500998693462
8500 0.8757500998693462
8510 0.8232831476466432
8520 0.2839205518530319
8530 0.8757500998693462
8540 0.8757500998693462
8550 0.8757500998693462
8560 0.8757500998693462
8570 0.8757500998693462
8580 0.8757500998693462
8590 0.8757500998693462
8600 0.8757500998693462
8610 0.8757500998693462
8620 0.8757500998693462
8630 0.8757500998693462
8640 0.8757500998693462
8650 0.8470818118307006
8660 0.8757500998693462
8670 0.8757500998693462
8680 0.8757500998693462
8690 0.8757500998693462
8700 0.8757500998693462
8710 0.8757500998693462
8720 0.8757500998693462
8730 0.8757500998693462
8740 0.8757500998693462
8750 0.8757500998693462
8760 0.8757500998693462
8770 0.8757500998693462
8780 0.8757500998693462
8790 0.8757500998693462
8800 0.8757500998693462
8810 0.8757500998693462
8820 0.8757500998693462
8830 0.8757500998693462
8840 0.8757500998693462
8850 0.8757500998693462
8860 0.8757500998693462
8870 0.8757500998693462
8880 0.8757500998693462
8890 0.8757500998693462
8900 0.8757500998693462
8910 0.8757500998693462
8920 0.8757500998693462
8930 0.8757500998693462
8940 0.8757500998693462
8950 0.8757500998693462
8960 0.8757500998693462
8970 0.8757500998693462
8980 0.8757500998693462
8990 0.8757500998693462
9000 0.8757500998693462
9010 0.8757500998693462
9020 0.8757500998693462
9030 0.8757500998693462
9040 0.8757500998693462
9050 0.8757500998693462
9060 0.8757500998693462
9070 0.8757500998693462
9080 0.8757500998693462
9090 0.8757500998693462
9100 0.8757500998693462
9110 0.8757500998693462
9120 0.8757500998693462
9130 0.8757500998693462
9140 0.8757500998693462
9150 0.8757500998693462
9160 0.8757500998693462
9170 0.8757500998693462
9180 0.8757500998693462
9190 0.8757500998693462
9200 0.8757500998693462
9210 0.8757500998693462
9220 0.8757500998693462
9230 0.8757500998693462
9240 0.8757500998693462
9250 0.8757500998693462
9260 0.8757500998693462
9270 0.8757500998693462
9280 0.20366653287821168
9290 0.8757500998693462
9300 0.8757500998693462
9310 0.8757500998693462
9320 0.8757500998693462
9330 0.8757500998693462
9340 0.8757500998693462
9350 0.8757500998693462
9360 0.8757500998693462
9370 0.8757500998693462
9380 0.8757500998693462
9390 0.8757500998693462
9400 0.8757500998693462
9410 0.8757500998693462
9420 0.8757500998693462
9430 0.8757500998693462
9440 0.8757500998693462
9450 0.8757500998693462
9460 0.8757500998693462
9470 0.8757500998693462
9480 0.8757500998693462
9490 0.8588550199847992
9500 0.656391472177978
9510 0.8757500998693462
9520 0.8588550199847992
9530 0.6225918779826234
9540 0.2714581264576057
9550 0.8757500998693462
9560 0.8588550199847992
9570 0.8757500998693462
9580 0.8470818118307006
9590 0.8757500998693462
9600 0.8757500998693462
9610 0.8588550199847992
9620 0.6129370796633475
9630 0.8757500998693462
9640 0.8757500998693462
9650 0.8757500998693462
9660 0.8757500998693462
9670 0.8757500998693462
9680 0.8757500998693462
9690 0.8757500998693462
9700 0.11451034968449922
9710 0.8757500998693462
9720 0.8757500998693462
9730 0.8588550199847992
9740 0.7874548815586474
9750 0.8757500998693462
9760 0.8588550199847992
9770 0.0
9780 0.8757500998693462
9790 0.8757500998693462
9800 0.8757500998693462
9810 0.8757500998693462
9820 0.8470818118307006
9830 0.8757500998693462
9840 0.8377869866280272
9850 0.34764274840477066
9860 0.8757500998693462
9870 0.8757500998693462
9880 0.8757500998693462
9890 0.7310823537195559
9900 0.8757500998693462
9910 0.8757500998693462
9920 0.8757500998693462
9930 0.8757500998693462
9940 0.8470818118307006
9950 0.8757500998693462
9960 0.8757500998693462
9970 0.8757500998693462
9980 0.5699069320844306
9990 0.8757500998693462
0 0.8757500998693462
10 0.8757500998693462
20 0.7061347431917635
30 0.8757500998693462
40 0.8119658114547875
50 0.8757500998693462
60 0.8757500998693462
70 0.8757500998693462
80 0.8470818118307006
90 0.8757500998693462
100 0.8757500998693462
110 0.8757500998693462
120 0.8757500998693462
130 0.8757500998693462
140 0.8757500998693462
150 0.8757500998693462
160 0.8470818118307006
170 0.8757500998693462
180 0.8757500998693462
190 0.8588550199847992
200 0.8757500998693462
210 0.8757500998693462
220 0.8588550199847992
230 0.8757500998693462
240 0.8757500998693462
250 0.7842028757243247
260 0.8757500998693462
270 0.8757500998693462
280 0.8757500998693462
290 0.6757188354852501
300 0.8470818118307006
310 0.8757500998693462
320 0.49009172854586425
330 0.8757500998693462
340 0.0
350 0.8757500998693462
360 0.8757500998693462
370 0.8757500998693462
380 0.8757500998693462
390 0.8757500998693462
400 0.8757500998693462
410 0.8757500998693462
420 0.8470818118307006
430 0.8757500998693462
440 0.8757500998693462
450 0.7652320934864647
460 0.7908911682890482
470 0.8588550199847992
480 0.8757500998693462
490 0.8757500998693462
500 0.8757500998693462
510 0.8757500998693462
520 0.8757500998693462
530 0.6385032247101448
540 0.8757500998693462
550 0.7629297852025728
560 0.8470818118307006
570 0.8757500998693462
580 0.8757500998693462
590 0.8757500998693462
600 0.8757500998693462
610 0.8757500998693462
620 0.8757500998693462
630 0.8588550199847992
640 0.8757500998693462
650 0.8757500998693462
660 0.8757500998693462
670 0.8757500998693462
680 0.8757500998693462
690 0.8757500998693462
700 0.8757500998693462
710 0.8757500998693462
720 0.0
730 0.8757500998693462
740 0.06552615846806462
750 0.8757500998693462
760 0.6743669680666515
770 0.8757500998693462
780 0.8757500998693462
790 0.8757500998693462
800 0.8757500998693462
810 0.8757500998693462
820 0.8757500998693462
830 0.8119658114547875
840 0.8757500998693462
850 0.8757500998693462
860 0.8757500998693462
870 0.8232831476466432
880 0.8757500998693462
890 0.7874548815586474
900 0.3326898037597373
910 0.8757500998693462
920 0.8588550199847992
930 0.8757500998693462
940 0.8588550199847992
950 0.8757500998693462
960 0.8025900718997793
970 0.8757500998693462
980 0.8757500998693462
990 0.605105710845969
1000 0.7113530173766209
1010 0.8757500998693462
1020 0.8757500998693462
1030 0.8757500998693462
1040 0.8757500998693462
1050 0.6200795123904745
1060 0.8757500998693462
1070 0.8757500998693462
1080 0.8470818118307006
1090 0.7811155554480865
1100 0.8757500998693462
1110 0.8757500998693462
1120 0.8757500998693462
1130 0.8377869866280272
1140 0.8757500998693462
1150 0.8757500998693462
1160 0.8757500998693462
1170 0.8757500998693462
1180 0.8757500998693462
1190 0.8757500998693462
1200 0.7676189696310518
1210 0.8757500998693462
1220 0.8757500998693462
1230 0.8757500998693462
1240 0.8588550199847992
1250 0.8757500998693462
1260 0.0
1270 0.42537683967557516
1280 0.8757500998693462
1290 0.8119658114547875
1300 0.8757500998693462
1310 0.8757500998693462
1320 0.8588550199847992
1330 0.8757500998693462
1340 0.8757500998693462
1350 0.8757500998693462
1360 0.8588550199847992
1370 0.8757500998693462
1380 0.8300115989526464
1390 0.8757500998693462
1400 0.8757500998693462
1410 0.8757500998693462
1420 0.8757500998693462
1430 0.8757500998693462
1440 0.7781743594109873
1450 0.8757500998693462
1460 0.8757500998693462
1470 0.8757500998693462
1480 0.8757500998693462
1490 0.8757500998693462
1500 0.31242455398970004
1510 0.8757500998693462
1520 0.567039448876072
1530 0.0531790901227112
1540 0.8757500998693462
1550 0.8757500998693462
1560 0.8757500998693462
1570 0.8377869866280272
1580 0.8757500998693462
1590 0.8757500998693462
1600 0.672380427761639
1610 0.8757500998693462
1620 0.8757500998693462
1630 0.8757500998693462
1640 0.8757500998693462
1650 0.8757500998693462
1660 0.8757500998693462
1670 0.7124422228789282
1680 0.8757500998693462
1690 0.8757500998693462
1700 0.8757500998693462
1710 0.8757500998693462
1720 0.8757500998693462
1730 0.8757500998693462
1740 0.8757500998693462
1750 0.8757500998693462
1760 0.8757500998693462
1770 0.8757500998693462
1780 0.8757500998693462
1790 0.13433772179258213
1800 0.8757500998693462
1810 0.8757500998693462
1820 0.8757500998693462
1830 0.8757500998693462
1840 0.8757500998693462
1850 0.7564704636805
1860 0.8757500998693462
1870 0.8757500998693462
1880 0.8300115989526464
1890 0.8757500998693462
1900 0.7469257099253719
1910 0.8757500998693462
1920 0.8757500998693462
1930 0.8757500998693462
1940 0.8757500998693462
1950 0.8757500998693462
1960 0.8757500998693462
1970 0.8588550199847992
1980 0.8757500998693462
1990 0.8757500998693462
2000 0.8757500998693462
2010 0.8757500998693462
2020 0.8757500998693462
2030 0.8757500998693462
2040 0.8757500998693462
2050 0.8757500998693462
2060 0.8757500998693462
2070 0.0
2080 0.8757500998693462
2090 0.6398218612647271
2100 0.8757500998693462
2110 0.8757500998693462
2120 0.8757500998693462
2130 0.0
2140 0.8757500998693462
2150 0.8757500998693462
2160 0.8757500998693462
2170 0.8757500998693462
2180 0.8757500998693462
2190 0.8757500998693462
2200 0.8757500998693462
2210 0.8757500998693462
2220 0.8757500998693462
2230 0.8757500998693462
2240 0.8757500998693462
2250 0.8588550199847992
2260 0.8757500998693462
2270 0.8757500998693462
2280 0.6305857077205259
2290 0.8757500998693462
2300 0.8757500998693462
2310 0.8757500998693462
2320 0.8588550199847992
2330 0.8757500998693462
2340 0.8757500998693462
2350 0.8757500998693462
2360 0.8757500998693462
2370 0.8757500998693462
2380 0.8757500998693462
2390 0.8757500998693462
2400 0.8757500998693462
2410 0.8757500998693462
2420 0.8757500998693462
2430 0.7524883121765599
2440 0.8757500998693462
2450 0.8757500998693462
2460 0.8757500998693462
2470 0.8757500998693462
2480 0.8588550199847992
2490 0.8757500998693462
2500 0.8757500998693462
2510 0.8232831476466432
2520 0.8757500998693462
2530 0.8757500998693462
2540 0.8757500998693462
2550 0.8588550199847992
2560 0.8300115989526464
2570 0.8588550199847992
2580 0.8757500998693462
2590 0.8757500998693462
2600 0.8757500998693462
2610 0.8757500998693462
2620 0.8757500998693462
2630 0.37907706853676687
2640 0.8757500998693462
2650 0.8757500998693462
2660 0.8757500998693462
2670 0.8757500998693462
2680 0.8757500998693462
2690 0.8757500998693462
2700 0.8757500998693462
2710 0.8588550199847992
2720 0.1886158252326805
2730 0.7811155554480865
2740 0.7607050577228848
2750 0.8470818118307006
2760 0.7003157865208087
2770 0.1905856209176254
2780 0.8757500998693462
2790 0.8757500998693462
2800 0.8757500998693462
2810 0.24527529927160915
2820 0.8757500998693462
2830 0.8757500998693462
2840 0.8757500998693462
2850 0.8757500998693462
2860 0.8470818118307006
2870 0.8757500998693462
2880 0.8757500998693462
2890 0.8757500998693462
2900 0.8757500998693462
2910 0.8757500998693462
2920 0.8757500998693462
2930 0.8588550199847992
2940 0.8757500998693462
2950 0.8757500998693462
2960 0.8757500998693462
2970 0.772677894906777
2980 0.8757500998693462
2990 0.6142549693408623
3000 0.8470818118307006
3010 0.8757500998693462
3020 0.8757500998693462
3030 0.29354982221082143
3040 0.8757500998693462
3050 0.8757500998693462
3060 0.041286133829735505
3070 0.8757500998693462
3080 0.8757500998693462
3090 0.8757500998693462
3100 0.7369954766060586
3110 0.8757500998693462
3120 0.8757500998693462
3130 0.8300115989526464
3140 0.8757500998693462
3150 0.8757500998693462
3160 0.6642931496091022
3170 0.8757500998693462
3180 0.8757500998693462
3190 0.8757500998693462
3200 0.8757500998693462
3210 0.8757500998693462
3220 0.8757500998693462
3230 0.8757500998693462
3240 0.7908911682890482
3250 0.8300115989526464
3260 0.8757500998693462
3270 0.8757500998693462
3280 0.7908911682890482
3290 0.8757500998693462
3300 0.8757500998693462
3310 0.8757500998693462
3320 0.8757500998693462
3330 0.7700982255116784
3340 0.8588550199847992
3350 0.8757500998693462
3360 0.8757500998693462
3370 0.8757500998693462
3380 0.8757500998693462
3390 0.8757500998693462
3400 0.8757500998693462
3410 0.7310823537195559
3420 0.8588550199847992
3430 0.8470818118307006
3440 0.8757500998693462
3450 0.8757500998693462
3460 0.5352243368971228
3470 0.8757500998693462
3480 0.8757500998693462
3490 0.2747749647391766
3500 0.8757500998693462
3510 0.8757500998693462
3520 0.0
3530 0.8757500998693462
3540 0.8757500998693462
3550 0.7146693739355088
3560 0.8757500998693462
3570 0.8757500998693462
3580 0.5251920529143415
3590 0.8757500998693462
3600 0.8757500998693462
3610 0.8757500998693462
3620 0.8757500998693462
3630 0.8757500998693462
3640 0.8470818118307006
3650 0.8757500998693462
3660 0.8757500998693462
3670 0.8757500998693462
3680 0.8757500998693462
3690 0.8757500998693462
3700 0.8757500998693462
3710 0.8377869866280272
3720 0.8757500998693462
3730 0.5498215536466937
3740 0.8757500998693462
3750 0.8757500998693462
3760 0.8757500998693462
3770 0.8757500998693462
3780 0.1596188469006221
3790 0.8757500998693462
3800 0.8757500998693462
3810 0.8377869866280272
3820 0.8757500998693462
3830 0.8757500998693462
3840 0.8757500998693462
3850 0.7230427397636802
3860 0.8757500998693462
3870 0.8757500998693462
3880 0.8757500998693462
3890 0.8757500998693462
3900 0.8757500998693462
3910 0.8757500998693462
3920 0.8757500998693462
3930 0.8757500998693462
3940 0.8757500998693462
3950 0.8119658114547875
3960 0.8757500998693462
3970 0.6411614225470224
3980 0.8757500998693462
3990 0.8757500998693462
4000 0.500193187624923
4010 0.8757500998693462
4020 0.8757500998693462
4030 0.8588550199847992
4040 0.8757500998693462
4050 0.8757500998693462
4060 0.8757500998693462
4070 0.8757500998693462
4080 0.8757500998693462
4090 0.8757500998693462
4100 0.7842028757243247
4110 0.7908911682890482
4120 0.8757500998693462
4130 0.8757500998693462
4140 0.5619230300843988
4150 0.8757500998693462
4160 0.8757500998693462
4170 0.8757500998693462
4180 0.8757500998693462
4190 0.8757500998693462
4200 0.8757500998693462
4210 0.8757500998693462
4220 0.8757500998693462
4230 0.8757500998693462
4240 0.8757500998693462
4250 0.8757500998693462
4260 0.8757500998693462
4270 0.8757500998693462
4280 0.8119658114547875
4290 0.8757500998693462
4300 0.6263085715798722
4310 0.8757500998693462
4320 0.8757500998693462
4330 0.8757500998693462
4340 0.8757500998693462
4350 0.6255530411644803
4360 0.263831928867873
4370 0.8588550199847992
4380 0.8119658114547875
4390 0.8757500998693462
4400 0.8470818118307006
4410 0.8757500998693462
4420 0.8757500998693462
4430 0.8757500998693462
4440 0.8757500998693462
4450 0.8757500998693462
4460 0.8232831476466432
4470 0.8757500998693462
4480 0.8757500998693462
4490 0.8757500998693462
4500 0.2929307920972173
4510 0.8757500998693462
4520 0.8757500998693462
4530 0.8757500998693462
4540 0.8470818118307006
4550 0.8757500998693462
4560 0.8757500998693462
4570 0.7842028757243247
4580 0.8588550199847992
4590 0.8757500998693462
4600 0.8757500998693462
4610 0.8757500998693462
4620 0.6835936501865418
4630 0.6882441813538377
4640 0.8757500998693462
4650 0.8757500998693462
4660 0.8757500998693462
4670 0.8757500998693462
4680 0.8757500998693462
4690 0.7676189696310518
4700 0.8757500998693462
4710 0.8757500998693462
4720 0.8757500998693462
4730 0.8757500998693462
4740 0.0
4750 0.8757500998693462
4760 0.8757500998693462
4770 0.8757500998693462
4780 0.8757500998693462
4790 0.8757500998693462
4800 0.8757500998693462
4810 0.8757500998693462
4820 0.8757500998693462
4830 0.8757500998693462
4840 0.8757500998693462
4850 0.8757500998693462
4860 0.13512393543966636
4870 0.8757500998693462
4880 0.31157054473194834
4890 0.8757500998693462
4900 0.8119658114547875
4910 0.8757500998693462
4920 0.8757500998693462
4930 0.8757500998693462
4940 0.8757500998693462
4950 0.7230427397636802
4960 0.8757500998693462
4970 0.8757500998693462
4980 0.8757500998693462
4990 0.6898578653740453
5000 0.8757500998693462
5010 0.8757500998693462
5020 0.8757500998693462
5030 0.8757500998693462
5040 0.8757500998693462
5050 0.8757500998693462
5060 0.8757500998693462
5070 0.8757500998693462
5080 0.8757500998693462
5090 0.8757500998693462
5100 0.8588550199847992
5110 0.8757500998693462
5120 0.8757500998693462
5130 0.8757500998693462
5140 0.7417820760589096
5150 0.8757500998693462
5160 0.8757500998693462
5170 0.8757500998693462
5180 0.8757500998693462
5190 0.8757500998693462
5200 0.8470818118307006
5210 0.7585538520661115
5220 0.8757500998693462
5230 0.8757500998693462
5240 0.8588550199847992
5250 0.8757500998693462
5260 0.8757500998693462
5270 0.8757500998693462
5280 0.8757500998693462
5290 0.8757500998693462
5300 0.8757500998693462
5310 0.8757500998693462
5320 0.8757500998693462
5330 0.8757500998693462
5340 0.8757500998693462
5350 0.8757500998693462
5360 0.8588550199847992
5370 0.8757500998693462
5380 0.8757500998693462
5390 0.8757500998693462
5400 0.8757500998693462
5410 0.8757500998693462
5420 0.8757500998693462
5430 0.8757500998693462
5440 0.8757500998693462
5450 0.0769377295459692
5460 0.8757500998693462
5470 0.8757500998693462
5480 0.8757500998693462
5490 0.8757500998693462
5500 0.8757500998693462
5510 0.8757500998693462
5520 0.8757500998693462
5530 0.8757500998693462
5540 0.8757500998693462
5550 0.8757500998693462
5560 0.8757500998693462
5570 0.8757500998693462
5580 0.8757500998693462
5590 0.8757500998693462
5600 0.5052601823231675
5610 0.8757500998693462
5620 0.7469257099253719
5630 0.8757500998693462
5640 0.8119658114547875
5650 0.8757500998693462
5660 0.8757500998693462
5670 0.8757500998693462
5680 0.8757500998693462
5690 0.8757500998693462
5700 0.8757500998693462
5710 0.8757500998693462
5720 0.8232831476466432
5730 0.7842028757243247
5740 0.8757500998693462
5750 0.8757500998693462
5760 0.8757500998693462
5770 0.8757500998693462
5780 0.8757500998693462
5790 0.8757500998693462
5800 0.8757500998693462
5810 0.8757500998693462
5820 0.8757500998693462
5830 0.8757500998693462
5840 0.8757500998693462
5850 0.8757500998693462
5860 0.8757500998693462
5870 0.8757500998693462
5880 0.8757500998693462
5890 0.8757500998693462
5900 0.8757500998693462
5910 0.8757500998693462
5920 0.8757500998693462
5930 0.8757500998693462
5940 0.8757500998693462
5950 0.8757500998693462
5960 0.8757500998693462
5970 0.8757500998693462
5980 0.8757500998693462
5990 0.8757500998693462
6000 0.8757500998693462
6010 0.8757500998693462
6020 0.8757500998693462
6030 0.8757500998693462
6040 0.8757500998693462
6050 0.8757500998693462
6060 0.8757500998693462
6070 0.8757500998693462
6080 0.5883790062617843
6090 0.8757500998693462
6100 0.8757500998693462
6110 0.8588550199847992
6120 0.8757500998693462
6130 0.8757500998693462
6140 0.8757500998693462
6150 0.8757500998693462
6160 0.8757500998693462
6170 0.8757500998693462
6180 0.8757500998693462
6190 0.8757500998693462
6200 0.8757500998693462
6210 0.8757500998693462
6220 0.8757500998693462
6230 0.8757500998693462
6240 0.8757500998693462
6250 0.8757500998693462
6260 0.8757500998693462
6270 0.8757500998693462
6280 0.8757500998693462
6290 0.8757500998693462
6300 0.8757500998693462
6310 0.8757500998693462
6320 0.8757500998693462
6330 0.8757500998693462
6340 0.8757500998693462
6350 0.8757500998693462
6360 0.8757500998693462
6370 0.8588550199847992
6380 0.8757500998693462
6390 0.8757500998693462
6400 0.5100938682490421
6410 0.8757500998693462
6420 0.8757500998693462
6430 0.8757500998693462
6440 0.8757500998693462
6450 0.8757500998693462
6460 0.8757500998693462
6470 0.8757500998693462
6480 0.8757500998693462
6490 0.8757500998693462
6500 0.8757500998693462
6510 0.8757500998693462
6520 0.8757500998693462
6530 0.8757500998693462
6540 0.8757500998693462
6550 0.8757500998693462
6560 0.1910378019126062
6570 0.8470818118307006
6580 0.8757500998693462
6590 0.8757500998693462
6600 0.8757500998693462
6610 0.7629297852025728
6620 0.8757500998693462
6630 0.8757500998693462
6640 0.8757500998693462
6650 0.8470818118307006
6660 0.8757500998693462
6670 0.8757500998693462
6680 0.8757500998693462
6690 0.8757500998693462
6700 0.8757500998693462
6710 0.8757500998693462
6720 0.8757500998693462
6730 0.8757500998693462
6740 0.8757500998693462
6750 0.8757500998693462
6760 0.8757500998693462
6770 0.8757500998693462
6780 0.8757500998693462
6790 0.8757500998693462
6800 0.8757500998693462
6810 0.8757500998693462
6820 0.8757500998693462
6830 0.8757500998693462
6840 0.8757500998693462
6850 0.8757500998693462
6860 0.8757500998693462
6870 0.8588550199847992
6880 0.8757500998693462
6890 0.8757500998693462
6900 0.8757500998693462
6910 0.720551018360841
6920 0.8757500998693462
6930 0.8757500998693462
6940 0.8757500998693462
6950 0.8757500998693462
6960 0.8757500998693462
6970 0.8757500998693462
6980 0.7564704636805
6990 0.8588550199847992
7000 0.8757500998693462
7010 0.8757500998693462
7020 0.8757500998693462
7030 0.8757500998693462
7040 0.8757500998693462
7050 0.8757500998693462
7060 0.8757500998693462
7070 0.8757500998693462
7080 0.8757500998693462
7090 0.8757500998693462
7100 0.8757500998693462
7110 0.8757500998693462
7120 0.8757500998693462
7130 0.8757500998693462
7140 0.8757500998693462
7150 0.8757500998693462
7160 0.8757500998693462
7170 0.8757500998693462
7180 0.8757500998693462
7190 0.8757500998693462
7200 0.7874548815586474
7210 0.8588550199847992
7220 0.8119658114547875
7230 0.8757500998693462
7240 0.8757500998693462
7250 0.8757500998693462
7260 0.8757500998693462
7270 0.8757500998693462
7280 0.8757500998693462
7290 0.8757500998693462
7300 0.8757500998693462
7310 0.8757500998693462
7320 0.8588550199847992
7330 0.8757500998693462
7340 0.8757500998693462
7350 0.8757500998693462
7360 0.8757500998693462
7370 0.47997950339609896
7380 0.8757500998693462
7390 0.8757500998693462
7400 0.8757500998693462
7410 0.8757500998693462
7420 0.8757500998693462
7430 0.8588550199847992
7440 0.8757500998693462
7450 0.8757500998693462
7460 0.8757500998693462
7470 0.8757500998693462
7480 0.8757500998693462
7490 0.8757500998693462
7500 0.8757500998693462
7510 0.8757500998693462
7520 0.8757500998693462
7530 0.8757500998693462
7540 0.8757500998693462
7550 0.8757500998693462
7560 0.8757500998693462
7570 0.8757500998693462
7580 0.6602479704522648
7590 0.8757500998693462
7600 0.8757500998693462
7610 0.8757500998693462
7620 0.8757500998693462
7630 0.8757500998693462
7640 0.8757500998693462
7650 0.8757500998693462
7660 0.8757500998693462
7670 0.8757500998693462
7680 0.8232831476466432
7690 0.8757500998693462
7700 0.8757500998693462
7710 0.8757500998693462
7720 0.8588550199847992
7730 0.8757500998693462
7740 0.8757500998693462
7750 0.8757500998693462
7760 0.8757500998693462
7770 0.8757500998693462
7780 0.8757500998693462
7790 0.8300115989526464
7800 0.8119658114547875
7810 0.8757500998693462
7820 0.8757500998693462
7830 0.8757500998693462
7840 0.8757500998693462
7850 0.7092215294269743
7860 0.8757500998693462
7870 0.8757500998693462
7880 0.8757500998693462
7890 0.8757500998693462
7900 0.7984247012587151
7910 0.8757500998693462
7920 0.8470818118307006
7930 0.8757500998693462
7940 0.8757500998693462
7950 0.8757500998693462
7960 0.8757500998693462
7970 0.8757500998693462
7980 0.8757500998693462
7990 0.8232831476466432
8000 0.8757500998693462
8010 0.8757500998693462
8020 0.8757500998693462
8030 0.8757500998693462
8040 0.8757500998693462
8050 0.8757500998693462
8060 0.8757500998693462
8070 0.8757500998693462
8080 0.8757500998693462
8090 0.8757500998693462
8100 0.8757500998693462
8110 0.5888826752155831
8120 0.8757500998693462
8130 0.8757500998693462
8140 0.8757500998693462
8150 0.8757500998693462
8160 0.4330677056154457
8170 0.8757500998693462
8180 0.8757500998693462
8190 0.8757500998693462
8200 0.8757500998693462
8210 0.8757500998693462
8220 0.8757500998693462
8230 0.8757500998693462
8240 0.8757500998693462
8250 0.8757500998693462
8260 0.8757500998693462
8270 0.8757500998693462
8280 0.8757500998693462
8290 0.8757500998693462
8300 0.8757500998693462
8310 0.8757500998693462
8320 0.8757500998693462
8330 0.8757500998693462
8340 0.8757500998693462
8350 0.8757500998693462
8360 0.8757500998693462
8370 0.8757500998693462
8380 0.8757500998693462
8390 0.8757500998693462
8400 0.8757500998693462
8410 0.6039124139918005
8420 0.8757500998693462
8430 0.8757500998693462
8440 0.8757500998693462
8450 0.8757500998693462
8460 0.8757500998693462
8470 0.8757500998693462
8480 0.8757500998693462
8490 0.8757500998693462
8500 0.8757500998693462
8510 0.8232831476466432
8520 0.2839205518530319
8530 0.8757500998693462
8540 0.8757500998693462
8550 0.8757500998693462
8560 0.8757500998693462
8570 0.8757500998693462
8580 0.8757500998693462
8590 0.8757500998693462
8600 0.8757500998693462
8610 0.8757500998693462
8620 0.8757500998693462
8630 0.8757500998693462
8640 0.8757500998693462
8650 0.8470818118307006
8660 0.8757500998693462
8670 0.8757500998693462
8680 0.8757500998693462
8690 0.8757500998693462
8700 0.8757500998693462
8710 0.8757500998693462
8720 0.8757500998693462
8730 0.8757500998693462
8740 0.8757500998693462
8750 0.8757500998693462
8760 0.8757500998693462
8770 0.8757500998693462
8780 0.8757500998693462
8790 0.8757500998693462
8800 0.8757500998693462
8810 0.8757500998693462
8820 0.8757500998693462
8830 0.8757500998693462
8840 0.8757500998693462
8850 0.8757500998693462
8860 0.8757500998693462
8870 0.8757500998693462
8880 0.8757500998693462
8890 0.8757500998693462
8900 0.8757500998693462
8910 0.8757500998693462
8920 0.8757500998693462
8930 0.8757500998693462
8940 0.8757500998693462
8950 0.8757500998693462
8960 0.8757500998693462
8970 0.8757500998693462
8980 0.8757500998693462
8990 0.8757500998693462
9000 0.8757500998693462
9010 0.8757500998693462
9020 0.8757500998693462
9030 0.8757500998693462
9040 0.8757500998693462
9050 0.8757500998693462
9060 0.8757500998693462
9070 0.8757500998693462
9080 0.8757500998693462
9090 0.8757500998693462
9100 0.8757500998693462
9110 0.8757500998693462
9120 0.8757500998693462
9130 0.8757500998693462
9140 0.8757500998693462
9150 0.8757500998693462
9160 0.8757500998693462
9170 0.8757500998693462
9180 0.8757500998693462
9190 0.8757500998693462
9200 0.8757500998693462
9210 0.8757500998693462
9220 0.8757500998693462
9230 0.8757500998693462
9240 0.8757500998693462
9250 0.8757500998693462
9260 0.8757500998693462
9270 0.8757500998693462
9280 0.20366653287821168
9290 0.8757500998693462
9300 0.8757500998693462
9310 0.8757500998693462
9320 0.8757500998693462
9330 0.8757500998693462
9340 0.8757500998693462
9350 0.8757500998693462
9360 0.8757500998693462
9370 0.8757500998693462
9380 0.8757500998693462
9390 0.8757500998693462
9400 0.8757500998693462
9410 0.8757500998693462
9420 0.8757500998693462
9430 0.8757500998693462
9440 0.8757500998693462
9450 0.8757500998693462
9460 0.8757500998693462
9470 0.8757500998693462
9480 0.8757500998693462
9490 0.8588550199847992
9500 0.656391472177978
9510 0.8757500998693462
9520 0.8588550199847992
9530 0.6225918779826234
9540 0.2714581264576057
9550 0.8757500998693462
9560 0.8588550199847992
9570 0.8757500998693462
9580 0.8470818118307006
9590 0.8757500998693462
9600 0.8757500998693462
9610 0.8588550199847992
9620 0.6129370796633475
9630 0.8757500998693462
9640 0.8757500998693462
9650 0.8757500998693462
9660 0.8757500998693462
9670 0.8757500998693462
9680 0.8757500998693462
9690 0.8757500998693462
9700 0.11451034968449922
9710 0.8757500998693462
9720 0.8757500998693462
9730 0.8588550199847992
9740 0.7874548815586474
9750 0.8757500998693462
9760 0.8588550199847992
9770 0.0
9780 0.8757500998693462
9790 0.8757500998693462
9800 0.8757500998693462
9810 0.8757500998693462
9820 0.8470818118307006
9830 0.8757500998693462
9840 0.8377869866280272
9850 0.34764274840477066
9860 0.8757500998693462
9870 0.8757500998693462
9880 0.8757500998693462
9890 0.7310823537195559
9900 0.8757500998693462
9910 0.8757500998693462
9920 0.8757500998693462
9930 0.8757500998693462
9940 0.8470818118307006
9950 0.8757500998693462
9960 0.8757500998693462
9970 0.8757500998693462
9980 0.5699069320844306
9990 0.8757500998693462
