0 0.0
500 1.6310164887085936
1000 1.3348619444363172
1500 0.8545860778730122
2000 0.0
2500 0.11129915171606636
3000 0.0
3500 1.7523246895097087
4000 1.7523246895097087
4500 1.5397866178394
5000 1.7523246895097087
5500 1.4552915763653154
6000 0.0
6500 0.9123150103431694
7000 1.7523246895097087
7500 0.0
8000 1.2467376534718644
8500 0.0
9000 0.0
9500 1.6972930854605845
10000 0.09604244102549628
10500 0.6496786802529582
11000 1.0690342679177864
11500 0.23738040831954593
12000 0.0
12500 0.0
13000 0.6255926815434909
13500 1.42320053909138
14000 1.1793496527398715
14500 1.7523246895097087
15000 1.5792089257378579
15500 1.2488146982402075
16000 1.6796502474164114
16500 0.10689559335583795
17000 1.7523246895097087
17500 1.7523246895097087
18000 1.0690342679177864
18500 1.3348619444363172
19000 0.5140510998830958
19500 1.4198789393217712
20000 0.167991454343984
20500 0.0
21000 0.26703518405142146
21500 0.5798585064846284
22000 0.0
22500 0.14983140958479174
23000 0.0
23500 0.0
24000 0.0
24500 0.23676522572829206
25000 1.5440432543003606
25500 1.2179362033568404
26000 0.7979460280065787
26500 0.0
27000 1.5170035919944542
27500 0.0
28000 0.0
28500 0.0
29000 0.0
29500 1.4029169420124514
30000 0.0
30500 0.21222899628836184
31000 0.0
31500 0.0
32000 1.719765599806737
32500 0.0
33000 1.2006528829938796
33500 0.6437792920528317
34000 0.0
34500 1.042454574903101
35000 0.0
35500 0.17654039008903852
36000 0.0
36500 0.2104749592933029
37000 0.0
37500 0.0
38000 0.0
38500 0.0
39000 0.16372337254079883
39500 0.0
40000 1.1603822784198354
40500 0.0
41000 0.2272703708557205
41500 0.3789100797134706
42000 0.9450162163532703
42500 0.3657329301372846
43000 0.0
43500 0.5055927000094045
44000 0.0
44500 0.5957018385285617
45000 1.5984435874666147
45500 0.0
46000 0.0
46500 0.0
47000 0.8174475765288476
47500 1.24829331720496
48000 0.06564987038403527
48500 0.0
49000 1.7523246895097087
49500 0.0
0 0.0
50 0.0
100 1.6134699634152163
150 0.7147644064862118
200 0.0
250 0.0
300 0.6248999826072006
350 0.0
400 0.9472890185846046
450 1.7523246895097087
500 1.6522717646051834
550 1.1446722756280199
600 0.0
650 1.6522717646051834
700 1.719765599806737
750 0.5957018385285617
800 0.8732850232612772
850 1.1168563505585896
900 0.0
950 1.6972930854605845
1000 1.3531857192238348
1050 1.3671793539737713
1100 0.0
1150 0.0
1200 1.6972930854605845
1250 1.6649528545918755
1300 0.0
1350 1.7523246895097087
1400 0.0
1450 1.7523246895097087
1500 0.8459582738252565
1550 0.15863620946791068
1600 0.0
1650 0.0
1700 0.0
1750 0.0
1800 0.0
1850 1.2896681067435851
1900 0.0
1950 1.7523246895097087
2000 0.0
2050 1.7523246895097087
2100 0.0
2150 0.0
2200 0.6808853317690204
2250 1.4811497253280248
2300 0.0
2350 0.0
2400 0.0
2450 1.2607436538628378
2500 0.11746300212091908
2550 0.46618548196956633
2600 0.0
2650 0.20197008476099337
2700 0.0
2750 0.5247978160841527
2800 1.510267483723577
2850 0.0
2900 0.0
2950 0.0
3000 0.0
3050 1.1106353385577947
3100 0.0
3150 0.028039786635664768
3200 0.8954879719365794
3250 0.0
3300 0.0
3350 0.0
3400 0.0
3450 0.0
3500 1.7523246895097087
3550 1.2930819999299503
3600 1.1893046391687405
3650 0.0
3700 0.0
3750 0.37580445670372065
3800 0.16895467403059256
3850 1.1245597629864899
3900 0.9030206977901616
3950 0.4371793371774719
4000 1.7523246895097087
4050 1.0944238904230934
4100 1.1918859594183198
4150 1.4283379253632318
4200 0.7032998405976678
4250 1.7523246895097087
4300 1.05732293644393
4350 1.503878739275018
4400 0.3896202476215823
4450 1.5792089257378579
4500 1.4837786416203844
4550 0.15641353560718418
4600 0.25575530085354314
4650 0.0
4700 1.6972930854605845
4750 0.6717281444984011
4800 1.7523246895097087
4850 1.1037080009745082
4900 0.6558904075392638
4950 1.6649528545918755
5000 1.7523246895097087
5050 1.447022049083563
5100 1.0432789171296832
5150 1.1856830343970353
5200 0.37329705864918195
5250 0.69661077184774
5300 0.9405394219473286
5350 0.0
5400 0.0
5450 0.0
5500 1.418248601333309
5550 1.4355038929878794
5600 0.7869523949932414
5650 1.2837046456211212
5700 0.0
5750 1.059106520310972
5800 1.3605536845127668
5850 0.0
5900 0.6826568637246174
5950 0.0
6000 0.0
6050 0.5193984656370276
6100 1.2837046456211212
6150 0.0
6200 0.0
6250 0.0
6300 0.12866588317173774
6350 1.7523246895097087
6400 1.6972930854605845
6450 1.7523246895097087
6500 0.9042161041309887
6550 0.08696803946913481
6600 1.6972930854605845
6650 1.013835725667787
6700 0.0
6750 0.5188846340380222
6800 1.7523246895097087
6850 0.0
6900 1.3521625819475909
6950 1.7523246895097087
7000 1.7523246895097087
7050 1.719765599806737
7100 0.0
7150 0.6395913700575977
7200 0.2387691242303271
7250 0.0
7300 0.0
7350 0.9427665252356856
7400 1.7523246895097087
7450 0.0
7500 0.0
7550 1.3339575021199312
7600 1.282409025838548
7650 0.0
7700 0.3848472556917784
7750 0.0
7800 1.5792089257378579
7850 1.088063269519653
7900 0.5545051504311818
7950 0.6879603129080805
8000 1.2493383759084815
8050 0.0
8100 1.1260893739150655
8150 0.0
8200 0.0
8250 0.0
8300 0.0
8350 0.0
8400 0.0
8450 0.2257713537535443
8500 0.0
8550 0.12660982190744785
8600 0.0
8650 0.0
8700 0.06155444879771525
8750 0.03445035155929348
8800 0.8173881230953444
8850 0.46577366116409175
8900 1.2596219867415064
8950 1.415043499320893
9000 0.0
9050 1.28305553024272
9100 0.0
9150 0.0
9200 0.0
9250 0.5073002262366141
9300 0.0
9350 1.027710074183462
9400 0.5266595354247532
9450 0.0
9500 1.7523246895097087
9550 0.5159732354375761
9600 0.0
9650 0.0
9700 0.0
9750 0.0
9800 0.0
9850 0.0
9900 0.0
9950 0.4348524232443819
10000 0.09779580338010896
10050 0.6115952030602005
10100 0.7159403734401706
10150 0.9447072842188557
10200 0.7483847910668624
10250 0.20459065322088377
10300 0.4094871449981872
10350 0.022686593174308455
10400 0.1794283533655469
10450 0.0
10500 0.649093633498812
10550 1.7523246895097087
10600 0.0
10650 0.0
10700 0.0
10750 0.5506501851674075
10800 0.8348682454712586
10850 1.2030163297226188
10900 1.7523246895097087
10950 1.2426598572832275
11000 1.0600046624725314
11050 1.2889937420873119
11100 0.0
11150 0.475122361922786
11200 0.0
11250 0.9150810680656445
11300 0.8491832101777699
11350 1.062541984378998
11400 0.88676232622686
11450 1.3277728662993886
11500 0.23905751515898943
11550 0.0
11600 0.5119413703990521
11650 0.045172977834289446
11700 0.3698061731927904
11750 0.9382354022402337
11800 0.0
11850 0.0
11900 1.093778293374804
11950 1.3789429416619066
12000 0.0
12050 0.9510602388285512
12100 0.5170154663824051
12150 1.2286765609925467
12200 1.719765599806737
12250 1.0827187087066683
12300 0.0
12350 1.6522717646051834
12400 0.4683865033885055
12450 0.18722269046474752
12500 0.0
12550 1.7523246895097087
12600 0.0
12650 0.0
12700 0.0
12750 0.8778953998894558
12800 1.5792089257378579
12850 0.0
12900 0.20937130059526
12950 0.0
13000 0.6209795342832845
13050 0.2159118348587465
13100 1.5241314470311358
13150 1.0409784774125237
13200 0.0
13250 0.0
13300 0.6604051509142126
13350 0.6813181459872055
13400 1.1134803541673908
13450 0.0
13500 1.42320053909138
13550 0.0
13600 0.0
13650 1.4014728780358183
13700 1.45317513854522
13750 1.3864932546810698
13800 1.473572523424712
13850 1.4892031317829642
13900 0.3273511144598885
13950 0.8587733777268669
14000 1.1670150905433614
14050 0.0
14100 0.0
14150 0.6778375273126881
14200 1.7523246895097087
14250 0.41294723439943387
14300 1.5628071745193357
14350 0.6592620431921548
14400 0.6508520265153941
14450 0.6522271414402259
14500 1.719765599806737
14550 0.8270842865938206
14600 0.0
14650 1.4103710301322345
14700 1.5852552873464352
14750 0.0
14800 0.2610637531577499
14850 0.0
14900 0.0
14950 0.3553137866738123
15000 1.5440432543003606
15050 1.6310164887085936
15100 0.26495774004404593
15150 0.0
15200 0.0
15250 0.0
15300 0.40705066147146735
15350 1.4510919911600393
15400 0.0
15450 1.7523246895097087
15500 1.2347982884148192
15550 0.0
15600 0.0
15650 0.0
15700 0.0
15750 0.0
15800 1.1046167258880013
15850 1.7523246895097087
15900 0.5694534361760424
15950 0.0
16000 1.7523246895097087
16050 1.0743912228274806
16100 0.9223800041427623
16150 1.1170998374319632
16200 1.6972930854605845
16250 0.0
16300 0.9378378914938142
16350 1.7523246895097087
16400 1.7523246895097087
16450 0.0
16500 0.10815545735688599
16550 0.0
16600 0.0
16650 0.3277685207979837
16700 0.7337180427119501
16750 0.8063398041640388
16800 0.42317545703624393
16850 0.783701516683142
16900 0.0
16950 1.279850658473745
17000 1.7523246895097087
17050 1.0491507708094212
17100 0.0
17150 0.0
17200 0.867446102769198
17250 0.0
17300 0.0724037979651132
17350 0.4885721430529619
17400 1.1539901703656776
17450 0.0437612767847918
17500 1.7523246895097087
17550 1.7523246895097087
17600 0.8862871047500905
17650 0.0
17700 1.0522401206610321
17750 0.6175172383282397
17800 0.0
17850 0.7353677796723359
17900 0.0
17950 1.2509194138937585
18000 1.0783110753944252
18050 0.0
18100 1.7523246895097087
18150 0.7280197571930999
18200 0.9812001253864542
18250 1.039190085934682
18300 0.7211072837025005
18350 0.58898454036281
18400 0.4999596106030647
18450 0.0
18500 1.3008677460711027
18550 1.279217535242573
18600 0.35467439420839736
18650 0.9343842588198127
18700 0.0
18750 0.2729050367993432
18800 0.9759097522602769
18850 1.0261877459465447
18900 0.0
18950 1.719765599806737
19000 0.5106499970813032
19050 0.0
19100 1.447022049083563
19150 0.0
19200 0.046277828722089784
19250 0.0
19300 0.08657550209404777
19350 1.7523246895097087
19400 1.0039517926275
19450 0.0
19500 1.4266036243076914
19550 0.0
19600 0.0
19650 1.4088483559601428
19700 0.0
19750 0.0
19800 1.7523246895097087
19850 0.0
19900 1.3511463545047118
19950 1.7523246895097087
20000 0.1684912264612125
20050 0.0
20100 0.0
20150 0.0
20200 1.4134685609863304
20250 0.0
20300 0.4322831551032227
20350 1.6218701528923134
20400 0.0
20450 0.0
20500 0.0
20550 0.4002879440394075
20600 0.7845366894319871
20650 0.0
20700 0.5132587714467538
20750 0.0
20800 1.5484595244923574
20850 0.0
20900 0.0
20950 0.0
21000 0.2684779007142663
21050 0.0
21100 0.0
21150 0.0
21200 0.43536507745247566
21250 1.7523246895097087
21300 1.45317513854522
21350 0.12901983118471397
21400 1.4266036243076914
21450 1.7523246895097087
21500 0.5869085589963208
21550 1.4760491629879957
21600 1.5440432543003606
21650 0.0
21700 0.0
21750 0.0
21800 1.5984435874666147
21850 1.3177264424180892
21900 0.0
21950 1.2670567769252652
22000 0.0
22050 0.3190580491679065
22100 1.3542158697911812
22150 0.0
22200 0.0
22250 0.0
22300 0.3498599009209149
22350 0.0
22400 0.0
22450 0.0
22500 0.15100854921895368
22550 1.641073019478303
22600 0.5117005799174371
22650 1.7523246895097087
22700 0.482251220203801
22750 1.0990081841131496
22800 0.0
22850 0.3394076939430198
22900 0.2799694890738825
22950 0.0
23000 0.0
23050 1.273020506242335
23100 0.0753084548959814
23150 0.0
23200 0.0
23250 1.6972930854605845
23300 1.6649528545918755
23350 0.0
23400 1.5984435874666147
23450 0.0
23500 0.0
23550 1.7523246895097087
23600 1.2314737565069884
23650 0.0
23700 0.0
23750 1.7523246895097087
23800 0.9956947967590778
23850 0.8366605399678763
23900 0.0
23950 0.0
24000 0.0
24050 0.43251901429604056
24100 0.0
24150 0.1040273451941479
24200 0.0
24250 0.5382869843566513
24300 0.4106144851401633
24350 0.6204741142176261
24400 0.0
24450 0.847565453637136
24500 0.24081670708649194
24550 1.719765599806737
24600 0.3231833397164888
24650 0.0
24700 0.0
24750 0.0
24800 0.0
24850 0.0
24900 1.719765599806737
24950 0.0
25000 1.5205154551638618
25050 0.0
25100 1.6310164887085936
25150 1.159147121800589
25200 0.0
25250 1.5916507612029482
25300 1.134738593994837
25350 1.7523246895097087
25400 0.9412455373233413
25450 0.0
25500 1.2149297863578983
25550 0.4656753859127628
25600 0.0
25650 0.4783179852712838
25700 1.7523246895097087
25750 0.0
25800 0.0
25850 1.6796502474164114
25900 1.6796502474164114
25950 0.0
26000 0.8039619226427186
26050 0.0
26100 1.134738593994837
26150 1.2574020287484728
26200 0.0
26250 1.3423036295939872
26300 0.3618484678812912
26350 0.0
26400 0.0
26450 0.0
26500 0.0
26550 0.0
26600 0.06667933610576912
26650 1.324349880911571
26700 0.0
26750 0.39312922134033407
26800 0.0
26850 0.129683411771694
26900 1.4043764726404135
26950 0.28002469906173094
27000 1.4811497253280248
27050 0.0
27100 0.0
27150 0.8071381725051922
27200 0.0
27250 0.0
27300 1.447022049083563
27350 1.6310164887085936
27400 1.4618515766499045
27450 0.55514316524617
27500 0.0
27550 1.641073019478303
27600 1.7523246895097087
27650 0.0
27700 1.1709202553981832
27750 0.0
27800 0.0
27850 1.7523246895097087
27900 0.0
27950 1.4029169420124514
28000 0.0
28050 0.0
28100 1.5578249287915584
28150 0.45175802338365734
28200 0.0
28250 1.6134699634152163
28300 0.5553647908272932
28350 0.0
28400 0.0
28450 1.0146935203774716
28500 0.0
28550 0.0
28600 0.0
28650 1.2209978683583675
28700 1.7523246895097087
28750 0.02312032067840928
28800 0.0
28850 0.0
28900 0.5707855133131856
28950 1.1149191916213461
29000 0.0
29050 1.7523246895097087
29100 0.0
29150 1.7523246895097087
29200 0.0
29250 0.0
29300 1.071121118220749
29350 0.0
29400 0.8190580941072712
29450 0.302765292472104
29500 1.3852065673717067
29550 1.6310164887085936
29600 1.133935282426994
29650 0.6408540002519201
29700 0.3364995714032001
29750 1.5984435874666147
29800 0.0
29850 0.0
29900 0.0
29950 0.7436772726409646
30000 0.0
30050 0.0
30100 1.719765599806737
30150 1.6972930854605845
30200 0.0
30250 0.0
30300 1.641073019478303
30350 1.7523246895097087
30400 0.0
30450 0.0
30500 0.2157707197294843
30550 0.8387901576632981
30600 1.7523246895097087
30650 0.4536029570071177
30700 0.6801295692745399
30750 1.7523246895097087
30800 0.0
30850 0.0
30900 0.0
30950 0.0
31000 0.0
31050 1.366053883765157
31100 1.7523246895097087
31150 0.0
31200 0.0
31250 1.4318735156858584
31300 0.0
31350 0.0
31400 0.0
31450 0.8532753901907507
31500 0.0
31550 0.05569247029441637
31600 1.1237999454085412
31650 0.0
31700 0.0
31750 0.5420147522252431
31800 0.0
31850 0.0
31900 0.18566143571609098
31950 0.0
32000 1.719765599806737
32050 1.6649528545918755
32100 1.7523246895097087
32150 0.0
32200 1.394466361602955
32250 1.7523246895097087
32300 0.9634597017813618
32350 0.4092451083522481
32400 0.0
32450 1.2724141812478162
32500 0.0
32550 0.0
32600 0.0
32650 1.1516145553652017
32700 0.0
32750 0.0
32800 0.6255323031441022
32850 0.0
32900 1.6649528545918755
32950 1.162565664470608
33000 1.1842551790238023
33050 1.5984435874666147
33100 0.0
33150 0.21490356902950075
33200 0.0
33250 0.0
33300 0.0
33350 0.3648750641896614
33400 0.0
33450 1.2767096097946382
33500 0.6407281188349242
33550 1.1663725578270743
33600 0.11094848402051627
33650 0.0
33700 0.0
33750 0.0
33800 0.0
33850 0.07407997746341599
33900 1.3877914274990992
33950 1.6972930854605845
34000 0.0
34050 0.0
34100 0.8840033065574251
34150 0.5815215195475156
34200 1.2736297703458979
34250 1.6796502474164114
34300 0.0
34350 1.7523246895097087
34400 1.7523246895097087
34450 0.0
34500 1.042454574903101
34550 0.0
34600 0.0
34650 0.0
34700 1.7523246895097087
34750 1.0513769363443928
34800 0.0
34850 0.0
34900 0.0
34950 1.418248601333309
35000 0.0
35050 1.7523246895097087
35100 0.0
35150 0.0
35200 0.4901887088884815
35250 0.8894732311931721
35300 0.0
35350 0.7062316980075709
35400 0.0
35450 0.5524750304468955
35500 0.1796865231890145
35550 0.0
35600 0.0
35650 0.6618570358489819
35700 1.7523246895097087
35750 0.0
35800 1.1900382795638005
35850 0.7952621143620693
35900 0.0
35950 1.264731768250091
36000 0.0
36050 0.6810300107164957
36100 1.6796502474164114
36150 1.1255781025361355
36200 0.0
36250 0.237026811819671
36300 1.5440432543003606
36350 1.7523246895097087
36400 1.320176255963347
36450 0.0
36500 0.2103093399721489
36550 0.0
36600 1.225471289543254
36650 0.0
36700 1.1255781025361355
36750 0.0
36800 1.7523246895097087
36850 1.310604735540497
36900 0.6905552035705278
36950 0.9910477914167266
37000 0.0
37050 0.2901050992535447
37100 0.0
37150 0.03576872160385853
37200 0.0
37250 0.0
37300 1.7523246895097087
37350 0.0
37400 0.1860455457606483
37450 0.0
37500 0.0
37550 0.3657329301372846
37600 0.0
37650 1.2111415141809845
37700 0.0
37750 1.2546690396692188
37800 0.6839648232703672
37850 1.6134699634152163
37900 0.8369173880845749
37950 0.535014672383471
38000 0.0
38050 0.0
38100 0.6758112868568671
38150 1.7523246895097087
38200 0.0
38250 0.6171050055853986
38300 0.733847833564238
38350 1.719765599806737
38400 0.0
38450 1.6522717646051834
38500 0.0
38550 1.181434977627633
38600 0.0
38650 0.744666076530581
38700 0.8016057115858368
38750 0.0
38800 0.0
38850 0.0
38900 0.0
38950 1.7523246895097087
39000 0.1587690527735307
39050 1.6522717646051834
39100 0.0
39150 1.6649528545918755
39200 0.0
39250 0.35678404252189666
39300 0.0
39350 0.0
39400 0.0
39450 0.0
39500 0.0
39550 1.5734732383657768
39600 0.25342792063497455
39650 0.8919743803704752
39700 1.0437755892796412
39750 0.0
39800 1.7523246895097087
39850 0.0
39900 1.0442729495829504
39950 1.4618515766499045
40000 1.16193886752646
40050 0.8988057189642844
40100 0.0
40150 0.0
40200 0.455684681859599
40250 0.0
40300 1.2006528829938796
40350 0.0
40400 0.09877094194716526
40450 1.4811497253280248
40500 0.0
40550 0.8072524271000963
40600 1.7523246895097087
40650 0.0
40700 0.0
40750 0.5892275390434523
40800 1.0665972812743068
40850 0.340837879993206
40900 0.0
40950 0.0
41000 0.2295242280975936
41050 1.7523246895097087
41100 1.5734732383657768
41150 0.19655075826558316
41200 0.5896878270669808
41250 0.9088829748237712
41300 0.0
41350 0.0
41400 0.0
41450 1.3542158697911812
41500 0.3791381758906409
41550 0.0
41600 0.16852775150170018
41650 1.568015298696624
41700 1.1867614387741252
41750 0.0
41800 0.0
41850 0.0
41900 0.0
41950 1.0845516840758784
42000 0.9437860121778924
42050 0.0
42100 0.31417252808670976
42150 0.18871107477845656
42200 1.4760491629879957
42250 0.7553199444485841
42300 0.4696895297775876
42350 0.0
42400 0.0
42450 1.1530958068406765
42500 0.3594361907402196
42550 0.0
42600 1.7523246895097087
42650 1.1600726927409206
42700 0.7410425983235334
42750 0.0
42800 0.48058437672649906
42850 0.0
42900 0.0
42950 0.7222266694317694
43000 0.0
43050 0.6845109453384498
43100 0.8454913720231968
43150 1.7523246895097087
43200 0.0
43250 0.0
43300 0.22102031129983096
43350 1.1446722756280199
43400 0.0
43450 0.0
43500 0.506412846227499
43550 0.7242283193297605
43600 0.0
43650 0.4393712165963073
43700 1.7523246895097087
43750 0.0
43800 0.0
43850 1.51358894005536
43900 0.07336804536547775
43950 0.0
44000 0.0
44050 1.7523246895097087
44100 0.0
44150 1.088271909133101
44200 1.374121783919914
44250 0.0
44300 0.9827888240313795
44350 1.1971686001025446
44400 0.0
44450 1.158532709652094
44500 0.5903662686651895
44550 1.7523246895097087
44600 0.0
44650 0.8844739423249433
44700 1.4073418281050287
44750 0.2158981766169562
44800 0.23069272990118994
44850 1.7523246895097087
44900 0.0
44950 0.0
45000 1.5984435874666147
45050 0.595591359334271
45100 1.6972930854605845
45150 0.0
45200 0.0
45250 1.719765599806737
45300 1.1374433219328959
45350 0.0
45400 0.8233425939473467
45450 0.07660711735353837
45500 0.0
45550 0.0
45600 0.34825379393106903
45650 0.7615734051808603
45700 1.1856830343970353
45750 1.7523246895097087
45800 1.6310164887085936
45850 1.719765599806737
45900 1.6218701528923134
45950 1.7523246895097087
46000 0.0
46050 0.0
46100 1.5397866178394
46150 0.0
46200 1.009321365908653
46250 0.0
46300 1.719765599806737
46350 1.221439690197117
46400 0.0
46450 0.0
46500 0.0
46550 0.0
46600 0.70788654011029
46650 0.0
46700 0.0
46750 0.0
46800 1.0684690184273982
46850 0.0
46900 0.0
46950 1.2352790953608417
47000 0.8078808885785779
47050 1.719765599806737
47100 1.7523246895097087
47150 0.7523850153826477
47200 0.0
47250 1.2119759354518895
47300 1.7523246895097087
47350 0.0
47400 1.6056919156891944
47450 1.5628071745193357
47500 1.2557566695757814
47550 1.6310164887085936
47600 0.0
47650 1.5916507612029482
47700 0.0
47750 1.7523246895097087
47800 1.1195528954077407
47850 0.7538719470454323
47900 0.0
47950 0.5687892458914642
48000 0.07028137702929761
48050 0.0
48100 0.2623462340489712
48150 1.7523246895097087
48200 0.0
48250 0.10169925180196072
48300 0.0
48350 0.0
48400 0.22271674650972206
48450 1.719765599806737
48500 0.0
48550 1.6796502474164114
48600 0.0
48650 1.6972930854605845
48700 1.719765599806737
48750 0.0
48800 0.0
48850 1.719765599806737
48900 0.0
48950 0.794120491980228
49000 1.719765599806737
49050 0.0
49100 1.1915148571574246
49150 0.1784937708164968
49200 1.7523246895097087
49250 1.7523246895097087
49300 1.7523246895097087
49350 0.0
49400 0.0
49450 1.1125268361993919
49500 0.0
49550 1.6218701528923134
49600 1.0325045854831538
49650 1.6972930854605845
49700 1.719765599806737
49750 1.5205154551638618
49800 0.23187482551078736
49850 0.24875452203124357
49900 0.0
49950 0.0
