0 0.08425946314769876
10 0.08621295146660383
20 0.03327995282517874
30 0.07223742593110025
40 0.06007822935900876
50 0.06762076931178192
60 0.09426222406885242
70 0.09529789857735556
80 0.017917608561741866
90 0.059551117616292594
100 0.047346554508661334
110 0.05238944146906677
120 0.03909171797800953
130 0.08072503098666661
140 0.05215874348742179
150 0.04264814558767633
160 0.04565561662086394
170 0.03440612942541686
180 0.07097157598679617
190 0.057673985879514
200 0.06548893671535244
210 0.044231699644518466
220 0.04865717963230393
230 0.045900934248007993
240 0.052846664418483125
250 0.016310893474273832
260 0.0636367694850321
270 0.06462659887625287
280 0.06816845396430117
290 0.015367093761275931
300 0.0
310 0.036566986218283075
320 0.0
330 0.07926182732912226
340 0.0
350 0.06187860529674606
360 0.08285075346234139
370 0.06129566597552125
380 0.08530389555911089
390 0.07598348410340318
400 0.059343946223232635
410 0.08844130659864703
420 0.012670669125927831
430 0.08107587776156801
440 0.11090429169340556
450 0.03543432552321933
460 0.01761982891853082
470 0.056741328365929246
480 0.06677498253750003
490 0.0466290173242721
500 0.09741456817924234
510 0.054603911685480656
520 0.04380235586681943
530 0.016770089226256123
540 0.04658614424965901
550 0.01161508994611679
560 0.02939526295764432
570 0.05706323945293716
580 0.06471302701006477
590 0.07640971048402109
600 0.07644731256822589
610 0.020868947265810418
620 0.05772851010622546
630 0.040734410709497904
640 0.06970309074761084
650 0.04983841777165299
660 0.0535156092339309
670 0.04805242437498785
680 0.08533779924805858
690 0.0767705408466601
700 0.07598348410340318
710 0.06115050852873592
720 0.0006632507534274047
730 0.05465138486877102
740 0.0
750 0.0777610784264772
760 0.007411503031669177
770 0.06600724632052825
780 0.049030739834514434
790 0.07005995681625744
800 0.021986055985653598
810 0.0386670275894267
820 0.0864680820763754
830 0.012595993457026644
840 0.06853114473590972
850 0.08016573297974543
860 0.10604837211933582
870 0.03759885508771537
880 0.07418442653819228
890 0.028742064952643975
900 0.01461410499352284
910 0.05749097536587504
920 0.060990428266192546
930 0.025339042650882517
940 0.03558920861251034
950 0.010294262002145203
960 0.012618964486434967
970 0.05606064987595259
980 0.07671302442654794
990 0.016935209791797252
1000 0.030769560854777642
1010 0.062079535007165745
1020 0.05635987693497019
1030 0.07519808834051753
1040 0.07271102368489005
1050 0.009389066383599959
1060 0.09342897299411314
1070 0.0702932403479992
1080 0.033476552855492926
1090 0.03872922845645044
1100 0.09196522559195928
1110 0.0802135585636063
1120 0.0490636877745785
1130 0.047162062136556555
1140 0.06062693844242601
1150 0.052896180328061704
1160 0.0500481259279753
1170 0.06330279390335065
1180 0.08376441077014758
1190 0.0667535217217088
1200 0.006228806460485528
1210 0.08665321258389426
1220 0.07193362314703841
1230 0.0603546226084715
1240 0.059805475974102
1250 0.04088846011217997
1260 0.0
1270 0.0
1280 0.07488737987967821
1290 0.015203325937883956
1300 0.04012579784154423
1310 0.034357068301788404
1320 0.020023060261634973
1330 0.049935737792493974
1340 0.05458021204453007
1350 0.08011805703580932
1360 0.06970309074761084
1370 0.04188388083741494
1380 0.03355548311592428
1390 0.09758709282705834
1400 0.07286177323220058
1410 0.03797774340619424
1420 0.07665571405011093
1430 0.08234526258873151
1440 0.0015736911265845249
1450 0.08382537338603284
1460 0.05061279888336879
1470 0.028462625374638652
1480 0.07492161370458725
1490 0.039808946659170674
1500 0.0
1510 0.04835303313319296
1520 0.04861086522181192
1530 0.0
1540 0.05922647527227603
1550 0.055077103915919474
1560 0.07080958217855947
1570 0.022635625668134096
1580 0.04051170851954584
1590 0.0717624090816936
1600 0.033600661253771
1610 0.10288023321217928
1620 0.04996012704084223
1630 0.07532053070391291
1640 0.012818274941194373
1650 0.06754225294747865
1660 0.022255062239834474
1670 0.026862573849754507
1680 0.03767492162170176
1690 0.05118556816323767
1700 0.07468346085261211
1710 0.06808755046805029
1720 0.08635817035380937
1730 0.014663047897794079
1740 0.02731850130057114
1750 0.01655317433938377
1760 0.06855479576186274
1770 0.07063577017909015
1780 0.07650388131241018
1790 0.0
1800 0.023275081655187175
1810 0.06376464254072543
1820 0.08122877948003768
1830 0.07591049336423125
1840 0.0855429418599077
1850 0.0035287992947023597
1860 0.03602474368893611
1870 0.10221318818478885
1880 0.022690837571183026
1890 0.11151911223475826
1900 0.0561430118661082
1910 0.03137295661371694
1920 0.03219744269385371
1930 0.04126280150894752
1940 0.053725787191004855
1950 0.08603351757855104
1960 0.05864874573614147
1970 0.015489644017950043
1980 0.05220149571867832
1990 0.0625219354649335
2000 0.049867574089362245
2010 0.06221461674899576
2020 0.05508315733810888
2030 0.0609267465554756
2040 0.030081896804001865
2050 0.06291289216480413
2060 0.10568612027527913
2070 0.0
2080 0.06172094933283708
2090 0.014219674889550098
2100 0.04598459611752491
2110 0.02361341484112766
2120 0.05342530539498338
2130 0.0
2140 0.10466790469438558
2150 0.07592871019494875
2160 0.06712178040712007
2170 0.10419280053096602
2180 0.04951511759790223
2190 0.06282534332760994
2200 0.039972082203019364
2210 0.046022328082693575
2220 0.099364397990385
2230 0.06399509809174223
2240 0.09946579981059855
2250 0.04836678043025393
2260 0.06224853030379039
2270 0.0681221792951483
2280 0.011856108764828887
2290 0.04092709384792929
2300 0.07157883094665338
2310 0.04801170064562118
2320 0.02346078632583876
2330 0.04745698633938538
2340 0.09055047820660593
2350 0.06229100341739646
2360 0.06063477216791134
2370 0.05731619186247291
2380 0.028844809682732557
2390 0.07123119273733022
2400 0.04667195906959338
2410 0.0703062916684823
2420 0.06568037223962486
2430 0.01104225332724179
2440 0.06753106372979525
2450 0.033901362932346725
2460 0.039032120863269966
2470 0.07910506567694973
2480 0.030570412529365817
2490 0.046723580209896275
2500 0.02139565626963794
2510 0.05154203185614859
2520 0.052068147681848705
2530 0.039700658413945766
2540 0.06902230977516043
2550 0.03936797447695527
2560 0.018496441168853288
2570 0.03991080687263634
2580 0.06047866265322789
2590 0.06965269192642777
2600 0.08367344476090176
2610 0.016147142268179995
2620 0.0917457146488937
2630 0.045796716921357485
2640 0.04922907052927056
2650 0.016153126985318695
2660 0.052879663481362325
2670 0.045191809072824406
2680 0.04595947053640837
2690 0.033631753056749855
2700 0.04978020666399622
2710 0.027059830281529675
2720 0.008523411494881412
2730 0.0044092553232505044
2740 0.03213214664822884
2750 0.04866645254321751
2760 0.009323994026963907
2770 0.027615232324712653
2780 0.03082476097937154
2790 0.07512853088521222
2800 0.051793134675394384
2810 0.0025716845104918127
2820 0.031088656700619537
2830 0.09330551103641602
2840 0.05585920191780476
2850 0.04240349182405253
2860 0.049134434411489
2870 0.05575291807995543
2880 0.07661762079160521
2890 0.06941523077712629
2900 0.06671067437006865
2910 0.061987192267445264
2920 0.023895140240968168
2930 0.014602362917063372
2940 0.067078073366786
2950 0.07958021423068051
2960 0.06496492093088128
2970 0.004937466142129927
2980 0.09025574093595141
2990 0.03684135663368771
3000 0.055541852932841626
3010 0.041887508511925034
3020 0.0643980062812274
3030 0.0
3040 0.05950655080256665
3050 0.07774064820675539
3060 0.0
3070 0.07033242342442994
3080 0.07083647677966486
3090 0.06421894095435808
3100 0.020293826681413246
3110 0.033674192909220094
3120 0.07657961789947995
3130 0.01155634245845044
3140 0.07983508676659337
3150 0.041562765434825115
3160 0.0
3170 0.09977540759737753
3180 0.06711084394254516
3190 0.058570526715600646
3200 0.08112667238174487
3210 0.06204590656767777
3220 0.08665321258389426
3230 0.07832297582280061
3240 0.0
3250 0.032058819303684746
3260 0.03999594392320112
3270 0.07669389815529562
3280 0.024026378128291087
3290 0.06228250156045747
3300 0.035091242030446994
3310 0.08322696078453641
3320 0.07099872209809892
3330 0.0003551839193482728
3340 0.06574123075810522
3350 0.06908313735951989
3360 0.06698010896181489
3370 0.049476790516390104
3380 0.07413534054822297
3390 0.0680529874719593
3400 0.08982555159983308
3410 0.03020348474255567
3420 0.060377823288149605
3430 0.04979474678073446
3440 0.04595947053640837
3450 0.04139813067549471
3460 0.01875461193145334
3470 0.06274687940702108
3480 0.07519808834051753
3490 0.0
3500 0.08337427327252074
3510 0.058549244120086406
3520 0.0
3530 0.04416884451747462
3540 0.09977540759737753
3550 0.011331128169965555
3560 0.09691135394289545
3570 0.07349432227758443
3580 0.011473014707643345
3590 0.05917528753579126
3600 0.051469281705532
3610 0.05450926018264307
3620 0.08146109310075995
3630 0.08422801993405225
3640 0.02611482107396299
3650 0.08513558050004685
3660 0.09767429490814664
3670 0.06636089887159959
3680 0.08223524459341701
3690 0.047109585273615605
3700 0.0530897370279403
3710 0.011943544994387434
3720 0.060705410675067795
3730 0.0
3740 0.07523297833512026
3750 0.04513488533295329
3760 0.06065829130907628
3770 0.06638191159396956
3780 0.0
3790 0.09152984855164854
3800 0.04238872945263626
3810 0.03504123957651263
3820 0.060713274445131096
3830 0.10533582820292499
3840 0.058051656867052756
3850 0.016414918793324865
3860 0.04578007902967506
3870 0.08316844949612039
3880 0.04432229945170167
3890 0.07953432509688531
3900 0.06452148998394289
3910 0.0916914115939744
3920 0.10110408994219482
3930 0.07332226642395394
3940 0.08785969215932203
3950 0.019759774508310225
3960 0.07935212540862371
3970 0.03374503396592904
3980 0.10344433106381021
3990 0.06548893671535244
4000 0.003152487515265451
4010 0.07523297833512026
4020 0.0758378303619301
4030 0.027620112965858656
4040 0.05585920191780476
4050 0.061679665328418794
4060 0.04332598231908496
4070 0.1062342675464659
4080 0.06079207866116154
4090 0.059971732306777
4100 0.05455062201126905
4110 0.05256801558832226
4120 0.0482570061427021
4130 0.07883997197946836
4140 0.010150103408475464
4150 0.12403831037619252
4160 0.06583288834368572
4170 0.06924226354563855
4180 0.04512676291295666
4190 0.07233990557928202
4200 0.07849340953624095
4210 0.05577788059945835
4220 0.06454055799282556
4230 0.049158060416330175
4240 0.07009862349862749
4250 0.0769637717818398
4260 0.062265508705074336
4270 0.05040823137886252
4280 0.04531009656184336
4290 0.06061910770657105
4300 0.0
4310 0.06602786574976063
4320 0.10951835695285302
4330 0.024545536499431447
4340 0.04057418096945233
4350 0.0296194917611426
4360 0.0010735413220516177
4370 0.020300187076244043
4380 0.0053307644280991
4390 0.0601699503778292
4400 0.013121869938304744
4410 0.036377144799306864
4420 0.038510418692644266
4430 0.09487324712174251
4440 0.04411004429503692
4450 0.08240058007017524
4460 0.050915258303324294
4470 0.08072503098666661
4480 0.04121664312034053
4490 0.06485794548341406
4500 0.0
4510 0.09812011162937846
4520 0.04822051792890123
4530 0.06531927743527478
4540 0.030432104946566958
4550 0.05731619186247291
4560 0.05461577073198095
4570 0.038936335688550414
4580 0.06691508646354614
4590 0.048875984569422604
4600 0.08680310807595723
4610 0.04881994154044787
4620 0.030880036337256472
4630 0.01808336764306035
4640 0.03822847305852941
4650 0.08931791889796603
4660 0.03757037492732212
4670 0.07997591677687306
4680 0.09387080533198812
4690 0.0
4700 0.049077821378428685
4710 0.05835162577089305
4720 0.06686107493786486
4730 0.08904891139420774
4740 0.0
4750 0.041135149799293814
4760 0.06146633972261438
4770 0.06899803644334601
4780 0.06659335102542288
4790 0.07402136759079712
4800 0.09399993154152171
4810 0.05614936007005306
4820 0.051257472990645994
4830 0.031410304832973725
4840 0.05130380982547507
4850 0.05643692765912573
4860 0.003847837785750611
4870 0.10288023321217928
4880 0.015765081498809768
4890 0.00045189509391372603
4900 0.030822130698719856
4910 0.03951540245915638
4920 0.1070126802389314
4930 0.07238401466201493
4940 0.07235459592598469
4950 0.0003695111140050754
4960 0.08710783818222592
4970 0.06308031239981438
4980 0.057122884481937704
4990 0.0
5000 0.07145287412067931
5010 0.09674816748987836
5020 0.03116551085301023
5030 0.0846422456891504
5040 0.04740833934335485
5050 0.04864791006840415
5060 0.04695277407734127
5070 0.058372711744976206
5080 0.06598664950129755
5090 0.06271210612750373
5100 0.044208112604660336
5110 0.0666465880639853
5120 0.08996740895104557
5130 0.04538377213379098
5140 0.019028337567937963
5150 0.09741456817924234
5160 0.07935212540862371
5170 0.06551903487825221
5180 0.06850752464765279
5190 0.0609029170470331
5200 0.03543432552321933
5210 0.014241107226609833
5220 0.04642810631505625
5230 0.09006282663029112
5240 0.05847138957119491
5250 0.04891341494977193
5260 0.03489750514537161
5270 0.09466623633447614
5280 0.10110408994219482
5290 0.09691135394289545
5300 0.06853114473590972
5310 0.08028557979923658
5320 0.0936795579748555
5330 0.05992625756209946
5340 0.11759464874086434
5350 0.07196232561905712
5360 0.035203266630589994
5370 0.08047932127357431
5380 0.03458271997310362
5390 0.09793978127692472
5400 0.06557937517469284
5410 0.055113448753703845
5420 0.04767478622880511
5430 0.11184197290182465
5440 0.03405549668126043
5450 0.04263698066520154
5460 0.0644739024810176
5470 0.10315868078292892
5480 0.05992625756209946
5490 0.07444870223475321
5500 0.08105054462140267
5510 0.06132806462784213
5520 0.08182979873029934
5530 0.05455653695480631
5540 0.08062626817499255
5550 0.08473955911705809
5560 0.028326050209285462
5570 0.07363642078293926
5580 0.06261679299449426
5590 0.07671302442654794
5600 0.0
5610 0.04937645772280465
5620 0.010974392748750119
5630 0.05876303584841992
5640 0.044070911796120917
5650 0.07804992107154696
5660 0.08397891242164493
5670 0.05265508250463296
5680 0.049659365297425415
5690 0.06780151020710397
5700 0.06163846570623084
5710 0.048777989660490975
5720 0.0
5730 0.02934954359709791
5740 0.055161999530038405
5750 0.09015893363981846
5760 0.06408805174627327
5770 0.07271102368489005
5780 0.04494866865437868
5790 0.06383809152197777
5800 0.05326251388104047
5810 0.07958021423068051
5820 0.0894087971247567
5830 0.08167066546363917
5840 0.06140928853246479
5850 0.08785969215932203
5860 0.08245610547821798
5870 0.04897435655444641
5880 0.08074982278932773
5890 0.046918052328807185
5900 0.06249614363646731
5910 0.0456183880033401
5920 0.08798225676029225
5930 0.10516490553951423
5940 0.06027747499425463
5950 0.037002693895416196
5960 0.04475567538222817
5970 0.07143893547450819
5980 0.08575110270385333
5990 0.0983958406496339
6000 0.03436572134180958
6010 0.0758378303619301
6020 0.045334633221396844
6030 0.026821783972229795
6040 0.08164430756487137
6050 0.057837973733326775
6060 0.08296548383864935
6070 0.053234560437985703
6080 0.055443211097274514
6090 0.06129566597552125
6100 0.07881808406613769
6110 0.059685391378413256
6120 0.08026153483054851
6130 0.11540030896429253
6140 0.11589867579346383
6150 0.07349432227758443
6160 0.03602474368893611
6170 0.07160694669211112
6180 0.09926386849841665
6190 0.05834460174001182
6200 0.06396729865144202
6210 0.052519180414280275
6220 0.06394878778797128
6230 0.05865587085987926
6240 0.09666739048482374
6250 0.06960243580543264
6260 0.05588428356783471
6270 0.0865049122482859
6280 0.11184197290182465
6290 0.04945286560155443
6300 0.05894285794771711
6310 0.07058263548243461
6320 0.0798117406148093
6330 0.11090429169340556
6340 0.1026086055488498
6350 0.08606922137469208
6360 0.10434886456887009
6370 0.03919461842242871
6380 0.06932853750647519
6390 0.032817789922194335
6400 0.03268795168031309
6410 0.05057275010169694
6420 0.049176977044702155
6430 0.08060167784498551
6440 0.08397891242164493
6450 0.0812031875680916
6460 0.04064722585054618
6470 0.08352308986201654
6480 0.0630891635074062
6490 0.055616119742082616
6500 0.07523297833512026
6510 0.11252266842117728
6520 0.06488706129082804
6530 0.04548642733412372
6540 0.06526966493056073
6550 0.08610501614972972
6560 0.0
6570 0.020689432797856615
6580 0.06986788365881828
6590 0.06013168387211861
6600 0.03781164501330745
6610 0.027016458017013367
6620 0.04697449818617926
6630 0.08082444319168754
6640 0.0887851642381325
6650 0.024271641290556444
6660 0.07068906681713298
6670 0.066038183960957
6680 0.06115050852873592
6690 0.04870822214381233
6700 0.026713982822712055
6710 0.059395547277444664
6720 0.0703062916684823
6730 0.045697041195801584
6740 0.02864955211561807
6750 0.10330058037241052
6760 0.1015836400991531
6770 0.11895347929594481
6780 0.04117055482307231
6790 0.06860219099716343
6800 0.0732136868732881
6810 0.06965269192642777
6820 0.07591049336423125
6830 0.07083647677966486
6840 0.07400514934128763
6850 0.06652966694328422
6860 0.07272603841617183
6870 0.026764259026028147
6880 0.05635987693497019
6890 0.06859033051137182
6900 0.05935131003262923
6910 0.03151185569081221
6920 0.0754438986001726
6930 0.060463116714848344
6940 0.047616826352871754
6950 0.06893749648263059
6960 0.08639471168269634
6970 0.07997591677687306
6980 0.042451520629435704
6990 0.016816366154821665
7000 0.07492161370458725
7010 0.0546454453197477
7020 0.09674816748987836
7030 0.028350850562390516
7040 0.07512853088521222
7050 0.0798117406148093
7060 0.06000970420177622
7070 0.06267739377025369
7080 0.07875260479908322
7090 0.05120609077046997
7100 0.07149475767914273
7110 0.09699377945659061
7120 0.09196522559195928
7130 0.022981062094927958
7140 0.07116249522871872
7150 0.08040637833048138
7160 0.06575139295634885
7170 0.050333809942167136
7180 0.07293765459267745
7190 0.054944336104305345
7200 0.054350417829457105
7210 0.03833189406504175
7220 0.049476790516390104
7230 0.05650134255622091
7240 0.04742601877147423
7250 0.08814740292356127
7260 0.05870581381384138
7270 0.08603351757855104
7280 0.07363642078293926
7290 0.08148712953644484
7300 0.05145890662014966
7310 0.09095397935371805
7320 0.03532453271275467
7330 0.1019571277239315
7340 0.0826239466751428
7350 0.027354880531825384
7360 0.06097448919360442
7370 0.0418186578945642
7380 0.0567543754692676
7390 0.0481795299988992
7400 0.05318432807215948
7410 0.05987332924311057
7420 0.052758891585972315
7430 0.02674749427576037
7440 0.0657107769670263
7450 0.08316844949612039
7460 0.06030058900080048
7470 0.09045150157060977
7480 0.08196372131600102
7490 0.0459092888733194
7500 0.05908055368538522
7510 0.05684592299497504
7520 0.06424710425779313
7530 0.051464093608275356
7540 0.081750019733297
7550 0.07272603841617183
7560 0.05644979561071699
7570 0.08710783818222592
7580 0.02466697747875587
7590 0.07821739073439536
7600 0.07921687570593984
7610 0.06780151020710397
7620 0.052432609252940764
7630 0.05650134255622091
7640 0.05002365067825941
7650 0.07316736644093629
7660 0.07091741047769763
7670 0.08460995428640307
7680 0.03085370533394437
7690 0.05527162164181736
7700 0.037872237990557334
7710 0.08470704774007856
7720 0.03584987732912986
7730 0.057558576698939386
7740 0.09288257735562525
7750 0.09011079329021629
7760 0.06690427155137686
7770 0.06104631335577225
7780 0.11759464874086434
7790 0.055827889437686205
7800 0.04139456161470186
7810 0.1015836400991531
7820 0.0952261063926794
7830 0.10315868078292892
7840 0.08603351757855104
7850 0.028229461748957983
7860 0.05415775793402987
7870 0.05689840797833642
7880 0.08973181100495428
7890 0.07031935268849522
7900 0.0497608329368252
7910 0.09001503229883996
7920 0.05039829560376572
7930 0.0791496926623543
7940 0.095370109536661
7950 0.08082444319168754
7960 0.09147643622665026
7970 0.09732922626868803
7980 0.07439882809261118
7990 0.0330453818882454
8000 0.054438527625052566
8010 0.053023195341164835
8020 0.03808037539033309
8030 0.06629800213305279
8040 0.10434886456887009
8050 0.08077465532542112
8060 0.0661105707122924
8070 0.09006282663029112
8080 0.08265210700924784
8090 0.06888921115161782
8100 0.07480210613913721
8110 0.03441190567561717
8120 0.057083103025324766
8130 0.08340391518459929
8140 0.08256778701698152
8150 0.05036851215283052
8160 0.022746105040977082
8170 0.06412535842268274
8180 0.063419488407496
8190 0.07802911252140625
8200 0.09075068457999425
8210 0.04856001556039634
8220 0.08016573297974543
8230 0.04561425461073312
8240 0.08592694703188904
8250 0.06015463527988668
8260 0.07574745751613658
8270 0.056721772230166265
8280 0.06422832416276156
8290 0.03528011896316792
8300 0.09030441068882675
8310 0.06876906259084
8320 0.043513283567167396
8330 0.062410411614210196
8340 0.08376441077014758
8350 0.06997006272403324
8360 0.07519808834051753
8370 0.08480480441703943
8380 0.09374298625856256
8390 0.07080958217855947
8400 0.06782422901238815
8410 0.016135174235041457
8420 0.08011805703580932
8430 0.04052211181659652
8440 0.06115050852873592
8450 0.09380673420294486
8460 0.11217618726446828
8470 0.10466790469438558
8480 0.1019571277239315
8490 0.08761780046564778
8500 0.0894087971247567
8510 0.044196326456280514
8520 0.0
8530 0.04456798580179518
8540 0.07528545340949709
8550 0.09674816748987836
8560 0.10403894594062786
8570 0.06740843055901258
8580 0.08182979873029934
8590 0.05816974723927545
8600 0.08172352136478807
8610 0.045539959872957954
8620 0.07421723138700334
8630 0.07849340953624095
8640 0.041287685160281064
8650 0.07790483674094749
8660 0.0603700868259815
8670 0.04874540785560292
8680 0.059895996299721074
8690 0.06340149011828775
8700 0.054722780332639734
8710 0.04709211602979452
8720 0.08265210700924784
8730 0.11004949609682038
8740 0.08435420698740945
8750 0.06302728911274984
8760 0.08533779924805858
8770 0.06470340463526128
8780 0.09724448545031601
8790 0.07811251277551601
8800 0.11699086560812284
8810 0.08657886534700363
8820 0.09699377945659061
8830 0.11252266842117728
8840 0.07830180172581425
8850 0.08251184054299522
8860 0.08699277874554254
8870 0.10183125226089042
8880 0.09793978127692472
8890 0.09611648178037414
8900 0.06691508646354614
8910 0.07680900041331162
8920 0.055591336810248596
8930 0.07921687570593984
8940 0.07553259390632897
8950 0.09121260255717481
8960 0.06841335183701816
8970 0.09050089728877082
8980 0.0733846282977674
8990 0.09998649201684055
9000 0.08741942442751534
9010 0.028130615158734367
9020 0.07542621735589342
9030 0.06910752636320168
9040 0.07807075724283628
9050 0.07326013514821088
9060 0.12156735598768889
9070 0.10247523797785367
9080 0.11824578504400006
9090 0.06927918705182097
9100 0.08451351425395015
9110 0.06654026584398533
9120 0.07686686393393874
9130 0.07942019782854551
9140 0.07717906691208638
9150 0.06583288834368572
9160 0.08148712953644484
9170 0.03766857608947987
9180 0.08018962700174641
9190 0.0757294432313453
9200 0.08209886170641431
9210 0.05074340840795966
9220 0.11642738526839679
9230 0.10742487750537408
9240 0.07352579568367401
9250 0.06558945062984416
9260 0.07888384062098579
9270 0.07656065019176102
9280 0.0
9290 0.0560922914496455
9300 0.11032620096928857
9310 0.0945979887927284
9320 0.047153308777298494
9330 0.042518151579949794
9340 0.07381175267019323
9350 0.040397502771423545
9360 0.06768833801189501
9370 0.06976629135336984
9380 0.06930384521845698
9390 0.09336709216300945
9400 0.04554820491698374
9410 0.06343750325313165
9420 0.08087439578116082
9430 0.07226664307777483
9440 0.08869837912427585
9450 0.04440527583985719
9460 0.08810592893454285
9470 0.06976629135336984
9480 0.10681256778929929
9490 0.06351877589595775
9500 0.06040879821952088
9510 0.09802960522027711
9520 0.06279915410165417
9530 0.012973794050315011
9540 0.055363381982878386
9550 0.05668921729697218
9560 0.029119153735243156
9570 0.08308111934413061
9580 0.04017034591063689
9590 0.08769795858179953
9600 0.06406942531933696
9610 0.024625700733104026
9620 0.01800760107661186
9630 0.06360038778127002
9640 0.047594568135351296
9650 0.07360473892997217
9660 0.06816845396430117
9670 0.030743301425641193
9680 0.020118116279270872
9690 0.06768833801189501
9700 0.0
9710 0.07451543608032392
9720 0.05343093916184348
9730 0.06870928796373431
9740 0.021014665150470433
9750 0.0710804156550775
9760 0.07075591705419518
9770 0.0
9780 0.04071695394323009
9790 0.05694443573228382
9800 0.06626663294275321
9810 0.07315195456984432
9820 0.0478090311418371
9830 0.04619066329500573
9840 0.03940476730312755
9850 0.026294723263588088
9860 0.05442087855945742
9870 0.04676667403447123
9880 0.03821556840026119
9890 0.0053797482500422605
9900 0.05246503653087663
9910 0.051057691247936667
9920 0.07002137470537269
9930 0.0855429418599077
9940 0.02815036685877834
9950 0.0777610784264772
9960 0.036708519854163214
9970 0.033366891337563244
9980 0.021165044330050575
9990 0.07196232561905712
