0 2.4135093971993697
10 2.4071941591253863
20 0.9483871313659054
30 2.0519122474431186
40 1.6797690696362144
50 1.92492156499236
60 2.704974470561798
70 2.7315755552657235
80 0.503919746977801
90 1.690697254379053
100 1.3394472689959334
110 1.4602363992512017
120 1.1068020717281577
130 2.2968013238435026
140 1.4809983267171152
150 1.1944739733908543
160 1.2758319750243592
170 0.9782447602327892
180 1.985080268313082
190 1.6087196638596164
200 1.8401242496737296
210 1.2484987120402322
220 1.3829020791712319
230 1.2959969935697808
240 1.4986515020955404
250 0.46149449533747255
260 1.7987527601391131
270 1.822758783435436
280 1.8977953668474616
290 0.44381872435884734
300 0.0
310 1.0194298172068066
320 0.0
330 2.213040866190619
340 0.0
350 1.7339401460219872
360 2.3410768713554053
370 1.7347490498963767
380 2.4224215703454535
390 2.166693133518504
400 1.6882391656868747
410 2.4983955935966704
420 0.3580163319101029
430 2.2724500874910745
440 3.168655445254725
450 0.9986227866389008
460 0.49975078309302967
470 1.6012047532871527
480 1.8951442372925404
490 1.3181040076748451
500 2.7744554009610356
510 1.5498137886689973
520 1.2272938578663881
530 0.48090033459275305
540 1.3108028696521625
550 0.31613240151751826
560 0.8399399365531782
570 1.5884284766371364
580 1.816690332752937
590 2.168611245551534
600 2.1419541633674353
610 0.596513838742971
620 1.6313517242779831
630 1.1474833750770062
640 1.9733253944272824
650 1.404428324499144
660 1.5017190032938652
670 1.353178756750905
680 2.4509622679843446
690 2.1281843510781404
700 2.1479478012395
710 1.7217166868492464
720 0.025027855203671755
730 1.549474145158393
740 0.0
750 2.184543425934616
760 0.20964395773590677
770 1.8621470837968883
780 1.3942563074607641
790 1.9738702141361122
800 0.618976343044902
810 1.0857690039370043
820 2.4624289166988302
830 0.36120829255335823
840 1.9312244268961374
850 2.2560609142321013
860 2.989593384529331
870 1.0827127412157518
880 2.106354186093002
890 0.8177169963886016
900 0.41913101927494606
910 1.6307706639625057
920 1.7330170953880932
930 0.7188538560723344
940 0.9958759691776262
950 0.3080314445857088
960 0.3630339621563943
970 1.582764074657439
980 2.175529333660023
990 0.48701299023615086
1000 0.8601379844918322
1010 1.7792530010278547
1020 1.5856347747939665
1030 2.1432504239491528
1040 2.044082600193522
1050 0.27301104615222666
1060 2.66467875702871
1070 1.9762380412946396
1080 0.9471979583861565
1090 1.0842623983923105
1100 2.6293381729941165
1110 2.290944657925661
1120 1.389960436373778
1130 1.3178008957073253
1140 1.6875996276358014
1150 1.4928701332141892
1160 1.4025864847461031
1170 1.7842845594796481
1180 2.356523925365099
1190 1.8985777058404523
1200 0.17452793537990816
1210 2.4305143981858026
1220 2.0143762161949486
1230 1.6850484668253451
1240 1.688452501114308
1250 1.1731977179590196
1260 0.0
1270 0.0
1280 2.1155487701125644
1290 0.43461913837154237
1300 1.1160170248201884
1310 0.9556307826940623
1320 0.5652559105182526
1330 1.4010892857799688
1340 1.5266281222059541
1350 2.2927661717450576
1360 1.965402595136301
1370 1.1803485467230432
1380 0.9488235020448649
1390 2.767990823700136
1400 2.051272601588417
1410 1.079485155820176
1420 2.150314839808656
1430 2.3906690117897207
1440 0.05019647519762409
1450 2.379265982165125
1460 1.4460888999618189
1470 0.8063383299996351
1480 2.098043944929687
1490 1.1086280627848728
1500 0.0
1510 1.3550887596412255
1520 1.3580272011389258
1530 0.0
1540 1.6743285176149147
1550 1.535868446737541
1560 2.032880669774714
1570 0.645761750980498
1580 1.1507724036857483
1590 2.0463969501124324
1600 0.9415481154597042
1610 2.872303296866537
1620 1.4074402341329941
1630 2.1386010531809343
1640 0.35865978680903593
1650 1.912223259898496
1660 0.6229191310754634
1670 0.7599179878331213
1680 1.0700496985468135
1690 1.4412455879036996
1700 2.106114673667323
1710 1.9269035134224377
1720 2.4531207128702337
1730 0.4233647319425835
1740 0.7858505606210544
1750 0.47199054980440963
1760 1.945098485881769
1770 1.9738702141361122
1780 2.1752505506222652
1790 0.0
1800 0.6524535218438835
1810 1.7898729120005634
1820 2.2801768429428804
1830 2.1658735837724836
1840 2.4179406141169326
1850 0.10608425406347176
1860 1.01040402067467
1870 2.8619544824354026
1880 0.6522663731541603
1890 3.1781697563557056
1900 1.582853583715278
1910 0.8818161710842342
1920 0.9023641189002701
1930 1.171482474839001
1940 1.4931035296921522
1950 2.3712495956506854
1960 1.6491497096824435
1970 0.4384107589833531
1980 1.4657402796566497
1990 1.781134459482345
2000 1.4155128144344868
2010 1.7571599402092901
2020 1.5454125018403018
2030 1.7184484382144372
2040 0.8341662106488639
2050 1.7689563966833872
2060 2.9234795841905687
2070 0.0
2080 1.7441943289671094
2090 0.411507669129337
2100 1.3060739650070419
2110 0.6649830665134501
2120 1.4928701332141892
2130 0.0
2140 2.9771449575281417
2150 2.1548199269970243
2160 1.8881913620693322
2170 2.91737192014637
2180 1.3894921509356255
2190 1.775882442599961
2200 1.1323783660338105
2210 1.304166857213622
2220 2.756654810781516
2230 1.8183019262149929
2240 2.813136737689925
2250 1.3589238727535184
2260 1.7517708171786432
2270 1.8897284095661018
2280 0.3277538043174954
2290 1.1601190755727662
2300 1.9976940037988435
2310 1.3564926199031428
2320 0.6609307928370847
2330 1.329529700953916
2340 2.536729087904625
2350 1.744782582085819
2360 1.6916619485207856
2370 1.6201205258063063
2380 0.8158483527116763
2390 2.0092722779530843
2400 1.3011965893283977
2410 1.9938946841101752
2420 1.8580741947776827
2430 0.3109580287854854
2440 1.8959225713397647
2450 0.9619606732688342
2460 1.0943078926041931
2470 2.228483180524378
2480 0.8617120398548905
2490 1.3121250811016283
2500 0.6039365978593593
2510 1.463950305739606
2520 1.4781012724386464
2530 1.114128635570434
2540 1.9627302073682946
2550 1.112244262348864
2560 0.5339689731287242
2570 1.1276724752773584
2580 1.7066585154299045
2590 1.9652239895577799
2600 2.2997603779368574
2610 0.4538098203165145
2620 2.593990769696074
2630 1.3051794091896673
2640 1.3764380024640328
2650 0.46132653441404914
2660 1.4832944148997342
2670 1.2727979793907598
2680 1.3028585040594636
2690 0.9491012878095193
2700 1.3911660202038565
2710 0.7588403357275011
2720 0.24811255139948962
2730 0.1345696043991889
2740 0.91090651078576
2750 1.3720520238271634
2760 0.2651178951148595
2770 0.7848882219461804
2780 0.8710175527337745
2790 2.1334900791916356
2800 1.4574274345385512
2810 0.0886662500403636
2820 0.8777591801300406
2830 2.672379664681895
2840 1.5745837504600497
2850 1.1826947136930528
2860 1.392172241758492
2870 1.5628569802871135
2880 2.166146601144539
2890 1.9483683793290063
2900 1.8677254339043405
2910 1.75691931895223
2920 0.6690149153067423
2930 0.41186360913745634
2940 1.8935910723213734
2950 2.2577392279586284
2960 1.8520231384522983
2970 0.14934933088719504
2980 2.5347178589283423
2990 1.0436583078491968
3000 1.5807981248918757
3010 1.1878693546150272
3020 1.8503068920114072
3030 0.0
3040 1.6776705732556172
3050 2.18711179326597
3060 0.0
3070 1.9815612787875099
3080 1.9861967635655535
3090 1.8366336457613042
3100 0.5828420112482466
3110 0.9428097674971085
3120 2.1713656910602372
3130 0.33301016161612257
3140 2.261794100670603
3150 1.171129769729871
3160 0.0
3170 2.77056193141983
3180 1.8871181290530787
3190 1.6721455813648607
3200 2.308764286913754
3210 1.722734784063881
3220 2.4742419084867824
3230 2.214256434547714
3240 0.0
3250 0.9110596653983417
3260 1.1317045411134041
3270 2.1730265101083317
3280 0.6767948214732642
3290 1.7736467603763502
3300 0.9935098287951786
3310 2.3468538574444473
3320 1.9963608904455394
3330 0.014094676490577926
3340 1.8436378467648544
3350 1.944926973204763
3360 1.8962342331896587
3370 1.3878889416278026
3380 2.0871128423706415
3390 1.9018765385778102
3400 2.5595911844485406
3410 0.8497593553359342
3420 1.6971590170088025
3430 1.409226101749538
3440 1.294467526780827
3450 1.1785678193918088
3460 0.5364683273486436
3470 1.7729035341140096
3480 2.1279332241188342
3490 0.0
3500 2.3527128832789543
3510 1.6626764276908221
3520 0.0
3530 1.2331398926270156
3540 2.7974060903231526
3550 0.32401630891659733
3560 2.789126586820087
3570 2.092662680824764
3580 0.31254110525169504
3590 1.6680098717123473
3600 1.447250614573607
3610 1.5560444182173225
3620 2.2689836185336905
3630 2.374348355160628
3640 0.7211425790392451
3650 2.416951643386733
3660 2.7731526162169433
3670 1.861709195158418
3680 2.332559827213216
3690 1.3147765016031037
3700 1.4910834952560565
3710 0.34333809766342077
3720 1.7054487639398224
3730 0.0
3740 2.1322212199869033
3750 1.2914762997999292
3760 1.6966177802534774
3770 1.8662517013161144
3780 0.0
3790 2.5955613957060226
3800 1.1911650839432455
3810 0.9980811435060986
3820 1.6911258098040511
3830 2.989593384529331
3840 1.633973445787829
3850 0.4618024581912001
3860 1.2944087623990381
3870 2.330557469433519
3880 1.2548382326904903
3890 2.242214996614457
3900 1.8102915441307734
3910 2.6182864251848046
3920 2.890320771123504
3930 2.08826363649566
3940 2.4346235050240366
3950 0.5503351114703253
3960 2.238339029458736
3970 0.9637706466190248
3980 2.9382064402173684
3990 1.8362163020617537
4000 0.09642604144469605
4010 2.136038414507217
4020 2.140661583360644
4030 0.7708121897605985
4040 1.5784826994165533
4050 1.7503424240928387
4060 1.2238495020368192
4070 2.9947173812423826
4080 1.717101503062409
4090 1.688559198130676
4100 1.5442327174074157
4110 1.4961452225474665
4120 1.3638109595526144
4130 2.2049224312355364
4140 0.30874306582923816
4150 3.478051614753256
4160 1.8548959630281945
4170 1.9403180520991055
4180 1.2900142799139485
4190 2.0203328239317546
4200 2.1963657926471876
4210 1.5720272170028478
4220 1.8269793882939807
4230 1.3829020791712319
4240 1.9591891403896424
4250 2.1899830202646653
4260 1.7518900142071676
4270 1.4034044842294962
4280 1.2749720900871981
4290 1.7137479554918493
4300 0.0
4310 1.8476008067745011
4320 3.0673634685477547
4330 0.6835648208030998
4340 1.1510675591857593
4350 0.8427473723361834
4360 0.03859971242002716
4370 0.5840667167726076
4380 0.14940009071123922
4390 1.6924133742595844
4400 0.366097430189737
4410 1.0272521090608926
4420 1.0953232225231702
4430 2.7269984047053337
4440 1.2374433517036056
4450 2.308764286913754
4460 1.44406064945229
4470 2.2734955334680653
4480 1.1710290239464438
4490 1.8257506360929714
4500 0.0
4510 2.738556789907823
4520 1.3799926080281388
4530 1.8321986780002155
4540 0.8597356660282534
4550 1.5996391574289175
4560 1.5534764730055857
4570 1.0900283847920769
4580 1.8817849336651362
4590 1.3744053368887184
4600 2.4356574728173084
4610 1.389224697907923
4620 0.88398094321786
4630 0.5098172155596375
4640 1.095646522009119
4650 2.553216914023017
4660 1.0524758015740745
4670 2.2724500874910745
4680 2.653430076290435
4690 0.0
4700 1.3682766986574917
4710 1.6400372645959096
4720 1.8881913620693322
4730 2.5483329389616944
4740 0.0
4750 1.1769937595086017
4760 1.7374150389321792
4770 1.950271238762144
4780 1.892971108504614
4790 2.0613939182264565
4800 2.659948755374181
4810 1.5641588548108347
4820 1.4462340060481707
4830 0.8787999436174961
4840 1.453089123973575
4850 1.5681681460130092
4860 0.10681597835610135
4870 2.9795947483164347
4880 0.43904793811323395
4890 0.025378979621154804
4900 0.8812942670930142
4910 1.1100821670752876
4920 2.9795947483164347
4930 2.040944607403329
4940 2.047664064137549
4950 0.029567724756850208
4960 2.488789505360674
4970 1.7558378021495176
4980 1.6196451649447754
4990 0.0
5000 2.0090770379503082
5010 2.7770760615283265
5020 0.8722369527033008
5030 2.3995555680588483
5040 1.3252933765791493
5050 1.3809831419358203
5060 1.3338522781116962
5070 1.6476544788779623
5080 1.825887025505746
5090 1.7815115223123676
5100 1.2475023730040453
5110 1.8833031366596626
5120 2.5107507333216397
5130 1.2769225368204147
5140 0.5456230643393829
5150 2.75789595785273
5160 2.218845018409752
5170 1.8456156350755222
5180 1.9464726944128425
5190 1.7234145258316822
5200 1.0005000013223335
5210 0.4098381994690498
5220 1.327316432557599
5230 2.5476403791970625
5240 1.6618601513711595
5250 1.3766350182327023
5260 0.9875571604127921
5270 2.663727733262659
5280 2.8311882180822074
5290 2.7654389770300076
5300 1.9365934965938896
5310 2.290944657925661
5320 2.6685084068113922
5330 1.691340205981284
5340 3.387309894428797
5350 2.0290005590181264
5360 0.9925152432425943
5370 2.252723776469848
5380 0.9757569242853377
5390 2.786411334124226
5400 1.8857415065012075
5410 1.5481173822863594
5420 1.3226044908713566
5430 3.2496088627997746
5440 0.9619606732688342
5450 1.1896185808392126
5460 1.805278842978361
5470 2.890320771123504
5480 1.6838829014070333
5490 2.071958597258066
5500 2.2848094163639456
5510 1.7205875923380674
5520 2.30914366529373
5530 1.5496439442300223
5540 2.2862450418723697
5550 2.3892835777881065
5560 0.796173427737594
5570 2.0786837078218365
5580 1.759813632281632
5590 2.150051224658108
5600 0.0
5610 1.3768320881897955
5620 0.3067667358097215
5630 1.660637842893649
5640 1.2319455721245984
5650 2.203732313092586
5660 2.3633877162729586
5670 1.4939600236279595
5680 1.376044133344108
5690 1.9021918162412328
5700 1.741379226326164
5710 1.3824384147712385
5720 0.002662818341038687
5730 0.8496868509850898
5740 1.5660731533237868
5750 2.54972189585004
5760 1.8234372911724206
5770 2.071069127094687
5780 1.248166459523868
5790 1.814548988586139
5800 1.4917820391178864
5810 2.2441660489667785
5820 2.5560365487112247
5830 2.323820647068358
5840 1.7459609345011193
5850 2.5183598151109057
5860 2.3435428384564707
5870 1.3790693466279556
5880 2.314107051042318
5890 1.3082850770844279
5900 1.753561438046641
5910 1.272226857248795
5920 2.4674478949189624
5930 2.9795947483164347
5940 1.7007439211416626
5950 1.0326751730455181
5960 1.2554526486514894
5970 2.0106411548199787
5980 2.418436019682688
5990 2.7731526162169433
6000 0.9656644846749922
6010 2.144029956700468
6020 1.282282890334943
6030 0.7686734436369355
6040 2.299389359578303
6050 1.6300934664847524
6060 2.312573589674608
6070 1.5076586774572367
6080 1.5670324915579594
6090 1.7433718047776574
6100 2.242214996614457
6110 1.686641634258447
6120 2.262133740113327
6130 3.329864470703549
6140 3.2255680482172626
6150 2.089186315182985
6160 1.028282711981885
6170 2.037619918676755
6180 2.8102210707880166
6190 1.6480528410976434
6200 1.7888526115811831
6210 1.4648446975656795
6220 1.8008326186831496
6230 1.6510490635069737
6240 2.738556789907823
6250 1.9810079342732387
6260 1.5558728976007863
6270 2.4450868874654557
6280 3.2433941217026305
6290 1.3972249207917482
6300 1.6818751124185134
6310 2.0073233905613304
6320 2.2431894247146933
6330 3.154963544240998
6340 2.8793903095676936
6350 2.4224215703454535
6360 2.9675353153265775
6370 1.1152611856649957
6380 1.9716945148708898
6390 0.9410753872605191
6400 0.9274966017688479
6410 1.4272704377215992
6420 1.3887568974031776
6430 2.2560609142321013
6440 2.316031804801387
6450 2.2968013238435026
6460 1.1401650997203527
6470 2.326977344370349
6480 1.8008326186831496
6490 1.5593983991778322
6500 2.1123826282897356
6510 3.231380186091851
6520 1.8287592282591592
6530 1.2864004766946135
6540 1.8293080603813023
6550 2.4154727634962923
6560 0.0
6570 0.5906536083777454
6580 1.971513636288634
6590 1.693165772792285
6600 1.0755456920232667
6610 0.7478120308513457
6620 1.3425740495037655
6630 2.2734955334680653
6640 2.516443283132193
6650 0.697233464232577
6660 2.000179454145784
6670 1.8665461174019766
6680 1.7252311409196925
6690 1.371986763920126
6700 0.7550755684869389
6710 1.660637842893649
6720 1.9648669703337724
6730 1.2883801281705205
6740 0.801976633763506
6750 2.9723028658502195
6760 2.872303296866537
6770 3.512264172347435
6780 1.1617117711893865
6790 1.9123840796345057
6800 2.0622653533088817
6810 1.953051969088473
6820 2.1601781278567307
6830 1.9860105053201733
6840 2.0757576875335255
6850 1.8985777058404523
6860 2.048510679115481
6870 0.7512546879656532
6880 1.5768847322203194
6890 1.9342375246373618
6900 1.684412415500586
6910 0.8854763386224317
6920 2.1148161919021677
6930 1.7063283313234872
6940 1.3582192518717464
6950 1.9468168335192684
6960 2.440868228789761
6970 2.2587493668051217
6980 1.1945257799654168
6990 0.47320069838573614
7000 2.120709681265849
7010 1.5235228704775645
7020 2.70711540511375
7030 0.7997146556789512
7040 2.1097204311975757
7050 2.256396053981068
7060 1.686854385693866
7070 1.7565585810261566
7080 2.1981226077477207
7090 1.4426155797315379
7100 2.0341124962686616
7110 2.8190456655357656
7120 2.578641355519086
7130 0.6503961600355065
7140 1.9843373401842574
7150 2.257067117074166
7160 1.8561938398441835
7170 1.40867611871155
7180 2.067527917120118
7190 1.5563875989366718
7200 1.5245018650588085
7210 1.0711282885173783
7220 1.379333013972171
7230 1.582048465320034
7240 1.3158034271885912
7250 2.4547473649901046
7260 1.6517503536028972
7270 2.448280766580627
7280 2.083905590660207
7290 2.318741417683686
7300 1.4523565609072722
7310 2.5595911844485406
7320 0.9927637963630801
7330 2.8653676679442817
7340 2.3398493791717208
7350 0.7831029740334693
7360 1.7164292218405133
7370 1.1751189017165569
7380 1.5944186554618112
7390 1.3554713620903605
7400 1.4984945796390825
7410 1.6814532970789122
7420 1.496301585793511
7430 0.7499835320626679
7440 1.839564216913722
7450 2.3386255162295617
7460 1.6899480411112906
7470 2.5778903382782854
7480 2.312573589674608
7490 1.30262086438167
7500 1.6744326694338467
7510 1.6213582075919304
7520 1.8293080603813023
7530 1.4337235917430218
7540 2.3118089573292684
7550 2.0648893192451014
7560 1.6054611777850085
7570 2.4823212163338924
7580 0.6959795786036693
7590 2.195198439549237
7600 2.2376963861534778
7610 1.923768981864535
7620 1.4952078215768978
7630 1.6044406493345278
7640 1.4141955183450072
7650 2.064450980402311
7660 1.997312744039669
7670 2.4081592800642837
7680 0.8836821044847671
7690 1.5627702842204043
7700 1.0694211029887963
7710 2.4305143981858026
7720 1.0112901798295602
7730 1.6127468481421228
7740 2.663727733262659
7750 2.562459400345417
7760 1.8778581687820206
7770 1.712634449656572
7780 3.338568124031901
7790 1.571587488304701
7800 1.1660070039245816
7810 2.8940482016228173
7820 2.6913678245264645
7830 2.890320771123504
7840 2.418436019682688
7850 0.796832300121254
7860 1.5369496415010264
7870 1.6132168530255115
7880 2.5546240819739516
7890 1.9821152437848808
7900 1.4108097156046353
7910 2.5374018812127854
7920 1.4417500024520584
7930 2.220385275306109
7940 2.636310422736253
7950 2.2902182403965243
7960 2.536729087904625
7970 2.7918638695732
7980 2.1140847749317433
7990 0.9336578192494853
8000 1.5473554726908625
8010 1.487678972234896
8020 1.0707686183198408
8030 1.877557329921446
8040 2.9193947824627835
8050 2.303114317744751
8060 1.874259479431161
8070 2.575646359040534
8080 2.3019933694786507
8090 1.9488866268815124
8100 2.1189829442749555
8110 0.9657854870983544
8120 1.6095603706080728
8130 2.3801665205241185
8140 2.3531345922831086
8150 1.4232588586789565
8160 0.6326501262297656
8170 1.8178985768840787
8180 1.7855496615239854
8190 2.186825686731191
8200 2.575646359040534
8210 1.3764380024640328
8220 2.270020612471655
8230 1.2816469226827196
8240 2.3911318800804136
8250 1.7029274529483487
8260 2.154287583993045
8270 1.6152891871641986
8280 1.8040983639712553
8290 0.9950866286296307
8300 2.5248187805615308
8310 1.9459569265518657
8320 1.2179636474907283
8330 1.7595718660681605
8340 2.37036854370964
8350 1.9856381998526453
8360 2.1153044480955723
8370 2.3929886734558017
8380 2.656209284574721
8390 1.9847086643626344
8400 1.8852834409826644
8410 0.45914424769355994
8420 2.284451266904589
8430 1.1535804935029397
8440 1.721942773833916
8450 2.6398476015327734
8460 3.154963544240998
8470 2.9675353153265775
8480 2.9723028658502195
8490 2.490572522541092
8500 2.5307271718247795
8510 1.236515330908294
8520 0.0
8530 1.2403435471780981
8540 2.10923803767839
8550 2.7114369614272795
8560 3.0217127955362084
8570 1.92442728136142
8580 2.3250016084935914
8590 1.6226939234112452
8600 2.3106646160101545
8610 1.293058429966374
8620 2.0780068543306127
8630 2.2094141886325396
8640 1.1626588483710465
8650 2.177205687583432
8660 1.7053389123035474
8670 1.3801906049879706
8680 1.6700740973518253
8690 1.7840318875961714
8700 1.5597434056642978
8710 1.3117642474478037
8720 2.37971600186009
8730 3.121391696148528
8740 2.3752380606580448
8750 1.7897452706885577
8760 2.457473524651413
8770 1.8105566568690192
8780 2.749300863311983
8790 2.238339029458736
8800 3.4627195629512606
8810 2.4646516180482627
8820 2.7770760615283265
8830 3.2691730894827034
8840 2.213040866190619
8850 2.3518707596218746
8860 2.4965761219129816
8870 2.882992842228627
8880 2.7974060903231526
8890 2.654354087527157
8900 1.8669880509784673
8910 2.173859232249274
8920 1.5775056779407204
8930 2.2228610071382096
8940 2.1244318079904447
8950 2.585469867679924
8960 1.9362562570883524
8970 2.5261238357242215
8980 2.0255551642519523
8990 2.8519238601653187
9000 2.4596681833790797
9010 0.79749152342628
9020 2.1254294892839134
9030 1.986569491381443
9040 2.2031384545985575
9050 2.081855318740173
9060 3.4627195629512606
9070 2.886635996722261
9080 3.376762391752963
9090 1.9432150499299972
9100 2.3953217365622623
9110 1.8880379072577342
9120 2.145593042895928
9130 2.2216213913999243
9140 2.1873980837670888
9150 1.847032857759955
9160 2.3199080768776126
9170 1.0674930875849449
9180 2.295697002543168
9190 2.110444966018375
9200 2.3210780027432296
9210 1.4468147394875754
9220 3.2903044189882733
9230 3.01335959636663
9240 2.094293888883087
9250 1.8646353528551427
9260 2.2409191565976103
9270 2.16071746188204
9280 0.0
9290 1.561557789470171
9300 3.105974906680336
9310 2.725863492852426
9320 1.3262735651190398
9330 1.2020723972331884
9340 2.0773309740918866
9350 1.1462593417918936
9360 1.927400209347874
9370 1.9709713954370849
9380 1.9639755394563752
9390 2.6310686930356866
9400 1.2911251599236417
9410 1.7994018648671322
9420 2.2891309436774825
9430 2.0523391556937796
9440 2.490572522541092
9450 1.2566269600064663
9460 2.5139027857528253
9470 1.9668337498101724
9480 3.036169676044922
9490 1.7987527601391131
9500 1.7056685300131522
9510 2.785061850410056
9520 1.7714200646674412
9530 0.3655597258960832
9540 1.5523669192659901
9550 1.6321273428864609
9560 0.8189172744335614
9570 2.303114317744751
9580 1.1125737388034478
9590 2.4840746042088844
9600 1.7984933341682634
9610 0.6897907084135756
9620 0.5170274782237619
9630 1.794874243332373
9640 1.3438912735277744
9650 2.0681898743236466
9660 1.9180448267348398
9670 0.8657853395525014
9680 0.5707618849440108
9690 1.9260767632361298
9700 0.0
9710 2.0917331163327524
9720 1.5183264248306072
9730 1.9532262774790197
9740 0.607175755607426
9750 2.000179454145784
9760 1.9992220177065896
9770 0.0
9780 1.1511167616458426
9790 1.6206914501809826
9800 1.8694993885831666
9810 2.0800403471429503
9820 1.351400591191044
9830 1.2941737501597106
9840 1.1149779123180759
9850 0.7423489880016335
9860 1.53911751868427
9870 1.3205941691549814
9880 1.085906091899954
9890 0.1483088438705031
9900 1.488064969182794
9910 1.453015832069536
9920 1.9722375462723876
9930 2.41744582257171
9940 0.7882596428856602
9950 2.1925830730791254
9960 1.0382594166446986
9970 0.9594721492215839
9980 0.6085399524845134
9990 2.0049949647591454
