
x disttype L1-general-gaussian
x k 1530
x std 0.75
x N 50000
x alpha 0.0005

o 0 0.4508609737704205 0.46639297188851303
o 10 0.9796691164007848 0.9838476999577972
o 20 0.5511916309876447 0.566668505249631
o 30 0.9960516027518843 0.9977785547768216
o 40 0.10769561660172979 0.11755509349334514
o 50 0.9997041638433971 0.9999976422569008
o 60 0.9289016369821075 0.9367122133630618
o 70 0.2996840294148717 0.31406107787741977
o 80 0.995937648394377 0.9976925834541458
o 90 0.7816400373609484 0.7943828433657163
o 100 0.4404579085651796 0.45595954884724355
o 110 0.15459701541207754 0.16603755675940401
o 120 0.9988389036516672 0.9996678953600677
o 130 0.057241330809223175 0.06470694348922568
o 140 0.20375819934998998 0.2164595544747232
o 150 0.9988130027235841 0.999653867701341
o 160 0.13215128709486812 0.14289099377755654
o 170 0.5480465152041439 0.5635346792906843
o 180 0.9967638850029287 0.998305760365681
o 190 0.28464988959515747 0.29882032287083893
o 200 0.0005202947705672456 0.0014921308975106573
o 210 0.03491829703402694 0.040877918742021624
o 220 0.9998341327646891 1
o 230 0.9997427320109885 0.9999995494141014
o 240 0.9998341327646891 1
o 250 0.001115136713625694 0.002415967460000501
o 260 0.12198774018216331 0.1323780394025471
o 270 0.6582990427464055 0.6730051149521463
o 280 0.9998341327646891 1
o 290 0.9997041638433971 0.9999976422569008
o 300 0.7472030734864704 0.7606313137729479
o 310 0.9998341327646891 1
o 320 0.0034424369708212694 0.005526492984021303
o 330 0.6811893886076842 0.695627095569946
o 340 0.01736149824765321 0.021681216891914712
o 350 0.9670461149781996 0.9723950090054956
o 360 0.26371337329469186 0.2775639550086766
o 370 0.036381359887994555 0.042454328530028396
o 380 0.8628216812664271 0.8733741364901483
o 390 0.9989698028369101 0.9997365968529978
o 400 0.999784848241918 0.9999999949993749
o 410 0.07960553996380335 0.08825490882600251
o 420 0.02214435562699383 0.026976543922299756
o 430 0.11727341138373985 0.12749399309033316
o 440 0.7554382239027939 0.7687134103753455
o 450 0.22736559825993433 0.24056410356920666
o 460 0.9992130705901301 0.9998523473218889
o 470 0.0033188983766661998 0.005370113215634742
o 480 0.003160469757935061 0.005168649263019853
o 490 0.9995037605889281 0.9999597116202779
o 500 0.023783204314743525 0.02877708350571151
o 510 0.9977031051647232 0.9989656589179493
o 520 0.9870679423889743 0.9903662277879981
o 530 0.4446307037357447 0.46014534492639936
o 540 0.0026708447494229667 0.004538629696152152
o 550 0.2049447444677674 0.2176726043217695
o 560 0.9971830790248064 0.9986062120708106
o 570 0.9459845747924361 0.9528235935776721
o 580 0.4287011921747834 0.4441602353907407
o 590 0.9896083485176592 0.9925448526680665
o 600 0.8204797324562707 0.8322901891356412
o 610 0.9990229026390082 0.9997633135035773
o 620 0.2398838328807106 0.25332160443399876
o 630 0.00931859905927629 0.012567366913198263
o 640 2.398330757498869e-05 0.00043314355389612036
o 650 0.9952132377921347 0.9971374316439408
o 660 0.999784848241918 0.9999999949993749
o 670 0.9864467020062236 0.9898276983002964
o 680 0.9974182533663415 0.9987708140525817
o 690 1.694642373683569e-05 0.00040050853982798174
o 700 0.9971128682824996 0.998556485750206
o 710 0.036901430362460595 0.04301407091510345
o 720 0.013179224471132726 0.016985134959005443
o 730 0.4628457014364948 0.4784042000178865
o 740 6.887077827747213e-05 0.0005869172185136717
o 750 0.9979190093140644 0.999109494009705
o 760 0.0001848488648285143 0.0008693561352292045
o 770 0.730197956221255 0.7439221183770421
o 780 0.8908450446086649 0.9003814524243834
o 790 0 0.00016586723531085122
o 800 0.999442873695936 0.9999411111022777
o 810 0.9232581183816402 0.931357607410298
o 820 0.008301789898253304 0.011384623909728164
o 830 0.990171327453822 0.9930216508854749
o 840 0.9998341327646891 1
o 850 0 0.00016586723531085122
o 860 0.9893921647201072 0.9923611211038946
o 870 0.006338747556329848 0.00906858139116884
o 880 0.9998341327646891 1
o 890 0.9776445387081546 0.9820329790780913
o 900 3.180428173812004e-05 0.0004650121175936439
o 910 0.04628610577361227 0.05306604205520915
o 920 0.09910913023671634 0.10862454905187724
o 930 0.9431176582813583 0.9501314645587597
o 940 0.9814243594904546 0.985411843102362
o 950 0.04860928359353583 0.05554203972115612
o 960 0.9996678275924519 0.9999940967944916
o 970 0.999784848241918 0.9999999949993749
o 980 4.5058589854506926e-07 0.0002572679890114893
o 990 0.8314676375899872 0.8429786215598951
o 1000 0.999784848241918 0.9999999949993749
o 1010 0.9998341327646891 1
o 1020 0.8938035569095313 0.9032219566717917
o 1030 0.0014435142497940508 0.002887131717500435
o 1040 0 0.00016586723531085122
o 1050 0.00395690767021137 0.006171699293902377
o 1060 0.9847381132351619 0.9883369102018236
o 1070 0.05665862981925123 0.06408984966966336
o 1080 0.9990764961900899 0.99978951939873
o 1090 0.00859711252421888 0.011729169741669376
o 1100 0.00026340314700223097 0.001030197163089941
o 1110 0.999784848241918 0.9999999949993749
o 1120 0.025940832800985525 0.03113865570509433
o 1130 0 0.00016586723531085122
o 1140 0.6325954367199643 0.6475573442569217
o 1150 0 0.00016586723531085122
o 1160 0.6876296467238924 0.7019846795170503
o 1170 0.5263997493362906 0.5419487315320521
o 1180 0.117862565693108 0.12810463564210028
o 1190 0.8454895035336568 0.8565920843843539
o 1200 0.5083286333417233 0.5239059340138668
o 1210 0.3782521761149738 0.3934263058601405
o 1220 0.025673270768845975 0.030846316521817685
o 1230 0.520695139777191 0.5362552620823935
o 1240 4.5058589854506926e-07 0.0002572679890114893
o 1250 0.9017261076853439 0.9108167727561526
o 1260 7.923805826870094e-05 0.0006163396027676349
o 1270 0 0.00016586723531085122
o 1280 0.0001722718904719812 0.0008420520734764292
o 1290 0.9843546281428882 0.9880005334933005
o 1300 0.004046007623922551 0.006282545803314332
o 1310 0.987539970870844 0.990774022924009
o 1320 0.24033955049070588 0.25378573164034324
o 1330 0.15053777304764548 0.16185819157808423
o 1340 0.9972065160734749 0.9986227536460907
o 1350 0.006594261510428823 0.009372943420317581
o 1360 0.9270949329412609 0.9349995178478113
o 1370 0.9917818042918009 0.9943705122056311
o 1380 0.00015986891994112005 0.0008145805248086502
o 1390 0.9897165109013889 0.9926366477506107
o 1400 0.7789515057018789 0.7917522728126287
o 1410 0.9707209559172603 0.9757589264239295
o 1420 0.10185257833317445 0.11148015163735592
o 1430 0.1318562581887431 0.14258612416620287
o 1440 0.8541014154647718 0.8649373048758953
o 1450 0.0005202947705672456 0.0014921308975106573
o 1460 0.9665040975685858 0.9718972090263809
o 1470 0.01611455434013884 0.020288644003891743
o 1480 0.5097891535584828 0.5253649217575866
o 1490 0.7570735390751858 0.7703175486219584
o 1500 0.010507090285893486 0.013938367799371965
o 1510 0.019084947748499635 0.023597107044016408
o 1520 0.7880901249844176 0.800690602231814
o 1530 0 0.00016586723531085122
o 1540 0.9973475076700078 0.9987216292808397
o 1550 0.16621054166519866 0.17798005022344587
o 1560 0.9998341327646891 1
o 1570 0.795817219908058 0.8082409281588162
o 1580 0.0005802957095331146 0.0015919415317193764
o 1590 0 0.00016586723531085122
o 1600 4.5058589854506926e-07 0.0002572679890114893
o 1610 0 0.00016586723531085122
o 1620 0.3853059782372071 0.40053011735003774
o 1630 0.7719793365325543 0.7849267706480396
o 1640 0.00980078584804569 0.013124972279378255
o 1650 0.9998341327646891 1
o 1660 0.13116789089917716 0.14187472825434055
o 1670 0.21438066770624875 0.2273134613430985
o 1680 0.9998341327646891 1
o 1690 0.35552821832760406 0.3705179557146877
o 1700 0.0007490736453991112 0.0018627226344664072
o 1710 0.17811052155190166 0.19019599685811472
o 1720 0.0001975884929334221 0.0008965034907969516
o 1730 0 0.00016586723531085122
o 1740 0.007161573913010802 0.010045361537562414
o 1750 0.9797113559961083 0.9838854456598611
o 1760 0.0038323555433575148 0.006016327357384332
o 1770 0.3325042347625531 0.3472697398665475
o 1780 0.14240379019905147 0.15347496674744165
o 1790 0.002618709956084054 0.004470804819852514
o 1800 4.5058589854506926e-07 0.0002572679890114893
o 1810 3.180428173812004e-05 0.0004650121175936439
o 1820 0.19049444282670797 0.20288784125359727
o 1830 4.5058589854506926e-07 0.0002572679890114893
o 1840 2.357743099213211e-06 0.0002958361566028911
o 1850 0.0004030684253407234 0.0012897981461114094
o 1860 0.9979431363013752 0.9991253358653104
o 1870 0.14835108116015067 0.15960563385556603
o 1880 0.9587278603601311 0.9647160557882296
o 1890 0.536290153526072 0.5518149976036151
o 1900 0.9998341327646891 1
o 1910 0.21305498144554655 0.22595959982247626
o 1920 0.9760875136515337 0.9806305398356477
o 1930 0.027317893831365653 0.03264108762437612
o 1940 0.03443730581506559 0.04035908363576646
o 1950 0.014494089721842112 0.018469744915301733
o 1960 0.013254250545793133 0.017070078702742686
o 1970 0.9820388207881032 0.9859571654195272
o 1980 0.9992409148798167 0.9998643624923798
o 1990 0 0.00016586723531085122
o 2000 0.39385647257917983 0.40913673108884263
o 2010 5.000625091698381e-09 0.00021515175808195508
o 2020 0.9998341327646891 1
o 2030 0.0014601227440129746 0.0029105026263418488
o 2040 0.0009222776277140118 0.0021291581429572215
o 2050 0.9995037605889281 0.9999597116202779
o 2060 0.9997427320109885 0.9999995494141014
o 2070 0.0002499844844402703 0.001003705637588781
o 2080 0.9450148764189484 0.9519136148488939
o 2090 0.9852926251940278 0.9888221974105836
o 2100 0.03049883353684122 0.036098984372301635
o 2110 0.08331739621809105 0.09214176106651284
o 2120 0 0.00016586723531085122
o 2130 0.9974655152195606 0.9988035045674075
o 2140 0.9970894973736582 0.998539877255987
o 2150 0.996833423718342 0.9983561661753741
o 2160 1.694642373683569e-05 0.00040050853982798174
o 2170 0.999784848241918 0.9999999949993749
o 2180 0.026304058623925576 0.031535295920110396
o 2190 0.9757932626378147 0.9803648917783632
o 2200 0.9998341327646891 1
o 2210 0 0.00016586723531085122
o 2220 0.9929003408208814 0.9952914862335147
o 2230 0.31045384526596165 0.3249676071074069
o 2240 0.9998341327646891 1
o 2250 0.21469726400598646 0.22763675705217146
o 2260 0.7320128161946767 0.7457066512620605
o 2270 0.9460877532911964 0.9529203807178155
o 2280 0.0002235160297511361 0.0009503658054283992
o 2290 0.4615471379340451 0.4771032016407586
o 2300 0.022201474058199784 0.027039404095849706
o 2310 0.7682821111951837 0.7813052310896057
o 2320 0.30612152246181346 0.32058139994270074
o 2330 0.19276689528579236 0.20521461228825155
o 2340 0.9882923525055552 0.9914213570394911
o 2350 0.00010097297528831012 0.0006742276410476311
o 2360 0.9452005384211802 0.9520878910284911
o 2370 0.5892184595444774 0.6045088895482942
o 2380 0.999784848241918 0.9999999949993749
o 2390 0.1657371228932176 0.17749363115191152
o 2400 0.9996330653686861 0.9999891487861118
o 2410 0.902625120464256 0.911677461216051
o 2420 0.08198864913908364 0.09075097027829726
o 2430 0.823540064991475 0.8352688363733725
o 2440 0.8524353989561165 0.8633238760490564
o 2450 0.9992409148798167 0.9998643624923798
o 2460 0.9581055681661119 0.9641385561673819
o 2470 0.999784848241918 0.9999999949993749
o 2480 0.9934960807069686 0.9957754712998993
o 2490 0.5495889850987485 0.5650716903785826
o 2500 0.7623437990268757 0.7754855273856325
o 2510 0.920756648656226 0.9289799083266811
o 2520 0.5123102078737285 0.5278830181678789
o 2530 0.9871537167015321 0.9904404215271245
o 2540 0 0.00016586723531085122
o 2550 0.8069489686948482 0.8191054652187562
o 2560 0.6590027601921707 0.6737011615153732
o 2570 0.9974182533663415 0.9987708140525817
o 2580 0.18111174938260238 0.19327374241173212
o 2590 0.01969204557463212 0.024269778397729258
o 2600 0.999784848241918 0.9999999949993749
o 2610 0.9996678275924519 0.9999940967944916
o 2620 0.6119327713818723 0.627066946708648
o 2630 0.011289728260272563 0.014835402656052876
o 2640 0.997323963754113 0.9987051958885018
o 2650 5.000625091698381e-09 0.00021515175808195508
o 2660 0.0036370947633833834 0.005771709972448469
o 2670 0.816123429311615 0.8280479447714044
o 2680 0.999784848241918 0.9999999949993749
o 2690 0.002531972816572227 0.004357610307714532
o 2700 0.956737203436699 0.9628673784255314
o 2710 0.9985832870189011 0.9995241331856756
o 2720 0.0679799887212182 0.07604451721567695
o 2730 0.9843759243900332 0.9880192295854896
o 2740 0.9747431499808167 0.9794153639146618
o 2750 0.9476152347784247 0.9543523904455892
o 2760 0.3809021360166669 0.39609544937219643
o 2770 0.00033210463993232117 0.0011610963483328351
o 2780 0.9997041638433971 0.9999976422569008
o 2790 0.9998341327646891 1
o 2800 0.03759509270220486 0.04376015921670118
o 2810 0.0004319869942391821 0.0013407598904513485
o 2820 0.9998341327646891 1
o 2830 0.9932971925796634 0.9956144525825571
o 2840 0.9998341327646891 1
o 2850 0.9998341327646891 1
o 2860 0 0.00016586723531085122
o 2870 0.5818179121986915 0.5971519242924763
o 2880 0.9997427320109885 0.9999995494141014
o 2890 0.3868604314916005 0.40209513828749366
o 2900 2.398330757498869e-05 0.00043314355389612036
o 2910 0.843479613055095 0.8546426442643661
o 2920 0.04433245626896851 0.05098038645683456
o 2930 0.3645081164553683 0.3795750170958312
o 2940 0.26567721358006935 0.27955944692779666
o 2950 0.015925865334306073 0.020077406583013047
o 2960 0.9592465888135503 0.9651971537379049
o 2970 0.32703465968600937 0.3417411691302311
o 2980 0.021820756595074153 0.026620264275807437
o 2990 0.932764027190533 0.9403685393271376
o 3000 0.999784848241918 0.9999999949993749
o 3010 0.99263641260362 0.9950755327842701
o 3020 0.9448498533376647 0.951758692874456
o 3030 0.37185739326673795 0.38698325267784317
o 3040 0.9998341327646891 1
o 3050 0.9127479113905398 0.9213513066157748
o 3060 0.999599491460172 0.9999830535762632
o 3070 0.9998341327646891 1
o 3080 0.0004174925762006784 0.0013153132603136442
o 3090 0.9930545307500314 0.9954172262285641
o 3100 0.9997427320109885 0.9999995494141014
o 3110 0.0075837398941218225 0.01054299961457894
o 3120 0.0014435142497940508 0.002887131717500435
o 3130 5.000625091698381e-09 0.00021515175808195508
o 3140 0.9943842650976894 0.9964868508983944
o 3150 0.14866625498914496 0.1599303518583406
o 3160 4.028837972215593e-05 0.0004962394110719082
o 3170 0.32025394513629935 0.3348841829407815
o 3180 0.062490087236479315 0.07025634227482025
o 3190 0.00798846929112792 0.011018085555248303
o 3200 0.0026534589300175595 0.004516028904264391
o 3210 0.997894911366256 0.9990936226399529
o 3220 0.2564942939309421 0.2702254898059351
o 3230 0.00793322842543673 0.0109533514549085
o 3240 0.4027882557834621 0.41812192794797187
o 3250 0.000276936226907186 0.0010565779080022875
o 3260 0.7189692404698652 0.7328745914296169
o 3270 0.999784848241918 0.9999999949993749
o 3280 4.5058589854506926e-07 0.0002572679890114893
o 3290 0.9998341327646891 1
o 3300 0.9336890881823192 0.9412431708039615
o 3310 0.9735684044914326 0.9783505103513397
o 3320 0.0015935532185476836 0.003096913671020274
o 3330 0.006703903305818258 0.0095032489383855
o 3340 0.5442808007085095 0.5597816609937291
o 3350 0.9997041638433971 0.9999976422569008
o 3360 0.0007959207589015687 0.0019357705696929628
o 3370 0.9994730802517786 0.9999506585660503
o 3380 0.8431142143161138 0.8542881647069661
o 3390 4.934143394975716e-05 0.0005269197482213883
o 3400 0.010432659058921687 0.01385283041811658
o 3410 0.5761233111724973 0.5914884397122109
o 3420 5.903205508420937e-06 0.0003321724075481258
o 3430 0.999599491460172 0.9999830535762632
o 3440 0.003495463160749242 0.005593432284956235
o 3450 0 0.00016586723531085122
o 3460 0.9984578626277146 0.999449808165806
o 3470 0.3544930242680131 0.369473500347112
o 3480 0.9998341327646891 1
o 3490 0.004978531502652383 0.007429493859904213
o 3500 0.9816573548278126 0.985618765817052
o 3510 0.5715323014497129 0.586920993067717
o 3520 0.9995668564461039 0.999976016692425
o 3530 0.9974655152195606 0.9988035045674075
o 3540 0.9384413362667745 0.9457293424626783
o 3550 0.005285440451645033 0.007802421481194699
o 3560 0 0.00016586723531085122
o 3570 5.000625091698381e-09 0.00021515175808195508
o 3580 0.0058291367703854 0.008458445246825375
o 3590 0.9555561569973761 0.9617688195061422
o 3600 0.012448463748148082 0.016156191333255743
o 3610 0.797071690374873 0.8094660390496156
o 3620 0.7666256637820752 0.7796822319155818
o 3630 0.9997041638433971 0.9999976422569008
o 3640 2.398330757498869e-05 0.00043314355389612036
o 3650 0.9998341327646891 1
o 3660 0.04651832743759791 0.05331373788775717
o 3670 0.8503836918583605 0.8613362662729832
o 3680 0.00813585377273589 0.011190634532054933
o 3690 0.7102843394809781 0.7243223995207623
o 3700 0.002531972816572227 0.004357610307714532
o 3710 0.9793312928864982 0.9835456409521565
o 3720 0.9971596588721757 0.9985896533979276
o 3730 0.9743234355027129 0.9790352217807234
o 3740 0.9957784861890406 0.9975718466746825
o 3750 0.36986553520540066 0.3849757848816251
o 3760 0.999784848241918 0.9999999949993749
o 3770 0.9817421032969416 0.9856939875100651
o 3780 0.5356694103814403 0.55119594970033
o 3790 0.8516634261291476 0.8625761059012045
o 3800 0.8490431708057442 0.8600372336911798
o 3810 0.47279644864840786 0.4883700961406269
o 3820 0.9870465021475909 0.9903476760083296
o 3830 0.9996330653686861 0.9999891487861118
o 3840 4.5058589854506926e-07 0.0002572679890114893
o 3850 0.9870250632338723 0.9903291228977766
o 3860 0.9984828397939801 0.999464783357556
o 3870 0.029386514950150395 0.034891708710141245
o 3880 0.008412487857096335 0.011513876491404229
o 3890 0.9335246167751098 0.9410876968903548
o 3900 0 0.00016586723531085122
o 3910 0.059184399296238095 0.0667631913569593
o 3920 6.887077827747213e-05 0.0005869172185136717
o 3930 0.999442873695936 0.9999411111022777
o 3940 0.8053900574504321 0.8175848964994996
o 3950 0.9998341327646891 1
o 3960 0.5014470760983755 0.5170298099064409
o 3970 0.0011313649965060946 0.002439713796663079
o 3980 0.5649577129964602 0.5803777924658131
o 3990 0.935313624647687 0.9427780942149301
o 4000 0 0.00016586723531085122
o 4010 0.12729425465901403 0.1378696974946526
o 4020 0.7998237666490544 0.8121530444251909
o 4030 0.7869576498412043 0.7995834554386348
o 4040 0.9976315921770181 0.9989172519476788
o 4050 0 0.00016586723531085122
o 4060 0.2352479894708675 0.24859902671613088
o 4070 0.8676829959593994 0.8780712041477886
o 4080 0.6230554571733955 0.6381005261269483
o 4090 0.30391589924066564 0.3183477716804791
o 4100 0.9998341327646891 1
o 4110 0.9955518186013934 0.9973986530682086
o 4120 1.0851213888255374e-05 0.0003669346313138755
o 4130 0.9996678275924519 0.9999940967944916
o 4140 0.7558419930921766 0.7691095062287815
o 4150 0.9973946521725114 0.9987544386726732
o 4160 0.006667347190084682 0.009459822586549649
o 4170 0.1947036755069903 0.20719717037706264
o 4180 0.8135507780056958 0.8255414539814176
o 4190 0.013216735782987233 0.01702760855322516
o 4200 0.22154500847558437 0.2346266774012351
o 4210 0.0857998738400353 0.09473842059692461
o 4220 0 0.00016586723531085122
o 4230 0.7284034066894759 0.7421572682938185
o 4240 0.07365262618166854 0.08200989759920585
o 4250 0.021554356547810218 0.026326764341562447
o 4260 0.9937174541966857 0.9959539923760775
o 4270 0.9995668564461039 0.999976016692425
o 4280 0.9687151996137097 0.973925361248246
o 4290 0.4298986184767626 0.44536240465607313
o 4300 0.9917380981304329 0.994334236913034
o 4310 0.08644510353128403 0.09541296675298494
o 4320 0 0.00016586723531085122
o 4330 0.9998341327646891 1
o 4340 0.9584789198840452 0.9644850795552364
o 4350 0.7367724914464332 0.7503853838981398
o 4360 0.9867678985698657 0.9901063830239387
o 4370 0.9977509012387209 0.9989978077068434
o 4380 0.9996330653686861 0.9999891487861118
o 4390 0.9997427320109885 0.9999995494141014
o 4400 0.002084389327455776 0.0037655762255970338
o 4410 0.8245941080250069 0.8362944419824598
o 4420 0.0672203010272895 0.0752444707640908
o 4430 0.938811906320512 0.946078649150545
o 4440 0.030268622484045538 0.03584927930941051
o 4450 0.9709719091065646 0.9759878881821614
o 4460 0.11870708914802029 0.12897982103556915
o 4470 0.9173960023888094 0.9257816712283553
o 4480 0.9484825587804326 0.9551647774648324
o 4490 0.060117461523617674 0.06774980114826612
o 4500 0.6073363503703997 0.6225049114857678
o 4510 0.9993836603972324 0.9999207619417313
o 4520 0.00010097297528831012 0.0006742276410476311
o 4530 0.11800004073490154 0.12824711320235482
o 4540 0.9998341327646891 1
o 4550 0 0.00016586723531085122
o 4560 0.9922852453284942 0.9947868546246592
o 4570 0.34219306471094524 0.35705762643446937
o 4580 0.7740808154656882 0.7869845897670703
o 4590 0 0.00016586723531085122
o 4600 1.694642373683569e-05 0.00040050853982798174
o 4610 0.8539998219855542 0.864838932177343
o 4620 4.5058589854506926e-07 0.0002572679890114893
o 4630 0.7429051359508909 0.7564106884209806
o 4640 0.0002104806012700251 0.0009235038099101311
o 4650 0.6041052298320483 0.6192971173667879
o 4660 0.021554356547810218 0.026326764341562447
o 4670 0.929907974161548 0.9376655417130302
o 4680 0.028466697642195476 0.033891862433006126
o 4690 0.39455417300837 0.40983879472489504
o 4700 0.5032673445792373 0.5188489280623838
o 4710 0.05147734399605686 0.0585929638876822
o 4720 0.936013009352615 0.9434384769555721
o 4730 0.1184321191424861 0.1286948858327993
o 4740 0.15339486541275904 0.16480011906618075
o 4750 0.004834426774435632 0.007253676878043125
o 4760 0.8099457562109004 0.8220276780988667
o 4770 0.8190612576699603 0.8309091368449824
o 4780 0.9581470482185518 0.964177062240277
o 4790 0.037903471688515634 0.04409166946183307
o 4800 0.9998341327646891 1
o 4810 0.9995668564461039 0.999976016692425
o 4820 0.20573582034371465 0.21848125842698995
o 4830 4.5058589854506926e-07 0.0002572679890114893
o 4840 0.9998341327646891 1
o 4850 0 0.00016586723531085122
o 4860 0.9998341327646891 1
o 4870 0.30169060145081567 0.31609382474059755
o 4880 0.22710818741972855 0.24030160213600837
o 4890 0.9997041638433971 0.9999976422569008
o 4900 0.11324860278324032 0.1233201900314348
o 4910 0.9393472448308577 0.9465831325669076
o 4920 0.873299901785712 0.8834924296473781
o 4930 0.9629441697562624 0.9686183335964716
o 4940 0.5683450563466478 0.5837493099430213
o 4950 0.9485858301566398 0.9552614716759221
o 4960 0.10381282178272822 0.11351923025798405
o 4970 0.037306034456680036 0.04344932133963941
o 4980 0 0.00016586723531085122
o 4990 0.285781593211584 0.29996823483024815
o 5000 0.9998341327646891 1
o 5010 0.9773707931297055 0.9817868190526099
o 5020 0.9729186912208496 0.9777604448862726
o 5030 0.9838650818641929 0.9875702554390068
o 5040 0.9854420404313491 0.9889527278425213
o 5050 0.001627059471392074 0.003143369413291741
o 5060 0.9800282370094237 0.9841684542483947
o 5070 0.0024800260581462493 0.004289598789720572
o 5080 0.9998341327646891 1
o 5090 0.011009987656731682 0.014515259613677722
o 5100 0.9474707075239038 0.9542169658481802
o 5110 0.9977987982532164 0.9990298540327246
o 5120 0.3226399221029644 0.33729739684112203
o 5130 5.000625091698381e-09 0.00021515175808195508
o 5140 0.991040229953649 0.9937523964205358
o 5150 0.0014103466020724913 0.002840341127824275
o 5160 0.004762455658044259 0.0071656874973067275
o 5170 0.9998341327646891 1
o 5180 0.13038124315829872 0.14106164663262732
o 5190 0.4017314565369994 0.4170590844605704
o 5200 0.9998341327646891 1
o 5210 0.9808951599568537 0.9849412283248714
o 5220 0.9998341327646891 1
o 5230 0.00034613229865897415 0.0011869972764159131
o 5240 0.1708469731305253 0.1827420310932646
o 5250 0.9953033689870637 0.9972072488231104
o 5260 0.9998341327646891 1
o 5270 0.9983832285394911 0.9994045786411975
o 5280 0 0.00016586723531085122
o 5290 0.004978531502652383 0.007429493859904213
o 5300 0.29761802539185317 0.3119677832411001
o 5310 0.564917628293634 0.5803378906499764
o 5320 0.9977509012387209 0.9989978077068434
o 5330 5.000625091698381e-09 0.00021515175808195508
o 5340 0 0.00016586723531085122
o 5350 0.9683394742581493 0.973581213477615
o 5360 0.9998341327646891 1
o 5370 0.4902476941943854 0.5058329663498076
o 5380 0 0.00016586723531085122
o 5390 0.9996330653686861 0.9999891487861118
o 5400 0.8883363097995036 0.8979710212487864
o 5410 0.00011227771781942915 0.0007027531481009763
o 5420 0.8957221216006827 0.9050627542714303
o 5430 0.959205085396683 0.9651586710462312
o 5440 0.999784848241918 0.9999999949993749
o 5450 0.004153069969403737 0.006415419944006073
o 5460 0.910496927152837 0.9192030387849557
o 5470 0.9918036615141346 0.994388645694132
o 5480 0.8193044148646187 0.8311458985791326
o 5490 0.07575972089841325 0.08422206786009445
o 5500 0.6096645796066628 0.6248159002572311
o 5510 0.7351790953010707 0.7488193130048724
o 5520 5.000625091698381e-09 0.00021515175808195508
o 5530 0 0.00016586723531085122
o 5540 0.011980770414509923 0.015624075609966814
o 5550 0.33081351994276226 0.3455610277935891
o 5560 0.00013563750762027172 0.0007590851201833004
o 5570 0.9993836603972324 0.9999207619417313
o 5580 0.0757792353413973 0.08424254661276998
o 5590 0.008578642960508889 0.01170764749444475
o 5600 0.00013563750762027172 0.0007590851201833004
o 5610 0.2022553612696857 0.21492290561189542
o 5620 0 0.00016586723531085122
o 5630 0 0.00016586723531085122
o 5640 0.0028101950419103317 0.004719174169603879
o 5650 0.00038871728888304033 0.0012642119053347667
o 5660 0.966379045859897 0.9717823028496833
o 5670 0.004063840686417587 0.006304702100884407
o 5680 0 0.00016586723531085122
o 5690 0.8993157159911641 0.9085079655075825
o 5700 0.23192035976036593 0.2452077900313675
o 5710 4.5058589854506926e-07 0.0002572679890114893
o 5720 0.9997041638433971 0.9999976422569008
o 5730 0 0.00016586723531085122
o 5740 0.020679654304572206 0.025361795932168252
o 5750 0.11132522929111117 0.12132422736327397
o 5760 0.9752050514418547 0.9798333044658516
o 5770 0.9994130827814863 0.9999311292217226
o 5780 0.9953936121760423 0.9972769532249312
o 5790 0.9377620604859913 0.9450888441689711
o 5800 0.13758132609062382 0.1484990877696074
o 5810 0.9331751382483836 0.9407572916003389
o 5820 0.12682244433234494 0.1373816702367111
o 5830 0 0.00016586723531085122
o 5840 0.34665067583564113 0.3615585050876742
o 5850 4.5058589854506926e-07 0.0002572679890114893
o 5860 0.06531196184258606 0.07323347822834825
o 5870 0.8924567789472129 0.9019291823106292
o 5880 0.867438856784058 0.8778354245549784
o 5890 0.0046366407544798545 0.007011572135639188
o 5900 0.868903783123493 0.8792500108064102
o 5910 3.180428173812004e-05 0.0004650121175936439
o 5920 0.9998341327646891 1
o 5930 0 0.00016586723531085122
o 5940 0.005792812679118988 0.008414787697330062
o 5950 0.17132056901358697 0.18322827307732048
o 5960 0.0016774240810926429 0.0032129489014299795
o 5970 0.9989962943624112 0.9997500155155598
o 5980 0.999442873695936 0.9999411111022777
o 5990 0.32281887908234974 0.3374783791771595
o 6000 0.44610828498892574 0.4616272648828387
o 6010 0.026954339301020962 0.03224477580552354
o 6020 0.8181494545284463 0.8300212439986848
o 6030 0.004117365560869036 0.006371145437771064
o 6040 0 0.00016586723531085122
o 6050 0.0014767473742026275 0.0029338575831354685
o 6060 0.011364366858925582 0.014920733116633
o 6070 0.0008905059902949601 0.002080990685935591
o 6080 0.5907830322480618 0.606063791047855
o 6090 0.9995349878824064 0.9999681957182619
o 6100 0.9665249405773555 0.9719163589975259
o 6110 0.9998341327646891 1
o 6120 0.9998341327646891 1
o 6130 0.16926843713788642 0.18112110754412913
o 6140 0.9983584448714474 0.9993894057514955
o 6150 0 0.00016586723531085122
o 6160 1.0851213888255374e-05 0.0003669346313138755
o 6170 0.8792053895136243 0.8891849776947799
o 6180 0.04692476758697339 0.05374715338596692
o 6190 0.0012783707191603459 0.0026524923299922065
o 6200 0.290487671090171 0.3047405585903129
o 6210 8.995013756807068e-05 0.0006454322678265401
o 6220 0 0.00016586723531085122
o 6230 0 0.00016586723531085122
o 6240 0.07291146399583416 0.0812313184798723
o 6250 0.42520896132693564 0.44065364583808875
o 6260 2.398330757498869e-05 0.00043314355389612036
o 6270 1.0851213888255374e-05 0.0003669346313138755
o 6280 1.694642373683569e-05 0.00040050853982798174
o 6290 0.053552681623285234 0.060796893032208144
o 6300 0.010674629546094914 0.014130758062186666
o 6310 0.9998341327646891 1
o 6320 0.9998341327646891 1
o 6330 0.6209068841261396 0.6359698205250645
o 6340 0.99158521230267 0.9942071873208811
o 6350 0.9981861524596591 0.9992819780723441
o 6360 0.9482347236481289 0.9549326951784788
o 6370 0.012654436239199924 0.016390135190624155
o 6380 0.010507090285893486 0.013938367799371965
o 6390 0.9992130705901301 0.9998523473218889
o 6400 0.00011227771781942915 0.0007027531481009763
o 6410 0.884666424687409 0.8944421265264484
o 6420 0.5122501804686094 0.5278230657938081
o 6430 0.8187775794401666 0.8306329096571695
o 6440 0 0.00016586723531085122
o 6450 0.9998341327646891 1
o 6460 5.000625091698381e-09 0.00021515175808195508
o 6470 0.14327008914993405 0.15436837026549832
o 6480 0.9786350415210044 0.9829221338640927
o 6490 0.00865253055742038 0.011793727166329093
o 6500 0.00418879107900275 0.006459677833076438
o 6510 0 0.00016586723531085122
o 6520 0.017758806004069844 0.022123756185303156
o 6530 0.00033210463993232117 0.0011610963483328351
o 6540 0.9936067152200819 0.9958647843344953
o 6550 0.5282414546807991 0.5437864060763714
o 6560 0.99158521230267 0.9942071873208811
o 6570 4.028837972215593e-05 0.0004962394110719082
o 6580 0.4115431520753597 0.42692407244374864
o 6590 0.4571124432069639 0.4726593927204982
o 6600 0.9998341327646891 1
o 6610 0.9205721648480254 0.9288044534339684
o 6620 0.9883784571451635 0.9914952196013018
o 6630 0.48848814636243787 0.5040731073235664
o 6640 0 0.00016586723531085122
o 6650 0.05867909487346673 0.06622867348100103
o 6660 0.9800916312059251 0.9842250379445414
o 6670 0.0018461629067797764 0.0034440324119165977
o 6680 0.7915486783461422 0.8040708943767083
o 6690 0.8747657325229552 0.8849061113169328
o 6700 0.9819752255372877 0.9859007831067005
o 6710 0.8892948363544364 0.8988921760284689
o 6720 0.9855487986349326 0.9890459307602811
o 6730 0.9992130705901301 0.9998523473218889
o 6740 0.0010343410820507295 0.0022968948352768415
o 6750 0.5270803672042519 0.5426278844926247
o 6760 0.8972124235841067 0.9064919569538612
o 6770 0.905731760213916 0.9146497891090737
o 6780 0.9998341327646891 1
o 6790 0 0.00016586723531085122
o 6800 0.9970894973736582 0.998539877255987
o 6810 0.9828874545789383 0.9867082312539202
o 6820 0.9997041638433971 0.9999976422569008
o 6830 0.00793322842543673 0.0109533514549085
o 6840 0.9234632148169132 0.9315524428234782
o 6850 0.8573325764308621 0.8680650682763574
o 6860 0.9997427320109885 0.9999995494141014
o 6870 0.8843402930213913 0.8941283666327648
o 6880 0.012898001019184745 0.016666471820296014
o 6890 0.19231237877354232 0.2047492840988011
o 6900 0.10622462866392207 0.11602658969015134
o 6910 0.9019917123512198 0.9110710798235423
o 6920 0 0.00016586723531085122
o 6930 0 0.00016586723531085122
o 6940 0.9998341327646891 1
o 6950 0.07591583862563168 0.08438589569905497
o 6960 5.000625091698381e-09 0.00021515175808195508
o 6970 0.9895434738181318 0.9924897528182758
o 6980 0 0.00016586723531085122
o 6990 0.9983832285394911 0.9994045786411975
o 7000 0.32440966101239843 0.33908705783103443
o 7010 0.9998341327646891 1
o 7020 0.9427259881142446 0.949763265083481
o 7030 0.5361900328453085 0.551715151986338
o 7040 0 0.00016586723531085122
o 7050 0 0.00016586723531085122
o 7060 0.979141338968238 0.9833756608455433
o 7070 0.07763345945805267 0.08618767620214185
o 7080 0.0006410764471717533 0.0016909888185497879
o 7090 0.784773797844038 0.7974480365367048
o 7100 0.3173910590931691 0.33198803995694415
o 7110 0.013085461378934278 0.016878935813865903
o 7120 0.9241606097410124 0.932214816159227
o 7130 0.9998341327646891 1
o 7140 0.9766552801509947 0.9811425783239707
o 7150 0 0.00016586723531085122
o 7160 0.26710556965029525 0.28101060519545207
o 7170 0.921392145757372 0.9295842000654625
o 7180 0.999784848241918 0.9999999949993749
o 7190 0.007602117717599437 0.010564613341352724
o 7200 0.06099243026806957 0.06867452501567994
o 7210 0.15341457183815504 0.16482040588142544
o 7220 0.7811346436536806 0.7938884058332025
o 7230 0.9944958307170675 0.9965752277626637
o 7240 0.0026534589300175595 0.004516028904264391
o 7250 0.9997427320109885 0.9999995494141014
o 7260 0.0007335292289815797 0.0018383033065316745
o 7270 0.6068546704831822 0.6220267531638436
o 7280 0.6072159296694044 0.6223853726345361
o 7290 0.0029674978046917207 0.00492175670310846
o 7300 0.000304323156902096 0.0011090285290428215
o 7310 5.000625091698381e-09 0.00021515175808195508
o 7320 0.5385930161445681 0.5541113598392025
o 7330 0.496046886576101 0.5116318192963338
o 7340 0.0008273221554159791 0.0019843021615314482
o 7350 0.9998341327646891 1
o 7360 0.02456552755920297 0.029634469703237687
o 7370 0 0.00016586723531085122
o 7380 0.9874970315467146 0.9907369783518111
o 7390 0.0007335292289815797 0.0018383033065316745
o 7400 0.5137308892557694 0.5293018582259759
o 7410 0.005683904867058998 0.00828375083241406
o 7420 0 0.00016586723531085122
o 7430 0.3739689115396789 0.3891110198185639
o 7440 0.39407574811343865 0.40935738140365807
o 7450 0.9998341327646891 1
o 7460 0.9998341327646891 1
o 7470 0.00941125596340007 0.01267466986372201
o 7480 0.0042424036441782425 0.0065260339198893735
o 7490 0.5917458861630007 0.6070206135647118
o 7500 0.9998341327646891 1
o 7510 0.9788881459453267 0.9831489417187657
o 7520 0.6913939264053754 0.7056991387506313
o 7530 0.09630800443533002 0.10570664479036129
o 7540 0.9998341327646891 1
o 7550 0.9989171466500022 0.9997094220119266
o 7560 0.3026442763323629 0.3170598261705504
o 7570 0.9970428031898161 0.9985066120860036
o 7580 0.988507661570403 0.991605965848946
o 7590 0.04151130640294511 0.047962542530982755
o 7600 0.004046007623922551 0.006282545803314332
o 7610 0.8187573169220184 0.8306131789311573
o 7620 0.015058771675128316 0.019104840043146276
o 7630 0.999784848241918 0.9999999949993749
o 7640 0.9904533334436405 0.9932595318152856
o 7650 0.0014601227440129746 0.0029105026263418488
o 7660 0.17353089520644963 0.18549719029188438
o 7670 0.5256390759315964 0.5411896610693852
o 7680 0.024985565508909964 0.030094276106055418
o 7690 0.9989698028369101 0.9997365968529978
o 7700 0.999784848241918 0.9999999949993749
o 7710 0.013423109324135938 0.017261152106774147
o 7720 0.6462381160792496 0.6610700870591485
o 7730 0.005122845917917665 0.007605102059639601
o 7740 0.5172528497668861 0.5328187114242973
o 7750 0 0.00016586723531085122
o 7760 0.0265909006203347 0.03184834824542626
o 7770 0.999784848241918 0.9999999949993749
o 7780 0 0.00016586723531085122
o 7790 0.9204081850056143 0.92864848776233
o 7800 0.998532952220799 0.9994945720557045
o 7810 0.9996330653686861 0.9999891487861118
o 7820 0.2459873317025413 0.2595360275683215
o 7830 0 0.00016586723531085122
o 7840 0.9998341327646891 1
o 7850 0 0.00016586723531085122
o 7860 0.05429006462985468 0.06157924979354479
o 7870 0.9998341327646891 1
o 7880 0.3513080499355082 0.3662595533737887
o 7890 0.9867464766032598 0.9900878129255956
o 7900 0 0.00016586723531085122
o 7910 0 0.00016586723531085122
o 7920 0.00479843433253168 0.007209689040741929
o 7930 0 0.00016586723531085122
o 7940 1.694642373683569e-05 0.00040050853982798174
o 7950 0.999784848241918 0.9999999949993749
o 7960 0.9993545677321735 0.9999100498624319
o 7970 0.0036370947633833834 0.005771709972448469
o 7980 0.32617951804217993 0.3408766007059374
o 7990 0.9664624124584312 0.9718589081758152
o 8000 0.9886800243473388 0.9917535370540629
o 8010 0.02456552755920297 0.029634469703237687
o 8020 0.8831377935842002 0.8929712659179527
o 8030 0.33503055866536435 0.3498225596823472
o 8040 0.09695431632498325 0.10638010904325101
o 8050 0.4075542778473774 0.4229142948258364
o 8060 0.9297436577251798 0.9375099127635202
o 8070 0.9507761392831168 0.9573104324461045
o 8080 0.6328565753009593 0.6478161180317915
o 8090 0.6640901747302776 0.6787320410753422
o 8100 0.0008273221554159791 0.0019843021615314482
o 8110 0 0.00016586723531085122
o 8120 0.08984838821466791 0.09896850050624406
o 8130 0.9892625425935053 0.9922507937490819
o 8140 0 0.00016586723531085122
o 8150 0.9965790200213357 0.9981707674489865
o 8160 0.7891822246220151 0.8017581380254324
o 8170 0.4543161066785219 0.4698566728974617
o 8180 0.3507507164943812 0.36569707558780706
o 8190 0.1661513634055856 0.17791924875253406
o 8200 0 0.00016586723531085122
o 8210 0.9998341327646891 1
o 8220 0.8416933231430803 0.8529095291551532
o 8230 0.9998341327646891 1
o 8240 0.999784848241918 0.9999999949993749
o 8250 0.9773286867549997 0.9817489399384544
o 8260 0.8978658056342096 0.9071183577447408
o 8270 0.9781923171025078 0.9825250114948438
o 8280 0 0.00016586723531085122
o 8290 5.903205508420937e-06 0.0003321724075481258
o 8300 0.0006871224635657124 0.001764823007440408
o 8310 0.007822793863967564 0.010823836220634098
o 8320 0.10169578156225532 0.1113170026481266
o 8330 0.999784848241918 0.9999999949993749
o 8340 0.5463438760492191 0.5618378913858922
o 8350 0.9983090111814502 0.9993589235528282
o 8360 0.9514584117309268 0.9579479324749443
o 8370 0.3020879615713835 0.3164963297496125
o 8380 0.9466656217759646 0.9534623197734127
o 8390 0.7349572392298747 0.7486012432852315
o 8400 3.180428173812004e-05 0.0004650121175936439
o 8410 0.20704117518075882 0.21981545806710479
o 8420 5.000625091698381e-09 0.00021515175808195508
o 8430 0.9895650968385413 0.992508121320026
o 8440 0.20231468129081748 0.21498356533824758
o 8450 2.398330757498869e-05 0.00043314355389612036
o 8460 0.9998341327646891 1
o 8470 0.9998341327646891 1
o 8480 0.33238488671127087 0.3471491283722964
o 8490 0.7161679580795267 0.7301168114002612
o 8500 0.6064332069600761 0.6216083582538193
o 8510 0.999784848241918 0.9999999949993749
o 8520 0.009782223518686385 0.013103542562286186
o 8530 8.995013756807068e-05 0.0006454322678265401
o 8540 0.7761825318795635 0.7890421713823976
o 8550 0.999297246851899 0.9998877222821806
o 8560 0.9983337061651681 0.9993741869624272
o 8570 0.9863183018067385 0.989716145802223
o 8580 0 0.00016586723531085122
o 8590 0.997894911366256 0.9990936226399529
o 8600 0.2631183044692048 0.2769592261987939
o 8610 0.7900316832524059 0.8025883958364082
o 8620 0.00010097297528831012 0.0006742276410476311
o 8630 0.9950782432968917 0.997032502195308
o 8640 0.9998341327646891 1
o 8650 0.0581738648280229 0.06569408126000253
o 8660 0.03384107537464352 0.03971552957974889
o 8670 0.2689903452114416 0.2829251888394908
o 8680 4.934143394975716e-05 0.0005269197482213883
o 8690 0.9441279848853791 0.9510808016511776
o 8700 0.9982351769925596 0.9993128775364343
o 8710 0.7545297726920913 0.7678221652373133
o 8720 0 0.00016586723531085122
o 8730 0.0006871224635657124 0.001764823007440408
o 8740 0.011364366858925582 0.014920733116633
o 8750 0.9476358821479018 0.9543717361974512
o 8760 0.9770550487388561 0.9815026722047718
o 8770 0.0004906179844303899 0.0014419090925856803
o 8780 0.9562812831932108 0.9624434510393668
o 8790 0.006229381978753657 0.008938000608229357
o 8800 0.9998341327646891 1
o 8810 0 0.00016586723531085122
o 8820 0.9538582280976314 0.9601873153911629
o 8830 0.999599491460172 0.9999830535762632
o 8840 0 0.00016586723531085122
o 8850 0.8173187502893045 0.8292122252201741
o 8860 0.8729741931485171 0.8831782466320548
o 8870 0.9989434220919977 0.9997230637730928
o 8880 0.9275054814034683 0.9353888329472231
o 8890 0.9991306438647708 0.9998151511351715
o 8900 0.04386846108868405 0.05048454689685111
o 8910 0.057144206827315656 0.06460410166631714
o 8920 0.999784848241918 0.9999999949993749
o 8930 0.9677760858984222 0.9730647919577575
o 8940 0.029731617088643362 0.03526648056394166
o 8950 0.985762399054934 0.9892322524004082
o 8960 0.9998341327646891 1
o 8970 0.5406557216641205 0.5561679600569056
o 8980 0.9995668564461039 0.999976016692425
o 8990 0.9993257723589525 0.9998990270247117
o 9000 0.999784848241918 0.9999999949993749
o 9010 0.18375807174540584 0.19598651506710985
o 9020 0.47107782519978136 0.48664929925314704
o 9030 0.6946755492523288 0.7089364166435691
o 9040 0 0.00016586723531085122
o 9050 5.000625091698381e-09 0.00021515175808195508
o 9060 0.023459012979637647 0.02842139551168965
o 9070 0.48558910177203496 0.5011731292500861
o 9080 0.001744765969829579 0.0033055344181717183
o 9090 0.27643177525534024 0.2904812294421677
o 9100 1.0851213888255374e-05 0.0003669346313138755
o 9110 0.9997427320109885 0.9999995494141014
o 9120 0.010562926150829474 0.014002508418558213
o 9130 0.10504804128496172 0.11480358372306454
o 9140 0.3381738721646913 0.3529981809016137
o 9150 0.9929003408208814 0.9952914862335147
o 9160 0.9762977536972129 0.9808202276200709
o 9170 4.5058589854506926e-07 0.0002572679890114893
o 9180 0.9998341327646891 1
o 9190 0.360505640048658 0.3755388485656048
o 9200 0.9998341327646891 1
o 9210 0.012018163584913182 0.015666667120209254
o 9220 0.9998341327646891 1
o 9230 0.008818867679242266 0.01198731663898589
o 9240 0.9832272851597632 0.9870082798445644
o 9250 0.005611354305868245 0.008196338485865429
o 9260 0.9928343125026933 0.995237544341956
o 9270 0.9266023253326863 0.9345322891628028
o 9280 0.21679485489069533 0.22977845073959968
o 9290 4.5058589854506926e-07 0.0002572679890114893
o 9300 0.7571542988240573 0.7703967618811658
o 9310 0.03314896146056552 0.0389678939685385
o 9320 0.9905618938848829 0.9933509275612022
o 9330 0.6852143601677204 0.6996007753096385
o 9340 0.998064229430307 0.9992040792410983
o 9350 0.9497220806497043 0.95632484249044
o 9360 0.0002366864964226909 0.0009770973609918299
o 9370 0.05601777872762507 0.06341092652470193
o 9380 0.7259638559853876 0.739757635235254
o 9390 0.9995668564461039 0.999976016692425
o 9400 0.7293913992824458 0.7431289451530425
o 9410 0.9995037605889281 0.9999597116202779
o 9420 0.8992748692759295 0.9084688257980658
o 9430 0.9974891765373674 0.9988198190301265
o 9440 0.9998341327646891 1
o 9450 0.07398423671964025 0.08235817134231427
o 9460 0.00010097297528831012 0.0006742276410476311
o 9470 0.999784848241918 0.9999999949993749
o 9480 0.0024973335179722662 0.0043122773604815645
o 9490 0.9997427320109885 0.9999995494141014
o 9500 0.3491583962736637 0.36408993516167054
o 9510 0.3712598215250315 0.38638102666190255
o 9520 0.04866738984700122 0.05560391286912636
o 9530 0.9998341327646891 1
o 9540 0.9918473843023324 0.9944249042949562
o 9550 0.7889193054399574 0.8015011449747114
o 9560 4.5058589854506926e-07 0.0002572679890114893
o 9570 0.999599491460172 0.9999830535762632
o 9580 0.5023071901050892 0.517889406068849
o 9590 0.9977031051647232 0.9989656589179493
o 9600 0.9998341327646891 1
o 9610 0.6088817925605239 0.6240389502151933
o 9620 0.012841780231631808 0.016602715334058882
o 9630 0.9619878734658269 0.967734950704177
o 9640 0.001180180969873401 0.0025108234626326498
o 9650 0.9998341327646891 1
o 9660 0.9956650521574533 0.9974853508716593
o 9670 0.699065144093471 0.7132653515877403
o 9680 0.9359307219039461 0.9433607917667006
o 9690 0.1799072358094684 0.1920386679729782
o 9700 0.9997427320109885 0.9999995494141014
o 9710 0.006960037923423283 0.009806992394499225
o 9720 0.17485330940866023 0.18685432350638098
o 9730 0.9998341327646891 1
o 9740 5.000625091698381e-09 0.00021515175808195508
o 9750 0.041549927635356095 0.04800390750009498
o 9760 0.99051846314176 0.9933143758515232
o 9770 1.0851213888255374e-05 0.0003669346313138755
o 9780 5.000625091698381e-09 0.00021515175808195508
o 9790 0.25197367855950364 0.2656276432839695
o 9800 0.9995668564461039 0.999976016692425
o 9810 0.2049447444677674 0.2176726043217695
o 9820 0.5384928882156356 0.5540115214701863
o 9830 0.01719130282447827 0.02149147797721218
o 9840 0 0.00016586723531085122
o 9850 0 0.00016586723531085122
o 9860 0.18982264991414316 0.20219986374898347
o 9870 0.4857690348490261 0.5013531355109484
o 9880 0.5333467369251947 0.5488794050406811
o 9890 0.8724652961703668 0.882687312898406
o 9900 0.021421188606736342 0.026179982328943252
o 9910 0.0002905779880734113 0.0010828533499978032
o 9920 0.9995349878824064 0.9999681957182619
o 9930 0 0.00016586723531085122
o 9940 0.0011638875009322325 0.0024871414296815386
o 9950 0.0014601227440129746 0.0029105026263418488
o 9960 0 0.00016586723531085122
o 9970 0 0.00016586723531085122
o 9980 0.9998341327646891 1
o 9990 0.9940058868960785 0.9961854192572273
