
x disttype L1-general-gaussian
x k 1530
x std 0.65
x N 50000
x alpha 0.0005

o 0 0.4920073384535894 0.5075927289488485
o 10 0.9903014396399556 0.9931314866543459
o 20 0.5890579950881382 0.6043494079324196
o 30 0.998532952220799 0.9994945720557045
o 40 0.1068326030763122 0.11665840518962645
o 50 0.9997427320109885 0.9999995494141014
o 60 0.9548519806246425 0.9611132310731171
o 70 0.31122897136894895 0.32575221802106435
o 80 0.9981861524596591 0.9992819780723441
o 90 0.8543249243857461 0.8651537215454141
o 100 0.4138968310775029 0.4292895980354785
o 110 0.17534677900223292 0.18736068504241166
o 120 0.999599491460172 0.9999830535762632
o 130 0.039600457027792565 0.045914075493933226
o 140 0.18796549016413075 0.20029765824512302
o 150 0.9996330653686861 0.9999891487861118
o 160 0.10696989425802876 0.11680106657014777
o 170 0.5625527217861334 0.5779835925522516
o 180 0.9995037605889281 0.9999597116202779
o 190 0.2643878039403353 0.27824929501778983
o 200 2.398330757498869e-05 0.00043314355389612036
o 210 0.018933255329705266 0.023428857273581016
o 220 0.9998341327646891 1
o 230 0.9998341327646891 1
o 240 0.9998341327646891 1
o 250 0.0004174925762006784 0.0013153132603136442
o 260 0.09775739544285637 0.10721675182126522
o 270 0.6972528317574951 0.7114782708985261
o 280 0.9998341327646891 1
o 290 0.9998341327646891 1
o 300 0.7657166983921793 0.7787915010021613
o 310 0.9998341327646891 1
o 320 0.001245561327326909 0.0026053478274885578
o 330 0.7263872301509955 0.7401741194099434
o 340 0.007143242305156413 0.01002370173741407
o 350 0.9782555474609314 0.9825817592717079
o 360 0.22427689818823637 0.23741385638090007
o 370 0.024699157031675342 0.029780790687299108
o 380 0.8867254316495984 0.8964224349646889
o 390 0.999599491460172 0.9999830535762632
o 400 0.9998341327646891 1
o 410 0.06496154891238043 0.07286401394168418
o 420 0.013836160822017197 0.01772793534315753
o 430 0.08677752248977955 0.09576043232995157
o 440 0.792034145268019 0.8045452654146827
o 450 0.2803618187518053 0.2944698505085809
o 460 0.9997041638433971 0.9999976422569008
o 470 0.0024627268226413025 0.004266912057385719
o 480 0.0009382061982206309 0.002153199794018512
o 490 0.999784848241918 0.9999999949993749
o 500 0.01736149824765321 0.021681216891914712
o 510 0.999297246851899 0.9998877222821806
o 520 0.9945628341288062 0.9966281894626924
o 530 0.45940961787185564 0.4749614429173845
o 540 0.002016105005061881 0.0036739241999883543
o 550 0.1766693612470893 0.18871765023562403
o 560 0.9989434220919977 0.9997230637730928
o 570 0.9719553378119868 0.976884125796478
o 580 0.46068811730744647 0.47624251210104984
o 590 0.9958693839527202 0.9976408916037288
o 600 0.8800609924179142 0.890009090246163
o 610 0.9997041638433971 0.9999976422569008
o 620 0.203995501758537 0.21670217105842515
o 630 0.004439290989112809 0.006769033138553593
o 640 5.000625091698381e-09 0.00021515175808195508
o 650 0.9983832285394911 0.9994045786411975
o 660 0.9998341327646891 1
o 670 0.9949210433152184 0.9969097889562678
o 680 0.9989434220919977 0.9997230637730928
o 690 5.000625091698381e-09 0.00021515175808195508
o 700 0.9988389036516672 0.9996678953600677
o 710 0.023973956780191614 0.0289862601119818
o 720 0.01620892349332809 0.0203942381015908
o 730 0.4547555146954449 0.4702971165927904
o 740 1.0851213888255374e-05 0.0003669346313138755
o 750 0.9994130827814863 0.9999311292217226
o 760 5.903205508420937e-06 0.0003321724075481258
o 770 0.7732321128302564 0.7861535758841978
o 780 0.9292712839032403 0.9370624435864615
o 790 0 0.00016586723531085122
o 800 0.999784848241918 0.9999999949993749
o 810 0.953113197119604 0.9594925950304842
o 820 0.00479843433253168 0.007209689040741929
o 830 0.9953033689870637 0.9972072488231104
o 840 0.9998341327646891 1
o 850 0 0.00016586723531085122
o 860 0.9958239179842938 0.9976063863609007
o 870 0.0024627268226413025 0.004266912057385719
o 880 0.9998341327646891 1
o 890 0.9906053334597175 0.9933874704093597
o 900 5.000625091698381e-09 0.00021515175808195508
o 910 0.0320921712345525 0.03782506733039881
o 920 0.07849249039173412 0.08708834600797832
o 930 0.9620917927372407 0.9678309965819649
o 940 0.9907139714723477 0.9934787883212625
o 950 0.03441806911877421 0.04033832728120346
o 960 0.999784848241918 0.9999999949993749
o 970 0.9998341327646891 1
o 980 0 0.00016586723531085122
o 990 0.8540201406072155 0.86485860679122
o 1000 0.9998341327646891 1
o 1010 0.9998341327646891 1
o 1020 0.9391001550880893 0.9463503045023257
o 1030 0.0005802957095331146 0.0015919415317193764
o 1040 0 0.00016586723531085122
o 1050 0.001627059471392074 0.003143369413291741
o 1060 0.9919129895267552 0.9944792710712045
o 1070 0.03890605434650182 0.045168727040526435
o 1080 0.9996330653686861 0.9999891487861118
o 1090 0.002949992988831858 0.004899274084113947
o 1100 1.694642373683569e-05 0.00040050853982798174
o 1110 0.9998341327646891 1
o 1120 0.014870470639482077 0.018893215263964702
o 1130 0 0.00016586723531085122
o 1140 0.6627428216204336 0.6773998459499985
o 1150 0 0.00016586723531085122
o 1160 0.7124804502715882 0.7264855535429691
o 1170 0.5979650533245461 0.6131993566730264
o 1180 0.14628296429604892 0.15747446060657766
o 1190 0.9080831980523582 0.9168975699128668
o 1200 0.5175530347544244 0.5331184253323786
o 1210 0.4501420338828944 0.46567215442970866
o 1220 0.017248029271444133 0.021554729635239855
o 1230 0.5756421254015324 0.5910097872619386
o 1240 0 0.00016586723531085122
o 1250 0.9434681419880919 0.9504608641947823
o 1260 4.934143394975716e-05 0.0005269197482213883
o 1270 0 0.00016586723531085122
o 1280 5.903205508420937e-06 0.0003321724075481258
o 1290 0.9942282900275515 0.9963629052366167
o 1300 0.0023246382490675443 0.004085115261693861
o 1310 0.9960972496712833 0.9978128775862452
o 1320 0.17730108512714887 0.1893657102119265
o 1330 0.13152190249467077 0.14224059487567442
o 1340 0.9992409148798167 0.9998643624923798
o 1350 0.003037581672469472 0.005011623000165555
o 1360 0.9535891614895454 0.9599364718111961
o 1370 0.9951232150519905 0.9970675052663202
o 1380 4.5058589854506926e-07 0.0002572679890114893
o 1390 0.9958239179842938 0.9976063863609007
o 1400 0.8344898612942546 0.8459153907987849
o 1410 0.9786983094108199 0.9829788440559215
o 1420 0.09681721470968385 0.10623725814216112
o 1430 0.1496118271309045 0.16090445521994567
o 1440 0.8941709025692824 0.9035744889075701
o 1450 0.0001722718904719812 0.0008420520734764292
o 1460 0.985847871059998 0.9893067491495369
o 1470 0.010302450567822415 0.013703093949300027
o 1480 0.5414968633309764 0.5570065352921996
o 1490 0.8293180183990017 0.8408889571194145
o 1500 0.007418423566808897 0.010348392243406002
o 1510 0.013554491280914797 0.017409717488145682
o 1520 0.8324817292638008 0.8439641919589149
o 1530 0 0.00016586723531085122
o 1540 0.9989962943624112 0.9997500155155598
o 1550 0.15345398478446814 0.16486097941659694
o 1560 0.9998341327646891 1
o 1570 0.8202770846380524 0.8320929045154082
o 1580 0.0002104806012700251 0.0009235038099101311
o 1590 0 0.00016586723531085122
o 1600 0 0.00016586723531085122
o 1610 0 0.00016586723531085122
o 1620 0.42437088419091157 0.43981200607896076
o 1630 0.8276553405568088 0.8392721890998127
o 1640 0.003037581672469472 0.005011623000165555
o 1650 0.9998341327646891 1
o 1660 0.09527011834418611 0.10462489044358247
o 1670 0.18774817744279806 0.2000750452468577
o 1680 0.9998341327646891 1
o 1690 0.37207650597798375 0.38720406581124867
o 1700 0.00014765267811112144 0.0007869294098699076
o 1710 0.17895949096171127 0.19106673701651566
o 1720 8.995013756807068e-05 0.0006454322678265401
o 1730 0 0.00016586723531085122
o 1740 0.004153069969403737 0.006415419944006073
o 1750 0.9923290970738091 0.9948229837460756
o 1760 0.0017279107430003948 0.003282407593780956
o 1770 0.34205377593656433 0.3569169624038031
o 1780 0.16362666857153813 0.17532480844896003
o 1790 0.0009701459672754151 0.002201201746783621
o 1800 0 0.00016586723531085122
o 1810 5.000625091698381e-09 0.00021515175808195508
o 1820 0.16226590011530057 0.17392604314762272
o 1830 5.000625091698381e-09 0.00021515175808195508
o 1840 4.5058589854506926e-07 0.0002572679890114893
o 1850 0.00014765267811112144 0.0007869294098699076
o 1860 0.9993257723589525 0.9998990270247117
o 1870 0.1246013163569139 0.13508356297704915
o 1880 0.9790147312782367 0.9832623124771007
o 1890 0.5787900181006896 0.594140836257391
o 1900 0.9998341327646891 1
o 1910 0.20979065325996693 0.22262504172186948
o 1920 0.9906922393703285 0.9934605292537396
o 1930 0.033744930101812745 0.03961170962685234
o 1940 0.02456552755920297 0.029634469703237687
o 1950 0.009244498655995862 0.012481499495543225
o 1960 0.005158956347788976 0.007648972418376809
o 1970 0.9907357058411598 0.9934970451141907
o 1980 0.9997427320109885 0.9999995494141014
o 1990 0 0.00016586723531085122
o 2000 0.3784314891908135 0.39360693211281195
o 2010 0 0.00016586723531085122
o 2020 0.9998341327646891 1
o 2030 0.0006563832567626617 0.0017156412629433238
o 2040 0.0004174925762006784 0.0013153132603136442
o 2050 0.9998341327646891 1
o 2060 0.9998341327646891 1
o 2070 5.888889772228268e-05 0.0005571263040640151
o 2080 0.9692998782203183 0.9744604850721061
o 2090 0.9936731458773179 0.9959183219532978
o 2100 0.022353808323147904 0.027207012797571428
o 2110 0.07585729389338976 0.08432446084376877
o 2120 0 0.00016586723531085122
o 2130 0.9984828397939801 0.999464783357556
o 2140 0.9987357880946652 0.999611282711117
o 2150 0.9983337061651681 0.9993741869624272
o 2160 4.5058589854506926e-07 0.0002572679890114893
o 2170 0.9998341327646891 1
o 2180 0.016020201575781465 0.020183033542275686
o 2190 0.9875185005044568 0.9907555013440043
o 2200 0.9998341327646891 1
o 2210 0 0.00016586723531085122
o 2220 0.9976792437995069 0.9989495473086407
o 2230 0.31351473575269173 0.32806567818027177
o 2240 0.9998341327646891 1
o 2250 0.178327695078168 0.19041874903485023
o 2260 0.780285614203549 0.7930577187972601
o 2270 0.9692581065718907 0.9744222708413548
o 2280 5.903205508420937e-06 0.0003321724075481258
o 2290 0.46977892688478406 0.485348635686509
o 2300 0.012710629901309818 0.016453918751282548
o 2310 0.8157182577848356 0.8276532514049497
o 2320 0.3256028101104888 0.3402935041737467
o 2330 0.12951600229661167 0.14016718520858162
o 2340 0.9959148847383061 0.9976753617509324
o 2350 1.0851213888255374e-05 0.0003669346313138755
o 2360 0.9670044139534506 0.9723567240839699
o 2370 0.6634064348881133 0.678056010171685
o 2380 0.9998341327646891 1
o 2390 0.1316989129543716 0.14242352352520116
o 2400 0.9996330653686861 0.9999891487861118
o 2410 0.9409125688469624 0.9480572877941371
o 2420 0.06842807412629413 0.07651627504868375
o 2430 0.8850333382880461 0.8947950909269131
o 2440 0.9116836997454011 0.920335871863214
o 2450 0.9996678275924519 0.9999940967944916
o 2460 0.9686525712212429 0.9738680107935631
o 2470 0.9998341327646891 1
o 2480 0.997894911366256 0.9990936226399529
o 2490 0.5792913045195316 0.5946393813179165
o 2500 0.8101685136829966 0.8222448463290497
o 2510 0.95329943246697 0.9596662975319931
o 2520 0.5421577759901782 0.5576654001987713
o 2530 0.9946075303645595 0.9966634698045075
o 2540 0 0.00016586723531085122
o 2550 0.8700636730924198 0.8803697349407859
o 2560 0.6651761501795804 0.6798057015148238
o 2570 0.999103496509203 0.9998024115070666
o 2580 0.17276118858075185 0.18470716036876134
o 2590 0.013104212254791216 0.01690017738223004
o 2600 0.9998341327646891 1
o 2610 0.999784848241918 0.9999999949993749
o 2620 0.6182966807228225 0.6333809003289987
o 2630 0.0059381722468306855 0.008589354930157445
o 2640 0.9992130705901301 0.9998523473218889
o 2650 0 0.00016586723531085122
o 2660 0.001744765969829579 0.0033055344181717183
o 2670 0.8294396857668342 0.8410072492037253
o 2680 0.9998341327646891 1
o 2690 0.00038871728888304033 0.0012642119053347667
o 2700 0.9779183794199915 0.9822790438393276
o 2710 0.9995668564461039 0.999976016692425
o 2720 0.06720082367841285 0.07522395493041079
o 2730 0.9913670292074385 0.994025461818258
o 2740 0.9869607544237587 0.9902734556158375
o 2750 0.9775392407872652 0.9819383133204425
o 2760 0.4819306813707197 0.49751278311769886
o 2770 4.028837972215593e-05 0.0004962394110719082
o 2780 0.999784848241918 0.9999999949993749
o 2790 0.9998341327646891 1
o 2800 0.02159240847867865 0.026368698116317923
o 2810 8.995013756807068e-05 0.0006454322678265401
o 2820 0.9998341327646891 1
o 2830 0.9966482500970695 0.9982214850281281
o 2840 0.9998341327646891 1
o 2850 0.9998341327646891 1
o 2860 0 0.00016586723531085122
o 2870 0.5557195456163452 0.5711790672614052
o 2880 0.9998341327646891 1
o 2890 0.4168292083277505 0.43223622990273614
o 2900 0 0.00016586723531085122
o 2910 0.9186457401330722 0.9269715182404994
o 2920 0.03184249454779497 0.037554834662920755
o 2930 0.33033616085174766 0.34507854870396437
o 2940 0.2529847857889541 0.26665619199832113
o 2950 0.010414054234589219 0.013831443097142126
o 2960 0.9788881459453267 0.9831489417187657
o 2970 0.36972611025382124 0.38483525702330956
o 2980 0.012448463748148082 0.016156191333255743
o 2990 0.9594541194276478 0.9653895536564202
o 3000 0.9998341327646891 1
o 3010 0.9976315921770181 0.9989172519476788
o 3020 0.9607413222689939 0.9665819197365013
o 3030 0.4415160292444135 0.45702107092448263
o 3040 0.9998341327646891 1
o 3050 0.9152045564614558 0.9236938452911636
o 3060 0.999784848241918 0.9999999949993749
o 3070 0.9998341327646891 1
o 3080 0.00011227771781942915 0.0007027531481009763
o 3090 0.9974655152195606 0.9988035045674075
o 3100 0.9998341327646891 1
o 3110 0.0031428959779958416 0.005146235162190704
o 3120 0.0005202947705672456 0.0014921308975106573
o 3130 0 0.00016586723531085122
o 3140 0.9982597477012427 0.9993282676995614
o 3150 0.12776608798620936 0.13835770175635542
o 3160 0 0.00016586723531085122
o 3170 0.3896108166253297 0.4048638228829484
o 3180 0.08851813901923553 0.09757921139715009
o 3190 0.0061565198764059696 0.008850898641883265
o 3200 0.001744765969829579 0.0033055344181717183
o 3210 0.999103496509203 0.9998024115070666
o 3220 0.23699125738072713 0.25037516503196955
o 3230 0.005756499270449758 0.00837111950575642
o 3240 0.48844815775970285 0.5040331094068387
o 3250 1.694642373683569e-05 0.00040050853982798174
o 3260 0.7845109450569033 0.7971909770841077
o 3270 0.9998341327646891 1
o 3280 5.000625091698381e-09 0.00021515175808195508
o 3290 0.9998341327646891 1
o 3300 0.9612190633305758 0.9670240185846977
o 3310 0.9793524020435038 0.9835645244598967
o 3320 0.00033210463993232117 0.0011610963483328351
o 3330 0.004924467215730086 0.0073635873963801
o 3340 0.5408760185185222 0.5563875890579224
o 3350 0.9998341327646891 1
o 3360 0.0002905779880734113 0.0010828533499978032
o 3370 0.999784848241918 0.9999999949993749
o 3380 0.907203859633461 0.9160572005229052
o 3390 0 0.00016586723531085122
o 3400 0.003037581672469472 0.005011623000165555
o 3410 0.6637080826798117 0.6783542612385383
o 3420 0 0.00016586723531085122
o 3430 0.999784848241918 0.9999999949993749
o 3440 0.0012948041114980967 0.0026760362458870812
o 3450 0 0.00016586723531085122
o 3460 0.999442873695936 0.9999411111022777
o 3470 0.35602592125678134 0.37102008424137833
o 3480 0.9998341327646891 1
o 3490 0.0012948041114980967 0.0026760362458870812
o 3500 0.9934739660801107 0.9957575963558218
o 3510 0.6040048900618656 0.6191974908431296
o 3520 0.999784848241918 0.9999999949993749
o 3530 0.9992689677678922 0.9998761603306536
o 3540 0.9692789922235503 0.9744413781294863
o 3550 0.001914003059394159 0.0035361245449505585
o 3560 0 0.00016586723531085122
o 3570 0 0.00016586723531085122
o 3580 0.004403458086905679 0.006724886495749316
o 3590 0.9775813582734916 0.9819761813079246
o 3600 0.008172716822662775 0.011233754894687364
o 3610 0.8743178150515105 0.8844741777804042
o 3620 0.7691305910239704 0.7821364678002497
o 3630 0.9998341327646891 1
o 3640 4.5058589854506926e-07 0.0002572679890114893
o 3650 0.9998341327646891 1
o 3660 0.026246699151665182 0.03147267653652297
o 3670 0.8808555565966628 0.8907742618309517
o 3680 0.0031956352553275443 0.005213459639783036
o 3690 0.7811346436536806 0.7938884058332025
o 3700 0.001180180969873401 0.0025108234626326498
o 3710 0.9901930076055009 0.9930399620765769
o 3720 0.999103496509203 0.9998024115070666
o 3730 0.9886584732879916 0.9917350963815065
o 3740 0.998088544558281 0.9992197297420591
o 3750 0.2877671676958286 0.3019819859253938
o 3760 0.9998341327646891 1
o 3770 0.9901930076055009 0.9930399620765769
o 3780 0.5864906784335091 0.6017975874288213
o 3790 0.9103537123654861 0.9190663011586546
o 3800 0.8621099685360385 0.872686086077503
o 3810 0.45367697859683215 0.4692160166705731
o 3820 0.9949659262277791 0.9969448814546384
o 3830 0.999784848241918 0.9999999949993749
o 3840 0 0.00016586723531085122
o 3850 0.9949659262277791 0.9969448814546384
o 3860 0.999297246851899 0.9998877222821806
o 3870 0.02502375939499686 0.030136068078917666
o 3880 0.00395690767021137 0.006171699293902377
o 3890 0.9632145260760653 0.9688678865316077
o 3900 0 0.00016586723531085122
o 3910 0.049481010603849296 0.056470003801998625
o 3920 1.694642373683569e-05 0.00040050853982798174
o 3930 0.9997427320109885 0.9999995494141014
o 3940 0.863228396336262 0.8737672860693612
o 3950 0.9998341327646891 1
o 3960 0.5267200382918102 0.5422683347311641
o 3970 0.0002235160297511361 0.0009503658054283992
o 3980 0.565238307356444 0.580657103736787
o 3990 0.9599938055915762 0.9658896867987391
o 4000 4.5058589854506926e-07 0.0002572679890114893
o 4010 0.08980925909770068 0.09892764320136993
o 4020 0.8503633797700004 0.8613165851246642
o 4030 0.8182912868126706 0.8301593644241458
o 4040 0.9992409148798167 0.9998643624923798
o 4050 0 0.00016586723531085122
o 4060 0.13888022833364957 0.14983973913891102
o 4070 0.9072652047190205 0.9161158350531163
o 4080 0.6759377423287113 0.6904405018541894
o 4090 0.24525402322748102 0.258789585670962
o 4100 0.9998341327646891 1
o 4110 0.9982843587370567 0.9993436167432374
o 4120 4.5058589854506926e-07 0.0002572679890114893
o 4130 0.9998341327646891 1
o 4140 0.8000666191569786 0.8123901108838358
o 4150 0.9990764961900899 0.99978951939873
o 4160 0.0032308243817428745 0.005258246534788014
o 4170 0.1787817956124536 0.19088449315329592
o 4180 0.8106140383578074 0.8226791730575826
o 4190 0.009022334027482391 0.012223761006838751
o 4200 0.19758951301905095 0.210150347129183
o 4210 0.05124468823155627 0.05834570192858535
o 4220 0 0.00016586723531085122
o 4230 0.8057747094686967 0.8179601161623349
o 4240 0.057221905785070366 0.06468637535231314
o 4250 0.013273009217094813 0.017091312489963872
o 4260 0.9972769311337085 0.9986722731996572
o 4270 0.9997427320109885 0.9999995494141014
o 4280 0.9803241287342757 0.9844324592747428
o 4290 0.44239449604214803 0.45790230754753436
o 4300 0.9970894973736582 0.998539877255987
o 4310 0.05580418995674779 0.06318459056288528
o 4320 0 0.00016586723531085122
o 4330 0.9998341327646891 1
o 4340 0.9796268794152009 0.9838099516420582
o 4350 0.8059974070440755 0.8181773442964957
o 4360 0.9940947906981642 0.9962564714166792
o 4370 0.9992130705901301 0.9998523473218889
o 4380 0.9998341327646891 1
o 4390 0.9998341327646891 1
o 4400 0.0010827480523211961 0.002368407822981977
o 4410 0.8136520550934204 0.8256401431190474
o 4420 0.06492261605618332 0.07282296044120784
o 4430 0.9723112595087119 0.977208083177143
o 4440 0.023935803252936396 0.028944427821732677
o 4450 0.9824417578823841 0.9863140859376422
o 4460 0.10134300125436334 0.11094990499864177
o 4470 0.9259456000957658 0.9339092326419647
o 4480 0.9704282447518905 0.9754917367471898
o 4490 0.04806702055284651 0.05496449504767109
o 4500 0.6711699186609288 0.6857299236418044
o 4510 0.9996678275924519 0.9999940967944916
o 4520 0 0.00016586723531085122
o 4530 0.09652343486990982 0.1059311397348428
o 4540 0.9998341327646891 1
o 4550 0 0.00016586723531085122
o 4560 0.9969495993090236 0.9984398951779412
o 4570 0.3216457387614585 0.3362919173201874
o 4580 0.8122747451866443 0.8242979123539653
o 4590 0 0.00016586723531085122
o 4600 4.5058589854506926e-07 0.0002572679890114893
o 4610 0.8676219605974523 0.8780122598178364
o 4620 0 0.00016586723531085122
o 4630 0.8010178264829257 0.8133185861728005
o 4640 5.903205508420937e-06 0.0003321724075481258
o 4650 0.556160350836091 0.5716181137494925
o 4660 0.01087952701714938 0.014365774734031111
o 4670 0.9634017217998051 0.9690406279632612
o 4680 0.012448463748148082 0.016156191333255743
o 4690 0.396348334056274 0.41164402698935
o 4700 0.567483153029355 0.5828915031096108
o 4710 0.052776683398018436 0.05997316527855423
o 4720 0.9593918578702273 0.965331836055765
o 4730 0.09758110170719621 0.10703310660212628
o 4740 0.10698950748298622 0.11682144656840265
o 4750 0.0018800595103553234 0.003490101729393902
o 4760 0.8755190977655156 0.8856324954865764
o 4770 0.8271890161553593 0.83881866892512
o 4780 0.9781712414875204 0.9825060943964207
o 4790 0.03017271280007082 0.0357452239548699
o 4800 0.9998341327646891 1
o 4810 0.9997427320109885 0.9999995494141014
o 4820 0.17850538491178575 0.19060099841293676
o 4830 4.5058589854506926e-07 0.0002572679890114893
o 4840 0.9998341327646891 1
o 4850 0 0.00016586723531085122
o 4860 0.9998341327646891 1
o 4870 0.31413093300902306 0.3286892718894897
o 4880 0.1954349694263624 0.2079456266427021
o 4890 0.9998341327646891 1
o 4900 0.0788830067811074 0.08749769360643822
o 4910 0.9572761468016845 0.9633682548982249
o 4920 0.9275054814034683 0.9353888329472231
o 4930 0.9797958430498883 0.9839609291888587
o 4940 0.570369620746224 0.5857640647328427
o 4950 0.9698848277296087 0.974995337726114
o 4960 0.07511578822760667 0.0835462250879786
o 4970 0.01891429612827227 0.023407823704396646
o 4980 0 0.00016586723531085122
o 4990 0.2723039629466056 0.28629044467957143
o 5000 0.9998341327646891 1
o 5010 0.99158521230267 0.9942071873208811
o 5020 0.9870679423889743 0.9903662277879981
o 5030 0.9941170284920611 0.9962742225482251
o 5040 0.9903665241532338 0.9931863760254867
o 5050 0.0009861560727413455 0.002225163115378459
o 5060 0.9908009226349882 0.9935518017583986
o 5070 0.0014933879139964572 0.0029571968101839152
o 5080 0.9998341327646891 1
o 5090 0.007400064543837638 0.010326759773092276
o 5100 0.966108137566994 0.9715333023578046
o 5110 0.9992130705901301 0.9998523473218889
o 5120 0.3453969002699385 0.3602927054006475
o 5130 0 0.00016586723531085122
o 5140 0.9964638754550494 0.998085996940606
o 5150 0.000304323156902096 0.0011090285290428215
o 5160 0.0019479924971088922 0.00358210189955932
o 5170 0.9998341327646891 1
o 5180 0.09468270738713916 0.10401250494492498
o 5190 0.3843494320104909 0.39956698715210814
o 5200 0.9998341327646891 1
o 5210 0.9922194906714479 0.9947326378860454
o 5220 0.999784848241918 0.9999999949993749
o 5230 7.923805826870094e-05 0.0006163396027676349
o 5240 0.16064893945081365 0.1722635579230365
o 5250 0.9982106455758747 0.9992974473203111
o 5260 0.9998341327646891 1
o 5270 0.9994130827814863 0.9999311292217226
o 5280 0 0.00016586723531085122
o 5290 0.002084389327455776 0.0037655762255970338
o 5300 0.31303768991249187 0.3275828858542421
o 5310 0.6231759425927104 0.6382200002579863
o 5320 0.9994130827814863 0.9999311292217226
o 5330 0 0.00016586723531085122
o 5340 0 0.00016586723531085122
o 5350 0.9859119871646659 0.9893626095837204
o 5360 0.9998341327646891 1
o 5370 0.483150108484615 0.4987329448482303
o 5380 0 0.00016586723531085122
o 5390 0.9997427320109885 0.9999995494141014
o 5400 0.9300517563632523 0.9378017117217873
o 5410 5.000625091698381e-09 0.00021515175808195508
o 5420 0.9210641369899786 0.9292723178223595
o 5430 0.9781080181437533 0.982449339595007
o 5440 0.9998341327646891 1
o 5450 0.001711068576960596 0.0032592678400792385
o 5460 0.9583959467419053 0.9644080804560171
o 5470 0.996717592406219 0.9982720892569996
o 5480 0.8738292026921399 0.884002952671287
o 5490 0.0499460470179233 0.056964802696153005
o 5500 0.6961051026155896 0.7103463844538802
o 5510 0.7711105246474337 0.7840758727550554
o 5520 4.5058589854506926e-07 0.0002572679890114893
o 5530 0 0.00016586723531085122
o 5540 0.006211162798416296 0.008916228758302669
o 5550 0.3931587883367473 0.40843465126646883
o 5560 4.028837972215593e-05 0.0004962394110719082
o 5570 0.9997041638433971 0.9999976422569008
o 5580 0.06130358143373611 0.0690032645778702
o 5590 0.003725777451774938 0.005882971507938928
o 5600 4.028837972215593e-05 0.0004962394110719082
o 5610 0.20688294508765015 0.21965374216240996
o 5620 0 0.00016586723531085122
o 5630 0 0.00016586723531085122
o 5640 0.0005954213588024984 0.001616771460508759
o 5650 0.00014765267811112144 0.0007869294098699076
o 5660 0.981509074455219 0.9854870983561402
o 5670 0.002101486402817563 0.0037884634656890626
o 5680 0 0.00016586723531085122
o 5690 0.9134438504143281 0.9220151363559068
o 5700 0.2494758559441534 0.2630863159361073
o 5710 5.000625091698381e-09 0.00021515175808195508
o 5720 0.9998341327646891 1
o 5730 0 0.00016586723531085122
o 5740 0.006978349114524755 0.00982867254617803
o 5750 0.0849983253433023 0.09390024761570626
o 5760 0.9878621980834253 0.9910516744692324
o 5770 0.999784848241918 0.9999999949993749
o 5780 0.9985078691024893 0.9994797052294327
o 5790 0.9503420624353535 0.9569046540236781
o 5800 0.11566326019936013 0.12582469956314668
o 5810 0.9627778184797311 0.968464740698412
o 5820 0.12336321498788458 0.1338020907628228
o 5830 0 0.00016586723531085122
o 5840 0.38480777323374915 0.4000284908821705
o 5850 0 0.00016586723531085122
o 5860 0.05698881438969597 0.06443954881895508
o 5870 0.9361364439946401 0.9435550012683138
o 5880 0.918727700729608 0.9270495304111978
o 5890 0.0021528382946612115 0.00385706504456651
o 5900 0.9094740409351091 0.9182262648814721
o 5910 5.000625091698381e-09 0.00021515175808195508
o 5920 0.9998341327646891 1
o 5930 0 0.00016586723531085122
o 5940 0.0018970254836838864 0.0035131188839330196
o 5950 0.18097352154145754 0.1931320175296013
o 5960 0.00038871728888304033 0.0012642119053347667
o 5970 0.9996678275924519 0.9999940967944916
o 5980 0.9996330653686861 0.9999891487861118
o 5990 0.3904080770412481 0.40566629282454214
o 6000 0.4449501749084297 0.4604657659071185
o 6010 0.020261661854674526 0.024899946306631393
o 6020 0.8674592014839949 0.8778550730857579
o 6030 0.002221445223178465 0.003948397248115687
o 6040 0 0.00016586723531085122
o 6050 0.00031816687187396863 0.0011351080949426606
o 6060 0.006338747556329848 0.00906858139116884
o 6070 0.0001848488648285143 0.0008693561352292045
o 6080 0.6244009060012378 0.6394346256095294
o 6090 0.9996330653686861 0.9999891487861118
o 6100 0.9791202361250517 0.9833567710146154
o 6110 0.9998341327646891 1
o 6120 0.9998341327646891 1
o 6130 0.16384361568247083 0.175547787011321
o 6140 0.9994130827814863 0.9999311292217226
o 6150 0 0.00016586723531085122
o 6160 5.000625091698381e-09 0.00021515175808195508
o 6170 0.8858487608601805 0.8955793972322825
o 6180 0.05291246852400903 0.06011733219184667
o 6190 0.0004758668143244943 0.001416712981098911
o 6200 0.352243598781967 0.36720368765965783
o 6210 2.357743099213211e-06 0.0002958361566028911
o 6220 0 0.00016586723531085122
o 6230 0 0.00016586723531085122
o 6240 0.05524116079989594 0.06258781818308301
o 6250 0.4240117151889139 0.4394512964116938
o 6260 1.0851213888255374e-05 0.0003669346313138755
o 6270 5.000625091698381e-09 0.00021515175808195508
o 6280 5.903205508420937e-06 0.0003321724075481258
o 6290 0.023478079965830696 0.028442321423902572
o 6300 0.009615221766748753 0.012910616038472877
o 6310 0.9998341327646891 1
o 6320 0.9998341327646891 1
o 6330 0.7102238989349967 0.7242628603010417
o 6340 0.9964178981004407 0.998052007502891
o 6350 0.9992409148798167 0.9998643624923798
o 6360 0.9724369067325883 0.977322393244251
o 6370 0.005213145375340971 0.007714754671505841
o 6380 0.011364366858925582 0.014920733116633
o 6390 0.9997427320109885 0.9999995494141014
o 6400 0.00011227771781942915 0.0007027531481009763
o 6410 0.9338330064261038 0.9413792047133585
o 6420 0.5876539670705042 0.6029539078172665
o 6430 0.8787979890742906 0.8887925136249123
o 6440 0 0.00016586723531085122
o 6450 0.9998341327646891 1
o 6460 4.5058589854506926e-07 0.0002572679890114893
o 6470 0.12863117514116112 0.139252316858825
o 6480 0.9914324568552197 0.9940800068520943
o 6490 0.0029150030905273953 0.004854289244072829
o 6500 0.0018292325510135831 0.003420979978664307
o 6510 0 0.00016586723531085122
o 6520 0.00944832839695179 0.0127175813960404
o 6530 0.0002104806012700251 0.0009235038099101311
o 6540 0.9981861524596591 0.9992819780723441
o 6550 0.5730959751535382 0.5884767935866175
o 6560 0.9960744214638696 0.9977957209692991
o 6570 0 0.00016586723531085122
o 6580 0.4305173067166224 0.4459835074595395
o 6590 0.5103293628070701 0.5259045305216514
o 6600 0.9998341327646891 1
o 6610 0.9457988628150837 0.9526493673999353
o 6620 0.995937648394377 0.9976925834541458
o 6630 0.537691876134579 0.5532128031674106
o 6640 0 0.00016586723531085122
o 6650 0.06866187662136837 0.07676239077175151
o 6660 0.9899762982625859 0.9928567576948434
o 6670 0.0007959207589015687 0.0019357705696929628
o 6680 0.7904362021250497 0.8029837419342893
o 6690 0.929640963236447 0.9374126413847408
o 6700 0.9929664007685846 0.9953453963518437
o 6710 0.9397179132146382 0.94693234087802
o 6720 0.9938726701356374 0.996078701324011
o 6730 0.9996678275924519 0.9999940967944916
o 6740 0.0009222776277140118 0.0021291581429572215
o 6750 0.4894278928659659 0.5050130440284211
o 6760 0.9321885439354443 0.9398242138879693
o 6770 0.9444785849456168 0.9514100848733531
o 6780 0.9998341327646891 1
o 6790 0 0.00016586723531085122
o 6800 0.9987871854159925 0.9996397540167659
o 6810 0.9934076463397341 0.9957039472638908
o 6820 0.999784848241918 0.9999999949993749
o 6830 0.0048704328463778455 0.0072976511455792314
o 6840 0.9310378264125296 0.9387353139174704
o 6850 0.8936607052175842 0.9030848558475011
o 6860 0.9998341327646891 1
o 6870 0.9163923311233946 0.9248256759764988
o 6880 0.008062147903792042 0.011104373633033182
o 6890 0.17795257920088925 0.1900339932436389
o 6900 0.09061145564626476 0.09976516831498983
o 6910 0.9472848978708059 0.9540428373997868
o 6920 0 0.00016586723531085122
o 6930 0 0.00016586723531085122
o 6940 0.9998341327646891 1
o 6950 0.06706448480383034 0.07508034152827059
o 6960 0 0.00016586723531085122
o 6970 0.9949210433152184 0.9969097889562678
o 6980 0 0.00016586723531085122
o 6990 0.9995037605889281 0.9999597116202779
o 7000 0.313276211729965 0.32782428311986145
o 7010 0.9998341327646891 1
o 7020 0.9738409882896932 0.9785978336230972
o 7030 0.5599274839636397 0.5753697133941789
o 7040 0 0.00016586723531085122
o 7050 0 0.00016586723531085122
o 7060 0.9896732402269077 0.9925999354561621
o 7070 0.050139835540121865 0.05717094556432212
o 7080 5.888889772228268e-05 0.0005571263040640151
o 7090 0.841936892793248 0.8531458783738979
o 7100 0.23992346009098753 0.2533619637294161
o 7110 0.011009987656731682 0.014515259613677722
o 7120 0.9497220806497043 0.95632484249044
o 7130 0.9998341327646891 1
o 7140 0.9906270565796824 0.9934057384895714
o 7150 0 0.00016586723531085122
o 7160 0.30560487272043635 0.32005822501150083
o 7170 0.9578567059434183 0.9639075016251797
o 7180 0.9998341327646891 1
o 7190 0.0035662380683261184 0.0056826117893880035
o 7200 0.04369448712813995 0.050298582843887996
o 7210 0.1577310370717742 0.1692624604777503
o 7220 0.8261550490292142 0.8378129806787582
o 7230 0.9977031051647232 0.9989656589179493
o 7240 0.0007646542765519723 0.001887106399303673
o 7250 0.9998341327646891 1
o 7260 7.923805826870094e-05 0.0006163396027676349
o 7270 0.6458562723961713 0.6606920588443198
o 7280 0.6523684288136015 0.6671377179205696
o 7290 0.001147615386186907 0.002463438328694445
o 7300 0.00011227771781942915 0.0007027531481009763
o 7310 0 0.00016586723531085122
o 7320 0.5706903559070654 0.586083221720586
o 7330 0.5426384483877632 0.5581445660308249
o 7340 0.00015986891994112005 0.0008145805248086502
o 7350 0.9998341327646891 1
o 7360 0.014701062327331843 0.018702690445212444
o 7370 0 0.00016586723531085122
o 7380 0.9960516027518843 0.9977785547768216
o 7390 0.00013563750762027172 0.0007590851201833004
o 7400 0.5582041648735757 0.5736536121744634
o 7410 0.0020331602668758214 0.003696852884953361
o 7420 0 0.00016586723531085122
o 7430 0.3748653569701124 0.3900142710273924
o 7440 0.4582909729740112 0.4738404652736795
o 7450 0.9998341327646891 1
o 7460 0.9998341327646891 1
o 7470 0.004224528700100797 0.006503919293031402
o 7480 0.002169975468977071 0.00387991253051001
o 7490 0.650398541383428 0.6651882661031123
o 7500 0.9998341327646891 1
o 7510 0.9909531761295315 0.9936794860041009
o 7520 0.765676300923631 0.7787519119682175
o 7530 0.07277494700947634 0.08108788312504434
o 7540 0.9998341327646891 1
o 7550 0.9996330653686861 0.9999891487861118
o 7560 0.30479017727674534 0.3192331969339002
o 7570 0.9988130027235841 0.999653867701341
o 7580 0.9961657922277294 0.9978642890092243
o 7590 0.023783204314743525 0.02877708350571151
o 7600 0.002101486402817563 0.0037884634656890626
o 7610 0.8482917343899826 0.8593089203308362
o 7620 0.008264903618493682 0.011341526712008387
o 7630 0.9998341327646891 1
o 7640 0.9958693839527202 0.9976408916037288
o 7650 0.000304323156902096 0.0011090285290428215
o 7660 0.14959212693883264 0.1608841621721494
o 7670 0.6038042115297559 0.6189982367874416
o 7680 0.01847838085354272 0.022923905448437143
o 7690 0.9997041638433971 0.9999976422569008
o 7700 0.9998341327646891 1
o 7710 0.007546989809300159 0.010499766615612804
o 7720 0.6921186650421469 0.7064141573345288
o 7730 0.001627059471392074 0.003143369413291741
o 7740 0.5200746997093855 0.5356359110996752
o 7750 0 0.00016586723531085122
o 7760 0.019502271869255728 0.024059624163392468
o 7770 0.9998341327646891 1
o 7780 0 0.00016586723531085122
o 7790 0.9455512653958762 0.9524170472690776
o 7800 0.999599491460172 0.9999830535762632
o 7810 0.999784848241918 0.9999999949993749
o 7820 0.2719666265000818 0.2859478957907078
o 7830 0 0.00016586723531085122
o 7840 0.9998341327646891 1
o 7850 5.000625091698381e-09 0.00021515175808195508
o 7860 0.05225299929435315 0.059417034401758606
o 7870 0.9998341327646891 1
o 7880 0.36948709760938736 0.3845943505651449
o 7890 0.9956423896922855 0.9974680271834279
o 7900 0 0.00016586723531085122
o 7910 0 0.00016586723531085122
o 7920 0.0021185936590183444 0.0038113406133253314
o 7930 0 0.00016586723531085122
o 7940 5.000625091698381e-09 0.00021515175808195508
o 7950 0.9998341327646891 1
o 7960 0.9996678275924519 0.9999940967944916
o 7970 0.0032308243817428745 0.005258246534788014
o 7980 0.32413126727531905 0.33880554596565293
o 7990 0.9793312928864982 0.9835456409521565
o 8000 0.9960744214638696 0.9977957209692991
o 8010 0.0139113036850328 0.017812762506888347
o 8020 0.8330496546095124 0.8445160773690297
o 8030 0.33725869287360466 0.35207367033641923
o 8040 0.07808248024285067 0.0866584989798801
o 8050 0.389212194386811 0.40446257994292834
o 8060 0.9539410241658969 0.9602644916843859
o 8070 0.9681099170224609 0.973370848196916
o 8080 0.6783924029161738 0.6928650185890096
o 8090 0.7306214102942269 0.7443385226386913
o 8100 6.887077827747213e-05 0.0005869172185136717
o 8110 0 0.00016586723531085122
o 8120 0.06624654652767857 0.07421856617977285
o 8130 0.9960744214638696 0.9977957209692991
o 8140 0 0.00016586723531085122
o 8150 0.9987614482791993 0.999625557902435
o 8160 0.8613169747927804 0.8719193437363304
o 8170 0.4867087017517891 0.5022931518163931
o 8180 0.4107652808615487 0.4261422065468379
o 8190 0.12556439672022338 0.13608015097792658
o 8200 0 0.00016586723531085122
o 8210 0.9998341327646891 1
o 8220 0.8932729788401998 0.9027127111059465
o 8230 0.9998341327646891 1
o 8240 0.9998341327646891 1
o 8250 0.9909531761295315 0.9936794860041009
o 8260 0.934737759636918 0.9422341506970635
o 8270 0.9915633822032628 0.9941890266049113
o 8280 0 0.00016586723531085122
o 8290 5.000625091698381e-09 0.00021515175808195508
o 8300 0.00011227771781942915 0.0007027531481009763
o 8310 0.004564825406260181 0.006923427692597683
o 8320 0.07207292361018829 0.08035015164882409
o 8330 0.9998341327646891 1
o 8340 0.5732764041122246 0.5886563039612236
o 8350 0.9992130705901301 0.9998523473218889
o 8360 0.9796479975822888 0.9838288261261076
o 8370 0.2535200972996578 0.26720069834160154
o 8380 0.9614060402688448 0.9671969789756651
o 8390 0.7649289629630668 0.778019499631827
o 8400 4.5058589854506926e-07 0.0002572679890114893
o 8410 0.24394602416074204 0.2574580300244107
o 8420 0 0.00016586723531085122
o 8430 0.9955065793665261 0.9973639193559748
o 8440 0.18849890701582322 0.20084405907009073
o 8450 5.000625091698381e-09 0.00021515175808195508
o 8460 0.9998341327646891 1
o 8470 0.9998341327646891 1
o 8480 0.3853856918127563 0.40061037680987155
o 8490 0.7530965212016236 0.7664158958149203
o 8500 0.6298636678161337 0.6448500300477642
o 8510 0.9998341327646891 1
o 8520 0.007970053936948737 0.010996509249102782
o 8530 1.0851213888255374e-05 0.0003669346313138755
o 8540 0.823540064991475 0.8352688363733725
o 8550 0.999784848241918 0.9999999949993749
o 8560 0.9993836603972324 0.9999207619417313
o 8570 0.9940947906981642 0.9962564714166792
o 8580 0 0.00016586723531085122
o 8590 0.9992130705901301 0.9998523473218889
o 8600 0.22972205812948218 0.2429668406774097
o 8610 0.8463625912542008 0.857438705896717
o 8620 2.357743099213211e-06 0.0002958361566028911
o 8630 0.9974182533663415 0.9987708140525817
o 8640 0.9998341327646891 1
o 8650 0.05219481794519324 0.05935523631145523
o 8660 0.023001523080546555 0.027919055975124896
o 8670 0.2131934813810388 0.22610105263981117
o 8680 2.357743099213211e-06 0.0002958361566028911
o 8690 0.975037060766345 0.9796813526239105
o 8700 0.999297246851899 0.9998877222821806
o 8710 0.7804271163334411 0.7931961694153156
o 8720 0 0.00016586723531085122
o 8730 0.00014765267811112144 0.0007869294098699076
o 8740 0.007308298284443965 0.010218568654759452
o 8750 0.9724369067325883 0.977322393244251
o 8760 0.9887662451053126 0.9918272831773375
o 8770 0.0002104806012700251 0.0009235038099101311
o 8780 0.9803875515063842 0.9844890143506813
o 8790 0.004708513766485367 0.007099659179118589
o 8800 0.9998341327646891 1
o 8810 0 0.00016586723531085122
o 8820 0.9784663536538803 0.9827708801419559
o 8830 0.9998341327646891 1
o 8840 0 0.00016586723531085122
o 8850 0.8321572114757486 0.8436488178848692
o 8860 0.9216791714900008 0.9298570789605006
o 8870 0.9996678275924519 0.9999940967944916
o 8880 0.9553490228192415 0.9615760228745864
o 8890 0.999599491460172 0.9999830535762632
o 8900 0.028102790973619243 0.033495902431414204
o 8910 0.027298756529005548 0.032620231958339074
o 8920 0.9998341327646891 1
o 8930 0.9875829158450492 0.9908110618318315
o 8940 0.015529836651661112 0.019633590106200027
o 8950 0.9937396147950882 0.9959718211155568
o 8960 0.9998341327646891 1
o 8970 0.561690978250967 0.577125625933894
o 8980 0.9998341327646891 1
o 8990 0.999784848241918 0.9999999949993749
o 9000 0.9998341327646891 1
o 9010 0.17262304056061548 0.18456535567564136
o 9020 0.556060167289237 0.5715183309991452
o 9030 0.7067991843893257 0.7208887214428952
o 9040 0 0.00016586723531085122
o 9050 5.000625091698381e-09 0.00021515175808195508
o 9060 0.01302921400668881 0.01681520586296059
o 9070 0.4858490054292356 0.5014331379696679
o 9080 0.0005352166424441244 0.0015171602060198852
o 9090 0.2771462792747233 0.29120648261296267
o 9100 0 0.00016586723531085122
o 9110 0.9998341327646891 1
o 9120 0.008504780398698657 0.01162154285483652
o 9130 0.11324860278324032 0.1233201900314348
o 9140 0.37972656049734116 0.39491142262442813
o 9150 0.9970428031898161 0.9985066120860036
o 9160 0.9860402508164849 0.9894742989395224
o 9170 4.5058589854506926e-07 0.0002572679890114893
o 9180 0.9998341327646891 1
o 9190 0.3489593626137546 0.3638890362410149
o 9200 0.9998341327646891 1
o 9210 0.006813623974513621 0.009633475846766215
o 9220 0.9998341327646891 1
o 9230 0.004421372617766747 0.006746961728259393
o 9240 0.9936067152200819 0.9958647843344953
o 9250 0.002932494733679748 0.004876784948009472
o 9260 0.9970894973736582 0.998539877255987
o 9270 0.9474294154123384 0.9541782717155668
o 9280 0.21839789432362683 0.2314148646271399
o 9290 0 0.00016586723531085122
o 9300 0.7877867761951259 0.8003940522889165
o 9310 0.028792389437109146 0.0342460514238595
o 9320 0.9960059934406409 0.9977441940439223
o 9330 0.7268106122529283 0.7405905956477797
o 9340 0.9993545677321735 0.9999100498624319
o 9350 0.9712229164942885 0.9762167956852571
o 9360 2.357743099213211e-06 0.0002958361566028911
o 9370 0.03203454974164031 0.03776270973854012
o 9380 0.7835808819447995 0.7962813507291568
o 9390 0.9998341327646891 1
o 9400 0.7844098488727128 0.7970921070221376
o 9410 0.9996330653686861 0.9999891487861118
o 9420 0.9360335815036529 0.9434578979637968
o 9430 0.9991854194751913 0.9998401310800589
o 9440 0.999784848241918 0.9999999949993749
o 9450 0.05646441916083888 0.06388412873517735
o 9460 6.887077827747213e-05 0.0005869172185136717
o 9470 0.9998341327646891 1
o 9480 0.0010989309306118687 0.0023921989341251226
o 9490 0.9998341327646891 1
o 9500 0.3809419868546625 0.39613558505173774
o 9510 0.37185739326673795 0.38698325267784317
o 9520 0.04742807029249307 0.05428367200788142
o 9530 0.9998341327646891 1
o 9540 0.997371070376275 0.9987380436441108
o 9550 0.8344695755895041 0.8458956832627245
o 9560 0 0.00016586723531085122
o 9570 0.9997427320109885 0.9999995494141014
o 9580 0.5501499019087155 0.5656305848346782
o 9590 0.9992409148798167 0.9998643624923798
o 9600 0.9998341327646891 1
o 9610 0.6744288439563766 0.6889499059652695
o 9620 0.01622779927894855 0.020415354969080646
o 9630 0.963880208634006 0.9694819804457778
o 9640 0.0005054279442954438 0.0014670477792010361
o 9650 0.9998341327646891 1
o 9660 0.9982106455758747 0.9992974473203111
o 9670 0.783479791068726 0.7961824753585469
o 9680 0.9592880931305526 0.9652356355287497
o 9690 0.15345398478446814 0.16486097941659694
o 9700 0.9998341327646891 1
o 9710 0.0036016563259522287 0.005727170913782609
o 9720 0.16930789833487012 0.18116163283543085
o 9730 0.9998341327646891 1
o 9740 0 0.00016586723531085122
o 9750 0.037672182613331266 0.04384304161019681
o 9760 0.994451188639037 0.9965398929401226
o 9770 1.0851213888255374e-05 0.0003669346313138755
o 9780 5.000625091698381e-09 0.00021515175808195508
o 9790 0.24277682276049828 0.25626762948954174
o 9800 0.9997427320109885 0.9999995494141014
o 9810 0.17453749782149294 0.18653024317171818
o 9820 0.5243379660142854 0.5398912091079393
o 9830 0.009114877471376232 0.012331177131053583
o 9840 0 0.00016586723531085122
o 9850 0 0.00016586723531085122
o 9860 0.18284958010778138 0.1950553173638625
o 9870 0.54562278589797 0.5611192241937328
o 9880 0.5524938406902574 0.5679658574136095
o 9890 0.9248991419962196 0.9329160384894484
o 9900 0.017172395206172142 0.021470392895567292
o 9910 7.923805826870094e-05 0.0006163396027676349
o 9920 0.9997041638433971 0.9999976422569008
o 9930 0 0.00016586723531085122
o 9940 0.0004758668143244943 0.001416712981098911
o 9950 0.0005352166424441244 0.0015171602060198852
o 9960 0 0.00016586723531085122
o 9970 0 0.00016586723531085122
o 9980 0.9998341327646891 1
o 9990 0.9972769311337085 0.9986722731996572
