
x disttype general-gaussian
x k 4700
x std 0.5
x N 100000
x alpha 0.001

o 0 0.9795584034133277 0.9824085869774132
o 10 0.8906910521448036 0.8971093206036989
o 20 0 0.001898421329222681
o 30 0.8909544961940449 0.8973658370572187
o 40 0.9870549040738666 0.9893108982168897
o 50 3.743462142768721e-05 0.003478748206849307
o 60 0.5258900906934586 0.5362852073473252
o 70 0.02252798432028497 0.04077562299650758
o 80 0.5697053537967209 0.5800033244531024
o 90 0.9323255036574283 0.9374686271355978
o 100 0 0.001898421329222681
o 110 0 0.001898421329222681
o 120 0.07392212553549796 0.1036504959593161
o 130 0.00015818935869815347 0.00434591190406797
o 140 0.009063820827200562 0.02181602645121949
o 150 0.2268677512872372 0.27208659176058475
o 160 1.2503125260416678e-07 0.002496859604378729
o 170 0 0.001898421329222681
o 180 0.00524061961955702 0.015668450761045657
o 190 1.2503125260416678e-07 0.002496859604378729
o 200 1.2503125260416678e-07 0.002496859604378729
o 210 3.743462142768721e-05 0.003478748206849307
o 220 0.010053943484577447 0.023319335109816822
o 230 0 0.001898421329222681
o 240 0.165521506628577 0.20617624104802645
o 250 0.0024387518563779645 0.010501026607640301
o 260 0.26609899466594966 0.27535568830930907
o 270 0 0.001898421329222681
o 280 0 0.001898421329222681
o 290 0 0.001898421329222681
o 300 7.991222603921683e-06 0.0030090671822076954
o 310 0.7197689841339194 0.7290770668018087
o 320 0.8040850109197182 0.8122883592776862
o 330 0.008867165282056994 0.02151402190484947
o 340 0.9647001191331246 0.9684491417825067
o 350 0.009656569816732786 0.022719311412347617
o 360 0.0009324348934347567 0.007036589240051859
o 370 0.6269168237833979 0.6369632195423919
o 380 7.991222603921683e-06 0.0030090671822076954
o 390 0 0.001898421329222681
o 400 0.9514535377198776 0.9558377207929126
o 410 0.8390825904519439 0.84666552406778
o 420 0.9997934737315562 0.9999865160465087
o 430 0.15835778608486797 0.19836866760287467
o 440 7.991222603921683e-06 0.0030090671822076954
o 450 0.37488368793977245 0.3849944717893599
o 460 0.006929517397646259 0.018465669232222547
o 470 0.7107941365318045 0.7201932656488972
o 480 0.4328472008380237 0.4431821744200675
o 490 1.2503125260416678e-07 0.002496859604378729
o 500 0.0010682763582352591 0.0073970852578007515
o 510 0 0.001898421329222681
o 520 0 0.001898421329222681
o 530 0.11073712445986067 0.14568232186712954
o 540 3.743462142768721e-05 0.003478748206849307
o 550 0.7111659494146096 0.7205613967809141
o 560 0 0.001898421329222681
o 570 0.44453255939483294 0.4548950463481179
o 580 0.023601156885822417 0.042197054416257374
o 590 0.037609697472441035 0.060121778298898344
o 600 0.8826081852894982 0.8892333993811873
o 610 0 0.001898421329222681
o 620 0.6572213184602377 0.6670741550954447
o 630 0.9414770512080664 0.9462757063342782
o 640 0.9878302559113575 0.9900154191318404
o 650 0.9999239938640173 1
o 660 0.007120686368504827 0.018773043506262587
o 670 0.9138997439286107 0.9196571496095779
o 680 0.000555324709164682 0.005926367721583822
o 690 0.0006752903406782928 0.006301857709341101
o 700 0 0.001898421329222681
o 710 0.000555324709164682 0.005926367721583822
o 720 0.7180200653431841 0.7273462488869216
o 730 0.3011947002566615 0.3107946460785566
o 740 0.8807857126535217 0.8874561452987662
o 750 0.8756537800734532 0.8824488474722236
o 760 1.2503125260416678e-07 0.002496859604378729
o 770 1.2503125260416678e-07 0.002496859604378729
o 780 0.002116069097594998 0.009828562825908676
o 790 7.991222603921683e-06 0.0030090671822076954
o 800 0.12605723227516236 0.16279964805704245
o 810 0 0.001898421329222681
o 820 0 0.001898421329222681
o 830 0.028800760610533747 0.04897199536243773
o 840 0.052875872490435814 0.07878728498124858
o 850 0.3671150213038647 0.3771843167192157
o 860 0.832207567948793 0.8399215786350989
o 870 0.2256579485639456 0.2708011593725031
o 880 0.8590055183343797 0.8661796064266893
o 890 8.882678547916669e-05 0.0039217320178581766
o 900 0 0.001898421329222681
o 910 0.7477741319664063 0.7567677043062216
o 920 0 0.001898421329222681
o 930 0.007120686368504827 0.018773043506262587
o 940 0.007312477753440096 0.019079809559213835
o 950 0.8596929343925344 0.8668520872374308
o 960 0.3720413317972909 0.38213725901247086
o 970 0.13268185660146786 0.17014812472291868
o 980 0.363993985621105 0.3740458258434602
o 990 0.04363401647478559 0.06757012263739591
o 1000 0 0.001898421329222681
o 1010 0.9281723623264952 0.9334623913514492
o 1020 0.47137985582519126 0.4817836861419532
o 1030 0.42936213170936915 0.43968777138248266
o 1040 0.7749283871838326 0.7835693651190578
o 1050 0.847212693364316 0.8546342009179424
o 1060 0 0.001898421329222681
o 1070 0.001499117649117805 0.008456476299684032
o 1080 0.9417524579414189 0.9465402582533944
o 1090 1.2503125260416678e-07 0.002496859604378729
o 1100 0.06038189600017403 0.0877486067265535
o 1110 0.8846638445309236 0.891237431903235
o 1120 0.17700915226623154 0.21864270325710564
o 1130 0.18828627444147555 0.23082068405749054
o 1140 0.19766422465787775 0.24090550438041908
o 1150 0.8734781055169485 0.8803248483221929
o 1160 0.8921198022154664 0.8985003563274878
o 1170 0.8920488671347468 0.8984313020430488
o 1180 0.01806664605587708 0.034760104146370596
o 1190 0.16862969044138584 0.2095556237730904
o 1200 0.001499117649117805 0.008456476299684032
o 1210 1.2503125260416678e-07 0.002496859604378729
o 1220 8.882678547916669e-05 0.0039217320178581766
o 1230 0.0006752903406782928 0.006301857709341101
o 1240 0.008867165282056994 0.02151402190484947
o 1250 0.4212945471586555 0.43159657797478523
o 1260 0 0.001898421329222681
o 1270 0.7010781182897223 0.7105707470291946
o 1280 0.07946739000538301 0.11008182343677324
o 1290 0.21937107029227848 0.26411281905900946
o 1300 0.44893779247694 0.4593091462996923
o 1310 0.013492327518895342 0.028359867811596367
o 1320 0.8272622606106537 0.8350676284664318
o 1330 0.06426867244941799 0.09234509527609255
o 1340 0.4448521996816823 0.4552153576645386
o 1350 0.0039755276141338605 0.013445672812795963
o 1360 0 0.001898421329222681
o 1370 0 0.001898421329222681
o 1380 0 0.001898421329222681
o 1390 0 0.001898421329222681
o 1400 0.07669230150235337 0.10686860764458933
o 1410 0.05196986465207202 0.07769726867270156
o 1420 0.27792632151360547 0.2873065622853264
o 1430 0.1312610967961074 0.16857464625870386
o 1440 0.5777280609479241 0.587999405832756
o 1450 0 0.001898421329222681
o 1460 0 0.001898421329222681
o 1470 0.8848866457111 0.8914545973157811
o 1480 0 0.001898421329222681
o 1490 0.07692337425408516 0.10713655963338196
o 1500 0.08735504438061596 0.11916111112509101
o 1510 0.778734846869602 0.7873223331598612
o 1520 0.7116583562349315 0.7210489158178695
o 1530 0.4121603025530086 0.42243220646704605
o 1540 0.8074421205558187 0.8155907452901024
o 1550 0 0.001898421329222681
o 1560 0.7885253483629995 0.7969703599827107
o 1570 0.00024191906793846123 0.004755907633503291
o 1580 0.5124042706916613 0.5228130660290599
o 1590 0.03517207194772308 0.05707064729193271
o 1600 0.11238278959818115 0.14752990957302253
o 1610 0.6885726469491338 0.6981781020306388
o 1620 0.9296073278776856 0.9348472106016728
o 1630 0.4521645611651102 0.46254188910929034
o 1640 0.01105452459589066 0.024812375486899494
o 1650 0 0.001898421329222681
o 1660 0.25199923706103855 0.26109759180076214
o 1670 0 0.001898421329222681
o 1680 0 0.001898421329222681
o 1690 1.2503125260416678e-07 0.002496859604378729
o 1700 0.09340969652201843 0.1260812482572493
o 1710 0 0.001898421329222681
o 1720 0.9897427996736329 0.9917425549756705
o 1730 0.5620445076005107 0.5723653276586269
o 1740 0.1767695161644769 0.21838329501351364
o 1750 0.9126201511211214 0.9184169342356968
o 1760 0.0013519994656035678 0.008106672415360571
o 1770 0.8384969568531779 0.846091245573485
o 1780 0.001499117649117805 0.008456476299684032
o 1790 0 0.001898421329222681
o 1800 0.07276938891863757 0.1023081179617925
o 1810 0.143594989955104 0.1821908565533599
o 1820 0.07692337425408516 0.10713655963338196
o 1830 0.9076254501652389 0.9135723839160836
o 1840 0.07807924520350833 0.10847581409246089
o 1850 0.07000656698953439 0.09908267826424957
o 1860 0.4316288949951893 0.44196066477763046
o 1870 0.7599592673959386 0.7688007359180968
o 1880 0.7553402156467752 0.7642404824295876
o 1890 0.0010682763582352591 0.0073970852578007515
o 1900 0.001649324908062456 0.00880334164974328
o 1910 0.41177101433587815 0.4220415536698996
o 1920 7.991222603921683e-06 0.0030090671822076954
o 1930 0.6953019786257975 0.7048477566716822
o 1940 0.013492327518895342 0.028359867811596367
o 1950 0.8134921908026721 0.8215397662273822
o 1960 0.9626368413855859 0.9664927315664776
o 1970 0.037165721194495176 0.059567793709239876
o 1980 0.013903025707613103 0.028946786326205474
o 1990 0.18204445865569877 0.22408733206178205
o 2000 0.008867165282056994 0.02151402190484947
o 2010 0.93964139901191 0.9445116340848883
o 2020 0.01638976075192097 0.03244606586842014
o 2030 1.2503125260416678e-07 0.002496859604378729
o 2040 0.16599953764541436 0.20669629697039543
o 2050 0.8512437648826205 0.8585825244753233
o 2060 7.991222603921683e-06 0.0030090671822076954
o 2070 0.001649324908062456 0.00880334164974328
o 2080 3.743462142768721e-05 0.003478748206849307
o 2090 0 0.001898421329222681
o 2100 0 0.001898421329222681
o 2110 0 0.001898421329222681
o 2120 0 0.001898421329222681
o 2130 0.06312418693732623 0.09099449743285941
o 2140 0.17892670336597116 0.2207175075428315
o 2150 1.2503125260416678e-07 0.002496859604378729
o 2160 0.3955037322962839 0.40571130104249986
o 2170 0 0.001898421329222681
o 2180 0.076461262855231 0.10660062166667851
o 2190 0.12204227460064529 0.1583309516159445
o 2200 0.6718649079301113 0.6816083584777319
o 2210 0.1700650130378737 0.21111456377678414
o 2220 0.9971687667274846 0.9981750269249535
o 2230 0.9325495273534034 0.9376845698362538
o 2240 0.9986497852455469 0.999313297959958
o 2250 0.29803896113174705 0.30761086480867644
o 2260 0.998673100062923 0.9993299652120602
o 2270 0.010253261634255596 0.02361872715289202
o 2280 0.5705065606613378 0.5808019965934068
o 2290 0.8318341043608648 0.8395550982918816
o 2300 0.35488146531956943 0.36487972867682406
o 2310 0.0706967674610701 0.0998895413602757
o 2320 0.5940983127051541 0.6043066826934639
o 2330 0.007312477753440096 0.019079809559213835
o 2340 0 0.001898421329222681
o 2350 0.05310251050665301 0.0790596536584684
o 2360 0.40868677064343784 0.4189462647119629
o 2370 0.9409976765475353 0.9458151529610307
o 2380 0.29644626123290463 0.3060038067823704
o 2390 0.9996892172795865 0.9999517166583667
o 2400 0.00024191906793846123 0.004755907633503291
o 2410 0 0.001898421329222681
o 2420 0 0.001898421329222681
o 2430 0 0.001898421329222681
o 2440 0.07484495801568193 0.10472375743045013
o 2450 7.991222603921683e-06 0.0030090671822076954
o 2460 0 0.001898421329222681
o 2470 0.00015818935869815347 0.00434591190406797
o 2480 0 0.001898421329222681
o 2490 0 0.001898421329222681
o 2500 0.5936574212890677 0.6038676406592812
o 2510 0.000555324709164682 0.005926367721583822
o 2520 0.47903615137301697 0.48944623211786026
o 2530 0.0018023637467814207 0.009147509219045969
o 2540 0.19766422465787775 0.24090550438041908
o 2550 0.049257231061972793 0.07442185643843324
o 2560 0.0019580104226592436 0.009489188433561148
o 2570 0 0.001898421329222681
o 2580 0.05355594777526636 0.0796042305478907
o 2590 0.002116069097594998 0.009828562825908676
o 2600 0.6348996202081867 0.6448992190733928
o 2610 0.9435480906968267 0.9482643558762078
o 2620 0.00044226519601354134 0.005544357862369048
o 2630 0 0.001898421329222681
o 2640 0.7412760065809602 0.7503468073917174
o 2650 0.00015818935869815347 0.00434591190406797
o 2660 0 0.001898421329222681
o 2670 0.5658797808269052 0.5761894751727118
o 2680 0.5519220925335871 0.5622692717773129
o 2690 0.9884598300535399 0.9905857406561736
o 2700 0.042514331698279194 0.06619484528031767
o 2710 0.3896968316457407 0.3998790819698535
o 2720 0.5875955970134754 0.5978303799884881
o 2730 0 0.001898421329222681
o 2740 0 0.001898421329222681
o 2750 0.8815247952721795 0.8881769518527336
o 2760 0.9165915957122461 0.9222648942933532
o 2770 0.21888775211008243 0.2635980437896746
o 2780 0.021032206283281108 0.038779022191625406
o 2790 0.015556791899113373 0.03128364191917683
o 2800 0.001649324908062456 0.00880334164974328
o 2810 0.8056072447406223 0.8137858967603891
o 2820 0.00015818935869815347 0.00434591190406797
o 2830 0.31962669155256673 0.32937985444991214
o 2840 0.8277870116446093 0.8355827986413311
o 2850 0.3524989737920545 0.3624825817255115
o 2860 0.0019580104226592436 0.009489188433561148
o 2870 0.15931220714063807 0.19941041794953374
o 2880 0.6934738918102966 0.7030361188489671
o 2890 0.9546857084597944 0.958925063652889
o 2900 0.000555324709164682 0.005926367721583822
o 2910 0.07207818243518749 0.10150225722537017
o 2920 0.9997934737315562 0.9999865160465087
o 2930 0.037387667537163084 0.05984482752710333
o 2940 0 0.001898421329222681
o 2950 0.6729892430301587 0.6827238539410365
o 2960 3.743462142768721e-05 0.003478748206849307
o 2970 0 0.001898421329222681
o 2980 0 0.001898421329222681
o 2990 0.9701600542596182 0.9736083782899224
o 3000 0.2630259618203968 0.2722491887518673
o 3010 0.8746013179216072 0.8814214674635191
o 3020 0.9611289395812993 0.9650608611519823
o 3030 0.24915617177224147 0.25822108992660664
o 3040 0.00015818935869815347 0.00434591190406797
o 3050 0.9437521833617971 0.9484602325613806
o 3060 0.10697966016014009 0.14145521775550554
o 3070 0.030111753682901685 0.05065473286121061
o 3080 0.883479014511272 0.8900824395811482
o 3090 0.008475317778149754 0.020908578297128586
o 3100 0.009063820827200562 0.02181602645121949
o 3110 0 0.001898421329222681
o 3120 0.02727656115148228 0.04700355242468385
o 3130 0.04453100665351108 0.06866910927470972
o 3140 0 0.001898421329222681
o 3150 0.6144240830019378 0.6245378449972714
o 3160 0 0.001898421329222681
o 3170 1.2503125260416678e-07 0.002496859604378729
o 3180 0.5710674136705128 0.5813610588876028
o 3190 0 0.001898421329222681
o 3200 0 0.001898421329222681
o 3210 0.0003372871601498705 0.005154702728074599
o 3220 0.014108803141320302 0.029239823439465667
o 3230 0.006359945757396211 0.017539703548454483
o 3240 0.00024191906793846123 0.004755907633503291
o 3250 0.06724924298537739 0.0958517609871583
o 3260 0.001499117649117805 0.008456476299684032
o 3270 7.991222603921683e-06 0.0030090671822076954
o 3280 0.004331804055572886 0.014085775144776002
o 3290 0 0.001898421329222681
o 3300 0.017226451977274 0.03360481492431495
o 3310 0 0.001898421329222681
o 3320 0.8038833978534793 0.8120900026344057
o 3330 0.21961274493835245 0.2643701911543562
o 3340 0 0.001898421329222681
o 3350 0.29131027547474797 0.30082057324527944
o 3360 0.47239929189252333 0.4828040958125937
o 3370 8.882678547916669e-05 0.0039217320178581766
o 3380 0.18684512035198045 0.22926756772509646
o 3390 0.031207272681697425 0.052054013161777414
o 3400 0.6465254830814249 0.6564516030267276
o 3410 0.003277660147417376 0.01215126261019966
o 3420 0.43350629754265424 0.4438429778960938
o 3430 0.12157029334655113 0.15780485667654853
o 3440 0.7727031593335942 0.7813749275407307
o 3450 0.8765949928355864 0.8833674935579545
o 3460 1.2503125260416678e-07 0.002496859604378729
o 3470 1.2503125260416678e-07 0.002496859604378729
o 3480 0.002603086691275082 0.010834387960954059
o 3490 0.005425161502427581 0.015982285814620384
o 3500 0.7080006391120748 0.7174271837101436
o 3510 1.2503125260416678e-07 0.002496859604378729
o 3520 0 0.001898421329222681
o 3530 0.6916458940899199 0.7012243919286334
o 3540 0.1440702737575866 0.18271365528353967
o 3550 0.47374857890128397 0.4841546046335969
o 3560 0.6717344068161091 0.6814788792584365
o 3570 7.991222603921683e-06 0.0030090671822076954
o 3580 0.08596055105138609 0.11756143031685409
o 3590 0.8118887664031207 0.819963431472793
o 3600 0.9072296474879538 0.9131882459254641
o 3610 0.020393686377287407 0.0379208346218862
o 3620 0.630346437008362 0.6403730890051125
o 3630 0.9631807223411485 0.9670087684008171
o 3640 0.058785253196466804 0.08585215637731028
o 3650 0.013903025707613103 0.028946786326205474
o 3660 0.8450914469638631 0.8525557656691123
o 3670 0.9956139070083722 0.9968903173416132
o 3680 0.9972241961068449 0.9982195789311866
o 3690 0 0.001898421329222681
o 3700 0.8597940274869925 0.866950978976406
o 3710 0.004153101605383015 0.013766270526943094
o 3720 0.8525169303045061 0.8598291680082666
o 3730 0.012878501439092999 0.027477301685655788
o 3740 0.9999239938640173 1
o 3750 0.04542907097418681 0.06976702779751881
o 3760 0.0003372871601498705 0.005154702728074599
o 3770 0.4354836432783419 0.44582533270278607
o 3780 0.034950997401085294 0.05679274754629507
o 3790 0 0.001898421329222681
o 3800 1.2503125260416678e-07 0.002496859604378729
o 3810 7.991222603921683e-06 0.0030090671822076954
o 3820 8.882678547916669e-05 0.0039217320178581766
o 3830 0.5960322733600967 0.6062324301265744
o 3840 0.006929517397646259 0.018465669232222547
o 3850 0.00044226519601354134 0.005544357862369048
o 3860 0.26362264493103826 0.27285241484491135
o 3870 0 0.001898421329222681
o 3880 0.6131910434549894 0.6233110705884288
o 3890 0.017226451977274 0.03360481492431495
o 3900 0.9645255450554506 0.9682837422793745
o 3910 3.743462142768721e-05 0.003478748206849307
o 3920 0.5545350892416727 0.5648758803304028
o 3930 0.9613648131281933 0.9652849519877807
o 3940 0.023601156885822417 0.042197054416257374
o 3950 0.026842173911684634 0.046440051104847516
o 3960 0 0.001898421329222681
o 3970 0.023386218524229254 0.041913069022607934
o 3980 0.00293713084142772 0.011495946574351507
o 3990 0 0.001898421329222681
o 4000 7.991222603921683e-06 0.0030090671822076954
o 4010 0.040057372467985665 0.06316292528695412
o 4020 0 0.001898421329222681
o 4030 0 0.001898421329222681
o 4040 0 0.001898421329222681
o 4050 0.29713310462543424 0.306696858994827
o 4060 0.998979791965597 0.9995429892428129
o 4070 0 0.001898421329222681
o 4080 0.9790816780881474 0.981965386274211
o 4090 0 0.001898421329222681
o 4100 0.01534915930690046 0.030992434315065737
o 4110 0.9179632624002367 0.9235930219747319
o 4120 0.20874780927122205 0.2527780341966328
o 4130 0 0.001898421329222681
o 4140 0.6046409053058819 0.6148024989328531
o 4150 0.002603086691275082 0.010834387960954059
o 4160 7.991222603921683e-06 0.0030090671822076954
o 4170 0.013697532120814659 0.028653469456326065
o 4180 0.5712977659718022 0.5815906718001773
o 4190 7.991222603921683e-06 0.0030090671822076954
o 4200 0.0031066310291481517 0.011824341251265606
o 4210 0 0.001898421329222681
o 4220 0.0006752903406782928 0.006301857709341101
o 4230 0.0810883760953861 0.11195402203281249
o 4240 0.02252798432028497 0.04077562299650758
o 4250 3.743462142768721e-05 0.003478748206849307
o 4260 0.07092690990053613 0.10015842038763428
o 4270 0.28284147612701493 0.29227066019745246
o 4280 0.0006752903406782928 0.006301857709341101
o 4290 0.39968476560990707 0.4099096339958215
o 4300 0.483074690278947 0.4934870822149984
o 4310 0.39474540023797977 0.4049497480504998
o 4320 0.0018023637467814207 0.009147509219045969
o 4330 0 0.001898421329222681
o 4340 0.9463041204373619 0.9509079121594376
o 4350 0.003450136205482341 0.012476788296200752
o 4360 0.5852612576228466 0.5955050717857111
o 4370 0 0.001898421329222681
o 4380 0.003623984302645913 0.012800989324396952
o 4390 0 0.001898421329222681
o 4400 1.2503125260416678e-07 0.002496859604378729
o 4410 0.79848079563337 0.8067734166028553
o 4420 0.0009324348934347567 0.007036589240051859
o 4430 8.882678547916669e-05 0.0039217320178581766
o 4440 0.00024191906793846123 0.004755907633503291
o 4450 0.5794109023584437 0.58967631032959
o 4460 0.0024387518563779645 0.010501026607640301
o 4470 0.2237227894499707 0.26874394281537456
o 4480 0.9034855700092832 0.9095528846564886
o 4490 0.05151719142070994 0.07715193144150344
o 4500 0.00024191906793846123 0.004755907633503291
o 4510 0.9924081511767282 0.9941167322545057
o 4520 0.5909821036453726 0.601203362137734
o 4530 0 0.001898421329222681
o 4540 0.9816649110064873 0.9843617508701246
o 4550 0.01659859355123888 0.032736088873131924
o 4560 0.001499117649117805 0.008456476299684032
o 4570 0.730827432680198 0.7400169536803732
o 4580 0.04028035943984793 0.06343892508169072
o 4590 8.882678547916669e-05 0.0039217320178581766
o 4600 0 0.001898421329222681
o 4610 0.03473001381784401 0.05651475746742224
o 4620 1.2503125260416678e-07 0.002496859604378729
o 4630 0.9859566644460777 0.988309316110712
o 4640 0.024678043195533034 0.043614807732923894
o 4650 0 0.001898421329222681
o 4660 0.3354467066772292 0.34531743704538015
o 4670 0.0887505847502289 0.1207597480104401
o 4680 0.6515519810747531 0.6614443471711065
o 4690 0.00015818935869815347 0.00434591190406797
o 4700 0.838032501684272 0.8456357704607047
o 4710 0.5639671118200673 0.5742824330534269
o 4720 0.11214762966036974 0.14726603324042314
o 4730 0.11638375506751512 0.1520125680607848
o 4740 0.21961274493835245 0.2643701911543562
o 4750 0 0.001898421329222681
o 4760 0 0.001898421329222681
o 4770 0.00024191906793846123 0.004755907633503291
o 4780 0.20320306058381976 0.24684472234590032
o 4790 0.8999964519183108 0.9061625257908206
o 4800 0 0.001898421329222681
o 4810 0.5043626039842535 0.5147759486808547
o 4820 0 0.001898421329222681
o 4830 0.3231926187975857 0.33297338562049716
o 4840 0.29650598623653657 0.3060640727008966
o 4850 8.882678547916669e-05 0.0039217320178581766
o 4860 0.7774861089552123 0.7860912588069939
o 4870 3.743462142768721e-05 0.003478748206849307
o 4880 0.7762777069632678 0.7848998424731366
o 4890 0.8447480306598558 0.8522192335137069
o 4900 0.006738990384455853 0.018157667893528465
o 4910 0.7995088103177385 0.8077852474493106
o 4920 0.03672208180152392 0.05901347444862615
o 4930 0.9995389947463766 0.9998826879485021
o 4940 0.00015818935869815347 0.00434591190406797
o 4950 0.4888631889463681 0.4992777078869214
o 4960 0.20802425148677325 0.25200445328821264
o 4970 0.0003372871601498705 0.005154702728074599
o 4980 0.004153101605383015 0.013766270526943094
o 4990 0 0.001898421329222681
o 5000 0.010053943484577447 0.023319335109816822
o 5010 0 0.001898421329222681
o 5020 0.0003372871601498705 0.005154702728074599
o 5030 0 0.001898421329222681
o 5040 0.00024191906793846123 0.004755907633503291
o 5050 0 0.001898421329222681
o 5060 0.9970580834203365 0.9980857464462131
o 5070 0.6014638379960265 0.6116400457115863
o 5080 0.9894690359646712 0.9914963652294086
o 5090 7.991222603921683e-06 0.0030090671822076954
o 5100 0.5539544107985415 0.5642966464933623
o 5110 0.3299368847528158 0.33976809551611514
o 5120 0 0.001898421329222681
o 5130 0.8777893142343729 0.88453299305285
o 5140 0.4771969295488975 0.4876057322180113
o 5150 0.9954621561290187 0.9967621040892946
o 5160 0.9996750511339201 0.9999459758541347
o 5170 0.519296771303398 0.5296995233931271
o 5180 0.8808059609274791 0.8874758939885047
o 5190 0.9639197695141061 0.9677096094694366
o 5200 0.3318298670805296 0.34167482576558345
o 5210 0.7916889032779709 0.8000863296066326
o 5220 0.7931297599405213 0.8015052564054619
o 5230 0 0.001898421329222681
o 5240 7.991222603921683e-06 0.0030090671822076954
o 5250 0.4171115375355571 0.4274002213099452
o 5260 0.12440334487943107 0.16096026473282016
o 5270 0.1303142819026397 0.1675253029981111
o 5280 8.882678547916669e-05 0.0039217320178581766
o 5290 0.004331804055572886 0.014085775144776002
o 5300 0.09574331653795506 0.12873794566007066
o 5310 0.0003372871601498705 0.005154702728074599
o 5320 0.4354836432783419 0.44582533270278607
o 5330 0.8056979769966401 0.8138751508732771
o 5340 0 0.001898421329222681
o 5350 0.4594280907004293 0.4698172600698311
o 5360 0.9983035925447555 0.9990597178845673
o 5370 0.08526370347228288 0.11676119203148398
o 5380 0.6555455215335562 0.6654102046490877
o 5390 0.01996889216774647 0.03734783336386063
o 5400 0.8583888907845414 0.8655763264889211
o 5410 0.9869083466135327 0.9891774795916893
o 5420 0.7679008901107149 0.7766379188646667
o 5430 0.7692297388780032 0.7779488702744511
o 5440 0.9991000077843121 0.999622627202831
o 5450 0.07369150628770273 0.10338209203026247
o 5460 0.0037991358003279675 0.013123930847528333
o 5470 0.49250260235850907 0.5029177439733761
o 5480 0.07576835281384513 0.1057964585336601
o 5490 0.8717378104109113 0.8786254044377038
o 5500 0.06862720079532778 0.09746792116286822
o 5510 0.11921157050545453 0.15517320105770116
o 5520 0 0.001898421329222681
o 5530 0 0.001898421329222681
o 5540 0.0059837314417588595 0.016918978195199604
o 5550 0 0.001898421329222681
o 5560 0.12605723227516236 0.16279964805704245
o 5570 0.9938370629026152 0.9953675463701923
o 5580 0.3876416486688778 0.39781457652469376
o 5590 0.6529165645267339 0.6627995579898908
o 5600 0.5612534589733575 0.5715764957671816
o 5610 0.9487145348298879 0.9532171355325953
o 5620 0.7851607157267488 0.793655498341874
o 5630 0.16839051737934804 0.20929575313636378
o 5640 0.04453100665351108 0.06866910927470972
o 5650 0.002769249638749699 0.011165993402573597
o 5660 0.17748846310357333 0.21916148116267595
o 5670 0.0012082691108408566 0.007753650918513041
o 5680 0.002276367222972745 0.010165794313459353
o 5690 0.4638247131554395 0.474219972167614
o 5700 0.057418548863357136 0.08422478891047681
o 5710 0.001499117649117805 0.008456476299684032
o 5720 0.004511585210396028 0.014404234093439409
o 5730 0.36369485671381907 0.37374500012872014
o 5740 0.8450712458238723 0.8525359698409158
o 5750 0.512664347074949 0.5230729503241474
o 5760 0.9284471181763908 0.9337275942982383
o 5770 0.9914852274638521 0.9932998236084684
o 5780 0.8227519668574297 0.8306385994825797
o 5790 0.8912483447616851 0.8976519444340875
o 5800 0.0006752903406782928 0.006301857709341101
o 5810 0.14478332042215947 0.18349773262819646
o 5820 0.33644313793385017 0.34632085451627176
o 5830 0.00044226519601354134 0.005544357862369048
o 5840 0.9431297288032406 0.9478627805948276
o 5850 0 0.001898421329222681
o 5860 0.08062507627301924 0.1114192685673327
o 5870 1.2503125260416678e-07 0.002496859604378729
o 5880 1.2503125260416678e-07 0.002496859604378729
o 5890 0.12180627419359881 0.15806791390568584
o 5900 0.10252527078831271 0.1364279505604507
o 5910 0.001499117649117805 0.008456476299684032
o 5920 0.057646212230791014 0.08449613697630369
o 5930 0.9905653327798204 0.9924798803032111
o 5940 0.7820785241134959 0.790618153262659
o 5950 0.024462378717481352 0.04333154158963535
o 5960 0.11473556263414597 0.15016750191552375
o 5970 0.00044226519601354134 0.005544357862369048
o 5980 0.0039755276141338605 0.013445672812795963
o 5990 0.03296550912977636 0.05428749659679313
o 6000 0 0.001898421329222681
o 6010 1.2503125260416678e-07 0.002496859604378729
o 6020 0.07461419684397985 0.10445549492943026
o 6030 0 0.001898421329222681
o 6040 0 0.001898421329222681
o 6050 0.07831051996758465 0.10874356474606066
o 6060 0 0.001898421329222681
o 6070 0.07946739000538301 0.11008182343677324
o 6080 0.0010682763582352591 0.0073970852578007515
o 6090 0.9962997871162454 0.9974642642235283
o 6100 0.0006752903406782928 0.006301857709341101
o 6110 0 0.001898421329222681
o 6120 0 0.001898421329222681
o 6130 7.991222603921683e-06 0.0030090671822076954
o 6140 0.24720792636828667 0.2562496319658912
o 6150 0.9401002488882598 0.9449527153351741
o 6160 0 0.001898421329222681
o 6170 0.10322803130364552 0.13722229231207903
o 6180 8.882678547916669e-05 0.0039217320178581766
o 6190 0.03650039002918681 0.058736187742151
o 6200 0.9936979750182199 0.9952466619565441
o 6210 0.6448300543184702 0.654767287433117
o 6220 0.987956102986924 0.9901295512780373
o 6230 0.9984528651741549 0.9991703551211997
o 6240 0.6398244235370827 0.6497936730355949
o 6250 0 0.001898421329222681
o 6260 0 0.001898421329222681
o 6270 0 0.001898421329222681
o 6280 1.2503125260416678e-07 0.002496859604378729
o 6290 0 0.001898421329222681
o 6300 0.44816859523157065 0.4585384599993276
o 6310 0.9221000639964735 0.9275956001851583
o 6320 0.028146814293391567 0.04812908895816058
o 6330 0.006171472835004008 0.01722969751751762
o 6340 0.042514331698279194 0.06619484528031767
o 6350 0.00015818935869815347 0.00434591190406797
o 6360 0.9141739677544056 0.9199228846757219
o 6370 0.11026713047483978 0.1451542440661054
o 6380 0 0.001898421329222681
o 6390 0 0.001898421329222681
o 6400 0.8341860331332077 0.8418628164287179
o 6410 0.9370420177582608 0.9420114054403468
o 6420 0.9495421651516674 0.9540093807928198
o 6430 0.04363401647478559 0.06757012263739591
o 6440 0.03340606392516583 0.054844879107142294
o 6450 0.34171466400630707 0.35162852822076474
o 6460 0.6267664083713257 0.6368136576434964
o 6470 0 0.001898421329222681
o 6480 0.9982236181891708 0.9989997366808301
o 6490 0.9964858324078467 0.9976181681616613
o 6500 0.0012082691108408566 0.007753650918513041
o 6510 0.38068865148455694 0.3908286279411713
o 6520 0.0003372871601498705 0.005154702728074599
o 6530 0.02403147740126508 0.042764585657871106
o 6540 0 0.001898421329222681
o 6550 0.010053943484577447 0.023319335109816822
o 6560 0 0.001898421329222681
o 6570 0 0.001898421329222681
o 6580 0.459168302977337 0.46955708711485533
o 6590 0.0019580104226592436 0.009489188433561148
o 6600 0 0.001898421329222681
o 6610 0.10932740676951241 0.14409782481889163
o 6620 8.882678547916669e-05 0.0039217320178581766
o 6630 0.00293713084142772 0.011495946574351507
o 6640 0 0.001898421329222681
o 6650 0.9925995312528233 0.9942853166246243
o 6660 0 0.001898421329222681
o 6670 0.9527726458126158 0.9570984142483177
o 6680 0.9962997871162454 0.9974642642235283
o 6690 0.8261219823178605 0.8339480779752251
o 6700 0.06038189600017403 0.0877486067265535
o 6710 1.2503125260416678e-07 0.002496859604378729
o 6720 0.4613465669871052 0.471738493405992
o 6730 0.3516716128841309 0.36165006818320755
o 6740 0.003450136205482341 0.012476788296200752
o 6750 0.00024191906793846123 0.004755907633503291
o 6760 0.04587849758984451 0.07031559478441633
o 6770 0.01472778940102146 0.030117304234742653
o 6780 0.37345750013071277 0.3835608758946596
o 6790 0.4837344838937557 0.4941471887839122
o 6800 0.010253261634255596 0.02361872715289202
o 6810 0.04542907097418681 0.06976702779751881
o 6820 0 0.001898421329222681
o 6830 0.0003372871601498705 0.005154702728074599
o 6840 0.020393686377287407 0.0379208346218862
o 6850 0.037609697472441035 0.060121778298898344
o 6860 0 0.001898421329222681
o 6870 0 0.001898421329222681
o 6880 0 0.001898421329222681
o 6890 0 0.001898421329222681
o 6900 0.010653112877213745 0.024216317951865195
o 6910 0 0.001898421329222681
o 6920 0 0.001898421329222681
o 6930 0.00024191906793846123 0.004755907633503291
o 6940 0.11497095616311073 0.15043114518689676
o 6950 0 0.001898421329222681
o 6960 0.725539034825329 0.7347861475203854
o 6970 0 0.001898421329222681
o 6980 0.7741731994938146 0.7828246663523682
o 6990 0 0.001898421329222681
o 7000 0.005610547660270857 0.016295299336841672
o 7010 0 0.001898421329222681
o 7020 0.7453095156910148 0.7543326913873569
o 7030 0.3503857469775508 0.36035612922196425
o 7040 0 0.001898421329222681
o 7050 0.0010682763582352591 0.0073970852578007515
o 7060 0.06152373548181196 0.08910183966911622
o 7070 0.08642526455982165 0.11809477450097251
o 7080 0.010653112877213745 0.024216317951865195
o 7090 0 0.001898421329222681
o 7100 0 0.001898421329222681
o 7110 0.9616827624995241 0.9655869545979127
o 7120 0.07854182797224336 0.10901128226936808
o 7130 0.09434282723604191 0.1271442436383158
o 7140 0 0.001898421329222681
o 7150 0.40858696040088543 0.4188460900791332
o 7160 0.46100683118229335 0.4713982806317398
o 7170 0.983682686502336 0.9862236575180527
o 7180 1.2503125260416678e-07 0.002496859604378729
o 7190 0.6257034876526537 0.6357567386977354
o 7200 0.5201371439355531 0.530539023721556
o 7210 0.010253261634255596 0.02361872715289202
o 7220 0 0.001898421329222681
o 7230 1.2503125260416678e-07 0.002496859604378729
o 7240 0.07877316909732415 0.10927896678182762
o 7250 0.9794132905336598 0.982273722386839
o 7260 0.10744902905213555 0.14198391916592298
o 7270 0.9878197701421402 0.9900059066306719
o 7280 0.9985336929709344 0.9992294739003845
o 7290 0.921103770482797 0.9266320430695425
o 7300 0.11191249127236774 0.147002135407557
o 7310 0.941405652006929 0.9462071162545188
o 7320 7.991222603921683e-06 0.0030090671822076954
o 7330 0.6386809357054068 0.6486573333097911
o 7340 0.4133381690436436 0.42361416150698783
o 7350 0.000555324709164682 0.005926367721583822
o 7360 1.2503125260416678e-07 0.002496859604378729
o 7370 0 0.001898421329222681
o 7380 0 0.001898421329222681
o 7390 0.002276367222972745 0.010165794313459353
o 7400 0.9859044194698215 0.9882615695168278
o 7410 0 0.001898421329222681
o 7420 0.0790045432234623 0.10954661840209469
o 7430 7.991222603921683e-06 0.0030090671822076954
o 7440 0.01597279639653893 0.031865327584043084
o 7450 0.2593168248076524 0.26849889022365203
o 7460 0.6794648336531957 0.6891472875291037
o 7470 0.2830504351921491 0.2924816693575647
o 7480 0 0.001898421329222681
o 7490 0 0.001898421329222681
o 7500 0 0.001898421329222681
o 7510 0.0006752903406782928 0.006301857709341101
o 7520 0 0.001898421329222681
o 7530 0.19261233187532165 0.2354774411048267
o 7540 0.0012082691108408566 0.007753650918513041
o 7550 0.0009324348934347567 0.007036589240051859
o 7560 0.5551357986065519 0.5654750802208195
o 7570 0.034509121924001816 0.05623667633779
o 7580 0.010253261634255596 0.02361872715289202
o 7590 0.011457429961110554 0.025406964756480906
o 7600 0.007312477753440096 0.019079809559213835
o 7610 0.8486674088286719 0.8560592671439691
o 7620 0.5765861677312449 0.5868614714690905
o 7630 0.16576051522573143 0.2064362759103196
o 7640 0.4401077616755429 0.45046051406102156
o 7650 0.818514981062275 0.8264762215729992
o 7660 0.8682477411330574 0.8752159971874176
o 7670 0.350475457272398 0.3604464053132188
o 7680 0.018487993928456705 0.03533651282078415
o 7690 0.00044226519601354134 0.005544357862369048
o 7700 0.953191997917226 0.9574989990388738
o 7710 0 0.001898421329222681
o 7720 0.035835834255660184 0.05790381155935254
o 7730 0 0.001898421329222681
o 7740 0.9848187139625886 0.9872674493051059
o 7750 0.12440334487943107 0.16096026473282016
o 7760 0 0.001898421329222681
o 7770 0.37513302625303896 0.3852450956621398
o 7780 0.30692946981435887 0.3165790050799817
o 7790 0.8511124119437293 0.8584538971247665
o 7800 0 0.001898421329222681
o 7810 0.24285463755943845 0.25184358368135534
o 7820 0.0018023637467814207 0.009147509219045969
o 7830 0.17700915226623154 0.21864270325710564
o 7840 0.7624150020250811 0.7712246319473315
o 7850 0 0.001898421329222681
o 7860 0.0019580104226592436 0.009489188433561148
o 7870 0.7151254958564142 0.7244812541649337
o 7880 3.743462142768721e-05 0.003478748206849307
o 7890 0.0010682763582352591 0.0073970852578007515
o 7900 0.008475317778149754 0.020908578297128586
o 7910 0 0.001898421329222681
o 7920 0.042290606329894675 0.0659195794512729
o 7930 0.6168100620995778 0.6269115059101675
o 7940 1.2503125260416678e-07 0.002496859604378729
o 7950 0.3489703433379467 0.3589317476590856
o 7960 0.012267477350823243 0.02659197628159246
o 7970 0 0.001898421329222681
o 7980 1.2503125260416678e-07 0.002496859604378729
o 7990 0.3110717886748724 0.320756056859664
o 8000 0.00293713084142772 0.011495946574351507
o 8010 3.743462142768721e-05 0.003478748206849307
o 8020 0.4385596800283396 0.4489088301310029
o 8030 0 0.001898421329222681
o 8040 0 0.001898421329222681
o 8050 0 0.001898421329222681
o 8060 1.2503125260416678e-07 0.002496859604378729
o 8070 0.001499117649117805 0.008456476299684032
o 8080 0.7094275062474062 0.7188401017156066
o 8090 0.7296309352394577 0.7388336312039849
o 8100 7.991222603921683e-06 0.0030090671822076954
o 8110 0.018277218227021996 0.0350484090550465
o 8120 0.03517207194772308 0.05707064729193271
o 8130 0.8026334347719652 0.8108601535146693
o 8140 0.2133326022583071 0.2576751220213109
o 8150 0 0.001898421329222681
o 8160 0.23774677682812223 0.24667222237621939
o 8170 0.9429052573773832 0.9476472857277536
o 8180 0.03916619663858958 0.0620581588280243
o 8190 0.009855042906883335 0.023019533072451286
o 8200 0.8834486357329828 0.8900528229146084
o 8210 0.001649324908062456 0.00880334164974328
o 8220 0.9183798900527363 0.9239963318634233
o 8230 0.2686053671274498 0.2778889345138079
o 8240 0.034288322455675625 0.055958503429921556
o 8250 0.03805400565471553 0.060675433143271666
o 8260 0.998337950257779 0.9990853403044789
o 8270 0.13813394530783132 0.17617396042778138
o 8280 0.04453100665351108 0.06866910927470972
o 8290 0.9410180745160042 0.9458347519304022
o 8300 0.8677521179755298 0.874731694686387
o 8310 0.9826523769445138 0.9852741298305578
o 8320 0 0.001898421329222681
o 8330 0.9833807378502427 0.9859456539748833
o 8340 0.17437386787164946 0.21578850082357257
o 8350 0.01534915930690046 0.030992434315065737
o 8360 0.465703393619258 0.4761010073768227
o 8370 0.40055295227046717 0.4107813157492599
o 8380 0.0006752903406782928 0.006301857709341101
o 8390 0.0019580104226592436 0.009489188433561148
o 8400 0.053782746458080774 0.0798764393249738
o 8410 0 0.001898421329222681
o 8420 0.0009324348934347567 0.007036589240051859
o 8430 0.00024191906793846123 0.004755907633503291
o 8440 0 0.001898421329222681
o 8450 8.882678547916669e-05 0.0039217320178581766
o 8460 0.06908683476368846 0.09800632771453976
o 8470 0 0.001898421329222681
o 8480 0.003450136205482341 0.012476788296200752
o 8490 0.5286717634753955 0.5390631141239093
o 8500 0.8712623019017822 0.8781609842653892
o 8510 0.997190931278098 0.998192854970899
o 8520 0.9966503860977012 0.9977535678378241
o 8530 0.9486634521376215 0.9531682259033885
o 8540 0.9797968467705427 0.982630106574428
o 8550 0.6656916696433758 0.6754825271397618
o 8560 0.9225270885415967 0.9280085116165444
o 8570 0.6694155739042085 0.6791780616308299
o 8580 0.007891405259214859 0.019996633184234777
o 8590 0.05129093853513796 0.07687917950745071
o 8600 0 0.001898421329222681
o 8610 1.2503125260416678e-07 0.002496859604378729
o 8620 0.2643884040313814 0.27362653922318336
o 8630 0 0.001898421329222681
o 8640 8.882678547916669e-05 0.0039217320178581766
o 8650 0.007312477753440096 0.019079809559213835
o 8660 0.17868696470452639 0.22045820172106206
o 8670 0.13599943030622938 0.17381711167222363
o 8680 0.2254160182499022 0.2705440426933453
o 8690 0.5681630693657207 0.578465841799277
o 8700 0.2256579485639456 0.2708011593725031
o 8710 0.45214458049749273 0.4625218728016857
o 8720 0.9821636989993063 0.9848228846324077
o 8730 0.3683315884044796 0.3784075650833063
o 8740 1.2503125260416678e-07 0.002496859604378729
o 8750 0 0.001898421329222681
o 8760 0.5971846725605515 0.6073798569884605
o 8770 0.004511585210396028 0.014404234093439409
o 8780 0 0.001898421329222681
o 8790 0 0.001898421329222681
o 8800 0.8093678869283252 0.8174846896218465
o 8810 0 0.001898421329222681
o 8820 0.2895387277846221 0.29903239025314615
o 8830 0.8185755035834201 0.8265356899623103
o 8840 0.9588020445049555 0.9628481073539423
o 8850 0.0003372871601498705 0.005154702728074599
o 8860 0.0003372871601498705 0.005154702728074599
o 8870 0 0.001898421329222681
o 8880 0.3013241211435898 0.3109252055234325
o 8890 0.5681931133804288 0.5784957932472632
o 8900 0.00080123962354896 0.006671700522778359
o 8910 0.4354037489049538 0.44574523917546005
o 8920 7.991222603921683e-06 0.0030090671822076954
o 8930 0 0.001898421329222681
o 8940 0.6670868384972989 0.6768671480078441
o 8950 8.882678547916669e-05 0.0039217320178581766
o 8960 0.0006752903406782928 0.006301857709341101
o 8970 0 0.001898421329222681
o 8980 0.03650039002918681 0.058736187742151
o 8990 0.004511585210396028 0.014404234093439409
o 9000 0.27453387691573483 0.28387952286527424
o 9010 0.009656569816732786 0.022719311412347617
o 9020 0.11497095616311073 0.15043114518689676
o 9030 0.0010682763582352591 0.0073970852578007515
o 9040 0 0.001898421329222681
o 9050 0.002116069097594998 0.009828562825908676
o 9060 0 0.001898421329222681
o 9070 0.9579926830934523 0.9620775908039225
o 9080 0.02252798432028497 0.04077562299650758
o 9090 0.8829322077391015 0.8895493283451188
o 9100 0.006171472835004008 0.01722969751751762
o 9110 0.27270348856002646 0.2820301896439821
o 9120 7.991222603921683e-06 0.0030090671822076954
o 9130 0.4798358350452531 0.49024642745608754
o 9140 0.2891406391475348 0.2986305394114251
o 9150 0.9920682984694709 0.9938166473850795
o 9160 0.016181160481881566 0.03215581329857458
o 9170 0.6645675400360092 0.6743668261789506
o 9180 0.9825899766058688 0.9852165399946196
o 9190 0 0.001898421329222681
o 9200 0.4936224773444473 0.5040376996024083
o 9210 0.9632115115689018 0.9670379745182521
o 9220 0.02727656115148228 0.04700355242468385
o 9230 0.3707448800571973 0.3808339073867876
o 9240 0.9946525894466195 0.9960718514107407
o 9250 0.005056954818930068 0.015353762737390843
o 9260 0 0.001898421329222681
o 9270 0 0.001898421329222681
o 9280 0.009260947803963445 0.022117568746385315
o 9290 0.9163985653330067 0.9220779536100105
o 9300 0.9399880817424624 0.9448448993176021
o 9310 0.9998259044303538 0.9999936749830982
o 9320 7.991222603921683e-06 0.0030090671822076954
o 9330 0.5307030872576568 0.5410914833282127
o 9340 0.9472640343060268 0.9518278540569899
o 9350 0 0.001898421329222681
o 9360 0.04835488479218271 0.07332819689455183
o 9370 0.8086620901418081 0.8167905924341121
o 9380 0.17126148515137277 0.21241331102355812
o 9390 0 0.001898421329222681
o 9400 0.7919105682295792 0.8003046313416771
o 9410 0.6656214106229944 0.6754127967496546
o 9420 7.991222603921683e-06 0.0030090671822076954
o 9430 0 0.001898421329222681
o 9440 0.9464266506193905 0.9510253635678536
o 9450 0.8751477785780358 0.8819549248530495
o 9460 8.882678547916669e-05 0.0039217320178581766
o 9470 0.3656591745932597 0.37572038426787463
o 9480 0.07253895018298817 0.10203953415995223
o 9490 0.9891639114035168 0.9912215413689516
o 9500 0.9744384238415412 0.9776293556907125
o 9510 0.921530736872114 0.9270450126671659
o 9520 1.2503125260416678e-07 0.002496859604378729
o 9530 0.14835070457206803 0.18741597221555312
o 9540 0.6851280932854338 0.6947631746265486
o 9550 0.00044226519601354134 0.005544357862369048
o 9560 0.20488997425800087 0.2486511307605166
o 9570 0 0.001898421329222681
o 9580 0.9037899118645929 0.9098484971787766
o 9590 0.7467480233512842 0.7557539672985478
o 9600 0.9100412344094665 0.9159162375379555
o 9610 0.7509733930426874 0.7599279619275479
o 9620 0.7433580784218643 0.7524044222687122
o 9630 0.009260947803963445 0.022117568746385315
o 9640 0.9883023559067861 0.9904432409926119
o 9650 0.015141778547267329 0.03070097825085983
o 9660 0.8908025085065201 0.8972178475317021
o 9670 0.872749583704535 0.8796134793970692
o 9680 0.07669230150235337 0.10686860764458933
o 9690 0 0.001898421329222681
o 9700 0.005610547660270857 0.016295299336841672
o 9710 0.9997326272886438 0.9999679765707888
o 9720 0.9936765866204023 0.9952280545914376
o 9730 0.8595918419396461 0.8667531948568268
o 9740 0.041173063419071024 0.06454217278059446
o 9750 0.1866049705182205 0.22900867254196633
o 9760 0.0024387518563779645 0.010501026607640301
o 9770 0.5783390855639627 0.5886082889569617
o 9780 0 0.001898421329222681
o 9790 0.048805938245620524 0.07387514572923937
o 9800 0.8806743477138513 0.8873475269380438
o 9810 0.3461496468822112 0.35609287219992974
o 9820 0.005610547660270857 0.016295299336841672
o 9830 0.9712105938018049 0.9745976787909966
o 9840 0.9839847567189776 0.9865015393820769
o 9850 0.6684519427967925 0.6782218379676406
o 9860 0.06152373548181196 0.08910183966911622
o 9870 0.002769249638749699 0.011165993402573597
o 9880 0 0.001898421329222681
o 9890 1.2503125260416678e-07 0.002496859604378729
o 9900 1.2503125260416678e-07 0.002496859604378729
o 9910 0.935095853158649 0.9401378620458941
o 9920 0.35875953152932283 0.3687810740549473
o 9930 0.047453507237733984 0.07223357368564991
o 9940 0.9982008159598562 0.9989825511496583
o 9950 0.748971301212839 0.7579503549513396
o 9960 0.5553560606256015 0.5656947849287017
o 9970 0 0.001898421329222681
o 9980 0.4205757214654417 0.43087551256338147
o 9990 1.2503125260416678e-07 0.002496859604378729
