0 0.0 0.0 0.0
500 1.6300000000000001 1.0641803639626457 1.8807766577623517
1000 1.01 0.7392834303060083 2.7308392358165143
1500 0.99 0.2345146052092748 0.3104158026433284
2000 0.0 0.0 0.0
2500 0.0 0.0 0.0
3000 0.0 0.0 0.0
3500 1.8 0.9330366378723259 1.0762123044998082
4000 1.43 0.72603835979019 1.0313606854683166
4500 1.4000000000000001 0.9687736165348451 2.2465546025968655
5000 1.72 1.0650186953572298 1.6260291519894539
5500 0.25 0.006748209481778955 0.0277416641719374
6000 0.0 0.0 0.0
6500 0.13 0.00092583951486927 0.007172926876994301
7000 1.71 1.0689250630851168 1.667394873100522
7500 0.0 0.0 0.0
8000 1.34 1.0473553889209846 3.5789327712519996
8500 0.0 0.0 0.0
9000 0.0 0.0 0.0
9500 1.7 1.0691662089639147 1.6948461292916943
10000 0.0034723275761606876 0.0 0.0
10500 1.16 0.853468035284966 2.7842709196034043
11000 1.23 0.977630972720752 3.8738151953924063
11500 1.58 1.1081840245178447 2.3487632511497214
12000 0.0 0.0 0.0
12500 0.0 0.0 0.0
13000 1.58 1.1093409983926663 2.35699518038365
13500 1.36 0.9390446308739495 2.2307462969851386
14000 1.5 1.1034706576053206 2.782822201608974
14500 1.81 0.9187287350052276 1.0308070854394886
15000 1.36 0.747843006110215 1.2216523107222057
15500 1.61 1.005002645636466 1.6611686619584365
16000 1.62 1.1074446269037528 2.1606341188346057
16500 0.0 0.0 0.0
17000 1.8 0.9238328803385222 1.054402590107993
17500 1.67 1.095252158431095 1.9056220471247969
18000 0.28 0.0169966007976437 0.064625023285598
18500 0.12 0.01718157700445974 0.1671060156719676
19000 0.84 0.6065475698395257 2.598163443501477
19500 0.0 0.0 0.0
20000 0.5 0.3375816196533633 2.0784693144512927
20500 0.0 0.0 0.0
21000 0.0 0.0 0.0
21500 1.3800000000000001 1.05100508496359 3.194593706250062
22000 0.0 0.0 0.0
22500 0.0 0.0 0.0
23000 0.0 0.0 0.0
23500 0.0 0.0 0.0
24000 0.0 0.0 0.0
24500 0.0 0.0 0.0
25000 1.5 1.1023169465684184 2.771847925267613
25500 1.53 1.105789692540453 2.606701612609688
26000 0.05737055096919989 0.0 0.0
26500 0.0 0.0 0.0
27000 1.54 0.9686333776780798 1.6952921991518273
27500 0.15 0.09559857070730786 1.75728049704293
28000 1.1300000000000001 0.7652129027390688 2.0976972828392393
28500 0.0 0.0 0.0
29000 0.0 0.0 0.0
29500 0.01165798928127039 0.0 0.0
30000 0.0 0.0 0.0
30500 1.48 1.101157584755387 2.9066375369938067
31000 0.0 0.0 0.0
31500 0.0 0.0 0.0
32000 0.84 0.27193134549385656 0.47869450873022207
32500 0.0 0.0 0.0
33000 1.3 1.0011623200828121 3.3501877017658837
33500 1.52 1.0524369535811964 2.250898486615027
34000 0.0 0.0 0.0
34500 1.1400000000000001 0.7991477199934672 2.344557354811153
35000 0.0 0.0 0.0
35500 0.0 0.0 0.0
36000 0.0 0.0 0.0
36500 0.0 0.0 0.0
37000 0.0 0.0 0.0
37500 0.0 0.0 0.0
38000 0.0 0.0 0.0
38500 0.0 0.0 0.0
39000 0.04250334971555202 0.0 0.0
39500 0.0 0.0 0.0
40000 1.78 0.9723713071233478 1.203983112164957
40500 1.36 1.058674844820613 3.5133968293830438
41000 0.0 0.0 0.0
41500 0.0 0.0 0.0
42000 0.17 0.026908915807940886 0.18805445468442542
42500 0.09556088180791164 0.0 0.0
43000 0.0 0.0 0.0
43500 0.022082418089695882 0.0 0.0
44000 0.0 0.0 0.0
44500 0.66 0.26231694656841853 0.6596130871177498
45000 1.46 1.0948937925736923 2.9988364215765446
45500 0.0 0.0 0.0
46000 0.0 0.0 0.0
46500 0.0 0.0 0.0
47000 0.38 0.2543550987271755 2.024396502766718
47500 1.31 0.8159076491463895 1.6513262100431223
48000 0.0 0.0 0.0
48500 0.0 0.0 0.0
49000 1.45 1.0876627785098276 3.0017969835851606
49500 0.0 0.0 0.0
