0 0.0 0.0 0.0
500 1.36 0.7941803639626457 1.4035927942066246
1000 0.9400000000000001 0.6692834303060085 2.472266219472796
1500 0.96 0.20451460520927478 0.27070623286625783
2000 0.0 0.0 0.0
2500 0.0 0.0 0.0
3000 0.0 0.0 0.0
3500 1.48 0.6130366378723259 0.7071078948109534
4000 1.34 0.6360383597901902 0.9035128101591221
4500 1.19 0.7587736165348449 1.7595714122073354
5000 1.41 0.7550186953572297 1.1527332001774009
5500 0.25 0.006748209481778955 0.0277416641719374
6000 0.0 0.0 0.0
6500 0.13 0.00092583951486927 0.007172926876994301
7000 1.4000000000000001 0.7589250630851169 1.1838320598483805
7500 0.0 0.0 0.0
8000 1.07 0.7773553889209845 2.6563119889848057
8500 0.0 0.0 0.0
9000 0.0 0.0 0.0
9500 1.3900000000000001 0.7591662089639148 1.2034330115973269
10000 0.0034723275761606876 0.0 0.0
10500 1.05 0.7434680352849661 2.425417642744461
11000 1.0 0.747630972720752 2.96245137836781
11500 1.28 0.8081840245178445 1.712922127513698
12000 0.0 0.0 0.0
12500 0.0 0.0 0.0
13000 1.28 0.8093409983926663 1.7195910322095393
13500 1.21 0.7890446308739494 1.87441398481766
14000 1.21 0.8134706576053204 2.0514765759645717
14500 1.49 0.5987287350052275 0.671769368676706
15000 1.28 0.667843006110215 1.0909668806797228
15500 1.3800000000000001 0.775002645636466 1.2810017102500886
16000 1.32 0.8074446269037527 1.5753315042356044
16500 0.0 0.0 0.0
17000 1.49 0.6138328803385221 0.7005888107005054
17500 1.36 0.7852521584310952 1.366255080293248
18000 0.28 0.0169966007976437 0.064625023285598
18500 0.12 0.01718157700445974 0.1671060156719676
19000 0.81 0.5765475698395258 2.469657606233567
19500 0.0 0.0 0.0
20000 0.49 0.3275816196533633 2.016899928162267
20500 0.0 0.0 0.0
21000 0.0 0.0 0.0
21500 1.1300000000000001 0.8010050849635899 2.434703542074326
22000 0.0 0.0 0.0
22500 0.0 0.0 0.0
23000 0.0 0.0 0.0
23500 0.0 0.0 0.0
24000 0.0 0.0 0.0
24500 0.0 0.0 0.0
25000 1.21 0.8123169465684185 2.0426239930492076
25500 1.24 0.8157896925404529 1.923078431134649
26000 0.05737055096919989 0.0 0.0
26500 0.0 0.0 0.0
27000 1.33 0.7586333776780798 1.3277523538129419
27500 0.15 0.09559857070730786 1.75728049704293
28000 1.04 0.6752129027390688 1.8509780302237244
28500 0.0 0.0 0.0
29000 0.0 0.0 0.0
29500 0.01165798928127039 0.0 0.0
30000 0.0 0.0 0.0
30500 1.19 0.8111575847553869 2.1411477493396145
31000 0.0 0.0 0.0
31500 0.0 0.0 0.0
32000 0.8200000000000001 0.25193134549385665 0.4434874966175979
32500 0.0 0.0 0.0
33000 1.08 0.7811623200828123 2.6140020906978116
33500 1.28 0.8124369535811965 1.7375987255705492
34000 0.0 0.0 0.0
34500 1.05 0.7091477199934672 2.0805133531155353
35000 0.0 0.0 0.0
35500 0.0 0.0 0.0
36000 0.0 0.0 0.0
36500 0.0 0.0 0.0
37000 0.0 0.0 0.0
37500 0.0 0.0 0.0
38000 0.0 0.0 0.0
38500 0.0 0.0 0.0
39000 0.04250334971555202 0.0 0.0
39500 0.0 0.0 0.0
40000 1.47 0.6623713071233478 0.8201433566755543
40500 1.08 0.7786748448206128 2.584168070392417
41000 0.0 0.0 0.0
41500 0.0 0.0 0.0
42000 0.17 0.026908915807940886 0.18805445468442542
42500 0.09556088180791164 0.0 0.0
43000 0.0 0.0 0.0
43500 0.022082418089695882 0.0 0.0
44000 0.0 0.0 0.0
44500 0.65 0.2523169465684185 0.6344674342826324
45000 1.17 0.8048937925736922 2.204546995372984
45500 0.0 0.0 0.0
46000 0.0 0.0 0.0
46500 0.0 0.0 0.0
47000 0.37 0.24435509872717548 1.944807121114962
47500 1.23 0.7359076491463894 1.4894131590481223
48000 0.0 0.0 0.0
48500 0.0 0.0 0.0
49000 1.17 0.8076627785098276 2.2290361867549224
49500 0.0 0.0 0.0
