5.7697296142578125e-05
668.697060585022
545.0649673938751
209.0595576763153
8.177757263183594e-05
9.584426879882812e-05
6.818771362304688e-05
508.5465347766876
545.833624124527
647.9078948497772
631.64981341362
17.15199637413025
8.082389831542969e-05
18.239224910736084
628.2983973026276
5.817413330078125e-05
625.0265002250671
6.651878356933594e-05
6.222724914550781e-05
624.9967384338379
6.985621213912964
604.7484245300293
607.3949518203735
653.8781638145447
6.127357482910156e-05
5.7697296142578125e-05
675.9244101047516
653.2323913574219
655.0236005783081
502.3527727127075
566.1531584262848
648.8194725513458
671.6052165031433
2.9087066650390625e-05
525.0489733219147
662.8739717006683
27.08728265762329
25.566509008407593
486.72892451286316
2.3603439331054688e-05
295.3019895553589
2.5272369384765625e-05
4.9114227294921875e-05
646.896632194519
3.62396240234375e-05
2.09808349609375e-05
2.956390380859375e-05
2.0265579223632812e-05
3.8623809814453125e-05
3.314018249511719e-05
653.2539119720459
660.0699260234833
7.482763767242432
2.47955322265625e-05
655.0664494037628
86.44271326065063
572.3200352191925
2.3126602172851562e-05
2.2172927856445312e-05
7.773504734039307
1.5735626220703125e-05
630.7272074222565
1.8358230590820312e-05
2.0742416381835938e-05
246.89003014564514
2.7418136596679688e-05
591.4163625240326
597.9517567157745
2.0503997802734375e-05
523.3330173492432
2.5272369384765625e-05
3.552436828613281e-05
3.361701965332031e-05
2.1219253540039062e-05
2.7894973754882812e-05
2.0742416381835938e-05
2.384185791015625e-05
2.1696090698242188e-05
7.702770233154297
2.3603439331054688e-05
496.6490888595581
564.9845688343048
2.6226043701171875e-05
1.9073486328125e-05
37.174041748046875
7.956944704055786
3.4332275390625e-05
7.502245903015137
1.8835067749023438e-05
222.5426459312439
577.2152671813965
2.4318695068359375e-05
3.933906555175781e-05
2.5510787963867188e-05
206.1781439781189
537.4724397659302
3.838539123535156e-05
2.0742416381835938e-05
562.5015180110931
2.193450927734375e-05
