6.151199340820312e-05
692.2180755138397
567.2360582351685
202.1429262161255
5.316734313964844e-05
5.841255187988281e-05
5.698204040527344e-05
583.6966037750244
547.2933804988861
663.9352915287018
672.7313725948334
15.575603246688843
6.508827209472656e-05
16.54134511947632
666.2135171890259
5.340576171875e-05
680.6015343666077
5.2928924560546875e-05
4.839897155761719e-05
669.1200532913208
6.446860074996948
614.2493145465851
651.4352519512177
708.9027795791626
6.270408630371094e-05
5.698204040527344e-05
730.8888282775879
666.8891434669495
708.7791998386383
576.1866908073425
585.0820088386536
676.7861371040344
742.1297376155853
2.09808349609375e-05
588.0869739055634
705.2371981143951
25.836077451705933
23.894748210906982
465.58509492874146
3.0994415283203125e-05
267.20846939086914
1.5497207641601562e-05
1.4781951904296875e-05
689.4885263442993
2.384185791015625e-05
2.4080276489257812e-05
2.86102294921875e-05
3.218650817871094e-05
2.288818359375e-05
2.7418136596679688e-05
708.4960415363312
718.3809180259705
6.910634994506836
2.6941299438476562e-05
644.4832348823547
75.01996612548828
595.4980797767639
2.3365020751953125e-05
3.075599670410156e-05
7.135863304138184
2.765655517578125e-05
702.0061342716217
1.52587890625e-05
2.765655517578125e-05
258.20610451698303
3.457069396972656e-05
654.4405210018158
627.3329148292542
2.6702880859375e-05
537.4053082466125
1.239776611328125e-05
4.839897155761719e-05
2.3126602172851562e-05
1.52587890625e-05
1.8358230590820312e-05
1.9550323486328125e-05
1.5020370483398438e-05
1.3113021850585938e-05
7.13212776184082
2.1457672119140625e-05
547.8198394775391
622.1104266643524
2.09808349609375e-05
1.9073486328125e-05
33.92670726776123
7.372328519821167
1.430511474609375e-05
6.8797571659088135
3.0040740966796875e-05
210.3067011833191
637.1420965194702
2.765655517578125e-05
2.765655517578125e-05
2.765655517578125e-05
201.54158425331116
552.8600823879242
1.8596649169921875e-05
2.6702880859375e-05
619.0423300266266
1.7404556274414062e-05
