
x disttype general-gaussian
x k 75260
x std 0.5
x N 50000
x alpha 0.0005

o 0 0.035014512176984966 0.040981668876453936
o 500 0.9998341327646891 1
o 1000 0.9998341327646891 1
o 1500 0.9936509981065429 0.9959004803202396
o 2000 0.009596672659423874 0.01288917313121618
o 2500 0.7417954815808716 0.7553207138651721
o 3000 1.0851213888255374e-05 0.0003669346313138755
o 3500 0.9998341327646891 1
o 4000 0.9998341327646891 1
o 4500 0.9998341327646891 1
o 5000 0.9998341327646891 1
o 5500 0.9997041638433971 0.9999976422569008
o 6000 0 0.00016586723531085122
o 6500 0.9971596588721757 0.9985896533979276
o 7000 0.9998341327646891 1
o 7500 0.000276936226907186 0.0010565779080022875
o 8000 0.9997041638433971 0.9999976422569008
o 8500 0.0014767473742026275 0.0029338575831354685
o 9000 0.004564825406260181 0.006923427692597683
o 9500 0.9998341327646891 1
o 10000 0.6559668517455121 0.6706980880889133
o 10500 0.9607413222689939 0.9665819197365013
o 11000 0.9978468002059815 0.9990617938017794
o 11500 0.5918461851978171 0.6071202808247721
o 12000 0 0.00016586723531085122
o 12500 0.06406619089827269 0.07191968579041652
o 13000 0.9094740409351091 0.9182262648814721
o 13500 0.9998341327646891 1
o 14000 0.9989434220919977 0.9997230637730928
o 14500 0.9998341327646891 1
o 15000 0.9998341327646891 1
o 15500 0.9998341327646891 1
o 16000 0.9998341327646891 1
o 16500 0.7028915757355778 0.7170376385285033
o 17000 0.9998341327646891 1
o 17500 0.9998341327646891 1
o 18000 0.9992130705901301 0.9998523473218889
o 18500 0.9997427320109885 0.9999995494141014
o 19000 0.9507347954198121 0.9572717900951253
o 19500 0.9998341327646891 1
o 20000 0.6796399420099555 0.6940970614086226
o 20500 0.1229898515891326 0.13341558276975518
o 21000 0.8297641374505109 0.8413226893917152
o 21500 0.9520995062464941 0.9585466241209952
o 22000 0.40759416401754056 0.42295439517405076
o 22500 0.7675144714359464 0.7805531273101034
o 23000 0.01156971023503345 0.015155304835271166
o 23500 0 0.00016586723531085122
o 24000 0.02195398833834709 0.026766982559659813
o 24500 0.7989131019906357 0.8112640129553688
o 25000 0.9998341327646891 1
o 25500 0.9996678275924519 0.9999940967944916
o 26000 0.9983090111814502 0.9993589235528282
o 26500 0.038308296780616 0.044526699038172524
o 27000 0.9998341327646891 1
o 27500 0.442634082143567 0.4581426405609841
o 28000 0.05893173784181608 0.06649594165800976
o 28500 0.00034613229865897415 0.0011869972764159131
o 29000 0.002880039848726426 0.0048092779264155006
o 29500 0.9996678275924519 0.9999940967944916
o 30000 0 0.00016586723531085122
o 30500 0.6975146019909793 0.7117364129914445
o 31000 0.02254426357802511 0.027416486292846542
o 31500 0 0.00016586723531085122
o 32000 0.9998341327646891 1
o 32500 0.0001722718904719812 0.0008420520734764292
o 33000 0.9983584448714474 0.9993894057514955
o 33500 0.9658789467315839 0.9713225703404298
o 34000 0.17749850448871235 0.18956822330618528
o 34500 0.9952132377921347 0.9971374316439408
o 35000 0.046905411795702276 0.0537265160503515
o 35500 0.8088725155078135 0.8209812767764211
o 36000 0.008025305169084614 0.0110612330127412
o 36500 0.8019690898104903 0.8142470054536703
o 37000 0.008006886370307493 0.011039660141312746
o 37500 0.0001975884929334221 0.0008965034907969516
o 38000 1.694642373683569e-05 0.00040050853982798174
o 38500 0.36199903602953326 0.3770449469620274
o 39000 0.7359253549629479 0.7495528037292719
o 39500 0 0.00016586723531085122
o 40000 0.9995037605889281 0.9999597116202779
o 40500 0.04137613765789306 0.04781775957422363
o 41000 0.8547313157746733 0.8655471948644591
o 41500 0.8945586762971223 0.9039465862865735
o 42000 0.9997427320109885 0.9999995494141014
o 42500 0.9044439568975746 0.9134180203630196
o 43000 0 0.00016586723531085122
o 43500 0.9690075055433173 0.974192956566465
o 44000 0.010972707597372266 0.014472555226877293
o 44500 0.9665666275038066 0.9719546580301524
o 45000 0.9998341327646891 1
o 45500 0.0008273221554159791 0.0019843021615314482
o 46000 0.10573436182364583 0.11551702596445268
o 46500 0.0808946305902528 0.08960536948159126
o 47000 0.9675674832479488 0.9728734649670923
o 47500 0.9998341327646891 1
o 48000 0.6536750642937854 0.6684306441830155
o 48500 0 0.00016586723531085122
o 49000 0.9998341327646891 1
o 49500 0.28625811606205825 0.30045155011801383
