
x disttype general-gaussian
x k 75260
x std 0.45
x N 50000
x alpha 0.0005

o 0 0.03303363925361943 0.03884325794423871
o 500 0.9997427320109885 0.9999995494141014
o 1000 0.999297246851899 0.9998877222821806
o 1500 0.9807047591647817 0.9847716957838963
o 2000 0.009912187074404498 0.013253523396740241
o 2500 0.6791972599916245 0.6936598917805916
o 3000 0.00011227771781942915 0.0007027531481009763
o 3500 0.9998341327646891 1
o 4000 0.9998341327646891 1
o 4500 0.9997041638433971 0.9999976422569008
o 5000 0.9998341327646891 1
o 5500 0.9993257723589525 0.9998990270247117
o 6000 0 0.00016586723531085122
o 6500 0.9875614426497399 0.9907925430879243
o 7000 0.9998341327646891 1
o 7500 0.0006717323004385943 0.0017402522987572944
o 8000 0.9979190093140644 0.999109494009705
o 8500 0.0015601048220589995 0.003050400690976396
o 9000 0.004816428841192313 0.007231684664073534
o 9500 0.9998341327646891 1
o 10000 0.6212281560212768 0.6362884407647281
o 10500 0.9445198347058319 0.9514488213802821
o 11000 0.9950557671449217 0.9970149908693551
o 11500 0.6245816426754519 0.6396138282604138
o 12000 0 0.00016586723531085122
o 12500 0.05498880093910152 0.062320267025153364
o 13000 0.9110902830421838 0.9197694857405663
o 13500 0.9994130827814863 0.9999311292217226
o 14000 0.9974182533663415 0.9987708140525817
o 14500 0.9998341327646891 1
o 15000 0.9997427320109885 0.9999995494141014
o 15500 0.998088544558281 0.9992197297420591
o 16000 0.9998341327646891 1
o 16500 0.6629841336479163 0.6776384530096073
o 17000 0.9998341327646891 1
o 17500 0.9998341327646891 1
o 18000 0.9962573212126038 0.9979326974599837
o 18500 0.9985580909074143 0.9995093820155696
o 19000 0.9143446063738314 0.9228740811080132
o 19500 0.9996678275924519 0.9999940967944916
o 20000 0.6755554798639956 0.690062892439766
o 20500 0.12025886496125572 0.1305875103582984
o 21000 0.7842278771979894 0.7969141394535654
o 21500 0.9284088244219881 0.9362451897104052
o 22000 0.37452669657801413 0.3896730460223051
o 22500 0.7105865445126573 0.7246200933173249
o 23000 0.012055560690925239 0.01570925470266804
o 23500 0 0.00016586723531085122
o 24000 0.045918466312342573 0.05267381217169742
o 24500 0.7576388641459213 0.7708720346069341
o 25000 0.999599491460172 0.9999830535762632
o 25500 0.9983090111814502 0.9993589235528282
o 26000 0.9816361696296825 0.9855999584713957
o 26500 0.03981268460883663 0.04614177190236857
o 27000 0.9996330653686861 0.9999891487861118
o 27500 0.40250909769405974 0.41784118040952967
o 28000 0.11130560535354826 0.1213038580751884
o 28500 0.0002499844844402703 0.001003705637588781
o 29000 0.019369460164352145 0.023912486348466322
o 29500 0.999442873695936 0.9999411111022777
o 30000 4.5058589854506926e-07 0.0002572679890114893
o 30500 0.6949775607285712 0.7092343040072187
o 31000 0.030805842099178877 0.03643186401438314
o 31500 0 0.00016586723531085122
o 32000 0.9998341327646891 1
o 32500 0.0007180219276559361 0.0018138475403408627
o 33000 0.9974891765373674 0.9988198190301265
o 33500 0.944066118523751 0.9510226886078311
o 34000 0.16504675052475196 0.17678424000258297
o 34500 0.9921975785188053 0.9947145595483547
o 35000 0.042882786088513355 0.049430573257783994
o 35500 0.7368128321007743 0.7504250297510231
o 36000 0.008209586560757076 0.011276868587929645
o 36500 0.7464160615349865 0.7598585888628893
o 37000 0.009300071853684096 0.012545902158284994
o 37500 0.0005202947705672456 0.0014921308975106573
o 38000 1.694642373683569e-05 0.00040050853982798174
o 38500 0.35290049209475166 0.3678665718659099
o 39000 0.6901055536794151 0.704427943081341
o 39500 5.000625091698381e-09 0.00021515175808195508
o 40000 0.9975840325399995 0.9988848632863743
o 40500 0.03996704616535706 0.046307355074592715
o 41000 0.7817815501509994 0.7945212833225735
o 41500 0.8524353989561165 0.8633238760490564
o 42000 0.9934297489189166 0.9957218343152169
o 42500 0.8498962116404336 0.8608639088087164
o 43000 0 0.00016586723531085122
o 43500 0.9215151547159078 0.9297011502338249
o 44000 0.010488480695554496 0.013916985233651924
o 44500 0.9385236817315116 0.9458069696088115
o 45000 0.9998341327646891 1
o 45500 0.0014601227440129746 0.0029105026263418488
o 46000 0.11032446896727723 0.12028533319364243
o 46500 0.09397788342092873 0.10327757318246655
o 47000 0.964795975075575 0.9703259062759708
o 47500 0.9989434220919977 0.9997230637730928
o 48000 0.614020464165657 0.6291385528190475
o 48500 2.357743099213211e-06 0.0002958361566028911
o 49000 0.9998341327646891 1
o 49500 0.2787738426572533 0.2928583661687504
