0 0.0
50 0.0
100 1.733722524568047
150 1.249310183010753
200 0.0
250 0.0
300 0.34847566094545634
350 0.0
400 0.9855726285257487
450 1.733722524568047
500 1.733722524568047
550 1.5359743368426746
600 0.0
650 1.6772922056456796
700 1.733722524568047
750 0.48317487111766155
800 0.9463862946116681
850 1.1150489187226906
900 0.0
950 1.733722524568047
1000 1.4378372374166317
1050 1.7004709571047534
1100 0.0
1150 0.0
1200 1.733722524568047
1250 1.733722524568047
1300 0.0
1350 1.733722524568047
1400 0.0
1450 1.733722524568047
1500 1.0680000180410927
1550 1.1445921452053134
1600 0.0
1650 0.0
1700 0.0
1750 0.0
1800 0.0
1850 1.5737736392737025
1900 0.0
1950 1.733722524568047
2000 0.0
2050 1.733722524568047
2100 0.0
2150 0.0
2200 1.3475843101233251
2250 1.733722524568047
2300 0.0
2350 0.0
2400 0.0
2450 1.3954324521778114
2500 0.0
2550 0.6063482639390791
2600 0.0
2650 0.0
2700 0.0
2750 0.8236655946272767
2800 1.6772922056456796
2850 0.0
2900 0.0
2950 0.0
3000 0.0
3050 1.3721259715934426
3100 0.0
3150 0.0
3200 1.4054573399306696
3250 0.0
3300 0.0
3350 0.3196767188692456
3400 0.0
3450 0.0
3500 1.733722524568047
3550 1.733722524568047
3600 1.643675341638464
3650 0.0
3700 0.0
3750 0.39029978357000233
3800 0.0
3850 1.5896444204097
3900 0.598096167649798
3950 0.4848406363538378
4000 1.733722524568047
4050 1.1101557810232574
4100 1.5598103116799664
4150 1.733722524568047
4200 0.821509012200349
4250 1.733722524568047
4300 1.4602798658421456
4350 1.733722524568047
4400 0.3366711387629535
4450 1.733722524568047
4500 1.733722524568047
4550 0.0
4600 0.03346779725150421
4650 0.0
4700 1.733722524568047
4750 1.5814348393368105
4800 1.733722524568047
4850 1.4139972363192215
4900 0.5743063671717266
4950 1.733722524568047
5000 1.733722524568047
5050 1.7004709571047534
5100 1.127634277160471
5150 1.3704726304605686
5200 0.45440202783781714
5250 0.0
5300 1.3301302881548316
5350 0.0
5400 0.0
5450 0.0
5500 1.274595891213384
5550 1.733722524568047
5600 0.7127310522569847
5650 1.5473108170741583
5700 0.0
5750 1.0791875812107936
5800 1.733722524568047
5850 0.0
5900 0.8694526266917981
5950 0.0
6000 0.0
6050 0.0
6100 1.4302620330806788
6150 0.0
6200 0.0
6250 0.0
6300 0.0
6350 1.733722524568047
6400 1.733722524568047
6450 1.733722524568047
6500 0.6389429529039127
6550 0.0
6600 1.733722524568047
6650 1.6304203156531762
6700 0.0
6750 0.5850891973811596
6800 1.733722524568047
6850 0.0
6900 1.6186850342231853
6950 1.733722524568047
7000 1.733722524568047
7050 1.733722524568047
7100 0.0
7150 0.8702246210526212
7200 0.0
7250 0.0
7300 0.0
7350 0.7260093768191495
7400 1.733722524568047
7450 0.0
7500 0.0
7550 1.56658595478123
7600 1.1158130326429379
7650 0.0
7700 0.0
7750 0.0
7800 1.733722524568047
7850 1.733722524568047
7900 0.4408996160588578
7950 0.8941140817301189
8000 1.443121445955871
8050 0.15237696435645298
8100 1.4870914429438067
8150 0.0
8200 0.0
8250 0.0
8300 0.0
8350 0.0
8400 0.0
8450 0.5089534338203447
8500 0.0
8550 0.0
8600 0.12129586016672457
8650 0.0
8700 0.43252002749243124
8750 0.0
8800 0.5885077744024272
8850 0.3521924015941818
8900 1.5070597041718121
8950 1.658987927203214
9000 0.0
9050 1.6186850342231853
9100 0.0
9150 0.0
9200 0.0
9250 0.762066970663464
9300 0.0
9350 0.7140717721055911
9400 0.8383417576590773
9450 0.0
9500 1.733722524568047
9550 0.5711088495382562
9600 0.0
9650 0.0
9700 0.0
9750 0.0
9800 0.0
9850 0.0
9900 0.0
9950 0.4201769502940128
10000 0.739552874793818
10050 0.8899045176509397
10100 0.06888486468126398
10150 1.4730263145232527
10200 1.3824394879314852
10250 0.16771054503662142
10300 0.7063320361449854
10350 0.982688621371011
10400 0.7333804917746762
10450 0.0
10500 1.0251385595214513
10550 1.733722524568047
10600 0.0
10650 0.0
10700 0.0
10750 0.707207053490594
10800 0.8903221704431341
10850 1.7004709571047534
10900 1.733722524568047
10950 0.7823811524013018
11000 1.4764071005955246
11050 1.733722524568047
11100 0.0
11150 0.7098465082774588
11200 0.0
11250 0.9180012131777567
11300 1.5070597041718121
11350 1.3392894480232558
11400 1.0497545169244842
11450 1.658987927203214
11500 0.13141482745215993
11550 0.0
11600 0.1252709378506915
11650 0.0
11700 0.0
11750 0.6428406085889931
11800 0.0
11850 0.0
11900 0.8547127459277081
11950 1.733722524568047
12000 0.0
12050 1.1805548114217808
12100 0.0
12150 1.3878713227734067
12200 1.733722524568047
12250 1.3000408234012166
12300 0.0
12350 1.733722524568047
12400 0.0
12450 0.0
12500 0.0
12550 1.733722524568047
12600 0.0
12650 0.07878534986141293
12700 0.0
12750 0.8601122917242561
12800 1.7004709571047534
12850 0.0
12900 0.3982230994917515
12950 0.0
13000 1.0276277311564321
13050 0.0
13100 1.6772922056456796
13150 1.4458394096110458
13200 0.0
13250 0.0
13300 1.4302620330806788
13350 1.4697263540208518
13400 1.6081226771961346
13450 0.0
13500 1.658987927203214
13550 0.0
13600 0.0
13650 1.6772922056456796
13700 1.5598103116799664
13750 1.7004709571047534
13800 1.6772922056456796
13850 1.733722524568047
13900 0.585346820262754
13950 1.0207275233639752
14000 1.658987927203214
14050 0.0
14100 0.0
14150 0.4104248707299355
14200 1.733722524568047
14250 0.7846338734075289
14300 1.733722524568047
14350 0.6406161390518155
14400 1.0646983008791
14450 1.432742759796013
14500 1.7004709571047534
14550 1.643675341638464
14600 0.0
14650 1.733722524568047
14700 1.733722524568047
14750 0.0
14800 0.09179965998713228
14850 0.0
14900 0.0
14950 0.8707411341038743
15000 1.7004709571047534
15050 1.7004709571047534
15100 0.0
15150 0.0
15200 0.0
15250 0.0
15300 0.338509427111064
15350 1.5814348393368105
15400 0.306681366388859
15450 1.733722524568047
15500 1.5070597041718121
15550 0.0
15600 0.0
15650 0.0
15700 0.0
15750 0.059402881166058775
15800 1.3860390392165844
15850 1.733722524568047
15900 0.5766714375492044
15950 0.0
16000 1.733722524568047
16050 1.2462015438314442
16100 1.031161929977189
16150 1.1763201342731189
16200 1.733722524568047
16250 0.0
16300 1.0497545169244842
16350 1.733722524568047
16400 1.733722524568047
16450 0.0
16500 0.3147763358325424
16550 0.0
16600 0.0
16650 0.058333208285696526
16700 1.1641611240152443
16750 0.9961819821578004
16800 0.12557130499488628
16850 0.5563061751785068
16900 0.0
16950 1.5159887842376525
17000 1.733722524568047
17050 0.8168231053990374
17100 0.0
17150 0.0
17200 1.0350129747955106
17250 0.0
17300 0.1560220454409746
17350 0.7485918490058359
17400 1.511446707518551
17450 0.0
17500 1.733722524568047
17550 1.733722524568047
17600 1.3366184161319115
17650 0.0
17700 1.1732059901736949
17750 0.6339681423215979
17800 0.0
17850 0.8525353069532504
17900 0.0
17950 1.5984985795282194
18000 1.443121445955871
18050 0.0
18100 1.733722524568047
18150 1.0337216960742845
18200 1.2581561205924192
18250 1.4118151644594683
18300 0.9678270621345658
18350 0.6102398879900378
18400 0.47953809268641867
18450 0.0
18500 1.5814348393368105
18550 1.733722524568047
18600 0.3451580032424747
18650 1.1161956348127569
18700 0.0
18750 0.7593747262573161
18800 1.5306729092494895
18850 1.2293237449044723
18900 0.0
18950 1.733722524568047
19000 0.7655779168578574
19050 0.0
19100 1.733722524568047
19150 0.0
19200 0.1047595135509843
19250 0.0
19300 0.0
19350 1.733722524568047
19400 1.5896444204097
19450 0.0
19500 1.5896444204097
19550 0.0
19600 0.0
19650 1.5814348393368105
19700 0.0
19750 0.0
19800 1.733722524568047
19850 0.0
19900 1.6772922056456796
19950 1.733722524568047
20000 0.6689370279638269
20050 0.0
20100 0.0
20150 0.0
20200 1.7004709571047534
20250 0.0
20300 0.0
20350 1.733722524568047
20400 0.0
20450 0.0
20500 0.0
20550 0.0
20600 0.48938263030717544
20650 0.0
20700 1.3490099641152566
20750 0.0
20800 1.7004709571047534
20850 0.0
20900 0.0
20950 0.0
21000 0.08919103379044413
21050 0.0
21100 0.0
21150 0.0
21200 0.516572459510492
21250 1.733722524568047
21300 1.733722524568047
21350 0.0
21400 1.6304203156531762
21450 1.733722524568047
21500 0.5187611751379619
21550 1.7004709571047534
21600 1.7004709571047534
21650 0.42351439952223524
21700 0.0
21750 0.0
21800 1.7004709571047534
21850 1.427823238343381
21900 0.0
21950 1.5473108170741583
22000 0.0
22050 0.0
22100 1.733722524568047
22150 0.17836041695554755
22200 0.0
22250 0.0
22300 0.28824512382011125
22350 0.0
22400 0.3540435808909812
22450 0.0
22500 0.5567381924051504
22550 1.733722524568047
22600 1.021944070506673
22650 1.733722524568047
22700 0.6672506779392743
22750 1.733722524568047
22800 0.0
22850 0.3792790741105946
22900 0.0
22950 0.0
23000 0.0
23050 1.6304203156531762
23100 0.0
23150 0.0
23200 0.0
23250 1.733722524568047
23300 1.733722524568047
23350 0.0
23400 1.6772922056456796
23450 0.0
23500 0.0
23550 1.733722524568047
23600 1.7004709571047534
23650 0.0
23700 0.0
23750 1.733722524568047
23800 1.4404545001066453
23850 1.2979397092982285
23900 0.0
23950 0.0
24000 0.0
24050 0.47389568083868083
24100 0.0
24150 0.943254250424068
24200 0.0
24250 0.1675818491858192
24300 0.3925770137142326
24350 0.0
24400 0.0
24450 1.0680000180410927
24500 0.0
24550 1.733722524568047
24600 1.0402574947839254
24650 0.0
24700 0.0
24750 0.0
24800 0.0
24850 0.0
24900 1.733722524568047
24950 0.0
25000 1.733722524568047
25050 0.0
25100 1.423066871459969
25150 1.56658595478123
25200 0.0
25250 1.733722524568047
25300 1.083380616257875
25350 1.733722524568047
25400 1.4947197662668925
25450 0.008579419669158792
25500 1.7004709571047534
25550 0.7653129626531826
25600 0.0
25650 0.1096688466736819
25700 1.733722524568047
25750 0.0
25800 0.0
25850 1.6772922056456796
25900 1.733722524568047
25950 0.0
26000 1.2878156293968286
26050 0.0
26100 1.5984985795282194
26150 1.3504486032806855
26200 0.0
26250 1.5814348393368105
26300 0.7522838763281654
26350 0.0
26400 0.0
26450 0.0
26500 0.0
26550 0.0
26600 0.0
26650 1.733722524568047
26700 0.27382773370812485
26750 0.6756351436620729
26800 0.0
26850 0.5892891940523787
26900 1.733722524568047
26950 0.4975531741296896
27000 1.6772922056456796
27050 0.0
27100 0.0
27150 0.35314921615504935
27200 0.0
27250 0.0
27300 1.733722524568047
27350 1.733722524568047
27400 1.658987927203214
27450 0.9709186463027388
27500 0.0
27550 1.733722524568047
27600 1.733722524568047
27650 0.0
27700 1.5896444204097
27750 0.0
27800 0.0
27850 1.733722524568047
27900 0.0
27950 1.498705169490762
28000 0.6847793156445482
28050 0.0
28100 1.733722524568047
28150 1.0910158257085887
28200 0.0
28250 1.733722524568047
28300 0.4489651736031013
28350 0.0
28400 0.0
28450 1.733722524568047
28500 0.0
28550 0.0
28600 0.0
28650 1.502816042034967
28700 1.733722524568047
28750 0.0
28800 0.0
28850 0.5817515039688907
28900 0.7629412077516531
28950 1.733722524568047
29000 0.0
29050 1.733722524568047
29100 0.0
29150 1.733722524568047
29200 0.0
29250 0.0
29300 0.9228774353524702
29350 0.0
29400 1.1706498620935224
29450 0.3225667701477576
29500 1.643675341638464
29550 1.733722524568047
29600 1.1651452081092888
29650 0.5450923865388236
29700 0.24097038485299396
29750 1.658987927203214
29800 0.0
29850 0.0
29900 0.0
29950 0.34408706974705244
30000 0.0
30050 0.0
30100 1.7004709571047534
30150 1.733722524568047
30200 0.0
30250 0.0
30300 1.733722524568047
30350 1.733722524568047
30400 0.0
30450 0.0
30500 1.009380054993032
30550 1.416212174674202
30600 1.733722524568047
30650 0.7999220283067654
30700 0.9214518101461471
30750 1.733722524568047
30800 0.0
30850 0.0
30900 0.0
30950 0.0
31000 0.0
31050 1.733722524568047
31100 1.733722524568047
31150 0.0
31200 0.0
31250 1.733722524568047
31300 0.0
31350 0.5689248797285109
31400 0.0
31450 0.9384621594642806
31500 0.0
31550 0.0
31600 1.3447709555906306
31650 0.0
31700 0.0
31750 0.050555359406680295
31800 0.8292424372134907
31850 0.0
31900 0.0
31950 0.0
32000 1.733722524568047
32050 1.733722524568047
32100 1.733722524568047
32150 0.0
32200 1.502816042034967
32250 1.733722524568047
32300 0.8075804480490762
32350 0.0
32400 0.0
32450 1.5984985795282194
32500 0.0
32550 0.0
32600 0.4928902047043462
32650 1.498705169490762
32700 0.0
32750 0.4259683581497895
32800 0.943254250424068
32850 0.5148723438323713
32900 1.733722524568047
32950 1.498705169490762
33000 1.6772922056456796
33050 1.733722524568047
33100 0.0
33150 0.0
33200 0.0
33250 0.0
33300 0.0
33350 0.0
33400 0.0
33450 1.6304203156531762
33500 1.190449862829332
33550 1.3202654549032609
33600 0.0
33650 0.0
33700 0.0
33750 0.0
33800 0.0
33850 0.3803454312300052
33900 1.6772922056456796
33950 1.733722524568047
34000 0.0
34050 0.0
34100 0.32448970878067723
34150 0.19403557434010138
34200 1.2683536817573664
34250 1.733722524568047
34300 0.0
34350 1.733722524568047
34400 1.733722524568047
34450 0.0
34500 1.4665052127316816
34550 0.0
34600 0.0
34650 0.4376353541204522
34700 1.733722524568047
34750 0.6148975392336428
34800 0.0
34850 0.0
34900 0.0
34950 1.658987927203214
35000 0.0
35050 1.733722524568047
35100 0.0
35150 0.0
35200 0.3921007581220459
35250 0.9401626607732936
35300 0.0
35350 1.432742759796013
35400 0.0
35450 0.6360325686338897
35500 0.0
35550 0.0
35600 0.0
35650 1.240145775532361
35700 1.733722524568047
35750 0.0
35800 1.2152007040638342
35850 0.5613262345734626
35900 0.0
35950 1.4184610779086486
36000 0.0
36050 0.9740509676479443
36100 1.733722524568047
36150 1.6772922056456796
36200 0.0
36250 0.0
36300 1.733722524568047
36350 1.733722524568047
36400 1.3789229997728167
36450 0.0
36500 0.0
36550 0.0
36600 1.7004709571047534
36650 0.0
36700 1.5984985795282194
36750 0.0
36800 1.733722524568047
36850 1.0846879236178895
36900 0.7393905507917296
36950 1.3688368054361884
37000 0.0
37050 0.0
37100 0.0
37150 0.0
37200 0.0
37250 0.0
37300 1.733722524568047
37350 0.0
37400 0.28334257908259486
37450 0.0
37500 0.0
37550 0.3553864236478559
37600 0.0
37650 1.3754868713177113
37700 0.11071245713004951
37750 1.3954324521778114
37800 1.7004709571047534
37850 1.733722524568047
37900 0.9746433250017253
37950 0.6858031114926547
38000 0.0
38050 0.0
38100 1.5896444204097
38150 1.733722524568047
38200 0.0
38250 1.0846879236178895
38300 1.733722524568047
38350 1.733722524568047
38400 0.0
38450 1.733722524568047
38500 0.4028843899328007
38550 1.3314069969235878
38600 0.0
38650 0.7505163718677809
38700 0.9190937201546945
38750 0.0
38800 0.0
38850 0.0
38900 0.0
38950 1.733722524568047
39000 0.13312321071637684
39050 1.733722524568047
39100 0.0
39150 1.733722524568047
39200 0.0
39250 0.856419042292627
39300 0.0
39350 0.0
39400 0.0
39450 0.20168762362712445
39500 0.0
39550 1.7004709571047534
39600 0.6856666036660795
39650 1.1569399155997013
39700 1.502816042034967
39750 0.0
39800 1.733722524568047
39850 0.0
39900 1.4352677329085697
39950 1.7004709571047534
40000 1.7004709571047534
40050 1.3548464136641178
40100 1.1732059901736949
40150 0.0
40200 0.0
40250 0.01746593212324323
40300 1.1696368947630655
40350 0.0
40400 0.0
40450 1.6186850342231853
40500 0.3034089094777135
40550 1.240145775532361
40600 1.733722524568047
40650 0.0
40700 0.0
40750 1.4947197662668925
40800 1.658987927203214
40850 1.0291354593942912
40900 0.0
40950 0.0
41000 0.0
41050 1.733722524568047
41100 1.7004709571047534
41150 0.0
41200 0.37931234544208614
41250 0.746099450032568
41300 0.6968594254519926
41350 0.0
41400 0.0
41450 1.6186850342231853
41500 0.5015466361620486
41550 0.0
41600 1.3190739449621693
41650 1.733722524568047
41700 1.6772922056456796
41750 0.0
41800 0.0
41850 0.0
41900 0.0
41950 1.2782686440205375
42000 0.8617294810338436
42050 0.0
42100 0.2909854912016902
42150 0.5724549283186346
42200 1.6772922056456796
42250 1.30541328370644
42300 0.3909781540935887
42350 0.0
42400 0.0
42450 1.4458394096110458
42500 0.0
42550 0.0
42600 1.733722524568047
42650 1.5206975444329438
42700 0.8267131543948042
42750 0.0
42800 0.5251713915044687
42850 0.0
42900 0.0
42950 1.0241507573276645
43000 0.0
43050 1.416212174674202
43100 0.708377697236449
43150 1.733722524568047
43200 0.0
43250 0.5602109167388306
43300 0.1860936608654638
43350 1.2614890283237679
43400 0.0
43450 0.0
43500 0.35631598403934156
43550 0.9481451853901497
43600 0.0
43650 1.3021688352509198
43700 1.6186850342231853
43750 0.0
43800 0.0
43850 1.7004709571047534
43900 0.0
43950 0.0
44000 0.0
44050 1.733722524568047
44100 0.0
44150 1.5255869575267338
44200 1.658987927203214
44250 0.0
44300 1.733722524568047
44350 1.416212174674202
44400 0.0
44450 1.3860390392165844
44500 0.7968571662872053
44550 1.733722524568047
44600 0.0
44650 1.3656167965783808
44700 1.4697263540208518
44750 0.32528522903605184
44800 0.022978415259819293
44850 1.733722524568047
44900 0.0
44950 0.0
45000 1.6304203156531762
45050 0.6991301363079252
45100 1.733722524568047
45150 0.0
45200 0.0
45250 1.733722524568047
45300 1.733722524568047
45350 0.0
45400 0.0
45450 0.0
45500 0.0
45550 0.0
45600 0.0
45650 1.069213833646024
45700 1.5598103116799664
45750 1.733722524568047
45800 1.733722524568047
45850 1.733722524568047
45900 1.733722524568047
45950 1.733722524568047
46000 0.0
46050 0.0
46100 1.7004709571047534
46150 0.0
46200 1.4633575737342661
46250 0.0
46300 1.733722524568047
46350 1.658987927203214
46400 0.0
46450 0.0
46500 0.0
46550 0.0
46600 1.425425564272187
46650 0.0
46700 0.0
46750 0.0
46800 1.266611522746019
46850 0.0
46900 0.0
46950 1.0303997311500843
47000 1.2279298981547468
47050 1.6772922056456796
47100 1.733722524568047
47150 1.1472679922137428
47200 0.0
47250 1.1064716476702476
47300 1.733722524568047
47350 0.0
47400 1.658987927203214
47450 1.733722524568047
47500 1.733722524568047
47550 1.6772922056456796
47600 0.0
47650 1.733722524568047
47700 0.0
47750 1.733722524568047
47800 1.6081226771961346
47850 0.3955812324736785
47900 0.0
47950 0.5432291696074891
48000 0.6368024905352043
48050 0.0
48100 0.8319074457640875
48150 1.733722524568047
48200 0.0
48250 0.0
48300 0.0
48350 0.0
48400 0.891719916841315
48450 1.733722524568047
48500 0.0
48550 1.733722524568047
48600 0.0
48650 1.733722524568047
48700 1.658987927203214
48750 0.0
48800 0.0
48850 1.733722524568047
48900 0.0
48950 1.148168410711445
49000 1.733722524568047
49050 0.0
49100 1.643675341638464
49150 0.5616665073306459
49200 1.733722524568047
49250 1.733722524568047
49300 1.733722524568047
49350 0.0
49400 0.0
49450 1.5473108170741583
49500 0.06300839499279326
49550 1.733722524568047
49600 1.131323171999442
49650 1.733722524568047
49700 1.733722524568047
49750 1.7004709571047534
49800 0.52928849645318
49850 0.771462345167067
49900 0.0
49950 0.0
