0 0.0 0.0 0.0 5.8650970458984375e-05
10 0.01891680596141727 0.0 0.0 343.6285789012909
20 0.0 0.0 0.0 0.0001506805419921875
30 0.020804011360826206 0.0 0.0 334.1229257583618
40 0.0 0.0 0.0 0.00022411346435546875
50 0.03197024504073093 0.0 0.0 329.20680832862854
60 0.01721865908280077 0.0 0.0 414.5157244205475
70 0.0 0.0 0.0 0.00014209747314453125
80 0.025477532738666094 0.0 0.0 379.67791771888733
90 0.009439913720987732 0.0 0.0 436.3746154308319
100 0.002201443557426274 0.0 0.0 957.9035413265228
110 0.0 0.0 0.0 0.00018644332885742188
120 0.02917049560007283 0.0 0.0 344.9079239368439
130 0.0 0.0 0.0 0.0001232624053955078
140 0.0 0.0 0.0 0.00011968612670898438
150 0.03197024504073093 0.0 0.0 387.21694588661194
160 0.00863491997924067 0.0 0.0 847.9820058345795
170 0.01151299332757993 0.0 0.0 442.7538571357727
180 0.026345113620292335 0.0 0.0 433.66743874549866
190 0.002988516023791295 0.0 0.0 343.1318898200989
200 0.0 0.0 0.0 0.0001366138458251953
210 0.0 0.0 0.0 0.0001761913299560547
220 0.03197024504073093 0.0 0.0 376.085431098938
230 0.031359024785303204 0.0 0.0 445.35371112823486
240 0.03197024504073093 0.0 0.0 335.92954206466675
250 0.0 0.0 0.0 8.440017700195312e-05
260 0.0 0.0 0.0 5.412101745605469e-05
270 0.0 0.0 0.0 2.1696090698242188e-05
280 0.03197024504073093 0.0 0.0 388.1350665092468
290 0.03197024504073093 0.0 0.0 427.2730038166046
300 0.013069663322386252 0.0 0.0 435.4739067554474
310 0.03197024504073093 0.0 0.0 374.7372250556946
320 0.0 0.0 0.0 0.0001900196075439453
330 0.013887927695598462 0.0 0.0 303.7629723548889
340 0.0 0.0 0.0 0.00021886825561523438
350 0.0188313343050219 0.0 0.0 460.7827150821686
360 0.001761417669895923 0.0 0.0 393.8514928817749
370 0.0 0.0 0.0 9.632110595703125e-05
380 0.015386343727467836 0.0 0.0 444.8830568790436
390 0.03197024504073093 0.0 0.0 399.83577704429626
400 0.031359024785303204 0.0 0.0 442.53232431411743
410 0.0 0.0 0.0 0.00017404556274414062
420 0.0032466294928248625 0.0 0.0 357.66153836250305
430 0.0 0.0 0.0 0.00018906593322753906
440 0.013464230027316759 0.0 0.0 340.9794108867645
450 0.0 0.0 0.0 0.00016355514526367188
460 0.03007119780126595 0.0 0.0 401.5784571170807
470 0.0 0.0 0.0 8.130073547363281e-05
480 0.0 0.0 0.0 0.00011539459228515625
490 0.03197024504073093 0.0 0.0 441.37181401252747
500 0.0 0.0 0.0 5.984306335449219e-05
510 0.03197024504073093 0.0 0.0 376.71186876296997
520 0.015384280286513174 0.0 0.0 438.69954919815063
530 0.008978491284201142 0.0 0.0 381.54433846473694
540 0.0 0.0 0.0 0.00017452239990234375
550 0.0 0.0 0.0 0.00012922286987304688
560 0.03007119780126595 0.0 0.0 443.9876353740692
570 0.009344150310470051 0.0 0.0 849.513908624649
580 0.0 0.0 0.0 0.00010800361633300781
590 0.025933596269350878 0.0 0.0 453.0610740184784
600 0.01862308846045218 0.0 0.0 424.90252351760864
610 0.03093293397996305 0.0 0.0 313.39952397346497
620 0.0 0.0 0.0 0.00015211105346679688
630 0.0 0.0 0.0 5.91278076171875e-05
640 0.0 0.0 0.0 0.0002446174621582031
650 0.031359024785303204 0.0 0.0 406.5393764972687
660 0.03197024504073093 0.0 0.0 434.30088686943054
670 0.02541357234311815 0.0 0.0 438.59850311279297
680 0.02877284994876296 0.0 0.0 445.33463406562805
690 0.0 0.0 0.0 0.00021529197692871094
700 0.02454743200393434 0.0 0.0 441.3710467815399
710 0.0 0.0 0.0 9.322166442871094e-05
720 0.0 0.0 0.0 0.00014638900756835938
730 0.0 0.0 0.0 0.0001964569091796875
740 0.0 0.0 0.0 0.00017023086547851562
750 0.03197024504073093 0.0 0.0 300.39857172966003
760 0.0 0.0 0.0 0.00015020370483398438
770 0.007581855166380761 0.0 0.0 959.2621335983276
780 0.014063260911700622 0.0 0.0 390.31526947021484
790 0.0 0.0 0.0 0.00016498565673828125
800 0.03197024504073093 0.0 0.0 445.69980907440186
810 0.0 0.0 0.0 0.00015783309936523438
820 0.0 0.0 0.0 0.0001430511474609375
830 0.016747821970775293 0.0 0.0 454.5828449726105
840 0.03197024504073093 0.0 0.0 416.28266620635986
850 0.0 0.0 0.0 7.128715515136719e-05
860 0.022704631022348123 0.0 0.0 792.59743309021
870 0.0 0.0 0.0 0.00012803077697753906
880 0.03197024504073093 0.0 0.0 433.4229769706726
890 0.018858135760096782 0.0 0.0 398.79368710517883
900 0.0 0.0 0.0 0.00012445449829101562
910 0.0 0.0 0.0 0.00012946128845214844
920 0.0 0.0 0.0 0.0001499652862548828
930 0.021058618666940032 0.0 0.0 940.5949850082397
940 0.024432659971612952 0.0 0.0 449.6422154903412
950 0.0 0.0 0.0 0.00020837783813476562
960 0.03197024504073093 0.0 0.0 419.969176530838
970 0.03197024504073093 0.0 0.0 453.7611994743347
980 0.0 0.0 0.0 0.0002052783966064453
990 0.009952547353495 0.0 0.0 437.7109341621399
1000 0.03197024504073093 0.0 0.0 359.08125734329224
1010 0.03197024504073093 0.0 0.0 427.97743821144104
1020 0.020226249693876687 0.0 0.0 368.84792041778564
1030 0.0 0.0 0.0 8.96453857421875e-05
1040 0.0 0.0 0.0 0.0001285076141357422
1050 0.0 0.0 0.0 0.0001666545867919922
1060 0.031359024785303204 0.0 0.0 357.7195405960083
1070 0.0 0.0 0.0 0.00010848045349121094
1080 0.03197024504073093 0.0 0.0 440.41905403137207
1090 0.0 0.0 0.0 0.00015115737915039062
1100 0.0 0.0 0.0 0.00014662742614746094
1110 0.03197024504073093 0.0 0.0 439.4081304073334
1120 0.0 0.0 0.0 0.00014591217041015625
1130 0.0 0.0 0.0 9.894371032714844e-05
1140 0.006225289843586693 0.0 0.0 431.04039764404297
1150 0.0 0.0 0.0 0.00013327598571777344
1160 0.0 0.0 0.0 0.00011563301086425781
1170 0.008290061610692444 0.0 0.0 365.93388628959656
1180 0.0 0.0 0.0 0.0001609325408935547
1190 0.011536206334908468 0.0 0.0 441.95994305610657
1200 0.008265671793560735 0.0 0.0 923.6671555042267
1210 0.004624040550793478 0.0 0.0 371.4838161468506
1220 0.0 0.0 0.0 0.00014662742614746094
1230 0.0024634969162814877 0.0 0.0 427.3233251571655
1240 0.0 0.0 0.0 0.00016164779663085938
1250 0.017557074088196272 0.0 0.0 305.1262743473053
1260 0.0 0.0 0.0 0.0002110004425048828
1270 0.0 0.0 0.0 0.00015878677368164062
1280 0.0 0.0 0.0 0.0002162456512451172
1290 0.021115024950169467 0.0 0.0 321.04226756095886
1300 0.0 0.0 0.0 7.557868957519531e-05
1310 0.030596412849683473 0.0 0.0 386.03843116760254
1320 0.0 0.0 0.0 6.389617919921875e-05
1330 0.0 0.0 0.0 0.00015354156494140625
1340 0.028654939872490934 0.0 0.0 417.1497678756714
1350 0.0 0.0 0.0 0.0001544952392578125
1360 0.01332877962595179 0.0 0.0 429.87549901008606
1370 0.028542983920284835 0.0 0.0 806.6571564674377
1380 0.0 0.0 0.0 0.00021266937255859375
1390 0.026727536499813444 0.0 0.0 364.6998071670532
1400 0.009009433324539734 0.0 0.0 437.03604435920715
1410 0.027883384126038444 0.0 0.0 428.46419405937195
1420 0.0 0.0 0.0 7.82012939453125e-05
1430 0.0 0.0 0.0 0.00011229515075683594
1440 0.005782744737572127 0.0 0.0 453.4386293888092
1450 0.0 0.0 0.0 9.012222290039062e-05
1460 0.023860331403405023 0.0 0.0 439.8301320075989
1470 0.0 0.0 0.0 9.059906005859375e-05
1480 0.0 0.0 0.0 0.00018835067749023438
1490 0.02139372483376281 0.0 0.0 449.0450189113617
1500 0.0 0.0 0.0 5.650520324707031e-05
1510 0.0 0.0 0.0 5.8650970458984375e-05
1520 0.014599267337631774 0.0 0.0 366.6327724456787
1530 0.0 0.0 0.0 0.00017905235290527344
1540 0.031359024785303204 0.0 0.0 437.1895365715027
1550 0.0014919304254099514 0.0 0.0 414.03469491004944
1560 0.03197024504073093 0.0 0.0 389.34341740608215
1570 0.0074490003288611275 0.0 0.0 446.23776865005493
1580 0.0 0.0 0.0 0.0001537799835205078
1590 0.0 0.0 0.0 0.0001392364501953125
1600 0.0 0.0 0.0 0.00011897087097167969
1610 0.0 0.0 0.0 0.00011873245239257812
1620 0.0 0.0 0.0 0.00010275840759277344
1630 0.005321595414708014 0.0 0.0 451.7916536331177
1640 0.0 0.0 0.0 0.00014781951904296875
1650 0.03197024504073093 0.0 0.0 450.48742389678955
1660 0.0 0.0 0.0 0.00011467933654785156
1670 0.0 0.0 0.0 0.0001742839813232422
1680 0.03197024504073093 0.0 0.0 363.6301386356354
1690 0.0 0.0 0.0 0.0001583099365234375
1700 0.0 0.0 0.0 0.00022172927856445312
1710 0.0 0.0 0.0 0.00011706352233886719
1720 0.0 0.0 0.0 5.316734313964844e-05
1730 0.0 0.0 0.0 0.00010442733764648438
1740 0.0 0.0 0.0 9.179115295410156e-05
1750 0.021924286911258573 0.0 0.0 358.57569456100464
1760 0.0 0.0 0.0 0.0001666545867919922
1770 0.0 0.0 0.0 0.00019788742065429688
1780 0.0033608726474732772 0.0 0.0 311.22534012794495
1790 0.0 0.0 0.0 0.00018072128295898438
1800 0.0 0.0 0.0 0.00017642974853515625
1810 0.0 0.0 0.0 0.0001583099365234375
1820 0.0 0.0 0.0 0.0001266002655029297
1830 0.0 0.0 0.0 0.0001819133758544922
1840 0.0 0.0 0.0 0.00015234947204589844
1850 0.0 0.0 0.0 0.0001380443572998047
1860 0.02948426590536245 0.0 0.0 864.8297235965729
1870 0.017276884849766874 0.0 0.0 398.07341289520264
1880 0.027883384126038444 0.0 0.0 308.01228952407837
1890 0.007748736188703688 0.0 0.0 446.7207691669464
1900 0.03197024504073093 0.0 0.0 423.5549304485321
1910 0.0 0.0 0.0 6.914138793945312e-05
1920 0.025029777992039027 0.0 0.0 316.6512520313263
1930 0.0 0.0 0.0 9.655952453613281e-05
1940 0.0 0.0 0.0 0.00018930435180664062
1950 0.0 0.0 0.0 0.00016427040100097656
1960 0.0 0.0 0.0 0.00014591217041015625
1970 0.02557630407845529 0.0 0.0 401.1110095977783
1980 0.03197024504073093 0.0 0.0 302.6629328727722
1990 0.0 0.0 0.0 9.5367431640625e-05
2000 0.0012537181423409058 0.0 0.0 316.2590537071228
2010 0.0 0.0 0.0 0.0002193450927734375
2020 0.03197024504073093 0.0 0.0 434.1331217288971
2030 0.0 0.0 0.0 0.000118255615234375
2040 0.0 0.0 0.0 0.00012731552124023438
2050 0.03197024504073093 0.0 0.0 329.9763615131378
2060 0.03197024504073093 0.0 0.0 393.40109753608704
2070 0.0 0.0 0.0 0.00012564659118652344
2080 0.01238466386518987 0.0 0.0 301.704402923584
2090 0.03007119780126595 0.0 0.0 445.22837686538696
2100 0.0 0.0 0.0 0.00012493133544921875
2110 0.0 0.0 0.0 9.822845458984375e-05
2120 0.0 0.0 0.0 0.0001437664031982422
2130 0.02103471818876273 0.0 0.0 328.5074098110199
2140 0.03007119780126595 0.0 0.0 449.22718596458435
2150 0.02932145359688766 0.0 0.0 308.5003573894501
2160 0.0 0.0 0.0 0.0001437664031982422
2170 0.03197024504073093 0.0 0.0 435.02258014678955
2180 0.0 0.0 0.0 0.00014162063598632812
2190 0.016034272308803017 0.0 0.0 443.44476675987244
2200 0.03197024504073093 0.0 0.0 441.2302176952362
2210 0.0 0.0 0.0 0.0001666545867919922
2220 0.03093293397996305 0.0 0.0 857.9183194637299
2230 0.0 0.0 0.0 0.00011968612670898438
2240 0.03197024504073093 0.0 0.0 427.3480031490326
2250 0.0 0.0 0.0 5.0067901611328125e-05
2260 0.0015640255776463454 0.0 0.0 406.8699870109558
2270 0.018514560712225757 0.0 0.0 963.6131105422974
2280 0.0 0.0 0.0 0.00011110305786132812
2290 0.015971055730299447 0.0 0.0 364.93625664711
2300 0.0 0.0 0.0 0.00014710426330566406
2310 0.010145035175852536 0.0 0.0 439.73629212379456
2320 0.0 0.0 0.0 0.0001506805419921875
2330 0.0 0.0 0.0 0.00022339820861816406
2340 0.02966121467689411 0.0 0.0 429.5594873428345
2350 0.0 0.0 0.0 6.127357482910156e-05
2360 0.01505653272549759 0.0 0.0 308.88119673728943
2370 0.002358144970975181 0.0 0.0 971.8630690574646
2380 0.027575719286150265 0.0 0.0 453.92248702049255
2390 0.0 0.0 0.0 0.00011754035949707031
2400 0.02877284994876296 0.0 0.0 452.268310546875
2410 0.0236445028892922 0.0 0.0 431.0560050010681
2420 0.0 0.0 0.0 0.00016999244689941406
2430 0.01114199698076646 0.0 0.0 1050.547311782837
2440 0.015016050994523904 0.0 0.0 420.9192020893097
2450 0.03197024504073093 0.0 0.0 437.13024163246155
2460 0.02071570413039592 0.0 0.0 443.9516487121582
2470 0.03197024504073093 0.0 0.0 454.5649857521057
2480 0.027435400587850094 0.0 0.0 443.7372443675995
2490 0.0 0.0 0.0 6.556510925292969e-05
2500 0.0027508077479397666 0.0 0.0 435.3778383731842
2510 0.01044227394976804 0.0 0.0 436.53991293907166
2520 0.004681691439387386 0.0 0.0 456.11975717544556
2530 0.02814343837460498 0.0 0.0 346.6149859428406
2540 0.0 0.0 0.0 0.0002124309539794922
2550 0.011480423742813741 0.0 0.0 393.87639021873474
2560 0.006936737095124196 0.0 0.0 316.118079662323
2570 0.013746671942302426 0.0 0.0 302.6160190105438
2580 0.0 0.0 0.0 0.0001475811004638672
2590 0.0 0.0 0.0 0.00013566017150878906
2600 0.03197024504073093 0.0 0.0 347.1167070865631
2610 0.03197024504073093 0.0 0.0 433.98201060295105
2620 0.0041391396795357836 0.0 0.0 401.47636818885803
2630 0.0 0.0 0.0 6.079673767089844e-05
2640 0.03197024504073093 0.0 0.0 413.17174077033997
2650 0.0 0.0 0.0 0.00013589859008789062
2660 0.0 0.0 0.0 0.0001747608184814453
2670 0.005408403724777506 0.0 0.0 446.0931088924408
2680 0.03197024504073093 0.0 0.0 431.05656599998474
2690 0.0 0.0 0.0 0.00011301040649414062
2700 0.02401312503408066 0.0 0.0 374.0888934135437
2710 0.03197024504073093 0.0 0.0 380.1025710105896
2720 0.0 0.0 0.0 0.0001976490020751953
2730 0.024570919859231977 0.0 0.0 433.75652551651
2740 0.014069693962606346 0.0 0.0 382.74081087112427
2750 0.028334489830373382 0.0 0.0 396.3291141986847
2760 0.007301397563003689 0.0 0.0 424.3518579006195
2770 0.0 0.0 0.0 0.00014472007751464844
2780 0.03197024504073093 0.0 0.0 431.38731932640076
2790 0.03197024504073093 0.0 0.0 440.50870752334595
2800 0.0 0.0 0.0 0.00013303756713867188
2810 0.0 0.0 0.0 0.00015211105346679688
2820 0.03197024504073093 0.0 0.0 439.10499930381775
2830 0.029855431113509582 0.0 0.0 396.0937683582306
2840 0.03197024504073093 0.0 0.0 430.7235498428345
2850 0.03197024504073093 0.0 0.0 437.91998624801636
2860 0.0 0.0 0.0 0.0001773834228515625
2870 0.0 0.0 0.0 0.0001723766326904297
2880 0.03197024504073093 0.0 0.0 440.73898482322693
2890 0.009586083372528094 0.0 0.0 438.46599888801575
2900 0.0 0.0 0.0 0.00011610984802246094
2910 0.0 0.0 0.0 0.00013256072998046875
2920 0.0 0.0 0.0 0.00017571449279785156
2930 0.0 0.0 0.0 0.0001652240753173828
2940 0.0 0.0 0.0 0.00013518333435058594
2950 0.0 0.0 0.0 0.00012183189392089844
2960 0.020781732972512748 0.0 0.0 441.6715078353882
2970 0.0 0.0 0.0 0.0001277923583984375
2980 0.0 0.0 0.0 0.00012445449829101562
2990 0.01555437917713846 0.0 0.0 443.7366590499878
3000 0.03197024504073093 0.0 0.0 458.046160697937
3010 0.025678705912286867 0.0 0.0 445.57500863075256
3020 0.02177400141828659 0.0 0.0 311.87671995162964
3030 0.0024008000229858942 0.0 0.0 411.88921213150024
3040 0.03197024504073093 0.0 0.0 440.2982406616211
3050 0.004913848612458147 0.0 0.0 377.9343800544739
3060 0.02917049560007283 0.0 0.0 992.049201965332
3070 0.03197024504073093 0.0 0.0 294.74802803993225
3080 0.0 0.0 0.0 0.0001461505889892578
3090 0.02630099282367124 0.0 0.0 436.3236289024353
3100 0.03197024504073093 0.0 0.0 344.85722160339355
3110 0.0 0.0 0.0 0.000148773193359375
3120 0.0 0.0 0.0 0.00015473365783691406
3130 0.0 0.0 0.0 0.00015544891357421875
3140 0.02932145359688766 0.0 0.0 321.8056125640869
3150 0.0 0.0 0.0 0.0001354217529296875
3160 0.0 0.0 0.0 0.00015401840209960938
3170 0.007217679865632333 0.0 0.0 448.53958892822266
3180 0.0 0.0 0.0 0.00014734268188476562
3190 0.0 0.0 0.0 0.00010251998901367188
3200 0.0 0.0 0.0 0.0001506805419921875
3210 0.03197024504073093 0.0 0.0 426.7594966888428
3220 0.0015785484700355761 0.0 0.0 444.64034628868103
3230 0.0 0.0 0.0 0.00020074844360351562
3240 0.0 0.0 0.0 0.0001914501190185547
3250 0.0 0.0 0.0 7.963180541992188e-05
3260 0.014126227697220424 0.0 0.0 452.20938372612
3270 0.03197024504073093 0.0 0.0 444.7594609260559
3280 0.0 0.0 0.0 0.00010466575622558594
3290 0.03197024504073093 0.0 0.0 437.59984827041626
3300 0.009552926561832252 0.0 0.0 296.6869876384735
3310 0.02334647895085073 0.0 0.0 406.07595205307007
3320 0.0 0.0 0.0 0.00013518333435058594
3330 0.0 0.0 0.0 0.00014519691467285156
3340 0.007834907426265721 0.0 0.0 431.7477881908417
3350 0.03197024504073093 0.0 0.0 437.58068227767944
3360 0.0 0.0 0.0 0.00013303756713867188
3370 0.03197024504073093 0.0 0.0 341.1177864074707
3380 0.017048378536822263 0.0 0.0 442.41912317276
3390 0.0 0.0 0.0 5.364418029785156e-05
3400 0.0 0.0 0.0 0.00010085105895996094
3410 0.009416860350311237 0.0 0.0 439.94019532203674
3420 0.0 0.0 0.0 0.00011706352233886719
3430 0.03197024504073093 0.0 0.0 441.087388753891
3440 0.0 0.0 0.0 0.00016307830810546875
3450 0.0 0.0 0.0 0.0001571178436279297
3460 0.03197024504073093 0.0 0.0 444.0911419391632
3470 0.0027357873321143607 0.0 0.0 438.04364681243896
3480 0.03197024504073093 0.0 0.0 358.13017868995667
3490 0.0 0.0 0.0 0.00011658668518066406
3500 0.023299436190948614 0.0 0.0 952.4624962806702
3510 0.0 0.0 0.0 0.00011181831359863281
3520 0.03093293397996305 0.0 0.0 391.56920766830444
3530 0.031359024785303204 0.0 0.0 394.06459403038025
3540 0.0213674590099286 0.0 0.0 408.9994065761566
3550 0.0 0.0 0.0 0.00015664100646972656
3560 0.0 0.0 0.0 0.0001728534698486328
3570 0.0 0.0 0.0 0.0002040863037109375
3580 0.0 0.0 0.0 0.0001475811004638672
3590 0.022640575503438495 0.0 0.0 885.1584527492523
3600 0.0 0.0 0.0 0.00010418891906738281
3610 0.008420791039268712 0.0 0.0 434.069623708725
3620 0.009882427323012435 0.0 0.0 412.89474844932556
3630 0.03197024504073093 0.0 0.0 342.4374213218689
3640 0.0 0.0 0.0 5.7697296142578125e-05
3650 0.03197024504073093 0.0 0.0 410.4332695007324
3660 0.0 0.0 0.0 0.00016641616821289062
3670 0.01720649117752333 0.0 0.0 428.2112443447113
3680 0.0 0.0 0.0 0.0001533031463623047
3690 0.01413109715379254 0.0 0.0 427.29555797576904
3700 0.0 0.0 0.0 0.0001392364501953125
3710 0.017264557227756255 0.0 0.0 442.4222185611725
3720 0.03093293397996305 0.0 0.0 334.2258415222168
3730 0.01670683519965499 0.0 0.0 330.0390954017639
3740 0.028542983920284835 0.0 0.0 298.388103723526
3750 0.0 0.0 0.0 8.273124694824219e-05
3760 0.03197024504073093 0.0 0.0 418.03890109062195
3770 0.02231466172415123 0.0 0.0 430.37285256385803
3780 0.0 0.0 0.0 0.00012063980102539062
3790 0.004832968256282445 0.0 0.0 1051.5586569309235
3800 0.020722981907439385 0.0 0.0 397.4129719734192
3810 0.0 0.0 0.0 7.009506225585938e-05
3820 0.015355451172482111 0.0 0.0 440.78449749946594
3830 0.018420878762517176 0.0 0.0 330.79617404937744
3840 0.0 0.0 0.0 9.632110595703125e-05
3850 0.027368146311756263 0.0 0.0 981.0663151741028
3860 0.03197024504073093 0.0 0.0 428.7907943725586
3870 0.0 0.0 0.0 0.00019121170043945312
3880 0.0 0.0 0.0 0.00022363662719726562
3890 0.019445940451401675 0.0 0.0 446.5608251094818
3900 0.0 0.0 0.0 0.0001933574676513672
3910 0.0 0.0 0.0 0.0001506805419921875
3920 0.0 0.0 0.0 0.0001316070556640625
3930 0.03197024504073093 0.0 0.0 305.2513475418091
3940 0.0014525157803443715 0.0 0.0 448.78441548347473
3950 0.029029618822555763 0.0 0.0 449.02849316596985
3960 0.0 0.0 0.0 0.00010442733764648438
3970 0.0 0.0 0.0 0.00019359588623046875
3980 0.0 0.0 0.0 0.00015974044799804688
3990 0.00556010533103999 0.0 0.0 328.50592517852783
4000 0.0 0.0 0.0 6.437301635742188e-05
4010 0.006484506131663911 0.0 0.0 423.535608291626
4020 0.013010638525833625 0.0 0.0 375.3704454898834
4030 0.012878605982195875 0.0 0.0 407.7619535923004
4040 0.025320282011705678 0.0 0.0 367.103506565094
4050 0.0 0.0 0.0 0.0001704692840576172
4060 0.002411027348267775 0.0 0.0 798.6044974327087
4070 0.0 0.0 0.0 0.000141143798828125
4080 0.00882906492169985 0.0 0.0 449.5070970058441
4090 0.0 0.0 0.0 6.198883056640625e-05
4100 0.03197024504073093 0.0 0.0 368.4964988231659
4110 0.02638997970164629 0.0 0.0 423.2425081729889
4120 0.0 0.0 0.0 0.00020384788513183594
4130 0.03197024504073093 0.0 0.0 351.9103045463562
4140 0.0 0.0 0.0 0.00018143653869628906
4150 0.02948426590536245 0.0 0.0 452.5064651966095
4160 0.0 0.0 0.0 0.00011849403381347656
4170 0.0 0.0 0.0 7.033348083496094e-05
4180 0.012754520891250952 0.0 0.0 887.1710331439972
4190 0.0 0.0 0.0 0.00011682510375976562
4200 0.0 0.0 0.0 0.00018453598022460938
4210 0.0 0.0 0.0 0.00015354156494140625
4220 0.0 0.0 0.0 0.00023174285888671875
4230 0.009201390254873211 0.0 0.0 438.9453957080841
4240 0.0 0.0 0.0 0.0001888275146484375
4250 0.0 0.0 0.0 0.00011897087097167969
4260 0.0214917407720641 0.0 0.0 369.3103406429291
4270 0.02917049560007283 0.0 0.0 1061.5300600528717
4280 0.006437604590380816 0.0 0.0 330.25633215904236
4290 0.010266947491916659 0.0 0.0 420.67334938049316
4300 0.02387901801765707 0.0 0.0 357.98891496658325
4310 0.0 0.0 0.0 5.984306335449219e-05
4320 0.0 0.0 0.0 0.00012493133544921875
4330 0.03197024504073093 0.0 0.0 355.49882435798645
4340 0.010702050654702621 0.0 0.0 950.0373973846436
4350 0.009391497711216642 0.0 0.0 347.59970211982727
4360 0.00914203988495467 0.0 0.0 438.3050937652588
4370 0.03197024504073093 0.0 0.0 354.3553717136383
4380 0.0236099564408555 0.0 0.0 451.9534242153168
4390 0.03197024504073093 0.0 0.0 333.4358503818512
4400 0.0 0.0 0.0 0.00017571449279785156
4410 0.007030614228987198 0.0 0.0 390.48911690711975
4420 0.0 0.0 0.0 0.0002040863037109375
4430 0.02030997879138074 0.0 0.0 407.0821101665497
4440 0.0 0.0 0.0 6.365776062011719e-05
4450 0.00746695434713105 0.0 0.0 305.28175497055054
4460 0.0021093552383494177 0.0 0.0 443.7980773448944
4470 0.02113948003417502 0.0 0.0 303.03208088874817
4480 0.019308144704595374 0.0 0.0 435.9593081474304
4490 0.0 0.0 0.0 0.00011873245239257812
4500 0.010620920996349878 0.0 0.0 441.5818381309509
4510 0.03093293397996305 0.0 0.0 453.62435722351074
4520 0.0 0.0 0.0 0.00014495849609375
4530 0.0 0.0 0.0 0.00010180473327636719
4540 0.03197024504073093 0.0 0.0 409.82019233703613
4550 0.0 0.0 0.0 0.0001678466796875
4560 0.02948426590536245 0.0 0.0 445.989271402359
4570 0.003845977207673549 0.0 0.0 317.8876624107361
4580 0.007813618948193542 0.0 0.0 370.68882751464844
4590 0.0 0.0 0.0 0.0002048015594482422
4600 0.0 0.0 0.0 0.0001380443572998047
4610 0.003958550824059065 0.0 0.0 723.6521606445312
4620 0.0 0.0 0.0 0.00013780593872070312
4630 0.005516434328200404 0.0 0.0 917.5499851703644
4640 0.0 0.0 0.0 0.000244140625
4650 0.005930268495787911 0.0 0.0 407.1090440750122
4660 0.0 0.0 0.0 0.00015544891357421875
4670 0.018170773885036764 0.0 0.0 306.8768346309662
4680 0.0 0.0 0.0 0.00014853477478027344
4690 0.0 0.0 0.0 0.00011563301086425781
4700 0.0009508334682621245 0.0 0.0 379.05295181274414
4710 0.0 0.0 0.0 0.00017976760864257812
4720 0.014077728833899168 0.0 0.0 380.7351233959198
4730 0.0 0.0 0.0 0.00011229515075683594
4740 0.0016617020568186406 0.0 0.0 338.6819317340851
4750 0.0 0.0 0.0 6.604194641113281e-05
4760 0.008536903897587125 0.0 0.0 347.13863825798035
4770 0.011930271835787246 0.0 0.0 348.060035943985
4780 0.018921358748570677 0.0 0.0 433.8079686164856
4790 0.0 0.0 0.0 0.00014090538024902344
4800 0.03197024504073093 0.0 0.0 451.29226183891296
4810 0.031359024785303204 0.0 0.0 370.253466129303
4820 0.0 0.0 0.0 0.00010633468627929688
4830 0.0 0.0 0.0 0.00011920928955078125
4840 0.03197024504073093 0.0 0.0 371.55622363090515
4850 0.0 0.0 0.0 0.00017380714416503906
4860 0.03197024504073093 0.0 0.0 449.14085602760315
4870 0.0020826574316116188 0.0 0.0 976.6966669559479
4880 0.0 0.0 0.0 0.00016307830810546875
4890 0.03197024504073093 0.0 0.0 456.91373586654663
4900 0.0 0.0 0.0 0.00019025802612304688
4910 0.01446277820492104 0.0 0.0 311.83486890792847
4920 0.02334647895085073 0.0 0.0 381.3921208381653
4930 0.014433478870990927 0.0 0.0 451.26708602905273
4940 0.005338267457893851 0.0 0.0 362.7368800640106
4950 0.019714735027247816 0.0 0.0 454.4731192588806
4960 0.0 0.0 0.0 0.00017595291137695312
4970 0.0 0.0 0.0 0.00011920928955078125
4980 0.0 0.0 0.0 0.00011467933654785156
4990 0.0 0.0 0.0 0.00010061264038085938
5000 0.03197024504073093 0.0 0.0 443.3641080856323
5010 0.0248168638302992 0.0 0.0 447.4940984249115
5020 0.02171567564998168 0.0 0.0 435.03312969207764
5030 0.0269988240312676 0.0 0.0 407.1096701622009
5040 0.030596412849683473 0.0 0.0 358.113808631897
5050 0.0 0.0 0.0 0.00015091896057128906
5060 0.022653287066205573 0.0 0.0 330.7217342853546
5070 0.0 0.0 0.0 0.0001704692840576172
5080 0.03197024504073093 0.0 0.0 373.1918714046478
5090 0.0 0.0 0.0 0.00012969970703125
5100 0.02367944854436042 0.0 0.0 1038.681515455246
5110 0.03197024504073093 0.0 0.0 453.8559319972992
5120 0.004124649931092192 0.0 0.0 452.99916076660156
5130 0.0 0.0 0.0 0.00016021728515625
5140 0.026727536499813444 0.0 0.0 341.00264525413513
5150 0.0 0.0 0.0 0.00013637542724609375
5160 0.001241089358593911 0.0 0.0 438.53543853759766
5170 0.028897429208544108 0.0 0.0 443.69779419898987
5180 0.0 0.0 0.0 0.0001277923583984375
5190 0.0 0.0 0.0 0.00017881393432617188
5200 0.03197024504073093 0.0 0.0 397.80539417266846
5210 0.020672339250962023 0.0 0.0 441.40059447288513
5220 0.031359024785303204 0.0 0.0 445.053838968277
5230 0.0 0.0 0.0 0.0002110004425048828
5240 0.0 0.0 0.0 0.00019049644470214844
5250 0.026577494407749227 0.0 0.0 337.61292576789856
5260 0.03197024504073093 0.0 0.0 378.0659852027893
5270 0.03197024504073093 0.0 0.0 403.9727430343628
5280 0.0 0.0 0.0 0.00011801719665527344
5290 0.0 0.0 0.0 0.00016355514526367188
5300 0.017860011914131755 0.0 0.0 431.04589104652405
5310 0.0034853550579023005 0.0 0.0 454.5992751121521
5320 0.03197024504073093 0.0 0.0 353.7191779613495
5330 0.0 0.0 0.0 0.00015807151794433594
5340 0.0 0.0 0.0 0.00014400482177734375
5350 0.026577494407749227 0.0 0.0 303.1506259441376
5360 0.03197024504073093 0.0 0.0 443.7481269836426
5370 0.0 0.0 0.0 0.00012946128845214844
5380 0.0 0.0 0.0 6.580352783203125e-05
5390 0.03197024504073093 0.0 0.0 431.05852699279785
5400 0.010571013103389211 0.0 0.0 456.5089030265808
5410 0.0 0.0 0.0 0.00013709068298339844
5420 0.015653633284253083 0.0 0.0 423.4076154232025
5430 0.0207522390497509 0.0 0.0 444.44243478775024
5440 0.03197024504073093 0.0 0.0 396.68405079841614
5450 0.0 0.0 0.0 0.00011372566223144531
5460 0.017938298164188717 0.0 0.0 345.3916211128235
5470 0.03197024504073093 0.0 0.0 450.17123579978943
5480 0.014071299997170083 0.0 0.0 298.8254451751709
5490 0.0 0.0 0.0 0.0001246929168701172
5500 0.008680697779602373 0.0 0.0 831.0512928962708
5510 0.0024672353783150823 0.0 0.0 426.436279296875
5520 0.0 0.0 0.0 0.00016450881958007812
5530 0.0 0.0 0.0 0.0001800060272216797
5540 0.0 0.0 0.0 0.00016999244689941406
5550 0.0019578659305666784 0.0 0.0 450.66483306884766
5560 0.0 0.0 0.0 0.0001437664031982422
5570 0.03007119780126595 0.0 0.0 887.5501277446747
5580 0.0 0.0 0.0 0.0001354217529296875
5590 0.0 0.0 0.0 0.00014543533325195312
5600 0.0 0.0 0.0 0.00019311904907226562
5610 0.0 0.0 0.0 0.00016641616821289062
5620 0.0 0.0 0.0 0.00016760826110839844
5630 0.0 0.0 0.0 0.00016546249389648438
5640 0.0 0.0 0.0 0.0001723766326904297
5650 0.0 0.0 0.0 0.000141143798828125
5660 0.021706054928038867 0.0 0.0 371.48592472076416
5670 0.0 0.0 0.0 0.000156402587890625
5680 0.0 0.0 0.0 0.00018262863159179688
5690 0.010348734955275583 0.0 0.0 952.9667038917542
5700 0.010944272618177691 0.0 0.0 390.58017802238464
5710 0.0 0.0 0.0 0.00016427040100097656
5720 0.03197024504073093 0.0 0.0 343.4181559085846
5730 0.0 0.0 0.0 0.0001678466796875
5740 0.0 0.0 0.0 0.00016808509826660156
5750 0.0 0.0 0.0 5.507469177246094e-05
5760 0.020995224254085263 0.0 0.0 386.68833327293396
5770 0.03197024504073093 0.0 0.0 297.28691005706787
5780 0.031359024785303204 0.0 0.0 439.33267307281494
5790 0.019765165033085765 0.0 0.0 431.84952044487
5800 0.0 0.0 0.0 0.00010037422180175781
5810 0.02805352239059003 0.0 0.0 434.39820170402527
5820 0.0 0.0 0.0 0.00012493133544921875
5830 0.0 0.0 0.0 0.00017189979553222656
5840 0.0 0.0 0.0 0.0001380443572998047
5850 0.0 0.0 0.0 0.00014591217041015625
5860 0.0 0.0 0.0 0.0001246929168701172
5870 0.017408392340594322 0.0 0.0 449.04904532432556
5880 0.01456922398256181 0.0 0.0 444.11455154418945
5890 0.0 0.0 0.0 0.00012803077697753906
5900 0.006438774896093023 0.0 0.0 421.18546986579895
5910 0.0 0.0 0.0 0.0001544952392578125
5920 0.03197024504073093 0.0 0.0 441.4290044307709
5930 0.0 0.0 0.0 0.00018024444580078125
5940 0.0 0.0 0.0 0.0002048015594482422
5950 0.0007570943072325181 0.0 0.0 389.22304344177246
5960 0.0 0.0 0.0 0.0001537799835205078
5970 0.030596412849683473 0.0 0.0 346.980610370636
5980 0.03197024504073093 0.0 0.0 368.47354459762573
5990 0.006295644934841679 0.0 0.0 440.5795443058014
6000 0.0 0.0 0.0 7.510185241699219e-05
6010 0.0 0.0 0.0 0.00020170211791992188
6020 0.017317183026521826 0.0 0.0 439.3899292945862
6030 0.0 0.0 0.0 0.00018525123596191406
6040 0.0 0.0 0.0 0.0001811981201171875
6050 0.0 0.0 0.0 0.00010609626770019531
6060 0.0 0.0 0.0 0.0001327991485595703
6070 0.0 0.0 0.0 8.606910705566406e-05
6080 0.0053808519452597705 0.0 0.0 414.3770658969879
6090 0.02805352239059003 0.0 0.0 429.39401507377625
6100 0.02150986480778495 0.0 0.0 400.5925943851471
6110 0.03197024504073093 0.0 0.0 390.5707836151123
6120 0.03197024504073093 0.0 0.0 442.23549914360046
6130 0.0 0.0 0.0 7.200241088867188e-05
6140 0.03093293397996305 0.0 0.0 439.80151295661926
6150 0.0 0.0 0.0 0.00010085105895996094
6160 0.0 0.0 0.0 0.00013399124145507812
6170 0.027368146311756263 0.0 0.0 316.1226053237915
6180 0.0 0.0 0.0 0.00015115737915039062
6190 0.0 0.0 0.0 0.00017023086547851562
6200 0.008520418312058232 0.0 0.0 391.05580377578735
6210 0.0 0.0 0.0 0.00013446807861328125
6220 0.0 0.0 0.0 0.0002155303955078125
6230 0.0 0.0 0.0 0.0001468658447265625
6240 0.0 0.0 0.0 0.00012111663818359375
6250 0.0 0.0 0.0 7.2479248046875e-05
6260 0.0 0.0 0.0 0.00010704994201660156
6270 0.0 0.0 0.0 9.441375732421875e-05
6280 0.0 0.0 0.0 7.414817810058594e-05
6290 0.0 0.0 0.0 0.0001456737518310547
6300 0.0 0.0 0.0 0.00015354156494140625
6310 0.03197024504073093 0.0 0.0 366.9103183746338
6320 0.03197024504073093 0.0 0.0 449.0620493888855
6330 0.004385234863441081 0.0 0.0 434.8980152606964
6340 0.012092729202868156 0.0 0.0 434.86904668807983
6350 0.03197024504073093 0.0 0.0 448.8075773715973
6360 0.016110295311633854 0.0 0.0 431.2475073337555
6370 0.0 0.0 0.0 0.00016117095947265625
6380 0.0 0.0 0.0 0.0001499652862548828
6390 0.03197024504073093 0.0 0.0 442.3944146633148
6400 0.0 0.0 0.0 0.00016069412231445312
6410 0.03031489192513343 0.0 0.0 453.3977720737457
6420 0.022730607639243908 0.0 0.0 412.89949655532837
6430 0.0019102900266555743 0.0 0.0 908.8947360515594
6440 0.0 0.0 0.0 9.441375732421875e-05
6450 0.03197024504073093 0.0 0.0 458.9754087924957
6460 0.0 0.0 0.0 0.0002262592315673828
6470 0.0 0.0 0.0 0.00019216537475585938
6480 0.026090728645780138 0.0 0.0 435.2018792629242
6490 0.0 0.0 0.0 0.00015544891357421875
6500 0.0 0.0 0.0 8.320808410644531e-05
6510 0.0 0.0 0.0 0.00020313262939453125
6520 0.0 0.0 0.0 0.00012826919555664062
6530 0.0 0.0 0.0 0.00014901161193847656
6540 0.027883384126038444 0.0 0.0 440.7781934738159
6550 0.010435943119058657 0.0 0.0 446.4978287220001
6560 0.025678705912286867 0.0 0.0 399.7836468219757
6570 0.0 0.0 0.0 0.00015878677368164062
6580 0.0 0.0 0.0 0.00015878677368164062
6590 0.0 0.0 0.0 0.0001499652862548828
6600 0.03197024504073093 0.0 0.0 430.11701917648315
6610 0.023841757611482998 0.0 0.0 826.1062934398651
6620 0.03031489192513343 0.0 0.0 455.7042233943939
6630 0.002349815191926818 0.0 0.0 452.3433973789215
6640 0.0 0.0 0.0 0.00010538101196289062
6650 0.004269560384394777 0.0 0.0 1019.5295827388763
6660 0.020258235752271883 0.0 0.0 383.1935257911682
6670 0.0 0.0 0.0 0.00014472007751464844
6680 0.014140849088908806 0.0 0.0 449.53012013435364
6690 0.014366869413537339 0.0 0.0 451.21590304374695
6700 0.015332923549982199 0.0 0.0 418.96211671829224
6710 0.0017705070982752978 0.0 0.0 435.2280900478363
6720 0.028654939872490934 0.0 0.0 447.6545090675354
6730 0.03197024504073093 0.0 0.0 377.40281414985657
6740 0.0 0.0 0.0 5.507469177246094e-05
6750 0.0 0.0 0.0 4.696846008300781e-05
6760 0.016935468574139523 0.0 0.0 455.94231700897217
6770 0.027056720970673423 0.0 0.0 437.01707458496094
6780 0.03197024504073093 0.0 0.0 452.6158676147461
6790 0.0 0.0 0.0 0.00011086463928222656
6800 0.026779542001670566 0.0 0.0 400.6151452064514
6810 0.025085565644269038 0.0 0.0 349.760231256485
6820 0.03197024504073093 0.0 0.0 442.92642641067505
6830 0.0 0.0 0.0 0.00010848045349121094
6840 0.017345279504203868 0.0 0.0 436.88576436042786
6850 0.017511283386982913 0.0 0.0 386.85131001472473
6860 0.031359024785303204 0.0 0.0 445.5517039299011
6870 0.012369017076060236 0.0 0.0 440.2546925544739
6880 0.0 0.0 0.0 0.00011372566223144531
6890 0.003930350509492056 0.0 0.0 446.73964047431946
6900 0.0013914442869706386 0.0 0.0 442.7244188785553
6910 0.016543853669817907 0.0 0.0 440.3470788002014
6920 0.0 0.0 0.0 0.00011610984802246094
6930 0.0 0.0 0.0 0.00011157989501953125
6940 0.03197024504073093 0.0 0.0 358.7137176990509
6950 0.0 0.0 0.0 0.00012159347534179688
6960 0.0 0.0 0.0 0.00019478797912597656
6970 0.010772730213425317 0.0 0.0 425.70043992996216
6980 0.0 0.0 0.0 0.00015687942504882812
6990 0.03197024504073093 0.0 0.0 398.6441628932953
7000 0.0 0.0 0.0 7.700920104980469e-05
7010 0.03197024504073093 0.0 0.0 447.2761754989624
7020 0.030596412849683473 0.0 0.0 385.1791069507599
7030 0.01171833863218594 0.0 0.0 404.6450893878937
7040 0.0 0.0 0.0 9.036064147949219e-05
7050 0.0 0.0 0.0 0.00012946128845214844
7060 0.017609992896741818 0.0 0.0 446.59593081474304
7070 0.0 0.0 0.0 0.00011086463928222656
7080 0.0 0.0 0.0 0.00016498565673828125
7090 0.00027735019045488254 0.0 0.0 430.5631597042084
7100 0.0 0.0 0.0 0.00018024444580078125
7110 0.0 0.0 0.0 0.00017786026000976562
7120 0.013928503940580926 0.0 0.0 417.53251028060913
7130 0.03197024504073093 0.0 0.0 443.94729948043823
7140 0.014652722199213873 0.0 0.0 1004.9326708316803
7150 0.0 0.0 0.0 0.00013518333435058594
7160 0.007052198787724353 0.0 0.0 366.2481596469879
7170 0.02283664039708645 0.0 0.0 337.6574993133545
7180 0.03197024504073093 0.0 0.0 302.88528990745544
7190 0.0 0.0 0.0 6.532669067382812e-05
7200 0.0 0.0 0.0 0.00013828277587890625
7210 0.0 0.0 0.0 0.00016260147094726562
7220 0.021803533066579475 0.0 0.0 339.76213693618774
7230 0.03093293397996305 0.0 0.0 445.1465091705322
7240 0.0 0.0 0.0 0.0001266002655029297
7250 0.03197024504073093 0.0 0.0 412.6756353378296
7260 0.0 0.0 0.0 0.00013065338134765625
7270 0.01528815347157823 0.0 0.0 417.59563970565796
7280 0.011194072127552563 0.0 0.0 449.59285140037537
7290 0.0 0.0 0.0 0.00016689300537109375
7300 0.0 0.0 0.0 0.00012254714965820312
7310 0.0 0.0 0.0 0.00011587142944335938
7320 0.0 0.0 0.0 9.72747802734375e-05
7330 6.896128857869728e-05 0.0 0.0 437.28629875183105
7340 0.0 0.0 0.0 6.508827209472656e-05
7350 0.03197024504073093 0.0 0.0 408.01166582107544
7360 0.0 0.0 0.0 0.00014901161193847656
7370 0.0 0.0 0.0 0.00017309188842773438
7380 0.024716003776746688 0.0 0.0 444.42295598983765
7390 0.0 0.0 0.0 0.00012993812561035156
7400 0.010566411037484204 0.0 0.0 441.14020323753357
7410 0.0 0.0 0.0 0.000690460205078125
7420 0.0 0.0 0.0 0.00015974044799804688
7430 0.0012550422471377344 0.0 0.0 442.5859537124634
7440 0.0015667604047711384 0.0 0.0 306.7797682285309
7450 0.03197024504073093 0.0 0.0 449.28297758102417
7460 0.03197024504073093 0.0 0.0 424.94589591026306
7470 0.0 0.0 0.0 9.989738464355469e-05
7480 0.0 0.0 0.0 0.000164031982421875
7490 0.006451069994614125 0.0 0.0 430.8232650756836
7500 0.03197024504073093 0.0 0.0 368.9792745113373
7510 0.01932826021122268 0.0 0.0 357.7918231487274
7520 0.002773834370942763 0.0 0.0 341.62626123428345
7530 0.0 0.0 0.0 0.00011992454528808594
7540 0.03197024504073093 0.0 0.0 436.58281803131104
7550 0.030596412849683473 0.0 0.0 430.3163969516754
7560 0.0 0.0 0.0 0.0001895427703857422
7570 0.02932145359688766 0.0 0.0 459.15533566474915
7580 0.020131913045085895 0.0 0.0 446.38182282447815
7590 0.0 0.0 0.0 0.00018453598022460938
7600 0.0 0.0 0.0 0.0001773834228515625
7610 0.010605168727447208 0.0 0.0 430.9033045768738
7620 0.0 0.0 0.0 0.00011801719665527344
7630 0.03197024504073093 0.0 0.0 445.44240164756775
7640 0.022666047976795035 0.0 0.0 445.9089479446411
7650 0.0 0.0 0.0 8.511543273925781e-05
7660 0.0 0.0 0.0 0.000186920166015625
7670 0.005318360491526624 0.0 0.0 297.54465222358704
7680 0.0 0.0 0.0 0.00013756752014160156
7690 0.03197024504073093 0.0 0.0 434.9862961769104
7700 0.03197024504073093 0.0 0.0 452.4052278995514
7710 0.0 0.0 0.0 0.000118255615234375
7720 0.004770113679793118 0.0 0.0 374.7645173072815
7730 0.0 0.0 0.0 0.00022149085998535156
7740 0.002243894649448304 0.0 0.0 400.98338174819946
7750 0.0 0.0 0.0 7.772445678710938e-05
7760 0.0 0.0 0.0 0.00017547607421875
7770 0.03197024504073093 0.0 0.0 338.12550258636475
7780 0.0 0.0 0.0 0.000179290771484375
7790 0.01774520121835133 0.0 0.0 361.6081781387329
7800 0.030596412849683473 0.0 0.0 444.0985732078552
7810 0.03197024504073093 0.0 0.0 437.2519545555115
7820 0.0 0.0 0.0 0.00017118453979492188
7830 0.0 0.0 0.0 0.00015306472778320312
7840 0.03197024504073093 0.0 0.0 446.6071012020111
7850 0.0 0.0 0.0 0.00013875961303710938
7860 0.0 0.0 0.0 0.00012826919555664062
7870 0.03197024504073093 0.0 0.0 424.81300354003906
7880 0.004548145923257711 0.0 0.0 318.6271266937256
7890 0.02399360483399321 0.0 0.0 421.46257042884827
7900 0.0 0.0 0.0 0.00011110305786132812
7910 0.0 0.0 0.0 0.000141143798828125
7920 0.0 0.0 0.0 8.487701416015625e-05
7930 0.0 0.0 0.0 0.0001327991485595703
7940 0.0 0.0 0.0 0.0001881122589111328
7950 0.03197024504073093 0.0 0.0 398.91923427581787
7960 0.022627912873987837 0.0 0.0 312.8013505935669
7970 0.01056089236341927 0.0 0.0 371.6809616088867
7980 0.0 0.0 0.0 5.698204040527344e-05
7990 0.012544516128132437 0.0 0.0 452.1108179092407
8000 0.023410303072024814 0.0 0.0 299.89550495147705
8010 0.0 0.0 0.0 0.00011444091796875
8020 0.0070719704236905725 0.0 0.0 1035.9735434055328
8030 0.0 0.0 0.0 0.0001595020294189453
8040 0.0016630663031083628 0.0 0.0 435.1797375679016
8050 0.0029293653172645885 0.0 0.0 327.8215973377228
8060 0.01322264650231821 0.0 0.0 732.7606914043427
8070 0.024618487546927477 0.0 0.0 400.70336985588074
8080 0.0 0.0 0.0 0.000118255615234375
8090 0.0 0.0 0.0 9.870529174804688e-05
8100 0.0 0.0 0.0 0.00013256072998046875
8110 0.0 0.0 0.0 0.0001697540283203125
8120 0.0 0.0 0.0 0.0001666545867919922
8130 0.022212755024696045 0.0 0.0 453.93588185310364
8140 0.0 0.0 0.0 9.775161743164062e-05
8150 0.031359024785303204 0.0 0.0 358.0746548175812
8160 0.020848992370741955 0.0 0.0 294.70786023139954
8170 0.008412303065310172 0.0 0.0 442.8905704021454
8180 0.0 0.0 0.0 0.00011372566223144531
8190 0.0 0.0 0.0 0.00012636184692382812
8200 0.0 0.0 0.0 0.00015425682067871094
8210 0.03197024504073093 0.0 0.0 358.09142780303955
8220 0.007701345115681415 0.0 0.0 394.75821590423584
8230 0.03197024504073093 0.0 0.0 420.50575399398804
8240 0.03197024504073093 0.0 0.0 382.09951877593994
8250 0.018441059696566005 0.0 0.0 305.2488172054291
8260 0.028334489830373382 0.0 0.0 439.6961808204651
8270 0.023786698606275112 0.0 0.0 992.3858993053436
8280 0.0 0.0 0.0 0.00014591217041015625
8290 0.0 0.0 0.0 0.00010395050048828125
8300 0.0 0.0 0.0 0.0001728534698486328
8310 0.0 0.0 0.0 0.00010156631469726562
8320 0.0 0.0 0.0 0.00014829635620117188
8330 0.03197024504073093 0.0 0.0 436.64761424064636
8340 0.004550192153735904 0.0 0.0 349.397554397583
8350 0.03197024504073093 0.0 0.0 300.3763701915741
8360 0.02717667834102874 0.0 0.0 371.591153383255
8370 0.0 0.0 0.0 0.00013256072998046875
8380 0.02630099282367124 0.0 0.0 392.5565140247345
8390 0.020131913045085895 0.0 0.0 445.1452226638794
8400 0.0 0.0 0.0 0.00011801719665527344
8410 0.0 0.0 0.0 0.00015425682067871094
8420 0.0 0.0 0.0 0.0001857280731201172
8430 0.028236991522144688 0.0 0.0 417.0590777397156
8440 0.004635349012402131 0.0 0.0 292.7109615802765
8450 0.0 0.0 0.0 0.00016188621520996094
8460 0.03197024504073093 0.0 0.0 308.71126437187195
8470 0.031359024785303204 0.0 0.0 346.52040672302246
8480 0.0029043149577063867 0.0 0.0 427.1710925102234
8490 0.0 0.0 0.0 0.00012803077697753906
8500 0.005918474684523857 0.0 0.0 348.7629728317261
8510 0.03197024504073093 0.0 0.0 431.0603530406952
8520 0.0 0.0 0.0 0.00016045570373535156
8530 0.0 0.0 0.0 0.000110626220703125
8540 0.0016380617259896839 0.0 0.0 304.3588705062866
8550 0.031359024785303204 0.0 0.0 434.28205919265747
8560 0.029855431113509582 0.0 0.0 427.2736015319824
8570 0.016761565782424985 0.0 0.0 335.3127748966217
8580 0.0 0.0 0.0 0.0001971721649169922
8590 0.01945114113399017 0.0 0.0 433.99953961372375
8600 0.004764920837845182 0.0 0.0 450.9270112514496
8610 0.013761857865629114 0.0 0.0 434.64073967933655
8620 0.0 0.0 0.0 9.775161743164062e-05
8630 0.02000969420794418 0.0 0.0 446.0838623046875
8640 0.03197024504073093 0.0 0.0 436.7907042503357
8650 0.0 0.0 0.0 0.00011181831359863281
8660 0.0 0.0 0.0 0.00010395050048828125
8670 0.0 0.0 0.0 0.00011610984802246094
8680 0.0 0.0 0.0 0.00016355514526367188
8690 0.01865280549071997 0.0 0.0 416.3872141838074
8700 0.027435400587850094 0.0 0.0 821.6897432804108
8710 0.00740551179469018 0.0 0.0 374.66137981414795
8720 0.0 0.0 0.0 9.870529174804688e-05
8730 0.0 0.0 0.0 0.0001442432403564453
8740 0.0 0.0 0.0 0.00011348724365234375
8750 0.027302670722223463 0.0 0.0 428.4693214893341
8760 0.030596412849683473 0.0 0.0 368.2329967021942
8770 0.0 0.0 0.0 0.0001983642578125
8780 0.018912267437701667 0.0 0.0 408.24811005592346
8790 0.0 0.0 0.0 0.00016736984252929688
8800 0.03197024504073093 0.0 0.0 437.0191071033478
8810 0.0 0.0 0.0 0.0001964569091796875
8820 0.02877284994876296 0.0 0.0 363.33572006225586
8830 0.03197024504073093 0.0 0.0 404.00900197029114
8840 0.0 0.0 0.0 0.00010180473327636719
8850 0.015715055705592385 0.0 0.0 377.66878271102905
8860 0.024716003776746688 0.0 0.0 801.5506453514099
8870 0.030596412849683473 0.0 0.0 413.5824830532074
8880 0.023378229840777823 0.0 0.0 317.8572745323181
8890 0.03197024504073093 0.0 0.0 345.3866469860077
8900 0.0 0.0 0.0 0.00010085105895996094
8910 0.0 0.0 0.0 0.00014352798461914062
8920 0.03197024504073093 0.0 0.0 375.88418197631836
8930 0.022756792070236696 0.0 0.0 611.9055411815643
8940 0.0 0.0 0.0 0.00015211105346679688
8950 0.031359024785303204 0.0 0.0 348.13708782196045
8960 0.03197024504073093 0.0 0.0 253.13960003852844
8970 0.013133379676718659 0.0 0.0 249.54849410057068
8980 0.03197024504073093 0.0 0.0 282.79935479164124
8990 0.031359024785303204 0.0 0.0 238.48834085464478
9000 0.03197024504073093 0.0 0.0 395.5070719718933
9010 0.0023340788637760163 0.0 0.0 343.64771246910095
9020 0.011199097923314623 0.0 0.0 397.8951995372772
9030 0.009981455790842772 0.0 0.0 426.05646991729736
9040 0.0 0.0 0.0 0.00017952919006347656
9050 0.0 0.0 0.0 6.222724914550781e-05
9060 0.0 0.0 0.0 0.0001506805419921875
9070 0.005973051971740998 0.0 0.0 415.70837903022766
9080 0.0 0.0 0.0 0.00012731552124023438
9090 0.0 0.0 0.0 0.000102996826171875
9100 0.0 0.0 0.0 0.00012803077697753906
9110 0.03197024504073093 0.0 0.0 421.38477206230164
9120 0.0 0.0 0.0 0.00012350082397460938
9130 0.0 0.0 0.0 0.0001277923583984375
9140 0.005985459719310745 0.0 0.0 351.5195429325104
9150 0.028542983920284835 0.0 0.0 291.4943652153015
9160 0.0206579977650999 0.0 0.0 267.7840328216553
9170 0.0 0.0 0.0 5.8650970458984375e-05
9180 0.03197024504073093 0.0 0.0 304.2806694507599
9190 0.01267192309684134 0.0 0.0 290.25903034210205
9200 0.03197024504073093 0.0 0.0 267.90212082862854
9210 0.00022610779191833104 0.0 0.0 277.0610580444336
9220 0.03197024504073093 0.0 0.0 244.2154712677002
9230 0.0 0.0 0.0 8.034706115722656e-05
9240 0.022372652517727416 0.0 0.0 276.2158114910126
9250 0.0 0.0 0.0 5.507469177246094e-05
9260 0.022823197636375574 0.0 0.0 433.4960587024689
9270 0.022946244654796406 0.0 0.0 436.227787733078
9280 0.0 0.0 0.0 0.0001556873321533203
9290 0.0 0.0 0.0 0.0001475811004638672
9300 0.010180790502446498 0.0 0.0 421.83890414237976
9310 0.0 0.0 0.0 0.0001971721649169922
9320 0.02917049560007283 0.0 0.0 421.8135895729065
9330 0.006393787616791085 0.0 0.0 836.3895766735077
9340 0.028654939872490934 0.0 0.0 347.46517729759216
9350 0.019141197780637317 0.0 0.0 373.77279353141785
9360 0.0 0.0 0.0 0.0001125335693359375
9370 0.0 0.0 0.0 0.0001163482666015625
9380 0.015605906162108052 0.0 0.0 306.6595776081085
9390 0.03197024504073093 0.0 0.0 316.330685377121
9400 0.007502970413985135 0.0 0.0 264.42687582969666
9410 0.03197024504073093 0.0 0.0 286.08204913139343
9420 0.018721549250014673 0.0 0.0 344.70588397979736
9430 0.03031489192513343 0.0 0.0 306.25276494026184
9440 0.03197024504073093 0.0 0.0 293.37071681022644
9450 0.0 0.0 0.0 6.794929504394531e-05
9460 0.0 0.0 0.0 4.8160552978515625e-05
9470 0.03197024504073093 0.0 0.0 227.45182919502258
9480 0.0 0.0 0.0 6.270408630371094e-05
9490 0.023378229840777823 0.0 0.0 214.3855004310608
9500 0.007704628947176324 0.0 0.0 436.84478402137756
9510 0.010285531501750836 0.0 0.0 417.4698522090912
9520 0.012434255475018955 0.0 0.0 430.5737814903259
9530 0.03197024504073093 0.0 0.0 356.15109157562256
9540 0.0266765548979744 0.0 0.0 289.8910195827484
9550 0.012228780804665175 0.0 0.0 400.6251845359802
9560 0.0 0.0 0.0 0.0001614093780517578
9570 0.03197024504073093 0.0 0.0 380.32488465309143
9580 0.008228149735795234 0.0 0.0 361.3274128437042
9590 0.028436333182346098 0.0 0.0 332.34152603149414
9600 0.025858318141580457 0.0 0.0 259.1131417751312
9610 0.0 0.0 0.0 0.00011491775512695312
9620 0.0 0.0 0.0 0.0001049041748046875
9630 0.02283664039708645 0.0 0.0 317.8364667892456
9640 0.0 0.0 0.0 0.00010657310485839844
9650 0.03197024504073093 0.0 0.0 312.72571206092834
9660 0.031359024785303204 0.0 0.0 268.42129468917847
9670 0.005607193766861912 0.0 0.0 237.73461890220642
9680 0.02334647895085073 0.0 0.0 228.98680448532104
9690 0.0 0.0 0.0 6.580352783203125e-05
9700 0.03093293397996305 0.0 0.0 235.66232013702393
9710 0.0 0.0 0.0 7.486343383789062e-05
9720 0.0 0.0 0.0 6.818771362304688e-05
9730 0.03197024504073093 0.0 0.0 213.84082531929016
9740 0.0 0.0 0.0 7.724761962890625e-05
9750 0.0 0.0 0.0 7.486343383789062e-05
9760 0.017243078137657835 0.0 0.0 440.5299162864685
9770 0.0 0.0 0.0 9.036064147949219e-05
9780 0.0 0.0 0.0 8.702278137207031e-05
9790 0.0 0.0 0.0 0.000179290771484375
9800 0.03197024504073093 0.0 0.0 363.3560574054718
9810 0.006327494323747541 0.0 0.0 338.6896948814392
9820 0.0 0.0 0.0 0.00010037422180175781
9830 0.0 0.0 0.0 9.34600830078125e-05
9840 0.0 0.0 0.0 0.00010085105895996094
9850 0.0 0.0 0.0 0.00011491775512695312
9860 0.0 0.0 0.0 0.00010800361633300781
9870 0.00773489064875073 0.0 0.0 424.05839347839355
9880 0.020686737145246582 0.0 0.0 339.5787537097931
9890 0.026257590887021034 0.0 0.0 394.70022988319397
9900 0.0 0.0 0.0 0.00011610984802246094
9910 0.0 0.0 0.0 0.00011396408081054688
9920 0.03197024504073093 0.0 0.0 269.33581352233887
9930 0.0 0.0 0.0 0.00015592575073242188
9940 0.0 0.0 0.0 0.0001399517059326172
9950 0.0 0.0 0.0 0.00011372566223144531
9960 0.0 0.0 0.0 0.00014448165893554688
9970 0.0 0.0 0.0 0.0001418590545654297
9980 0.03197024504073093 0.0 0.0 262.86620354652405
9990 0.03197024504073093 0.0 0.0 311.29915046691895
