
x disttype general-gaussian
x k 360
x std 0.9
x N 50000
x alpha 0.0005

o 0 0.9953484763535602 0.9972421153525199
o 10 0.9959832026584181 0.9977269996889246
o 20 0.8814668098796715 0.8913628052779305
o 30 0.9888309281631544 0.991882575231211
o 40 0.9780869448599759 0.9824304201620894
o 50 0.9870250632338723 0.9903291228977766
o 60 0.9984080584682806 0.9994197042904669
o 70 0.9979914799067023 0.9991569284568658
o 80 0.736651469932104 0.7502664458909226
o 90 0.9713065977925085 0.9762930860044996
o 100 0.9514170565506294 0.9579093014477553
o 110 0.9521201895258204 0.9585659339419429
o 120 0.9144469742989211 0.9229716791698408
o 130 0.9942951061238854 0.9964160553418016
o 140 0.9578567059434183 0.9639075016251797
o 150 0.9257609134562694 0.9337339806554057
o 160 0.9343059187399974 0.9418261351719772
o 170 0.865384257118169 0.8758507078756079
o 180 0.9886584732879916 0.9917350963815065
o 190 0.9764028929559837 0.9809150522515003
o 200 0.9766973520184984 0.9811804919914258
o 210 0.9330106886358616 0.9406017958826831
o 220 0.9419634023095125 0.9490461046714675
o 230 0.9354576047949836 0.9429140661936352
o 240 0.963942630425787 0.9695395376866272
o 250 0.7219925873515132 0.7358502327451506
o 260 0.9746591923218505 0.9793393502689967
o 270 0.982866222502286 0.9866894708689273
o 280 0.9827176217514955 0.9865581243452254
o 290 0.7116946625024236 0.7257116043622254
o 300 0.563354364976308 0.5787816797370812
o 310 0.8944974474984086 0.9038878354371821
o 320 0.30459147505989176 0.3190319665848641
o 330 0.9941837707771213 0.996327446879261
o 340 0.47759309521070714 0.49317183191381786
o 350 0.9790569313470829 0.9833000977647625
o 360 0.9924607270579469 0.9949312960475685
o 370 0.9781290920090286 0.9824682584456211
o 380 0.995960421005609 0.997709796129333
o 390 0.9930765723074023 0.9954351745937398
o 400 0.9733587746840131 0.9781602115855869
o 410 0.9960744214638696 0.9977957209692991
o 420 0.7337068197038585 0.7473720810777019
o 430 0.994786540360217 0.9968043647446723
o 440 0.9996678275924519 0.9999940967944916
o 450 0.9009293573215121 0.9100537879025403
o 460 0.7597387830078612 0.7729314139399529
o 470 0.9629233749401657 0.9685991353914887
o 480 0.9871322711142537 0.9904218751063855
o 490 0.9445198347058319 0.9514488213802821
o 500 0.9987102018538886 0.9995969315746592
o 510 0.967296347264427 0.9726246923728822
o 520 0.9341414208551457 0.9416706877475721
o 530 0.7598195535421692 0.7730106164128081
o 540 0.943715566325739 0.9506933574984493
o 550 0.678150950648826 0.6926265517760132
o 560 0.8503633797700004 0.8613165851246642
o 570 0.9708255132053811 0.9758543337041029
o 580 0.9776866618110025 0.9820708414412599
o 590 0.9903014396399556 0.9931314866543459
o 600 0.9931206664299417 0.9954710602649183
o 610 0.7951495564966001 0.8075888143916573
o 620 0.9728348868739524 0.9776842777498204
o 630 0.9144265005613614 0.9229521597100896
o 640 0.9874540978417151 0.9906999281463159
o 650 0.9530925052174646 0.9594732938377597
o 660 0.9625075328125224 0.9682151170536609
o 670 0.941736722949759 0.9488328594625045
o 680 0.9952808258303961 0.9971898049580897
o 690 0.9926583880225167 0.9950935475867196
o 700 0.9923510275816232 0.9948410436522112
o 710 0.9661498124811231 0.9715716134135023
o 720 0.5250986084599415 0.5406503105299005
o 730 0.9570273862584119 0.9631370986053652
o 740 0.1494148266866843 0.16070152326664622
o 750 0.9926144404943138 0.9950575146577324
o 760 0.5993494935403549 0.6145744513192791
o 770 0.9822932734648216 0.9861826228731442
o 780 0.9385442684038339 0.9458263760890396
o 790 0.9867464766032598 0.9900878129255956
o 800 0.7843087532666444 0.7969932363818962
o 810 0.9248786256124752 0.9328965616908313
o 820 0.9960744214638696 0.9977957209692991
o 830 0.7096195019066915 0.7236674596720826
o 840 0.9878192156090767 0.9910146731576699
o 850 0.9950782432968917 0.997032502195308
o 860 0.9993257723589525 0.9998990270247117
o 870 0.8948648280088757 0.9042403328133386
o 880 0.9911926670051865 0.9938798964580051
o 890 0.8196488945647631 0.8314813040271734
o 900 0.6815717338607491 0.6960046221918308
o 910 0.9720600086599166 0.9769794193961402
o 920 0.9786561302124286 0.9829410378674259
o 930 0.8327656888748964 0.8442401377262028
o 940 0.8618252971536152 0.8724108522001529
o 950 0.7000720418729344 0.7142581165967181
o 960 0.7053488642389321 0.7194595272013766
o 970 0.9711601595268442 0.9761595739353511
o 980 0.9929884278643608 0.9953633592455201
o 990 0.6653973727804857 0.6800244047428303
o 1000 0.8841976144756876 0.8939910926201506
o 1010 0.9791624424383089 0.9833945500486287
o 1020 0.9757092089159536 0.9802889743142518
o 1030 0.9928123100090981 0.9952195567343155
o 1040 0.991323423552558 0.9939890856380003
o 1050 0.7371557306836781 0.750762016479014
o 1060 0.9972534418677634 0.9986557844757022
o 1070 0.9906705095265624 0.9934422679202571
o 1080 0.87120335061297 0.881469678266075
o 1090 0.9047505530075023 0.913711322370092
o 1100 0.9983337061651681 0.9993741869624272
o 1110 0.9938061226491837 0.9960252811397775
o 1120 0.9381325581679579 0.9454382232625596
o 1130 0.9349639817533406 0.9424478533644371
o 1140 0.9709300798305831 0.9759497316374504
o 1150 0.9465211436408779 0.953326846029428
o 1160 0.9559704847912482 0.9621543532919462
o 1170 0.9684438316157716 0.9736768208876245
o 1180 0.9960059934406409 0.9977441940439223
o 1190 0.9826539483676309 0.9865018203029313
o 1200 0.5628733765981151 0.5783028298903828
o 1210 0.9948089425921502 0.9968219504684411
o 1220 0.9885938299419412 0.9916797645045298
o 1230 0.9692998782203183 0.9744604850721061
o 1240 0.9785296071044328 0.9828276047938275
o 1250 0.9237093423373312 0.9317862335168324
o 1260 0.06320995490867719 0.07101622204623648
o 1270 0.3281483736079299 0.3428670776244893
o 1280 0.9925265848321886 0.9949854092341149
o 1290 0.6783924029161738 0.6928650185890096
o 1300 0.911213053903564 0.919886674086093
o 1310 0.8844218247269408 0.8942068078174039
o 1320 0.7608494067163925 0.7740204190766762
o 1330 0.9479043120873806 0.9546232168276894
o 1340 0.9615307025424412 0.9673122749130836
o 1350 0.9944065677150438 0.9965045368392506
o 1360 0.9885938299419412 0.9916797645045298
o 1370 0.9283677592724919 0.9362062685078364
o 1380 0.8856245115077694 0.8953637211453226
o 1390 0.9984578626277146 0.999449808165806
o 1400 0.989651607756594 0.9925815764331913
o 1410 0.9061610865201652 0.9150603201398376
o 1420 0.9941392710828884 0.9962919688562998
o 1430 0.9957557829105036 0.997554564113653
o 1440 0.6122338718288667 0.6273657451408652
o 1450 0.9965559675880834 0.9981538370932204
o 1460 0.9597654579229793 0.9656781109286698
o 1470 0.8213106185040052 0.8330990260813818
o 1480 0.9896299771889749 0.9925632155016828
o 1490 0.9009497856314767 0.9100733528036337
o 1500 0.021059842367135595 0.02578146453658048
o 1510 0.947739121321856 0.9544684626289867
o 1520 0.924283690258222 0.9323316947426357
o 1530 0.13079422551817904 0.14148852218675168
o 1540 0.9737571084590041 0.9785217420567897
o 1550 0.967546624735816 0.9728543305134453
o 1560 0.989132985014869 0.9921404016557241
o 1570 0.7673932679700125 0.7804343712696427
o 1580 0.921146137124295 0.9293502904413962
o 1590 0.9918036615141346 0.994388645694132
o 1600 0.8555644648442292 0.8663537684380347
o 1610 0.9987871854159925 0.9996397540167659
o 1620 0.9399238577209683 0.9471263278603866
o 1630 0.9931206664299417 0.9954710602649183
o 1640 0.7008977288597852 0.7150721530945097
o 1650 0.9863610969728132 0.9897533348799479
o 1660 0.7754145693487363 0.788290390405274
o 1670 0.8255874137851369 0.8372608051254631
o 1680 0.9055273294568953 0.914454287797795
o 1690 0.9494947912497848 0.9561122076515677
o 1700 0.9918692498925356 0.9944430293827725
o 1710 0.9834823058680807 0.9872331682410604
o 1720 0.9960287934415504 0.997761379103869
o 1730 0.7721611859608488 0.7851048604751842
o 1740 0.8268240776988327 0.8384637290161157
o 1750 0.7643230344033024 0.7774256306516196
o 1760 0.9873682471667509 0.9906258109583492
o 1770 0.9877117849820002 0.9909221442539575
o 1780 0.992922357265093 0.9953094598274574
o 1790 0.15091211204393057 0.1622437241428969
o 1800 0.79071937101871 0.8032604785193883
o 1810 0.9833122778014259 0.9870832569311566
o 1820 0.9957557829105036 0.997554564113653
o 1830 0.99263641260362 0.9950755327842701
o 1840 0.996234423774403 0.9979156106725443
o 1850 0.6412946472485193 0.6561752144583683
o 1860 0.8955179948441737 0.9048669488755645
o 1870 0.9988389036516672 0.9996678953600677
o 1880 0.8048839506807552 0.8170911721082408
o 1890 0.9996678275924519 0.9999940967944916
o 1900 0.9689866243461294 0.9741738448194956
o 1910 0.8675812705666568 0.8779729633872806
o 1920 0.8625369902854872 0.8730989222149717
o 1930 0.909289940218142 0.9180504267708312
o 1940 0.9696132098341418 0.9747470475084137
o 1950 0.9957557829105036 0.997554564113653
o 1960 0.9683603450690438 0.9736003356208609
o 1970 0.7079272715781674 0.7220002565551162
o 1980 0.9589560837221578 0.9649277560560298
o 1990 0.9772023808242002 0.9816352893847526
o 2000 0.9615307025424412 0.9673122749130836
o 2010 0.9804721248693984 0.9845644114364628
o 2020 0.9611359687814898 0.9669471409825643
o 2030 0.9748691004637569 0.9795293703718064
o 2040 0.872119262020042 0.8823534621614689
o 2050 0.9809586397843911 0.9849977262541614
o 2060 0.9982351769925596 0.9993128775364343
o 2070 0.33978545792974035 0.35462604901695927
o 2080 0.9822508566571856 0.986145054673059
o 2090 0.7269114186863194 0.7406897554856491
o 2100 0.9426847625371972 0.9497245043809454
o 2110 0.85568639438766 0.8664717983048341
o 2120 0.959495628266126 0.9654280309224591
o 2130 0.24860367024826008 0.2621987984754578
o 2140 0.9994130827814863 0.9999311292217226
o 2150 0.992175669376121 0.9946964781883282
o 2160 0.9873682471667509 0.9906258109583492
o 2170 0.9992130705901301 0.9998523473218889
o 2180 0.9557840274288834 0.9619808729500631
o 2190 0.9810856189869213 0.9851107025334789
o 2200 0.8993769865203672 0.9085666746154362
o 2210 0.9390177958204639 0.946272691165603
o 2220 0.9985580909074143 0.9995093820155696
o 2230 0.982484189364156 0.9863516394377433
o 2240 0.9985078691024893 0.9994797052294327
o 2250 0.949432806670182 0.9560542128913295
o 2260 0.9817632923403422 0.9857127910039591
o 2270 0.9847381132351619 0.9883369102018236
o 2280 0.6630042430809265 0.6776583368338496
o 2290 0.9155731481198499 0.9240451311636395
o 2300 0.9895867217362898 0.99252648793873
o 2310 0.9492675216306202 0.9558995530204599
o 2320 0.8247157334908953 0.836412775974611
o 2330 0.9375562453103189 0.9448947277948703
o 2340 0.9969495993090236 0.9984398951779412
o 2350 0.9775813582734916 0.9819761813079246
o 2360 0.9744703146583027 0.9791682924644183
o 2370 0.9674006240226951 0.97272038045805
o 2380 0.8223239597387706 0.8340853470250491
o 2390 0.9884215189204483 0.9915321414010584
o 2400 0.954168728840386 0.9604767109940745
o 2410 0.9860402508164849 0.9894742989395224
o 2420 0.9830573420934342 0.9868582833761674
o 2430 0.6763200103734628 0.6908181056882545
o 2440 0.9837587252117892 0.9874766501503918
o 2450 0.8838715013328264 0.8936773141990405
o 2460 0.9190145731688701 0.9273225626537686
o 2470 0.9930104585474063 0.9953813185354257
o 2480 0.8769852854378577 0.8870458201456181
o 2490 0.9403151872415135 0.9474948681514995
o 2500 0.7878069992828395 0.8004138224500719
o 2510 0.9609282492991504 0.9667549300739203
o 2520 0.9580018718106741 0.9640422872067926
o 2530 0.9200392501141408 0.9282975452403607
o 2540 0.9884215189204483 0.9915321414010584
o 2550 0.9070402757342274 0.9159008387791012
o 2560 0.7897283003545364 0.8022918800057579
o 2570 0.9159622444284703 0.9244159055730454
o 2580 0.9768656606610799 0.981332125460819
o 2590 0.9879696801186054 0.9911441518314862
o 2600 0.9948089425921502 0.9968219504684411
o 2610 0.8026370317369942 0.8148988406737692
o 2620 0.9976315921770181 0.9989172519476788
o 2630 0.9322501988517335 0.9398825384763836
o 2640 0.9412834122361696 0.9484063210148096
o 2650 0.7343723567160261 0.7480263214404966
o 2660 0.9632561232821263 0.9689062753616186
o 2670 0.9411185877350682 0.9482512003585358
o 2680 0.9357250113514584 0.9431665707216281
o 2690 0.8818743364212048 0.8917551432175334
o 2700 0.9553697353514823 0.9615953034239277
o 2710 0.8398667036850126 0.8511367570719365
o 2720 0.6450122153760902 0.6598563990365891
o 2730 0.5911039801689824 0.6063827352709235
o 2740 0.877616634519889 0.887654261079285
o 2750 0.9402327982566442 0.9474172845463003
o 2760 0.6875893900712671 0.7019449496571377
o 2770 0.8206418527732455 0.8324480147690954
o 2780 0.8746028509112624 0.8847490471080588
o 2790 0.9930765723074023 0.9954351745937398
o 2800 0.9537133421698714 0.9600522496816868
o 2810 0.5637952774859046 0.5792206189335452
o 2820 0.8705520896568901 0.8808411558850793
o 2830 0.9981128936006963 0.9992353457234481
o 2840 0.9663165240710824 0.9717248456921974
o 2850 0.9337918863779827 0.9413403384322279
o 2860 0.9342031067290595 0.9417289813650043
o 2870 0.9650666454495059 0.9705751448949322
o 2880 0.9932751135042507 0.9955965419130944
o 2890 0.9890034907508972 0.9920299460630513
o 2900 0.9813396565460657 0.9853365758081654
o 2910 0.9766552801509947 0.9811425783239707
o 2920 0.8168325062892307 0.8287386313534296
o 2930 0.7458914033139444 0.7593434225083292
o 2940 0.982738847893226 0.9865768906758642
o 2950 0.9945404942367145 0.9966105410165468
o 2960 0.9793946222691893 0.9836022895607931
o 2970 0.6190997954614884 0.6341775159294448
o 2980 0.9971596588721757 0.9985896533979276
o 2990 0.8898455325734744 0.8994212967333706
o 3000 0.9731701445794448 0.9779889059322266
o 3010 0.9278134180799719 0.9356807939319061
o 3020 0.9824417578823841 0.9863140859376422
o 3030 0.49566690743159636 0.5112519265055195
o 3040 0.9695087572500631 0.974651535417747
o 3050 0.9938283007060976 0.9960430923297887
o 3060 0.10359716947954815 0.11329495712736326
o 3070 0.9895867217362898 0.99252648793873
o 3080 0.9890898132850111 0.9921035901202688
o 3090 0.9820176215811868 0.9859383721066028
o 3100 0.7559429366512391 0.7692085289302982
o 3110 0.869839823812868 0.8801536586937883
o 3120 0.99158521230267 0.9942071873208811
o 3130 0.7269517413859228 0.7407294192945626
o 3140 0.9945628341288062 0.9966281894626924
o 3150 0.9099036315140795 0.9186365315600975
o 3160 0.5323055934356365 0.5478408990294716
o 3170 0.9985078691024893 0.9994797052294327
o 3180 0.9868321721834461 0.9901620855868619
o 3190 0.9687778310274449 0.9739827086787104
o 3200 0.9935624490461487 0.9958290715514998
o 3210 0.9790358310016802 0.9832812054323887
o 3220 0.9973004383367889 0.9986887437647816
o 3230 0.9948089425921502 0.9968219504684411
o 3240 0.5925884083375725 0.6078578082672377
o 3250 0.849124410082816 0.8601159673624252
o 3260 0.9250427592548497 0.933052373506074
o 3270 0.9949434816817062 0.9969273383152467
o 3280 0.8105127816092783 0.8225804635782151
o 3290 0.9816785407922068 0.9856375723951248
o 3300 0.9007863608928902 0.9099168318535131
o 3310 0.9956423896922855 0.9974680271834279
o 3320 0.9899113248435923 0.9928017568708557
o 3330 0.5589055042493557 0.5743520368784483
o 3340 0.9772023808242002 0.9816352893847526
o 3350 0.9853139669525077 0.9888408478975932
o 3360 0.9837799946791762 0.9874953730748313
o 3370 0.9463353968522108 0.9531526546819606
o 3380 0.992307169660904 0.9948049207320403
o 3390 0.9822508566571856 0.986145054673059
o 3400 0.9972534418677634 0.9986557844757022
o 3410 0.8477840344612722 0.858816789325173
o 3420 0.9782344700883144 0.9825628439333737
o 3430 0.9577322864055204 0.9637919627724791
o 3440 0.9358484363013524 0.9432831047308823
o 3450 0.9219047035943522 0.9300714719164729
o 3460 0.7658782891106952 0.7789498562934166
o 3470 0.9820176215811868 0.9859383721066028
o 3480 0.9924607270579469 0.9949312960475685
o 3490 0.5342277310591564 0.5497581143302057
o 3500 0.9939170574978193 0.9961142922905799
o 3510 0.9721018797892998 0.9770175340428094
o 3520 0.056231381676990703 0.06363724831451145
o 3530 0.927567066996439 0.9354472268871667
o 3540 0.9986592401095487 0.9995680130057608
o 3550 0.6642711675938876 0.6789109875266841
o 3560 0.9982843587370567 0.9993436167432374
o 3570 0.9902363741416428 0.9930765782058028
o 3580 0.6714314225203929 0.6859883321229228
o 3590 0.9731911017743704 0.9780079416012174
o 3600 0.9549141047791393 0.9611710861721643
o 3610 0.9632353245477175 0.9688870810781028
o 3620 0.9918473843023324 0.9944249042949562
o 3630 0.9942728290862174 0.9963983436740477
o 3640 0.8305753009321842 0.8421112555842745
o 3650 0.996234423774403 0.9979156106725443
o 3660 0.9983337061651681 0.9993741869624272
o 3670 0.9819752255372877 0.9859007831067005
o 3680 0.9948089425921502 0.9968219504684411
o 3690 0.9476152347784247 0.9543523904455892
o 3700 0.9507968114694622 0.9573297533667948
o 3710 0.7000317651697501 0.7142184067884181
o 3720 0.9783609431562436 0.982676327118553
o 3730 0.48888803512945284 0.504473083751598
o 3740 0.9913670292074385 0.994025461818258
o 3750 0.94400425342801 0.9509645742979226
o 3760 0.9774760687468658 0.9818815071444896
o 3770 0.985826501335553 0.9892881266892382
o 3780 0.42261498630858324 0.43804849713449245
o 3790 0.9971596588721757 0.9985896533979276
o 3800 0.9246734668163735 0.9327017886617578
o 3810 0.9027885905399807 0.911833936816412
o 3820 0.9756671850276466 0.980251012605819
o 3830 0.9992130705901301 0.9998523473218889
o 3840 0.9731911017743704 0.9780079416012174
o 3850 0.7185863114423199 0.7324976486169424
o 3860 0.9478010666906922 0.9545264966223939
o 3870 0.9952357602882066 0.9971548963126106
o 3880 0.9346555004229256 0.9421564372609438
o 3890 0.9933413623431583 0.9956502622527129
o 3900 0.9810009632809082 0.9850353879229906
o 3910 0.9977987982532164 0.9990298540327246
o 3920 0.999103496509203 0.9998024115070666
o 3930 0.9908009226349882 0.9935518017583986
o 3940 0.9970428031898161 0.9985066120860036
o 3950 0.7618591188174486 0.7750103695573943
o 3960 0.9940281057994044 0.9962031893827343
o 3970 0.8824041502220464 0.8922651532356014
o 3980 0.999103496509203 0.9998024115070666
o 3990 0.9842055818486868 0.9878696333575213
o 4000 0.5723542226798329 0.5877387954676381
o 4010 0.9922852453284942 0.9947868546246592
o 4020 0.9902363741416428 0.9930765782058028
o 4030 0.8546297165301959 0.8654488279321749
o 4040 0.9641091004613689 0.9696930117281717
o 4050 0.9795635288116462 0.9837533242861993
o 4060 0.9378649725831251 0.9451858978446729
o 4070 0.9991579479265237 0.999827728109528
o 4080 0.9798592152541565 0.984017534911133
o 4090 0.9798380905254493 0.9839986669986661
o 4100 0.9683603450690438 0.9736003356208609
o 4110 0.9641299104396038 0.9697121947585526
o 4120 0.9383589927585528 0.9456517133591126
o 4130 0.9932309668614464 0.9955607090108873
o 4140 0.7107074275999955 0.7247391697611518
o 4150 0.9997427320109885 0.9999995494141014
o 4160 0.9832910283120618 0.9870645139909234
o 4170 0.985826501335553 0.9892881266892382
o 4180 0.9355604511810447 0.9430111856103036
o 4190 0.9904099244953146 0.993222958237798
o 4200 0.9910619993917708 0.9937706180212463
o 4210 0.964754337702372 0.9702875576466384
o 4220 0.980747065465217 0.9848093746765775
o 4230 0.9488956682162554 0.9555515303644571
o 4240 0.9877332682027935 0.9909406529467978
o 4250 0.9929003408208814 0.9952914862335147
o 4260 0.9807047591647817 0.9847716957838963
o 4270 0.9569237448808812 0.9630407746284035
o 4280 0.9394296120715053 0.9466607379268
o 4290 0.9769708708866334 0.9814268790322708
o 4300 0.44173564364906265 0.45724138237503853
o 4310 0.9834823058680807 0.9872331682410604
o 4320 0.9994730802517786 0.9999506585660503
o 4330 0.8268646259368603 0.8385031672631614
o 4340 0.9247144978431913 0.9327407440002782
o 4350 0.8702468263852952 0.8805465207142713
o 4360 0.5490481104626269 0.5645327470079617
o 4370 0.8081638126092311 0.8202902160681942
o 4380 0.6468812330226242 0.6617067543644288
o 4390 0.9596824293018654 0.9656011673488005
o 4400 0.6167507466997205 0.6318473534474387
o 4410 0.8996833473964202 0.9088602119224068
o 4420 0.904055622941017 0.9130464833653327
o 4430 0.9981861524596591 0.9992819780723441
o 4440 0.9269101986513049 0.9348243135301263
o 4450 0.9956877226395184 0.9975026664820278
o 4460 0.9573176098205084 0.9634067780167362
o 4470 0.9945628341288062 0.9966281894626924
o 4480 0.923422194816077 0.9315134764548797
o 4490 0.9844398190570547 0.9880753119246692
o 4500 0.27837686549123103 0.2924554782272386
o 4510 0.998532952220799 0.9994945720557045
o 4520 0.9537547372171108 0.9600908408171098
o 4530 0.9806836070770028 0.9847528552733716
o 4540 0.8779832448866258 0.888007528781811
o 4550 0.968756953553268 0.9739635932051646
o 4560 0.9661289748753144 0.9715524580345377
o 4570 0.9062019762794213 0.915099416793178
o 4580 0.9868750277206217 0.9901992141519543
o 4590 0.9398620730415895 0.9470681330937704
o 4600 0.9965790200213357 0.9981707674489865
o 4610 0.946913315791662 0.9536945432552741
o 4620 0.8673778229363229 0.8777764787104685
o 4630 0.7439946711325595 0.7574807889075497
o 4640 0.9189735904041211 0.9272835590357535
o 4650 0.9971128682824996 0.998556485750206
o 4660 0.8863584415792971 0.8960695470518817
o 4670 0.9941392710828884 0.9962919688562998
o 4680 0.9979672929505882 0.9991411475683059
o 4690 0.3939162748390966 0.409196908605971
o 4700 0.9403563825011847 0.9475336591864972
o 4710 0.9787193999196558 0.9829977462392272
o 4720 0.9844398190570547 0.9880753119246692
o 4730 0.9971830790248064 0.9986062120708106
o 4740 0.4086312226987738 0.42399698597179825
o 4750 0.9096376908111692 0.9183825606284923
o 4760 0.9773076343941818 0.9817299995536841
o 4770 0.9864038970311344 0.9897905190541766
o 4780 0.9843972216233586 0.9880379246895418
o 4790 0.99051846314176 0.9933143758515232
o 4800 0.9981616966934683 0.9992664707710186
o 4810 0.9707836891725458 0.9758161719107632
o 4820 0.9527200820543316 0.9591258412732574
o 4830 0.8593855746617 0.8700513866919275
o 4840 0.9567579294387504 0.9628866454959208
o 4850 0.963942630425787 0.9695395376866272
o 4860 0.5678439468662966 0.583250587940402
o 4870 0.9993257723589525 0.9998990270247117
o 4880 0.7047848743662071 0.7189037059202292
o 4890 0.5375717260624202 0.5530929936819573
o 4900 0.8378374396331473 0.8491666971403697
o 4910 0.9085944998846612 0.9173860981843714
o 4920 0.9990229026390082 0.9997633135035773
o 4930 0.9915197299412335 0.9941526972061495
o 4940 0.9863396987797751 0.989734740952503
o 4950 0.5750807514576979 0.5904513499474391
o 4960 0.9945628341288062 0.9966281894626924
o 4970 0.977602417856851 0.9819951144602752
o 4980 0.9743444168714716 0.9790542332477962
o 4990 0.6045467288147629 0.6197354700769693
o 5000 0.9871108268687839 0.9904033273405761
o 5010 0.9987614482791993 0.999625557902435
o 5020 0.859832814791418 0.8704839977033878
o 5030 0.9968566305867083 0.998372940528608
o 5040 0.9346143714889087 0.9421175798695771
o 5050 0.9507968114694622 0.9573297533667948
o 5060 0.9467275432376795 0.9535203776872185
o 5070 0.9748691004637569 0.9795293703718064
o 5080 0.9817421032969416 0.9856939875100651
o 5090 0.984035301353711 0.9877199749605755
o 5100 0.9377620604859913 0.9450888441689711
o 5110 0.9839076310731325 0.9876076909938417
o 5120 0.9971596588721757 0.9985896533979276
o 5130 0.9299695944961995 0.9377239008973661
o 5140 0.7919532331516703 0.804466204537784
o 5150 0.9983584448714474 0.9993894057514955
o 5160 0.9939170574978193 0.9961142922905799
o 5170 0.9846954876430422 0.988299551182129
o 5180 0.9845250258525413 0.9881500744427956
o 5190 0.9781290920090286 0.9824682584456211
o 5200 0.8744603318751771 0.8846116135506796
o 5210 0.7402824094120292 0.753834292037057
o 5220 0.9336685288726863 0.9412237369486193
o 5230 0.9974418742737955 0.998787169461314
o 5240 0.9702401112215511 0.9753199339829564
o 5250 0.9434269065406307 0.9504221133676822
o 5260 0.9082877135893945 0.9170929864189334
o 5270 0.9964178981004407 0.998052007502891
o 5280 0.9991579479265237 0.999827728109528
o 5290 0.9984080584682806 0.9994197042904669
o 5300 0.9873682471667509 0.9906258109583492
o 5310 0.9946522487902374 0.9966987278221023
o 5320 0.9976792437995069 0.9989495473086407
o 5330 0.9707000455756112 0.9757398438507832
o 5340 0.9997427320109885 0.9999995494141014
o 5350 0.9911273222151947 0.9938252682624861
o 5360 0.8514602841186146 0.862379315548428
o 5370 0.9948313507369801 0.9968395302420648
o 5380 0.8454082893207776 0.8565133256448365
o 5390 0.9986085425177087 0.999538823531834
o 5400 0.9848446951647288 0.9884302897649665
o 5410 0.9532166593706444 0.959589098252234
o 5420 0.9444992097545853 0.9514294531979669
o 5430 0.999442873695936 0.9999411111022777
o 5440 0.8791239079076716 0.8891064863992474
o 5450 0.9115813821572357 0.9202382234482742
o 5460 0.9832060392083588 0.9869895333597946
o 5470 0.9991854194751913 0.9998401310800589
o 5480 0.9777287871720342 0.982108701543126
o 5490 0.9919129895267552 0.9944792710712045
o 5500 0.9932751135042507 0.9955965419130944
o 5510 0.9756041528961145 0.9801940663375782
o 5520 0.9955518186013934 0.9973986530682086
o 5530 0.9535270736527872 0.9598785803709522
o 5540 0.9939836726426157 0.9961676444566422
o 5550 0.9966020844888756 0.998187685653262
o 5560 0.8202770846380524 0.8320929045154082
o 5570 0.9885507425216068 0.9916428684202374
o 5580 0.9777287871720342 0.982108701543126
o 5590 0.9933634530736767 0.9956681612106678
o 5600 0.2743082408313167 0.28832548555919724
o 5610 0.9434887599194929 0.9504802394005578
o 5620 0.6294418736813104 0.6444319657599145
o 5630 0.9778130446951351 0.9821844149364493
o 5640 0.9226633889375965 0.9307925344753336
o 5650 0.9926803667673133 0.995111559048686
o 5660 0.9948089425921502 0.9968219504684411
o 5670 0.9530511219602289 0.9594346909048406
o 5680 0.9363627516854885 0.9437686183230104
o 5690 0.9870250632338723 0.9903291228977766
o 5700 0.9803452689701536 0.9844513116559723
o 5710 0.9436330893229156 0.950615861955306
o 5720 0.5360298404110979 0.5515553983437409
o 5730 0.8492259599790744 0.8602143836513652
o 5740 0.9585826412366383 0.9645813235008887
o 5750 0.9973475076700078 0.9987216292808397
o 5760 0.9838012650761434 0.98751409506781
o 5770 0.9916288804942436 0.9942435007295501
o 5780 0.9403357848073628 0.9475142637330191
o 5790 0.9804298368030188 0.9845267142806123
o 5800 0.9569652008095276 0.9630793048419927
o 5810 0.9948537648378093 0.9968571040220039
o 5820 0.9968566305867083 0.998372940528608
o 5830 0.994451188639037 0.9965398929401226
o 5840 0.9778973113308842 0.9822601192044921
o 5850 0.9970661424168645 0.9985232526257974
o 5860 0.9953936121760423 0.9972769532249312
o 5870 0.9451180205297043 0.9520104363954803
o 5880 0.9954613703038478 0.997329155250577
o 5890 0.9420252267475522 0.9491042596598491
o 5900 0.9786983094108199 0.9829788440559215
o 5910 0.9332162517361777 0.9407961644446285
o 5920 0.9970428031898161 0.9985066120860036
o 5930 0.9990229026390082 0.9997633135035773
o 5940 0.9743863809744319 0.9790922548148469
o 5950 0.9111925919123391 0.919867142876208
o 5960 0.9335657339696116 0.9411265660263309
o 5970 0.9887231314120704 0.991790413439243
o 5980 0.9948089425921502 0.9968219504684411
o 5990 0.9983584448714474 0.9993894057514955
o 6000 0.8825060413032805 0.8923632282725208
o 6010 0.9935845800559939 0.9958469300305962
o 6020 0.9396973194584661 0.94691294148503
o 6030 0.8445555733147547 0.8556863256450282
o 6040 0.9936952978991156 0.9959361593135826
o 6050 0.971641384559234 0.9765981856422126
o 6060 0.9953710406785294 0.9972595379004648
o 6070 0.9684647040798897 0.9736959413760747
o 6080 0.9641299104396038 0.9697121947585526
o 6090 0.9741765786125233 0.9789021288051581
o 6100 0.9930765723074023 0.9954351745937398
o 6110 0.9736732356584376 0.9784456434521903
o 6120 0.9946075303645595 0.9966634698045075
o 6130 0.999784848241918 0.9999999949993749
o 6140 0.9996678275924519 0.9999940967944916
o 6150 0.9883138763132345 0.9914398250385499
o 6160 0.9055068867469834 0.914434737300799
o 6170 0.988507661570403 0.991605965848946
o 6180 0.9986085425177087 0.999538823531834
o 6190 0.9701356052925495 0.9752244752908934
o 6200 0.9792468626074285 0.9834701005629122
o 6210 0.9556183010990215 0.961826654644854
o 6220 0.9832697797098506 0.9870457701619012
o 6230 0.9688822234561518 0.9740782809838494
o 6240 0.9984329360206239 0.9994347812916474
o 6250 0.9855060920244496 0.9890086529294174
o 6260 0.9691119166442396 0.9742885101812045
o 6270 0.9966251611325634 0.998204591561967
o 6280 0.9995668564461039 0.999976016692425
o 6290 0.9578359688197076 0.9638882456842197
o 6300 0.9762557015975276 0.9807822941589767
o 6310 0.9898463692657422 0.9927467381495034
o 6320 0.9952132377921347 0.9971374316439408
o 6330 0.9997427320109885 0.9999995494141014
o 6340 0.9992130705901301 0.9998523473218889
o 6350 0.9966482500970695 0.9982214850281281
o 6360 0.999297246851899 0.9998877222821806
o 6370 0.9043622004228412 0.9133398040058371
o 6380 0.985591509708457 0.9890832041184415
o 6390 0.9050367227110161 0.9139850575718624
o 6400 0.8749286170336317 0.8850631726262131
o 6410 0.9367331038066345 0.9441181430444195
o 6420 0.9489989555861634 0.955648208572677
o 6430 0.9948761849382639 0.9968746717641922
o 6440 0.9938283007060976 0.9960430923297887
o 6450 0.9944065677150438 0.9965045368392506
o 6460 0.9251248282842349 0.9331302772047211
o 6470 0.9960744214638696 0.9977957209692991
o 6480 0.9826327255814038 0.9864830506107929
o 6490 0.964983357173436 0.9704984611775319
o 6500 0.9913452251092921 0.9940072750035274
o 6510 0.999442873695936 0.9999411111022777
o 6520 0.980747065465217 0.9848093746765775
o 6530 0.9450561336300047 0.9519523439010154
o 6540 0.9843333328797907 0.9879818364150864
o 6550 0.9962573212126038 0.9979326974599837
o 6560 0.35264171411183054 0.3676054374928458
o 6570 0.7635353554832275 0.776653572767187
o 6580 0.9829511559422791 0.9867645072661508
o 6590 0.9613021617589578 0.9671008923045353
o 6600 0.9085944998846612 0.9173860981843714
o 6610 0.8400087644581008 0.8512746489757927
o 6620 0.946252846614033 0.9530752324130267
o 6630 0.9945404942367145 0.9966105410165468
o 6640 0.9968102306136053 0.9983393779131835
o 6650 0.8011595004429822 0.8134568649420264
o 6660 0.9892193496237016 0.9922140035157774
o 6670 0.9868321721834461 0.9901620855868619
o 6680 0.9801761662446844 0.9843004734146414
o 6690 0.945406843307669 0.9522815174478538
o 6700 0.8088927646397774 0.8210010208902755
o 6710 0.97289773950739 0.9777414037295735
o 6720 0.9892409452150474 0.9922323995286322
o 6730 0.9332984800159995 0.9408739088284078
o 6740 0.8210876931149291 0.8328820257899346
o 6750 0.9991306438647708 0.9998151511351715
o 6760 0.998088544558281 0.9992197297420591
o 6770 0.9997041638433971 0.9999976422569008
o 6780 0.9229709983195169 0.9310848228790813
o 6790 0.9880987079115994 0.9912550751858688
o 6800 0.9896299771889749 0.9925632155016828
o 6810 0.9873253301362781 0.9905887440365998
o 6820 0.9908879106251846 0.9936247782402114
o 6830 0.9880126833610141 0.9911811323207574
o 6840 0.9911491013581167 0.993843480123594
o 6850 0.9774971255362048 0.9819004430946883
o 6860 0.9904533334436405 0.9932595318152856
o 6870 0.817926578016408 0.8298041948237026
o 6880 0.9699266204144327 0.9750335308994997
o 6890 0.9843120385986446 0.9879631383529789
o 6900 0.9751840509355877 0.9798143121595121
o 6910 0.8755801841667846 0.8856913887668197
o 6920 0.9920223885113949 0.9945698251946815
o 6930 0.9699684145255039 0.9750717226452555
o 6940 0.9537340396003888 0.9600715453425352
o 6950 0.988507661570403 0.991605965848946
o 6960 0.9964178981004407 0.998052007502891
o 6970 0.9942282900275515 0.9963629052366167
o 6980 0.9233606654844392 0.9314550262321295
o 6990 0.746012477124411 0.7594623082153988
o 7000 0.9927023488544208 0.995129567153622
o 7010 0.9683186037768906 0.9735620910043894
o 7020 0.9976554062814149 0.9989334115040904
o 7030 0.8504446283391329 0.8613953095022161
o 7040 0.9927463231219569 0.9951655732255644
o 7050 0.9945404942367145 0.9966105410165468
o 7060 0.9708673387321458 0.9758924940019182
o 7070 0.9801550314698276 0.9842816155638627
o 7080 0.9926144404943138 0.9950575146577324
o 7090 0.9551626188462723 0.9614024891077094
o 7100 0.9899546384624376 0.992838426086989
o 7110 0.998532952220799 0.9994945720557045
o 7120 0.9975128585703185 0.9988361124990678
o 7130 0.8527604559256176 0.8636387108556999
o 7140 0.9884861235085958 0.9915875121429039
o 7150 0.9949659262277791 0.9969448814546384
o 7160 0.9871751636341711 0.9904589665992187
o 7170 0.9513963792202487 0.9578899856742455
o 7180 0.9888956263669669 0.991937852096208
o 7190 0.9609905626177505 0.9668125958745616
o 7200 0.9545620908232146 0.9608432176763297
o 7210 0.9027272887831337 0.9117752589448969
o 7220 0.9370829157642968 0.9444482147554227
o 7230 0.9696549933218481 0.9747852498881573
o 7240 0.9515824814360312 0.9580638213897452
o 7250 0.9961429349554335 0.9978471617053387
o 7260 0.9689866243461294 0.9741738448194956
o 7270 0.9965790200213357 0.9981707674489865
o 7280 0.9909966982747094 0.9937159459961112
o 7290 0.9957330879426143 0.9975372731773589
o 7300 0.9439630107331086 0.9509258307220041
o 7310 0.9965559675880834 0.9981538370932204
o 7320 0.8700026227716421 0.8803108055725738
o 7330 0.9990764961900899 0.99978951939873
o 7340 0.9957330879426143 0.9975372731773589
o 7350 0.8475200391873472 0.8585608725117314
o 7360 0.9741975568124841 0.9789211434447763
o 7370 0.9099650041472817 0.9186951385343195
o 7380 0.9665457838890127 0.971935508665547
o 7390 0.9448085990048994 0.9517199609425132
o 7400 0.954251536195689 0.9605538759929988
o 7410 0.9751000536933687 0.9797383381453255
o 7420 0.9605959479158379 0.9664473427936482
o 7430 0.8391158378278509 0.8504078730611675
o 7440 0.9852926251940278 0.9888221974105836
o 7450 0.9950782432968917 0.997032502195308
o 7460 0.9721018797892998 0.9770175340428094
o 7470 0.9966020844888756 0.998187685653262
o 7480 0.9953259191424008 0.9972246856405348
o 7490 0.9530718134977001 0.9594539924624862
o 7500 0.9692789922235503 0.9744413781294863
o 7510 0.969529647067195 0.9746706385362891
o 7520 0.982378116810592 0.9862577495257544
o 7530 0.9613852640792128 0.9671777621294955
o 7540 0.9958011978544946 0.9975891207832343
o 7550 0.9895867217362898 0.99252648793873
o 7560 0.9681933877934645 0.9734473492543894
o 7570 0.9966020844888756 0.998187685653262
o 7580 0.8390955447800537 0.8503881728690948
o 7590 0.9925924716784956 0.9950394932233926
o 7600 0.9949883769998344 0.9969624183275306
o 7610 0.9880556926137908 0.9912181067838138
o 7620 0.9591428319562124 0.9651009453227334
o 7630 0.9737571084590041 0.9785217420567897
o 7640 0.9502387217362108 0.9568080291757924
o 7650 0.9875829158450492 0.9908110618318315
o 7660 0.9855060920244496 0.9890086529294174
o 7670 0.9961657922277294 0.9978642890092243
o 7680 0.8655063007222075 0.8759686236606564
o 7690 0.965733116575806 0.9711884495734822
o 7700 0.9086354059050198 0.9174251785717337
o 7710 0.9963260758000116 0.9979838949949381
o 7720 0.8884586683655634 0.8980886220036065
o 7730 0.9724578493599025 0.9773414434971898
o 7740 0.9982106455758747 0.9992974473203111
o 7750 0.9977509012387209 0.9989978077068434
o 7760 0.985591509708457 0.9890832041184415
o 7770 0.9696967782163036 0.9748234508597519
o 7780 0.9996330653686861 0.9999891487861118
o 7790 0.9723531402931523 0.9772461881581518
o 7800 0.8516634261291476 0.8625761059012045
o 7810 0.9988130027235841 0.999653867701341
o 7820 0.9982106455758747 0.9992974473203111
o 7830 0.9988648919050572 0.999681833128126
o 7840 0.994451188639037 0.9965398929401226
o 7850 0.8605240413119687 0.8711525411214618
o 7860 0.9732330174403402 0.9780460116616531
o 7870 0.9702401112215511 0.9753199339829564
o 7880 0.9975365616713056 0.998852384613813
o 7890 0.9874970315467146 0.9907369783518111
o 7900 0.9453036890475295 0.952184706056057
o 7910 0.9975365616713056 0.998852384613813
o 7920 0.9544585678542855 0.9607467752113908
o 7930 0.9949210433152184 0.9969097889562678
o 7940 0.9983337061651681 0.9993741869624272
o 7950 0.9950108340448901 0.9969799488864464
o 7960 0.9974182533663415 0.9987708140525817
o 7970 0.9988648919050572 0.999681833128126
o 7980 0.9925924716784956 0.9950394932233926
o 7990 0.8765576226954326 0.8866336251299648
o 8000 0.9657122848678011 0.9711692882915243
o 8010 0.9661289748753144 0.9715524580345377
o 8020 0.9165766646208453 0.9250012812319515
o 8030 0.9866608015051525 0.9900135197336657
o 8040 0.999103496509203 0.9998024115070666
o 8050 0.9955291951801475 0.9973812900439158
o 8060 0.9832697797098506 0.9870457701619012
o 8070 0.9973946521725114 0.9987544386726732
o 8080 0.995597088530767 0.9974333558587295
o 8090 0.9874970315467146 0.9907369783518111
o 8100 0.9908009226349882 0.9935518017583986
o 8110 0.8671336913230736 0.8775406915541277
o 8120 0.9775602992505538 0.9819572475943703
o 8130 0.994518159778464 0.9965928871040928
o 8140 0.9955291951801475 0.9973812900439158
o 8150 0.9467894660592941 0.9535784342403564
o 8160 0.8180886696869194 0.8299620491074292
o 8170 0.9834185386178046 0.9871769582377585
o 8180 0.9819328326435971 0.9858631909511664
o 8190 0.9939170574978193 0.9961142922905799
o 8200 0.9984828397939801 0.999464783357556
o 8210 0.9475532935989349 0.9542943522604787
o 8220 0.9948761849382639 0.9968746717641922
o 8230 0.9263765651382987 0.9343181243821447
o 8240 0.9959832026584181 0.9977269996889246
o 8250 0.9766132103889229 0.9811046625482928
o 8260 0.9915633822032628 0.9941890266049113
o 8270 0.9736942032013923 0.9784646687612923
o 8280 0.9809374791208401 0.9849788943332791
o 8290 0.8726484958911381 0.8828640522345172
o 8300 0.9971830790248064 0.9986062120708106
o 8310 0.9861685569028579 0.9895859457654106
o 8320 0.9246734668163735 0.9327017886617578
o 8330 0.9720809440248751 0.9769984769194535
o 8340 0.9961886593866747 0.9978814063409817
o 8350 0.9870465021475909 0.9903476760083296
o 8360 0.9928563184574575 0.9952555284728464
o 8370 0.9952357602882066 0.9971548963126106
o 8380 0.9979190093140644 0.999109494009705
o 8390 0.9887231314120704 0.991790413439243
o 8400 0.9828874545789383 0.9867082312539202
o 8410 0.6896626907498131 0.7039909543742024
o 8420 0.9940058868960785 0.9961854192572273
o 8430 0.8865419345206277 0.8962459931025484
o 8440 0.9697594582021462 0.9748807496703258
o 8450 0.9979431363013752 0.9991253358653104
o 8460 0.9995349878824064 0.9999681957182619
o 8470 0.9988648919050572 0.999681833128126
o 8480 0.9989698028369101 0.9997365968529978
o 8490 0.9962573212126038 0.9979326974599837
o 8500 0.9968566305867083 0.998372940528608
o 8510 0.9306063916423166 0.9383268920925433
o 8520 0.3392482521435695 0.35408343684261334
o 8530 0.9210231374360301 0.9292333309994307
o 8540 0.9917599498345655 0.994352375941256
o 8550 0.9983337061651681 0.9993741869624272
o 8560 0.9989962943624112 0.9997500155155598
o 8570 0.9785296071044328 0.9828276047938275
o 8580 0.9961886593866747 0.9978814063409817
o 8590 0.9691745674095092 0.9743458382413144
o 8600 0.9957784861890406 0.9975718466746825
o 8610 0.9372475449853817 0.9446035307847293
o 8620 0.9901279733461981 0.9929850222874228
o 8630 0.99263641260362 0.9950755327842701
o 8640 0.9237708762348856 0.9318446791719602
o 8650 0.9934518554915925 0.9957397173533522
o 8660 0.9668793182993815 0.972241861892445
o 8670 0.9464179494820247 0.9532300745579028
o 8680 0.9739877950142274 0.9787309768234405
o 8690 0.978845955766533 0.9831111465266422
o 8700 0.9649417147336621 0.9704601176191223
o 8710 0.9517685977476309 0.9582376430008919
o 8720 0.996234423774403 0.9979156106725443
o 8730 0.9993257723589525 0.9998990270247117
o 8740 0.9960059934406409 0.9977441940439223
o 8750 0.9825266241409605 0.9863891896369715
o 8760 0.9958011978544946 0.9975891207832343
o 8770 0.9796691164007848 0.9838476999577972
o 8780 0.9984080584682806 0.9994197042904669
o 8790 0.993850483192733 0.996060899066795
o 8800 0.9997427320109885 0.9999995494141014
o 8810 0.9963490151246003 0.9980009395209813
o 8820 0.9987357880946652 0.999611282711117
o 8830 0.9997041638433971 0.9999976422569008
o 8840 0.9934518554915925 0.9957397173533522
o 8850 0.9955518186013934 0.9973986530682086
o 8860 0.9960972496712833 0.9978128775862452
o 8870 0.9991854194751913 0.9998401310800589
o 8880 0.9991306438647708 0.9998151511351715
o 8890 0.9978708418570428 0.999077722372286
o 8900 0.9788670505487661 0.9831300444302943
o 8910 0.9909096634437746 0.9936430165193098
o 8920 0.9661498124811231 0.9715716134135023
o 8930 0.9943396753794747 0.9964514634102983
o 8940 0.9930986175276119 0.9954531192790149
o 8950 0.9981861524596591 0.9992819780723441
o 8960 0.9870036256442971 0.990310568459844
o 8970 0.9976315921770181 0.9989172519476788
o 8980 0.9909966982747094 0.9937159459961112
o 8990 0.9987614482791993 0.999625557902435
o 9000 0.996234423774403 0.9979156106725443
o 9010 0.8821392391712897 0.8920101523778102
o 9020 0.98874468742759 0.9918088491417385
o 9030 0.9893489500947826 0.9923243525902947
o 9040 0.9924387808549068 0.99491325190303
o 9050 0.9902580605410123 0.9930948831289347
o 9060 0.9997427320109885 0.9999995494141014
o 9070 0.9988648919050572 0.999681833128126
o 9080 0.9997041638433971 0.9999976422569008
o 9090 0.9890682300440816 0.9920851817209045
o 9100 0.9948761849382639 0.9968746717641922
o 9110 0.9843759243900332 0.9880192295854896
o 9120 0.991891118296528 0.9944611516456663
o 9130 0.9938948615616364 0.9960964990743865
o 9140 0.9936731458773179 0.9959183219532978
o 9150 0.9822508566571856 0.986145054673059
o 9160 0.9966482500970695 0.9982214850281281
o 9170 0.91098797597977 0.9196718267965499
o 9180 0.9951682130791031 0.9971024818886722
o 9190 0.9927023488544208 0.995129567153622
o 9200 0.9960744214638696 0.9977957209692991
o 9210 0.9545620908232146 0.9608432176763297
o 9220 0.9994730802517786 0.9999506585660503
o 9230 0.999103496509203 0.9998024115070666
o 9240 0.99051846314176 0.9933143758515232
o 9250 0.9816785407922068 0.9856375723951248
o 9260 0.9937396147950882 0.9959718211155568
o 9270 0.9913670292074385 0.994025461818258
o 9280 0.4904076578698161 0.5059929487524358
o 9290 0.9648792531910853 0.9704026001626103
o 9300 0.9995668564461039 0.999976016692425
o 9310 0.9977031051647232 0.9989656589179493
o 9320 0.9414894546570243 0.9486002100348341
o 9330 0.9157574533872305 0.9242207646586029
o 9340 0.9902146898323063 0.9930582711858504
o 9350 0.9100672932905695 0.9187928154030236
o 9360 0.9862113351361325 0.9896231518146449
o 9370 0.9843972216233586 0.9880379246895418
o 9380 0.9848660146458931 0.9884489625759789
o 9390 0.9980156978384686 0.999172677844584
o 9400 0.9306063916423166 0.9383268920925433
o 9410 0.9719762711861992 0.9769031853126422
o 9420 0.9922194906714479 0.9947326378860454
o 9430 0.9885507425216068 0.9916428684202374
o 9440 0.9970661424168645 0.9985232526257974
o 9450 0.9336274105826053 0.9411848689086965
o 9460 0.9968566305867083 0.998372940528608
o 9470 0.987539970870844 0.990774022924009
o 9480 0.9992409148798167 0.9998643624923798
o 9490 0.9755831431698913 0.9801750832626538
o 9500 0.9811914550613007 0.9852048293278227
o 9510 0.9987614482791993 0.999625557902435
o 9520 0.9822932734648216 0.9861826228731442
o 9530 0.7302786135192044 0.7440014340952588
o 9540 0.9655873007429672 0.9710543144710424
o 9550 0.9670878172435989 0.972433292685229
o 9560 0.8649571161688329 0.8754379909606926
o 9570 0.9955291951801475 0.9973812900439158
o 9580 0.9132596228541693 0.9218394251283022
o 9590 0.9968102306136053 0.9983393779131835
o 9600 0.9827176217514955 0.9865581243452254
o 9610 0.8249184449603996 0.8366099969348461
o 9620 0.7588705204993275 0.7720799666202455
o 9630 0.9790147312782367 0.9832623124771007
o 9640 0.9535684653587921 0.9599171748497007
o 9650 0.9893489500947826 0.9923243525902947
o 9660 0.987346787962391 0.9906072781883117
o 9670 0.8875206344894057 0.8971869677412554
o 9680 0.8092572535641608 0.8213564103906783
o 9690 0.9835248218820652 0.9872706370542818
o 9700 0.4666617862558375 0.482226827800626
o 9710 0.9898030753680346 0.992710049150321
o 9720 0.9623828001519688 0.9680998915586124
o 9730 0.988141729289443 0.9912920374917729
o 9740 0.7698174833436248 0.7828093460099661
o 9750 0.9895650968385413 0.992508121320026
o 9760 0.9894570003854211 0.9924162601058784
o 9770 0.2530640903495306 0.26673686045307177
o 9780 0.9235042351751428 0.9315914088345162
o 9790 0.9674631938588968 0.9727777895244251
o 9800 0.984951302964817 0.9885236434042397
o 9810 0.9916944029342062 0.9942979506127954
o 9820 0.9608659381382549 0.9666972621139217
o 9830 0.9488956682162554 0.9555515303644571
o 9840 0.9034016398037635 0.9124206838275541
o 9850 0.8429518183974474 0.8541306147155254
o 9860 0.9569652008095276 0.9630793048419927
o 9870 0.9422725365300718 0.9493368675769772
o 9880 0.9086354059050198 0.9174251785717337
o 9890 0.6873679796208441 0.7017264342880347
o 9900 0.9596616727187964 0.965581930881225
o 9910 0.9587278603601311 0.9647160557882296
o 9920 0.9857410339165169 0.9892136253439652
o 9930 0.9958011978544946 0.9975891207832343
o 9940 0.8200339110321421 0.8318561591947022
o 9950 0.9936952978991156 0.9959361593135826
o 9960 0.877942509652273 0.887968277564148
o 9970 0.8807944336695287 0.8907154050845919
o 9980 0.7979215470287537 0.8102958987931526
o 9990 0.988335401685957 0.9914582914682947
