
x disttype general-gaussian
x k 75254
x std 0.5
x N 50000
x alpha 0.0005

o 0 0.00822489233438099 0.021369445153623583
o 50 0 0.0020713641682267793
o 100 0.9995037605889316 0.9999597116202773
o 150 0.7786078875878064 0.7914160056786681
o 200 0 0.0020713641682267793
o 250 0 0.0020713641682267793
o 300 0.8023941405446463 0.8146618129040892
o 350 0.3520047322874486 0.3669626350564644
o 400 0.9409331701505619 0.9480766796360881
o 450 0.9998341327646891 1
o 500 0.9998341327646891 1
o 550 0.9972065160734794 0.9986227536460884
o 600 0 0.0020713641682267793
o 650 0.9977509012387189 0.9989978077068437
o 700 0.9010723567986252 0.910190740902312
o 750 0.5029472898981486 0.5185290905875909
o 800 0.937720896489965 0.9450500218555125
o 850 0.966566627503804 0.9719546580301565
o 900 0 0.0020713641682267793
o 950 0.9998341327646891 1
o 1000 0.9983090111814497 0.9993589235528288
o 1050 0.9998341327646891 1
o 1100 0 0.0020713641682267793
o 1150 0 0.0020713641682267793
o 1200 0.9998341327646891 1
o 1250 0.9996330653686876 0.9999891487861117
o 1300 0.011561709336710609 0.026508685905280244
o 1350 0.9998341327646891 1
o 1400 0 0.0020713641682267793
o 1450 0.9998341327646891 1
o 1500 0.9289016369821264 0.9367122133630702
o 1550 0.8192638883814831 0.8311064385741485
o 1600 0 0.0020713641682267793
o 1650 0 0.0020713641682267793
o 1700 0 0.0020713641682267793
o 1750 0.17827027158937744 0.22250124300345078
o 1800 0 0.0020713641682267793
o 1850 0.9998341327646891 1
o 1900 0 0.0020713641682267793
o 1950 0.9998341327646891 1
o 2000 0 0.0020713641682267793
o 2050 0.11497146423848623 0.15258482045563296
o 2100 0 0.0020713641682267793
o 2150 0 0.0020713641682267793
o 2200 0.9998341327646891 1
o 2250 0.969174567409506 0.9743458382413006
o 2300 0.06309982350833702 0.09269824525444044
o 2350 0 0.0020713641682267793
o 2400 0.0057766540611287566 0.01733799708540771
o 2450 0.08560321818241982 0.11908850211051208
o 2500 5.632956977942948e-06 0.0032118347953750117
o 2550 0 0.0020713641682267793
o 2600 0 0.0020713641682267793
o 2650 0.5319452055338857 0.5474814082578258
o 2700 0 0.0020713641682267793
o 2750 0 0.0020713641682267793
o 2800 0.9998341327646891 1
o 2850 0.008032869078573026 0.02106295381068159
o 2900 0 0.0020713641682267793
o 2950 0 0.0020713641682267793
o 3000 7.381303257431036e-05 0.004146138037869025
o 3050 0.9555975862005771 0.961807376463304
o 3100 0 0.0020713641682267793
o 3150 0.09837174452167853 0.13376072637362585
o 3200 0.8076373685915048 0.8197768356896534
o 3250 2.947816983711372e-05 0.003692940350408797
o 3300 0.010765566517951755 0.025310275367281882
o 3350 0.0048682594885901005 0.015754969810488965
o 3400 0 0.0020713641682267793
o 3450 0 0.0020713641682267793
o 3500 0.9998341327646891 1
o 3550 0.9984329360206247 0.9994347812916488
o 3600 0.8757634458388897 0.8858680661386086
o 3650 6.250781184871417e-08 0.0026863809835039826
o 3700 0 0.0020713641682267793
o 3750 0.04482775277826996 0.0705595357177573
o 3800 5.632956977942948e-06 0.0032118347953750117
o 3850 0.9851432631293802 0.9886916136928444
o 3900 0.024878985001601177 0.04511191366835223
o 3950 0.007460175482632987 0.020140170534740175
o 4000 0.9998341327646891 1
o 4050 0.12908665735140956 0.16840543864843946
o 4100 0.9928123100091018 0.995219556734311
o 4150 0.9971362553709815 0.9985730778766531
o 4200 0.08768657930454367 0.1214954286795429
o 4250 0.9998341327646891 1
o 4300 0.7489588224384638 0.7623549778109276
o 4350 0.9996330653686876 0.9999891487861117
o 4400 0 0.0020713641682267793
o 4450 0.9994730802517788 0.9999506585660495
o 4500 0.9994730802517788 0.9999506585660495
o 4550 0 0.0020713641682267793
o 4600 5.632956977942948e-06 0.0032118347953750117
o 4650 5.632956977942948e-06 0.0032118347953750117
o 4700 0.882485662988441 0.8923436133637654
o 4750 0.9988909714709537 0.999695676843098
o 4800 0.9998341327646891 1
o 4850 0.9702192093126906 0.9753008429683272
o 4900 0.4972268504681877 0.5128114577296121
o 4950 0.9998341327646891 1
o 5000 0.9998341327646891 1
o 5050 0.9997848482419177 0.9999999949993749
o 5100 0.9897597892642767 0.9926733523329146
o 5150 0.9249196584717574 0.9329355151961732
o 5200 0.06423878127378675 0.09405382859414785
o 5250 0 0.0020713641682267793
o 5300 0.9448498533376616 0.9517586928744494
o 5350 0.8836473059903067 0.8934615840896007
o 5400 0 0.0020713641682267793
o 5450 0.29656522429142124 0.3109009417591468
o 5500 0.9968566305867094 0.9983729405286069
o 5550 0.9992409148798206 0.9998643624923792
o 5600 0.8985192487763908 0.9077446974272596
o 5650 0.03971421332267483 0.06419878845632616
o 5700 0 0.0020713641682267793
o 5750 0.9784241876713533 0.9827330607186051
o 5800 0.9995668564461055 0.9999760166924246
o 5850 0 0.0020713641682267793
o 5900 0.9837587252117888 0.987476650150402
o 5950 0 0.0020713641682267793
o 6000 0 0.0020713641682267793
o 6050 0 0.0020713641682267793
o 6100 0.9998341327646891 1
o 6150 0 0.0020713641682267793
o 6200 0 0.0020713641682267793
o 6250 0 0.0020713641682267793
o 6300 0 0.0020713641682267793
o 6350 0.9998341327646891 1
o 6400 0.9994730802517788 0.9999506585660495
o 6450 0.9998341327646891 1
o 6500 0.7361673905991191 0.7497906871368949
o 6550 0.2839947173639311 0.2981557176648151
o 6600 0.9156960175970816 0.924162220861537
o 6650 0.9938726701356388 0.9960787013240102
o 6700 0 0.0020713641682267793
o 6750 0.42590737618300323 0.44135499506167214
o 6800 0.9998341327646891 1
o 6850 0 0.0020713641682267793
o 6900 0.994607530364573 0.9966634698045089
o 6950 0.9998341327646891 1
o 7000 0.9997848482419177 0.9999999949993749
o 7050 0.9998341327646891 1
o 7100 0 0.0020713641682267793
o 7150 0.6474439725010617 0.6622638261031928
o 7200 0.0001356941374875258 0.004579646877596001
o 7250 0 0.0020713641682267793
o 7300 0 0.0020713641682267793
o 7350 0.011362110836926634 0.026209637177877672
o 7400 0.9998341327646891 1
o 7450 0 0.0020713641682267793
o 7500 5.632956977942948e-06 0.0032118347953750117
o 7550 0.9614268167027354 0.967216195577434
o 7600 0.20321172121670897 0.24944929915539518
o 7650 0.0012634637878653678 0.008409713721628458
o 7700 0.7248752159186823 0.7386866395671694
o 7750 2.947816983711372e-05 0.003692940350408797
o 7800 0.9998341327646891 1
o 7850 0.9995994914601743 0.999983053576263
o 7900 0.14493002576097727 0.1859905501272937
o 7950 0.015827378292362755 0.03271568072776581
o 8000 0.9995037605889316 0.9999597116202773
o 8050 0.9997427320109892 0.9999995494141014
o 8100 0.9868535993036632 0.9901806505193312
o 8150 0.3370995343881351 0.3519128827600279
o 8200 0 0.0020713641682267793
o 8250 0 0.0020713641682267793
o 8300 0.797941782245546 0.8103156568238903
o 8350 0.9010519281150254 0.9101711763749822
o 8400 0 0.0020713641682267793
o 8450 0.9997427320109892 0.9999995494141014
o 8500 0 0.0020713641682267793
o 8550 0.9982597477012471 0.9993282676995608
o 8600 0 0.0020713641682267793
o 8650 0 0.0020713641682267793
o 8700 0.9998341327646891 1
o 8750 0 0.0020713641682267793
o 8800 0.8433578122553542 0.8545244856321753
o 8850 0.9413864318048394 0.9485032671673893
o 8900 0.997418253366345 0.9987708140525822
o 8950 0.9998341327646891 1
o 9000 0 0.0020713641682267793
o 9050 0.9915633822032714 0.9941890266049179
o 9100 0 0.0020713641682267793
o 9150 0 0.0020713641682267793
o 9200 0 0.0020713641682267793
o 9250 0.7971526272171497 0.8095450751977822
o 9300 0 0.0020713641682267793
o 9350 0.6311692602607615 0.6461439993862381
o 9400 0.9498460650706287 0.956440816740288
o 9450 0 0.0020713641682267793
o 9500 0.9998341327646891 1
o 9550 0.9444167113715545 0.9513519790461966
o 9600 0 0.0020713641682267793
o 9650 0.04193263067150926 0.06696916371256123
o 9700 0 0.0020713641682267793
o 9750 0.7890608768094304 0.8016395263460228
o 9800 0 0.0020713641682267793
o 9850 0 0.0020713641682267793
o 9900 2.947816983711372e-05 0.003692940350408797
o 9950 0.011561709336710609 0.026508685905280244
o 10000 6.250781184871417e-08 0.0026863809835039826
o 10050 0.8035479065762572 0.8157876619383057
o 10100 0 0.0020713641682267793
o 10150 0.9718506768834635 0.9767888222666153
o 10200 0.9896516077565986 0.9925815764331852
o 10250 0.04393565469911352 0.06945608999858568
o 10300 0.008610537935773608 0.02198085951972012
o 10350 0.9998341327646891 1
o 10400 0.034862887889882184 0.05807494898199429
o 10450 0 0.0020713641682267793
o 10500 0.9584789198840652 0.9644850795552425
o 10550 0.976697352018503 0.9811804919914323
o 10600 0 0.0020713641682267793
o 10650 0.008998225255060019 0.022590270531311005
o 10700 0.15942063810326126 0.20193493523536105
o 10750 0.9768867016356035 0.9813510772471148
o 10800 0.2594094043522394 0.2731893877470709
o 10850 0.9997427320109892 0.9999995494141014
o 10900 0.9998341327646891 1
o 10950 0.501307059719379 0.5168898734672254
o 11000 0.9989171466500019 0.9997094220119277
o 11050 0.9856128669253911 0.9891018391136839
o 11100 0.000736709291167083 0.006950583915313205
o 11150 0.0057766540611287566 0.01733799708540771
o 11200 0 0.0020713641682267793
o 11250 0.0036382898523235952 0.013498064508532212
o 11300 0.960969791271488 0.9667933741812573
o 11350 0.8964161960383622 0.9057284491403939
o 11400 0.0034673555456172247 0.013171012725494915
o 11450 0.27478453061122127 0.288809033903118
o 11500 0.9994130827814862 0.9999311292217218
o 11550 0 0.0020713641682267793
o 11600 0.08282934264910012 0.11587533910387471
o 11650 0.3796269376066082 0.39481107922141306
o 11700 0.0011254779614795 0.008050954653532552
o 11750 0.8349970142118188 0.84640806890186
o 11800 0.21139404865903005 0.258230881296773
o 11850 0 0.0020713641682267793
o 11900 2.947816983711372e-05 0.003692940350408797
o 11950 0.9998341327646891 1
o 12000 0 0.0020713641682267793
o 12050 0.9382972364090197 0.9455934902491993
o 12100 0 0.0020713641682267793
o 12150 0.9988909714709537 0.999695676843098
o 12200 0.9998341327646891 1
o 12250 0.9481108146041964 0.9548166455082387
o 12300 0 0.0020713641682267793
o 12350 0.9998341327646891 1
o 12400 0.9863610969728251 0.9897533348799482
o 12450 0 0.0020713641682267793
o 12500 0 0.0020713641682267793
o 12550 0.9998341327646891 1
o 12600 0.7166113040720623 0.730553317015243
o 12650 0.04773458253600658 0.07413826334983545
o 12700 0.21163490560306467 0.25848896308279695
o 12750 0.01276666743747675 0.028295723107619065
o 12800 0.9997041638433968 0.9999976422569008
o 12850 0.018735328177365403 0.03679033200505024
o 12900 0.6066138334555773 0.621787671086792
o 12950 0.35090995349131393 0.36585778465574015
o 13000 0.16227806790896823 0.20506472868237322
o 13050 0 0.0020713641682267793
o 13100 0.9998341327646891 1
o 13150 0.9732120593945103 0.9780269768445391
o 13200 0.37100087758076083 0.3861200582445851
o 13250 0 0.0020713641682267793
o 13300 0.981191455061296 0.9852048293278041
o 13350 0.9995037605889316 0.9999597116202773
o 13400 0.9997427320109892 0.9999995494141014
o 13450 0 0.0020713641682267793
o 13500 0.9994730802517788 0.9999506585660495
o 13550 0 0.0020713641682267793
o 13600 0 0.0020713641682267793
o 13650 0.9998341327646891 1
o 13700 0.9924826764449857 0.9949493369945239
o 13750 0.9995668564461055 0.9999760166924246
o 13800 0.996740732159925 0.9982889314230388
o 13850 0.3405017486673267 0.35534951556078537
o 13900 0.9967175924062233 0.9982720892569968
o 13950 0.5877743098004725 0.603073524641575
o 14000 0.9995037605889316 0.9999597116202773
o 14050 0 0.0020713641682267793
o 14100 0 0.0020713641682267793
o 14150 0 0.0020713641682267793
o 14200 0.9998341327646891 1
o 14250 0 0.0020713641682267793
o 14300 0.9998341327646891 1
o 14350 0.14374495607785612 0.1846809522850438
o 14400 0 0.0020713641682267793
o 14450 0.9997427320109892 0.9999995494141014
o 14500 0.9998341327646891 1
o 14550 0.9764028929559917 0.9809150522514812
o 14600 0 0.0020713641682267793
o 14650 0.9997427320109892 0.9999995494141014
o 14700 0.9869607544237723 0.9902734556158264
o 14750 0.10303532769819777 0.13907565247846734
o 14800 0.9842481616258594 0.9879070382843064
o 14850 0 0.0020713641682267793
o 14900 5.632956977942948e-06 0.0032118347953750117
o 14950 0.4534373088827613 0.4689757672688889
o 15000 0.9997041638433968 0.9999976422569008
o 15050 0.9998341327646891 1
o 15100 0.980535562182686 0.9846209519482243
o 15150 0 0.0020713641682267793
o 15200 0 0.0020713641682267793
o 15250 0.06037099188253327 0.08944019690454813
o 15300 0.9394090200737071 0.9466413367745525
o 15350 0.8070097086389597 0.8191647050130958
o 15400 0 0.0020713641682267793
o 15450 0.9998341327646891 1
o 15500 0.9998341327646891 1
o 15550 0 0.0020713641682267793
o 15600 0 0.0020713641682267793
o 15650 0 0.0020713641682267793
o 15700 0 0.0020713641682267793
o 15750 0.053354398411720405 0.08099082312561734
o 15800 0 0.0020713641682267793
o 15850 0.9998341327646891 1
o 15900 0.6096043644869433 0.6247561356010254
o 15950 0.8944770380129866 0.9038682517065427
o 16000 0.9998341327646891 1
o 16050 0.22441617892845414 0.27215145851657807
o 16100 0.0009913927362599764 0.007688463700958955
o 16150 0.3272136462912779 0.34192212184172244
o 16200 0.9998341327646891 1
o 16250 0.0018479170238916607 0.009813601316796733
o 16300 0.9986338594808787 0.9995534508999316
o 16350 0.9998341327646891 1
o 16400 0.9998341327646891 1
o 16450 0.0011254779614795 0.008050954653532552
o 16500 0.0036382898523235952 0.013498064508532212
o 16550 0.027674963683574583 0.04880073921234135
o 16600 0 0.0020713641682267793
o 16650 0.711976737163119 0.7259894352734906
o 16700 0.7894855978908157 0.8020546634862138
o 16750 0.9113358273731497 0.9200038598226092
o 16800 0 0.0020713641682267793
o 16850 0.3981226649172587 0.41342909618420715
o 16900 0 0.0020713641682267793
o 16950 0.9966944655818276 0.9982552340301676
o 17000 0.9998341327646891 1
o 17050 0.022744623805885607 0.04225810763633003
o 17100 0.006705084918636512 0.018901467609813177
o 17150 0 0.0020713641682267793
o 17200 0.9328256910960246 0.9404268549225054
o 17250 0 0.0020713641682267793
o 17300 0.022957366589997866 0.042544175191720206
o 17350 0.9707209559172748 0.975758926423919
o 17400 0.29420155186334135 0.3085054166999368
o 17450 0.2891373098757421 0.3033713784008712
o 17500 0.999667827592453 0.9999940967944916
o 17550 0.9657956134547768 0.9712459316629466
o 17600 0.7669892619444454 0.7800385122734841
o 17650 0.6768230031536522 0.6913149443271347
o 17700 0.9969728777400167 0.9984565971949619
o 17750 0.31874293845976254 0.3333557020734968
o 17800 0 0.0020713641682267793
o 17850 0.7960600132411797 0.8084780537989429
o 17900 6.250781184871417e-08 0.0026863809835039826
o 17950 0.06606340648526234 0.09622047807385739
o 18000 0.9758773243221759 0.9804408012699205
o 18050 0 0.0020713641682267793
o 18100 0.9998341327646891 1
o 18150 0.1231964046933719 0.16182241830372918
o 18200 0.9560533599355969 0.9622314504570856
o 18250 7.381303257431036e-05 0.004146138037869025
o 18300 0.6126554175982388 0.6277840578023117
o 18350 0.19216324509005256 0.2375466276686057
o 18400 0.36275571972362086 0.37780800708672757
o 18450 0 0.0020713641682267793
o 18500 0.9998341327646891 1
o 18550 0.9761716035451549 0.9807064210819475
o 18600 0.9430970428313272 0.9501120868703528
o 18650 0.7281614559599461 0.7419192999733272
o 18700 7.381303257431036e-05 0.004146138037869025
o 18750 0 0.0020713641682267793
o 18800 0.9990229026390072 0.9997633135035763
o 18850 0.9493295022998153 0.9559575516933947
o 18900 0.0005039517802439839 0.006191718166965772
o 18950 0.9998341327646891 1
o 19000 0.005048157084681507 0.016073311665877735
o 19050 0 0.0020713641682267793
o 19100 0.999667827592453 0.9999940967944916
o 19150 0 0.0020713641682267793
o 19200 0.06401090037727857 0.09378280091850835
o 19250 0.026812262164505572 0.047668096208991935
o 19300 0.9974655152195582 0.9988035045674097
o 19350 0.9998341327646891 1
o 19400 0.9870465021475981 0.9903476760083219
o 19450 0 0.0020713641682267793
o 19500 0.0032977924483657776 0.01284263213829883
o 19550 0 0.0020713641682267793
o 19600 0 0.0020713641682267793
o 19650 0.9918255215136028 0.9944067763946468
o 19700 0 0.0020713641682267793
o 19750 0 0.0020713641682267793
o 19800 0.9998341327646891 1
o 19850 0 0.0020713641682267793
o 19900 0.9015422337626458 0.9106407077848789
o 19950 0.9998341327646891 1
o 20000 0 0.0020713641682267793
o 20050 0 0.0020713641682267793
o 20100 0 0.0020713641682267793
o 20150 0 0.0020713641682267793
o 20200 0.9998341327646891 1
o 20250 0.655001865301444 0.669743398172897
o 20300 0 0.0020713641682267793
o 20350 0.9998341327646891 1
o 20400 0 0.0020713641682267793
o 20450 0 0.0020713641682267793
o 20500 0 0.0020713641682267793
o 20550 0.011961986560252047 0.02710571979410768
o 20600 0.994272829086221 0.9963983436740452
o 20650 0.3824962114445161 0.39770083464759537
o 20700 0.3787701946484467 0.3939481120536161
o 20750 0 0.0020713641682267793
o 20800 0.973337814073125 0.9781411793364172
o 20850 0.002798082592817977 0.011848799571119218
o 20900 0.058328867129448014 0.0869921802229635
o 20950 0 0.0020713641682267793
o 21000 0.000617231858581449 0.006574120542913898
o 21050 0.0020008968191502574 0.010157982346740235
o 21100 5.632956977942948e-06 0.0032118347953750117
o 21150 0.010567495605677591 0.025009723427006234
o 21200 0.051102018406038514 0.07825423129249622
o 21250 0.9998341327646891 1
o 21300 0.9997427320109892 0.9999995494141014
o 21350 0 0.0020713641682267793
o 21400 0.9939836726426228 0.9961676444566425
o 21450 0.9998341327646891 1
o 21500 0.04082244975256129 0.06558494263655006
o 21550 0.9988648919050603 0.9996818331281274
o 21600 7.381303257431036e-05 0.004146138037869025
o 21650 0.999667827592453 0.9999940967944916
o 21700 0.10373573915885599 0.13987201958829698
o 21750 0 0.0020713641682267793
o 21800 0.9988130027235825 0.999653867701342
o 21850 0.9121134535770382 0.9207459752382361
o 21900 0 0.0020713641682267793
o 21950 0.934203106729063 0.9417289813650008
o 22000 0.024023425594573485 0.04397218967199368
o 22050 0.17157927990778923 0.21522201348509062
o 22100 0.9888093654679426 0.9918641462272585
o 22150 0.000617231858581449 0.006574120542913898
o 22200 0.007270456610911262 0.01983142108403857
o 22250 0.4882282213349841 0.5038131199742821
o 22300 0 0.0020713641682267793
o 22350 0.009583366605085648 0.023500842351125793
o 22400 0 0.0020713641682267793
o 22450 0 0.0020713641682267793
o 22500 0.00398401291346306 0.014148429407498173
o 22550 0.9100468353196812 0.9187732801715466
o 22600 0.015005091288336877 0.031543042090094425
o 22650 0.988636923870638 0.991716654062403
o 22700 0.17564038808744847 0.21964282359721346
o 22750 0.6070553694910161 0.6222259867431943
o 22800 0 0.0020713641682267793
o 22850 0.03927147826104409 0.06364377061174017
o 22900 0 0.0020713641682267793
o 22950 0.00029995700032225335 0.005405172829995002
o 23000 0 0.0020713641682267793
o 23050 0.5637952774859415 0.5792206189335336
o 23100 0 0.0020713641682267793
o 23150 0 0.0020713641682267793
o 23200 0.011162882316066536 0.02591022426690886
o 23250 0.9997041638433968 0.9999976422569008
o 23300 0.9998341327646891 1
o 23350 0 0.0020713641682267793
o 23400 0.9998341327646891 1
o 23450 0 0.0020713641682267793
o 23500 0 0.0020713641682267793
o 23550 0.9995994914601743 0.999983053576263
o 23600 0.9992689677678938 0.9998761603306524
o 23650 0.0016974653738742154 0.009466791134271763
o 23700 0 0.0020713641682267793
o 23750 0.9998341327646891 1
o 23800 0.9993257723589519 0.9998990270247116
o 23850 0.9998341327646891 1
o 23900 0.023809906910796513 0.0436868908414903
o 23950 0 0.0020713641682267793
o 24000 0 0.0020713641682267793
o 24050 0 0.0020713641682267793
o 24100 0 0.0020713641682267793
o 24150 0.024878985001601177 0.04511191366835223
o 24200 0.9923071696609134 0.9948049207320393
o 24250 0.004689322737178546 0.015435692257564467
o 24300 6.250781184871417e-08 0.0026863809835039826
o 24350 0 0.0020713641682267793
o 24400 0 0.0020713641682267793
o 24450 0.9273207298344561 0.9352136459153606
o 24500 0.44958286969078337 0.46511150735239914
o 24550 0.9998341327646891 1
o 24600 0.005960847644841141 0.017652149387960583
o 24650 0 0.0020713641682267793
o 24700 0 0.0020713641682267793
o 24750 0 0.0020713641682267793
o 24800 0 0.0020713641682267793
o 24850 0.052678085589198474 0.08017044157933298
o 24900 0.9998341327646891 1
o 24950 0 0.0020713641682267793
o 25000 0.9998341327646891 1
o 25050 0 0.0020713641682267793
o 25100 0.9997427320109892 0.9999995494141014
o 25150 0.6674890221454901 0.6820920541200753
o 25200 0.035302134902024634 0.05863343277186418
o 25250 0.9281829709574007 0.9360311182365878
o 25300 0.9855701536125141 0.9890645679997503
o 25350 0.9998341327646891 1
o 25400 0.813793844166739 0.8257783067610103
o 25450 0.011761670323976894 0.02680737775650621
o 25500 0 0.0020713641682267793
o 25550 0.8576374523465439 0.8683600908770042
o 25600 2.947816983711372e-05 0.003692940350408797
o 25650 0.0001356941374875258 0.004579646877596001
o 25700 0.9998341327646891 1
o 25750 0 0.0020713641682267793
o 25800 0 0.0020713641682267793
o 25850 0.9998341327646891 1
o 25900 0.9998341327646891 1
o 25950 0 0.0020713641682267793
o 26000 0.999667827592453 0.9999940967944916
o 26050 0 0.0020713641682267793
o 26100 0.07269997754957062 0.10405236082853248
o 26150 0 0.0020713641682267793
o 26200 0 0.0020713641682267793
o 26250 0.8671336913230709 0.8775406915540912
o 26300 0 0.0020713641682267793
o 26350 0 0.0020713641682267793
o 26400 0 0.0020713641682267793
o 26450 0 0.0020713641682267793
o 26500 0 0.0020713641682267793
o 26550 0 0.0020713641682267793
o 26600 0 0.0020713641682267793
o 26650 0.9998341327646891 1
o 26700 6.250781184871417e-08 0.0026863809835039826
o 26750 0.9293534320565966 0.9371402681301629
o 26800 0 0.0020713641682267793
o 26850 5.632956977942948e-06 0.0032118347953750117
o 26900 0.9958921299523235 0.9976581311058531
o 26950 0.020415475788750137 0.03910044874182857
o 27000 0.5178932478068798 0.5334580976948804
o 27050 0 0.0020713641682267793
o 27100 0.17301215576544718 0.21678275522582496
o 27150 0.0015497453856537734 0.009117358764867469
o 27200 0 0.0020713641682267793
o 27250 0 0.0020713641682267793
o 27300 0.9998341327646891 1
o 27350 0.009583366605085648 0.023500842351125793
o 27400 0.9838225364047143 0.9875328161274717
o 27450 0.9308529202185695 0.9385602815729506
o 27500 0.000736709291167083 0.006950583915313205
o 27550 0.9998341327646891 1
o 27600 0.9998341327646891 1
o 27650 0 0.0020713641682267793
o 27700 0.9998341327646891 1
o 27750 0.0026347926915506496 0.011514351585061058
o 27800 0 0.0020713641682267793
o 27850 0.9998341327646891 1
o 27900 0 0.0020713641682267793
o 27950 0 0.0020713641682267793
o 28000 0.5212555475929603 0.5368146655379527
o 28050 0 0.0020713641682267793
o 28100 0.9998341327646891 1
o 28150 0.22369189452237706 0.2713789250188927
o 28200 0.05380555277251783 0.08153746630382024
o 28250 0.9998341327646891 1
o 28300 0.0015497453856537734 0.009117358764867469
o 28350 0 0.0020713641682267793
o 28400 0.00029995700032225335 0.005405172829995002
o 28450 0.9932751135042448 0.9955965419130959
o 28500 0 0.0020713641682267793
o 28550 0.012162651048216695 0.027403718847155967
o 28600 2.947816983711372e-05 0.003692940350408797
o 28650 0.9865537361173755 0.9899206246918223
o 28700 0.9998341327646891 1
o 28750 6.250781184871417e-08 0.0026863809835039826
o 28800 0 0.0020713641682267793
o 28850 0.568345056346655 0.5837493099429987
o 28900 0.5350486793394578 0.5505768896942949
o 28950 0.9998341327646891 1
o 29000 0.12060865899104811 0.15892193187389217
o 29050 0.9998341327646891 1
o 29100 7.381303257431036e-05 0.004146138037869025
o 29150 0.9998341327646891 1
o 29200 0 0.0020713641682267793
o 29250 0 0.0020713641682267793
o 29300 0.999667827592453 0.9999940967944916
o 29350 0 0.0020713641682267793
o 29400 0.6815717338607763 0.6960046221918
o 29450 0 0.0020713641682267793
o 29500 0.0032977924483657776 0.01284263213829883
o 29550 0.9998341327646891 1
o 29600 0.996142934955433 0.9978471617053375
o 29650 0.8412061982858486 0.8524368162721677
o 29700 0 0.0020713641682267793
o 29750 0.8493681313285026 0.8603521649609782
o 29800 0 0.0020713641682267793
o 29850 0 0.0020713641682267793
o 29900 0.9230940476442472 0.9312017326665503
o 29950 0 0.0020713641682267793
o 30000 0 0.0020713641682267793
o 30050 0 0.0020713641682267793
o 30100 0.9945181597784593 0.9965928871040945
o 30150 0.9998341327646891 1
o 30200 5.632956977942948e-06 0.0032118347953750117
o 30250 0 0.0020713641682267793
o 30300 0.9993836603972313 0.9999207619417313
o 30350 0.9998341327646891 1
o 30400 0.015621422301136 0.032422900462842186
o 30450 0 0.0020713641682267793
o 30500 0.9998341327646891 1
o 30550 0.9934076463397389 0.9957039472638924
o 30600 0.9998341327646891 1
o 30650 0.6453739509830512 0.6602145420702346
o 30700 0 0.0020713641682267793
o 30750 0.9998341327646891 1
o 30800 0 0.0020713641682267793
o 30850 0.08814988384702556 0.12202996682336019
o 30900 6.250781184871417e-08 0.0026863809835039826
o 30950 0.7885754940874905 0.8011650710990779
o 31000 0 0.0020713641682267793
o 31050 0.9998341327646891 1
o 31100 0.9998341327646891 1
o 31150 0 0.0020713641682267793
o 31200 0 0.0020713641682267793
o 31250 0.9991306438647725 0.9998151511351706
o 31300 0 0.0020713641682267793
o 31350 0.9653373638022974 0.9708243354937511
o 31400 0 0.0020713641682267793
o 31450 0.030057569148642566 0.05190541237527137
o 31500 0 0.0020713641682267793
o 31550 0 0.0020713641682267793
o 31600 0.9998341327646891 1
o 31650 0 0.0020713641682267793
o 31700 0 0.0020713641682267793
o 31750 0.018944662351117823 0.0370797735581057
o 31800 0.9998341327646891 1
o 31850 0 0.0020713641682267793
o 31900 0 0.0020713641682267793
o 31950 0 0.0020713641682267793
o 32000 0.9998341327646891 1
o 32050 0.9998341327646891 1
o 32100 0.017691765615135285 0.03534005038344528
o 32150 0 0.0020713641682267793
o 32200 0.9144265005613685 0.9229521597100845
o 32250 0.9998341327646891 1
o 32300 5.632956977942948e-06 0.0032118347953750117
o 32350 0.03179910823467526 0.054154687936453685
o 32400 0 0.0020713641682267793
o 32450 0.9975602862033385 0.9988686350034937
o 32500 0.0015497453856537734 0.009117358764867469
o 32550 0 0.0020713641682267793
o 32600 0.9839714619510449 0.9876638372478816
o 32650 0.9843759243900472 0.9880192295854808
o 32700 0 0.0020713641682267793
o 32750 0.00559325865062509 0.017023065641255584
o 32800 0.8879284616313815 0.89757900501064
o 32850 0 0.0020713641682267793
o 32900 0.9998341327646891 1
o 32950 0.35901232212506395 0.37403267211446123
o 33000 0.9905618938848797 0.9933509275612012
o 33050 0.9995349878824095 0.9999681957182616
o 33100 0.0018479170238916607 0.009813601316796733
o 33150 0.09627653726180115 0.13136561316366793
o 33200 0 0.0020713641682267793
o 33250 0 0.0020713641682267793
o 33300 0 0.0020713641682267793
o 33350 5.632956977942948e-06 0.0032118347953750117
o 33400 0 0.0020713641682267793
o 33450 0.21549014361073535 0.26261674633421656
o 33500 0.9969961710611991 0.9984732841570096
o 33550 0 0.0020713641682267793
o 33600 5.632956977942948e-06 0.0032118347953750117
o 33650 0 0.0020713641682267793
o 33700 0 0.0020713641682267793
o 33750 0 0.0020713641682267793
o 33800 0 0.0020713641682267793
o 33850 0.34712831948660067 0.3620406996288459
o 33900 0.9998341327646891 1
o 33950 0.9998341327646891 1
o 34000 0 0.0020713641682267793
o 34050 0 0.0020713641682267793
o 34100 0.36359207755623707 0.37865136610726124
o 34150 0 0.0020713641682267793
o 34200 0.06766220281685169 0.09811405566263595
o 34250 0.9997041638433968 0.9999976422569008
o 34300 0 0.0020713641682267793
o 34350 0.9998341327646891 1
o 34400 0.9998341327646891 1
o 34450 0.3805434808945209 0.395734225836466
o 34500 0.9782133933024829 0.9825439280074613
o 34550 0 0.0020713641682267793
o 34600 0 0.0020713641682267793
o 34650 0 0.0020713641682267793
o 34700 0.9998341327646891 1
o 34750 0.9784241876713533 0.9827330607186051
o 34800 0 0.0020713641682267793
o 34850 0 0.0020713641682267793
o 34900 0 0.0020713641682267793
o 34950 0.30562474366918635 0.32007834731931595
o 35000 0.2468594080029231 0.26042365441607795
o 35050 0.9998341327646891 1
o 35100 0 0.0020713641682267793
o 35150 0 0.0020713641682267793
o 35200 0.052678085589198474 0.08017044157933298
o 35250 0.9923290970738102 0.994822983746071
o 35300 0.0020008968191502574 0.010157982346740235
o 35350 0.9861257834540796 0.9895487349208427
o 35400 0 0.0020713641682267793
o 35450 0.8154751602002932 0.8274164300529413
o 35500 0.6113707254003166 0.6265091814487077
o 35550 0 0.0020713641682267793
o 35600 0 0.0020713641682267793
o 35650 0 0.0020713641682267793
o 35700 0.2750226791950255 0.2890508043814784
o 35750 0 0.0020713641682267793
o 35800 0.9567372034366977 0.9628673784255226
o 35850 0.9438392860126166 0.9508095966283323
o 35900 0 0.0020713641682267793
o 35950 0.9313254749843197 0.9390075697319273
o 36000 0 0.0020713641682267793
o 36050 0.3794077684320282 0.3945903225497504
o 36100 0.9993545677321739 0.9999100498624323
o 36150 0.9998341327646891 1
o 36200 0 0.0020713641682267793
o 36250 0.6224329571107763 0.6374832351796301
o 36300 0.9997848482419177 0.9999999949993749
o 36350 0.9998341327646891 1
o 36400 0.31667538661784456 0.3312639551777721
o 36450 0 0.0020713641682267793
o 36500 0 0.0020713641682267793
o 36550 0 0.0020713641682267793
o 36600 0.9968102306136055 0.9983393779131852
o 36650 5.632956977942948e-06 0.0032118347953750117
o 36700 0 0.0020713641682267793
o 36750 2.947816983711372e-05 0.003692940350408797
o 36800 0.9998341327646891 1
o 36850 0.981954028697385 0.9858819874226611
o 36900 0.9306269351237926 0.938346341782662
o 36950 0.9500320528579919 0.9566147669525721
o 37000 0 0.0020713641682267793
o 37050 7.381303257431036e-05 0.004146138037869025
o 37100 0 0.0020713641682267793
o 37150 0.5843046176501492 0.5996243829718082
o 37200 0 0.0020713641682267793
o 37250 0 0.0020713641682267793
o 37300 0.9998341327646891 1
o 37350 0 0.0020713641682267793
o 37400 0 0.0020713641682267793
o 37450 0 0.0020713641682267793
o 37500 0 0.0020713641682267793
o 37550 0.002473307911623271 0.011178161154965364
o 37600 0 0.0020713641682267793
o 37650 0.9832697797098507 0.9870457701618969
o 37700 0 0.0020713641682267793
o 37750 0.9984578626277122 0.9994498081658048
o 37800 0.9998341327646891 1
o 37850 0.032891049775107616 0.055557030839983444
o 37900 0.946190935501723 0.953017164144177
o 37950 0.18545087126543108 0.2302887528319695
o 38000 0 0.0020713641682267793
o 38050 0 0.0020713641682267793
o 38100 0.9650041788175239 0.9705176325321915
o 38150 0.9998341327646891 1
o 38200 0 0.0020713641682267793
o 38250 0.9970661424168631 0.9985232526257964
o 38300 0.20200957064651576 0.24815675837097748
o 38350 0.9998341327646891 1
o 38400 0 0.0020713641682267793
o 38450 0.002798082592817977 0.011848799571119218
o 38500 5.632956977942948e-06 0.0032118347953750117
o 38550 0.20056738015405312 0.24660531967254462
o 38600 0 0.0020713641682267793
o 38650 0.0023137429626999364 0.010840119172525859
o 38700 0.7012400950379833 0.7154096722631216
o 38750 0.019573858448065497 0.03794691753949454
o 38800 0 0.0020713641682267793
o 38850 0.9380296382145119 0.9453411774468669
o 38900 0 0.0020713641682267793
o 38950 0.9998341327646891 1
o 39000 0.07568560303874958 0.10755263147485968
o 39050 0.8997446212208636 0.908918917734111
o 39100 0 0.0020713641682267793
o 39150 0.9991579479265259 0.9998277281095277
o 39200 0 0.0020713641682267793
o 39250 0.8862768905026646 0.8959911252427908
o 39300 0 0.0020713641682267793
o 39350 0 0.0020713641682267793
o 39400 0 0.0020713641682267793
o 39450 0.9180515648995355 0.9264058908978102
o 39500 0 0.0020713641682267793
o 39550 0.9114176778043857 0.9200819821949904
o 39600 0 0.0020713641682267793
o 39650 0.06355527220451297 0.09324061247093159
o 39700 0.9989434220919949 0.9997230637730918
o 39750 0.03838699211953375 0.06253275691460305
o 39800 0.9998341327646891 1
o 39850 0.0001356941374875258 0.004579646877596001
o 39900 0.6125751227031866 0.6277043796629417
o 39950 0.9998341327646891 1
o 40000 0.9992130705901283 0.9998523473218875
o 40050 0.006331522703298389 0.01827821939550237
o 40100 0.8503633797699787 0.8613165851246591
o 40150 0.954686324698651 0.960958942317427
o 40200 0 0.0020713641682267793
o 40250 0 0.0020713641682267793
o 40300 0.28389545042076675 0.2980550183297091
o 40350 0 0.0020713641682267793
o 40400 0 0.0020713641682267793
o 40450 0.9584996637162658 0.9645043287829965
o 40500 0 0.0020713641682267793
o 40550 0.25921108512729957 0.2729877744294695
o 40600 0.9998341327646891 1
o 40650 0 0.0020713641682267793
o 40700 0 0.0020713641682267793
o 40750 0.07752597115639494 0.10970359433996543
o 40800 0.9991854194751925 0.9998401310800595
o 40850 0.9908009226349898 0.99355180175839
o 40900 0 0.0020713641682267793
o 40950 0 0.0020713641682267793
o 41000 0.014391154795107606 0.030660820094531686
o 41050 0.9998341327646891 1
o 41100 0.9997848482419177 0.9999999949993749
o 41150 0 0.0020713641682267793
o 41200 0.9877547528718333 0.9909591601876778
o 41250 0.9993257723589519 0.9998990270247116
o 41300 0 0.0020713641682267793
o 41350 0 0.0020713641682267793
o 41400 6.250781184871417e-08 0.0026863809835039826
o 41450 0.6424801967016638 0.6573492672216145
o 41500 0.0002119315321281961 0.00499828620196839
o 41550 6.250781184871417e-08 0.0026863809835039826
o 41600 0.9998341327646891 1
o 41650 0.9985580909074137 0.9995093820155713
o 41700 0.9965559675880805 0.99815383709322
o 41750 0 0.0020713641682267793
o 41800 0 0.0020713641682267793
o 41850 0 0.0020713641682267793
o 41900 0.05855557344390127 0.08726437768384211
o 41950 0.0002119315321281961 0.00499828620196839
o 42000 0.04706278463230812 0.07331338898501578
o 42050 0 0.0020713641682267793
o 42100 0.6152851959597097 0.6303933963144658
o 42150 0 0.0020713641682267793
o 42200 0.9997427320109892 0.9999995494141014
o 42250 0 0.0020713641682267793
o 42300 0 0.0020713641682267793
o 42350 0 0.0020713641682267793
o 42400 0 0.0020713641682267793
o 42450 0.5405555872355317 0.5560681281876407
o 42500 0.9891977558137095 0.9921956057163326
o 42550 0.00559325865062509 0.017023065641255584
o 42600 0.9998341327646891 1
o 42650 0.03464340598526256 0.05779556643151078
o 42700 0.007650494951947706 0.02044833171916564
o 42750 0 0.0020713641682267793
o 42800 0.16680668950487654 0.21001588366218601
o 42850 0 0.0020713641682267793
o 42900 0 0.0020713641682267793
o 42950 0.9770129587345462 0.9814647766981583
o 43000 0 0.0020713641682267793
o 43050 0.9939614630105271 0.9961498650097435
o 43100 0.032672454544769074 0.0552767677117997
o 43150 0.9998341327646891 1
o 43200 0.0008616339156207331 0.007321835254920478
o 43250 0.05177712929184366 0.07907580910630445
o 43300 0.7375188056695221 0.7511188200572438
o 43350 0.0835223810465368 0.11667905904061582
o 43400 0 0.0020713641682267793
o 43450 0 0.0020713641682267793
o 43500 0.0846780856259526 0.11801795362739631
o 43550 0.3233955264823698 0.3380615362383312
o 43600 0 0.0020713641682267793
o 43650 0.9506107678969481 0.9571558589726706
o 43700 0.9998341327646891 1
o 43750 7.381303257431036e-05 0.004146138037869025
o 43800 0 0.0020713641682267793
o 43850 0.9998341327646891 1
o 43900 0.9980156978384667 0.9991726778445826
o 43950 0 0.0020713641682267793
o 44000 0 0.0020713641682267793
o 44050 0.9998341327646891 1
o 44100 0.45781156576768334 0.47336003424801687
o 44150 0.9953484763535615 0.9972421153525235
o 44200 0.787078982939792 0.7997020818336135
o 44250 0 0.0020713641682267793
o 44300 0.9992130705901283 0.9998523473218875
o 44350 0.9864467020062251 0.9898276983002893
o 44400 0 0.0020713641682267793
o 44450 0.4164501778910076 0.4318553884124865
o 44500 0.9998341327646891 1
o 44550 0.9997041638433968 0.9999976422569008
o 44600 0 0.0020713641682267793
o 44650 0.9531131971196201 0.9594925950304842
o 44700 0.8973553457144555 0.9066289873213499
o 44750 0.9989962943624098 0.9997500155155601
o 44800 0 0.0020713641682267793
o 44850 0.9998341327646891 1
o 44900 0 0.0020713641682267793
o 44950 0 0.0020713641682267793
o 45000 0.9994130827814862 0.9999311292217218
o 45050 0.2556019916958347 0.2693180956092414
o 45100 0.9997848482419177 0.9999999949993749
o 45150 0 0.0020713641682267793
o 45200 5.632956977942948e-06 0.0032118347953750117
o 45250 0.9998341327646891 1
o 45300 0.9998341327646891 1
o 45350 0.005960847644841141 0.017652149387960583
o 45400 0 0.0020713641682267793
o 45450 5.632956977942948e-06 0.0032118347953750117
o 45500 0 0.0020713641682267793
o 45550 0 0.0020713641682267793
o 45600 0.2229677064559373 0.27060629527405583
o 45650 0.07522587031722462 0.10701453264502743
o 45700 0.9998341327646891 1
o 45750 0.9998341327646891 1
o 45800 0.9998341327646891 1
o 45850 0.9981372773655357 0.999250926354604
o 45900 0.9998341327646891 1
o 45950 0.9998341327646891 1
o 46000 0.13309891368150323 0.17287502133718768
o 46050 0 0.0020713641682267793
o 46100 0.9933192755189276 0.9956323593695228
o 46150 0 0.0020713641682267793
o 46200 0.9998341327646891 1
o 46250 5.632956977942948e-06 0.0032118347953750117
o 46300 0.9998341327646891 1
o 46350 0.9998341327646891 1
o 46400 0.006892892276002266 0.01921208805515954
o 46450 0.8771074785459496 0.8871635863961466
o 46500 0.4576517649706934 0.4731998889676908
o 46550 0.7647875779416252 0.777880931894112
o 46600 0.7746870553370507 0.787578147406523
o 46650 0.0023137429626999364 0.010840119172525859
o 46700 7.381303257431036e-05 0.004146138037869025
o 46750 0.16442254592160707 0.20741067019414736
o 46800 0.9711392412985618 0.9761404992570893
o 46850 0.028107075654713258 0.0493663056857302
o 46900 0 0.0020713641682267793
o 46950 0.004334491639779346 0.014794176509792714
o 47000 0.9995994914601743 0.999983053576263
o 47050 0.9853353097985771 0.9888594972946539
o 47100 0.9998341327646891 1
o 47150 0.8699415728390091 0.8802518758162106
o 47200 0 0.0020713641682267793
o 47250 0.9993836603972313 0.9999207619417313
o 47300 0.9998341327646891 1
o 47350 0 0.0020713641682267793
o 47400 0.9998341327646891 1
o 47450 0.9998341327646891 1
o 47500 0.9981616966934627 0.9992664707710156
o 47550 0.3544731170614113 0.369453414295582
o 47600 0 0.0020713641682267793
o 47650 0.9997427320109892 0.9999995494141014
o 47700 0.49232728413321725 0.5079126754253007
o 47750 0.9998341327646891 1
o 47800 0.9998341327646891 1
o 47850 0.9982106455758774 0.9992974473203098
o 47900 0 0.0020713641682267793
o 47950 0.021895276610801418 0.04111222892847161
o 48000 0.15799273811668152 0.20036922482399164
o 48050 0 0.0020713641682267793
o 48100 0.6051487833769948 0.6203332132774793
o 48150 0.9998341327646891 1
o 48200 0 0.0020713641682267793
o 48250 0 0.0020713641682267793
o 48300 0 0.0020713641682267793
o 48350 2.947816983711372e-05 0.003692940350408797
o 48400 0.6761389353405468 0.6906392414101679
o 48450 0.9895002333843805 0.9924530101907082
o 48500 0 0.0020713641682267793
o 48550 0.9338741269147175 0.9414180705538091
o 48600 0 0.0020713641682267793
o 48650 0.9987357880946691 0.999611282711116
o 48700 0.9998341327646891 1
o 48750 0 0.0020713641682267793
o 48800 0.0016974653738742154 0.009466791134271763
o 48850 0.9998341327646891 1
o 48900 6.250781184871417e-08 0.0026863809835039826
o 48950 0.9923948979403597 0.9948771540820781
o 49000 0.9997427320109892 0.9999995494141014
o 49050 0 0.0020713641682267793
o 49100 0.9228069375104153 0.9309289382033917
o 49150 0.7776377067253364 0.7904665105431585
o 49200 0.9998341327646891 1
o 49250 0.9998341327646891 1
o 49300 0.9998341327646891 1
o 49350 0.8429924171742544 0.8541700024162732
o 49400 0 0.0020713641682267793
o 49450 0.9998341327646891 1
o 49500 5.632956977942948e-06 0.0032118347953750117
o 49550 0.9998341327646891 1
o 49600 0.9869178884583476 0.9902363375040211
o 49650 0.9998341327646891 1
o 49700 0.9994130827814862 0.9999311292217218
o 49750 0.8400899427688993 0.8513534436231265
o 49800 0.9083490695997487 0.9171516100210795
o 49850 0.7035360863614379 0.7176729120814554
o 49900 0 0.0020713641682267793
o 49950 0 0.0020713641682267793
