
x disttype general-gaussian
x k 380
x std 0.5
x N 100000
x alpha 0.001

o 0 0.9997326272886489 0.9999679765707885
o 10 0.9999239938640181 1
o 20 0.977011300327644 0.9800360839864989
o 30 0.9999000177236425 0.9999999949987496
o 40 0.9967603104673288 0.997843611301142
o 50 0.9988255373236186 0.9994373994252359
o 60 0.9999239938640181 1
o 70 0.9998794920615223 0.9999996803882305
o 80 0.9794029260894446 0.9822640884397585
o 90 0.9992219613154416 0.9997004931760775
o 100 0.9989321082177423 0.9995107243878806
o 110 0.9983494143722831 0.9990938694504349
o 120 0.9976028509144189 0.9985207867576995
o 130 0.9998259044303537 0.9999936749830985
o 140 0.9988727865115414 0.9994701057402408
o 150 0.9982692853817808 0.99903404440992
o 160 0.9962888573233785 0.99745519694004
o 170 0.9932066654859523 0.9948180674080693
o 180 0.9985452679415159 0.9992378909752331
o 190 0.9962670022691712 0.9974370578216792
o 200 0.9977260883623545 0.9986174999554572
o 210 0.9951916968901829 0.996532625529279
o 220 0.9974242629841317 0.9983794418843119
o 230 0.9991607391340973 0.9996618107824726
o 240 0.9988255373236186 0.9994373994252359
o 250 0.9582897650019965 0.962360464105443
o 260 0.9998259044303537 0.9999936749830985
o 270 0.9991607391340973 0.9996618107824726
o 280 0.9997625252542223 0.9999778024249072
o 290 0.9670016374436716 0.9706272748223618
o 300 0.9847769922491285 0.9872291776839859
o 310 0.9885648436601886 0.9906807095481691
o 320 0.8742572612124715 0.8810855757722018
o 330 0.9993840302011118 0.9997981063300013
o 340 0.5863532728372877 0.5965928917117251
o 350 0.9987902132311843 0.9994127552213077
o 360 0.9998429101352648 0.9999964480564058
o 370 0.9995924018266042 0.9999090646014682
o 380 0.9999239938640181 1
o 390 0.9998794920615223 0.9999996803882305
o 400 0.9955813703749175 0.996862861728628
o 410 0.9999239938640181 1
o 420 0.9332623862889073 0.9383716039690193
o 430 0.9993461951853181 0.9997760261613108
o 440 0.9999239938640181 1
o 450 0.9496136968540785 0.9540778383359121
o 460 0.9843599149127967 0.9868463215342241
o 470 0.9981552719912345 0.998948119032298
o 480 0.9983723603332938 0.9991109098276848
o 490 0.9961359958522034 0.9973280986685701
o 500 0.9999239938640181 1
o 510 0.998178034038101 0.9989653451204188
o 520 0.9989917465252612 0.9995510212653725
o 530 0.9682664604098392 0.9718222599429143
o 540 0.9989917465252612 0.9995510212653725
o 550 0.9478257873821 0.9523660165610003
o 560 0.9882708676520491 0.9904147344765
o 570 0.9995789431075351 0.9999025818545951
o 580 0.9991242454921062 0.9996383565757581
o 590 0.9997625252542223 0.9999778024249072
o 600 0.9995522439324256 0.9998893888980779
o 610 0.9978948131536477 0.9987487028811188
o 620 0.996595491667816 0.997708478018561
o 630 0.9963107184293682 0.9974733299800852
o 640 0.9982692853817808 0.99903404440992
o 650 0.9980530778683915 0.9988703644308505
o 660 0.9993967101316772 0.9998053961676073
o 670 0.9973130110311117 0.9982907334602715
o 680 0.9999000177236425 0.9999999949987496
o 690 0.9998429101352648 0.9999964480564058
o 700 0.9995522439324256 0.9998893888980779
o 710 0.9979399494540744 0.9987835461900604
o 720 0.7401495313255984 0.7492334521501607
o 730 0.9975469608048722 0.9984766984118723
o 740 0.1856444932484805 0.22797296989850546
o 750 0.9998606673855076 0.9999985029476508
o 760 0.8631506864641758 0.8702338164352907
o 770 0.9988609575119792 0.9994619461165326
o 780 0.9974688401759891 0.9984148483563065
o 790 0.9977597686841915 0.998643805666305
o 800 0.9950621005105278 0.9964222510073004
o 810 0.9997326272886489 0.9999679765707885
o 820 0.9999239938640181 1
o 830 0.9770733593993526 0.9800940153519424
o 840 0.998178034038101 0.9989653451204188
o 850 0.9991000077843155 0.99962262720283
o 860 0.9999239938640181 1
o 870 0.9836306178135297 0.9861757344570836
o 880 0.9997035245559214 0.9999573086101283
o 890 0.9893427490296857 0.9913826735488749
o 900 0.6836017429253239 0.6932497549481645
o 910 0.9991974091936578 0.9996850848564172
o 920 0.9966394036696481 0.9977445534332144
o 930 0.9971133964557543 0.9981304154669943
o 940 0.9615186548647258 0.965431087018256
o 950 0.9897006693025858 0.9917046925268812
o 960 0.9868246174208108 0.9891012224285648
o 970 0.9991851653448052 0.9996773477700754
o 980 0.9998794920615223 0.9999996803882305
o 990 0.9644742021908436 0.9682350929132713
o 1000 0.9957550205505793 0.9970091697493308
o 1010 0.9985221252268359 0.9992210495148895
o 1020 0.9989083432846155 0.9994945137547379
o 1030 0.9989440095309458 0.9995188105517668
o 1040 0.9991242454921062 0.9996383565757581
o 1050 0.9463551742560651 0.9509568506702102
o 1060 0.9999239938640181 1
o 1070 0.9998094654176469 0.9999903279212801
o 1080 0.9904808799976081 0.9924043477506669
o 1090 0.9899851425973076 0.991960170622854
o 1100 0.9998794920615223 0.9999996803882305
o 1110 0.9997474636700737 0.9999730088185749
o 1120 0.9983608843737154 0.9991023926489613
o 1130 0.9939548404232341 0.9954697451827327
o 1140 0.9990397081089817 0.999583003494197
o 1150 0.9972241961068424 0.9982195789311885
o 1160 0.9993461951853181 0.9997760261613108
o 1170 0.9998606673855076 0.9999985029476508
o 1180 0.999565558673665 0.9998960216619766
o 1190 0.9986148753119095 0.9992882339998526
o 1200 0.9646898497119346 0.9684394127578738
o 1210 0.9998094654176469 0.9999903279212801
o 1220 0.9997035245559214 0.9999573086101283
o 1230 0.9988373331200868 0.9994455927520963
o 1240 0.9981894224879377 0.9989739506694784
o 1250 0.9973797300769236 0.99834399084297
o 1260 0.05061251851589911 0.07606058674609362
o 1270 0.6513713778108973 0.6612649776637117
o 1280 0.9990758390227437 0.9996068275359654
o 1290 0.9392539580003033 0.9441391332485838
o 1300 0.9965516075540612 0.9976723745819928
o 1310 0.9960596703793033 0.9972644438243897
o 1320 0.9901749159041939 0.9921303647158404
o 1330 0.9979399494540744 0.9987835461900604
o 1340 0.999308641751924 0.9997536566961236
o 1350 0.9995522439324256 0.9998893888980779
o 1360 0.998406824694827 0.999136424498611
o 1370 0.9948679610039767 0.996256433334421
o 1380 0.9863538770875796 0.9886720392347629
o 1390 0.9998429101352648 0.9999964480564058
o 1400 0.999647091932423 0.9999341015602782
o 1410 0.9995258073724307 0.9998759227757309
o 1420 0.9999000177236425 0.9999999949987496
o 1430 0.9997625252542223 0.9999778024249072
o 1440 0.9298210738002147 0.9350534326227711
o 1450 0.9999000177236425 0.9999999949987496
o 1460 0.9969586585858599 0.9980052028082426
o 1470 0.9845788490756191 0.98704735248301
o 1480 0.9997326272886489 0.9999679765707885
o 1490 0.9912100220754281 0.9930550779335635
o 1500 0.30718835152404034 0.31684008403497577
o 1510 0.9979625416421479 0.9988009436119282
o 1520 0.9506357215501609 0.9550556599624793
o 1530 0.21864610859599184 0.2633406405937152
o 1540 0.9991000077843155 0.99962262720283
o 1550 0.9988964791760753 0.9994863897866425
o 1560 0.9998794920615223 0.9999996803882305
o 1570 0.9720246804071823 0.9753634680718767
o 1580 0.9949757793756971 0.9963485912913461
o 1590 0.999647091932423 0.9999341015602782
o 1600 0.9578595179202676 0.9619507760520423
o 1610 0.9999239938640181 1
o 1620 0.9954729882504474 0.9967712694318661
o 1630 0.9990156980202815 0.9995670421974359
o 1640 0.9799731228656842 0.9827938030709727
o 1650 0.9978948131536477 0.9987487028811188
o 1660 0.9858730746601976 0.9882329193819835
o 1670 0.9627497127365986 0.9665998431568364
o 1680 0.992100139773098 0.9938448002695061
o 1690 0.9976812288951316 0.9985823776972912
o 1700 0.9999239938640181 1
o 1710 0.9995522439324256 0.9998893888980779
o 1720 0.9998794920615223 0.9999996803882305
o 1730 0.9277246368992088 0.9330301839199935
o 1740 0.9886593773454145 0.990766160082559
o 1750 0.9961141815894882 0.9973099185840804
o 1760 0.9982578605957628 0.9990254755426886
o 1770 0.9996750511339219 0.9999459758541345
o 1780 0.9994865835970232 0.9998552762881997
o 1790 0.8474349337969828 0.8548519271330444
o 1800 0.9847874224357788 0.9872387458312499
o 1810 0.9988964791760753 0.9994863897866425
o 1820 0.999460688515219 0.9998412488613985
o 1830 0.999308641751924 0.9997536566961236
o 1840 0.9999239938640181 1
o 1850 0.9552178728417453 0.9594328191390115
o 1860 0.9969476220508677 0.9979962427880786
o 1870 0.9999239938640181 1
o 1880 0.9492458333156251 0.9537257571792057
o 1890 0.9999239938640181 1
o 1900 0.9899429844416341 0.9919223360015034
o 1910 0.9967603104673288 0.997843611301142
o 1920 0.9945450305343273 0.9959794331995325
o 1930 0.9963107184293682 0.9974733299800852
o 1940 0.995722438057023 0.9969817601675951
o 1950 0.9998259044303537 0.9999936749830985
o 1960 0.9993713852765496 0.999790780467655
o 1970 0.9933240372930198 0.9949206729419205
o 1980 0.9988609575119792 0.9994619461165326
o 1990 0.998661438417265 0.9993216358773404
o 2000 0.9982008159598506 0.9989825511496526
o 2010 0.9988255373236186 0.9994373994252359
o 2020 0.9974465459639887 0.9983971507728185
o 2030 0.999647091932423 0.9999341015602782
o 2040 0.9861552371344611 0.9884907113427004
o 2050 0.9992342708494422 0.9997081631039612
o 2060 0.9999239938640181 1
o 2070 0.36856094505347853 0.3786381736448654
o 2080 0.9998094654176469 0.9999903279212801
o 2090 0.8625035635621437 0.8696010364151616
o 2100 0.9975581327275154 0.9984855222219758
o 2110 0.9902276488731481 0.9921776226625127
o 2120 0.9993967101316772 0.9998053961676073
o 2130 0.17461337410507255 0.21604803875815748
o 2140 0.9999239938640181 1
o 2150 0.9995389947463791 0.9998826879485003
o 2160 0.9994996047638228 0.999862213815235
o 2170 0.9999239938640181 1
o 2180 0.9983035925447616 0.9990597178845633
o 2190 0.9994736123112946 0.9998482871313812
o 2200 0.9994736123112946 0.9998482871313812
o 2210 0.9974242629841317 0.9983794418843119
o 2220 0.9998606673855076 0.9999985029476508
o 2230 0.9995924018266042 0.9999090646014682
o 2240 0.9999239938640181 1
o 2250 0.9968153429368365 0.9978885623948534
o 2260 0.9997625252542223 0.9999778024249072
o 2270 0.9978047248954649 0.9986788304656162
o 2280 0.8344484975464335 0.8421203126134947
o 2290 0.9933880880525884 0.9949766097521912
o 2300 0.9998794920615223 0.9999996803882305
o 2310 0.9941048596655632 0.995599695500276
o 2320 0.995256548308826 0.9965877593841346
o 2330 0.9970691415350228 0.9980946847680788
o 2340 0.9999000177236425 0.9999999949987496
o 2350 0.9990156980202815 0.9995670421974359
o 2360 0.9990637794704803 0.9995989024000052
o 2370 0.9980984511221858 0.9989049687990127
o 2380 0.9915487741710675 0.9933562655389213
o 2390 0.9998094654176469 0.9999903279212801
o 2400 0.9942764822465943 0.9957480376640291
o 2410 0.9995258073724307 0.9998759227757309
o 2420 0.9996059399519922 0.9999154644598418
o 2430 0.942844039758465 0.9475885125390472
o 2440 0.9992713415924842 0.9997310274127916
o 2450 0.9814675516520474 0.9841791411313555
o 2460 0.9921638345210265 0.993901093873372
o 2470 0.9998794920615223 0.9999996803882305
o 2480 0.9749546797796316 0.9781130206299656
o 2490 0.9956030603178864 0.9968811666208091
o 2500 0.9866258119673869 0.9889200602265591
o 2510 0.9917819043168797 0.993563093495607
o 2520 0.999460688515219 0.9998412488613985
o 2530 0.9972907921738364 0.9982729600459088
o 2540 0.9994478100027654 0.9998341637972972
o 2550 0.9960596703793033 0.9972644438243897
o 2560 0.9742216509592616 0.9774261617720734
o 2570 0.9954404951528307 0.9967437701258874
o 2580 0.9988491397832107 0.9994537750504463
o 2590 0.9984298320990661 0.9991534027843956
o 2600 0.9998429101352648 0.9999964480564058
o 2610 0.9879665917397014 0.9901390607918285
o 2620 0.9999000177236425 0.9999999949987496
o 2630 0.9931426737034209 0.994762071481674
o 2640 0.9985336929709294 0.9992294739003873
o 2650 0.9863225083510232 0.9886434130535078
o 2660 0.9992837483903975 0.9997385977610909
o 2670 0.9942550191117432 0.9957295052342232
o 2680 0.9980304180417948 0.998853035214155
o 2690 0.9960814707043383 0.9972826379045724
o 2700 0.9967603104673288 0.997843611301142
o 2710 0.9745106885848942 0.9776970798768077
o 2720 0.6342075854558202 0.6442113581974218
o 2730 0.9780253268095666 0.9809819010460662
o 2740 0.9844120358671282 0.9868941922792883
o 2750 0.9930467238551024 0.9946780396791838
o 2760 0.9492662692831941 0.9537453181394563
o 2770 0.9606675071389218 0.9646223632578574
o 2780 0.9984643915450886 0.999178821348288
o 2790 0.9999000177236425 0.9999999949987496
o 2800 0.9989797919656069 0.9995429892428099
o 2810 0.6372365740059226 0.6472219128305563
o 2820 0.9983035925447616 0.9990597178845633
o 2830 0.9999239938640181 1
o 2840 0.9990517359552183 0.9995909609264688
o 2850 0.997479991545747 0.9984236928564266
o 2860 0.9372356531221047 0.9421977410202594
o 2870 0.9989321082177423 0.9995107243878806
o 2880 0.9986964493040371 0.9993465975946715
o 2890 0.9985105646110896 0.9992126179186841
o 2900 0.9997474636700737 0.9999730088185749
o 2910 0.9993211301255228 0.999761143401458
o 2920 0.9704689727487232 0.973899412787279
o 2930 0.9729319788762416 0.9762160310973473
o 2940 0.9997934737315558 0.9999865160465087
o 2950 0.9991363912921909 0.9996461937765692
o 2960 0.9995258073724307 0.9998759227757309
o 2970 0.9297498243544551 0.934984692754104
o 2980 0.9999000177236425 0.9999999949987496
o 2990 0.994889517431118 0.9962748721958646
o 3000 0.9980644144149508 0.9988790223487718
o 3010 0.994179921502621 0.9956646183023703
o 3020 0.9990879149946528 0.9996147359402903
o 3030 0.6798162529627069 0.6894958152690299
o 3040 0.9978948131536477 0.9987487028811188
o 3050 0.9990517359552183 0.9995909609264688
o 3060 0.1995900954587381 0.24297199936898328
o 3070 0.9987432554791599 0.9993797532365777
o 3080 0.9999000177236425 0.9999999949987496
o 3090 0.9996750511339219 0.9999459758541345
o 3100 0.9790713168414942 0.9819557491272487
o 3110 0.9970470275238427 0.9980768058937483
o 3120 0.9998794920615223 0.9999996803882305
o 3130 0.9435276819258537 0.9482447677120442
o 3140 0.9998429101352648 0.9999964480564058
o 3150 0.9991363912921909 0.9996461937765692
o 3160 0.9288440083611178 0.934110644593519
o 3170 0.9999239938640181 1
o 3180 0.9997778469385978 0.9999823205027085
o 3190 0.996595491667816 0.997708478018561
o 3200 0.9998259044303537 0.9999936749830985
o 3210 0.9996610130687411 0.9999401001755236
o 3220 0.9999239938640181 1
o 3230 0.9996195632227871 0.999921775321969
o 3240 0.955115526962586 0.9593351804302752
o 3250 0.9948356330579166 0.9962287683266594
o 3260 0.9954188385042565 0.9967254318195659
o 3270 0.9998794920615223 0.9999996803882305
o 3280 0.9936231267828686 0.9951815249936188
o 3290 0.9998794920615223 0.9999996803882305
o 3300 0.9944482968511198 0.995896187267895
o 3310 0.9998606673855076 0.9999985029476508
o 3320 0.9984413453868268 0.9991618822380575
o 3330 0.9101224485404479 0.9159950112327091
o 3340 0.9994996047638228 0.999862213815235
o 3350 0.9984183252285816 0.9991449168439261
o 3360 0.999308641751924 0.9997536566961236
o 3370 0.9983264919604223 0.9990768052820472
o 3380 0.9991974091936578 0.9996850848564172
o 3390 0.9996892172795872 0.9999517166583664
o 3400 0.9999000177236425 0.9999999949987496
o 3410 0.9892059836740069 0.9912594620043967
o 3420 0.9956030603178864 0.9968811666208091
o 3430 0.9926846404334789 0.9943601915329654
o 3440 0.9980871009964017 0.99889632457896
o 3450 0.9990517359552183 0.9995909609264688
o 3460 0.9652239195043655 0.9689452621206255
o 3470 0.9995522439324256 0.9998893888980779
o 3480 0.999460688515219 0.9998412488613985
o 3490 0.7058403493596602 0.7152877987742802
o 3500 0.9997934737315558 0.9999865160465087
o 3510 0.9995924018266042 0.9999090646014682
o 3520 0.1693472909578981 0.21033515446971252
o 3530 0.9976700223482383 0.998573588752811
o 3540 0.9999239938640181 1
o 3550 0.8900122048005877 0.8964482697258171
o 3560 0.9999239938640181 1
o 3570 0.9998259044303537 0.9999936749830985
o 3580 0.9086302567951886 0.914547426662415
o 3590 0.999565558673665 0.9998960216619766
o 3600 0.999565558673665 0.9998960216619766
o 3610 0.9995258073724307 0.9998759227757309
o 3620 0.9999000177236425 0.9999999949987496
o 3630 0.9999000177236425 0.9999999949987496
o 3640 0.991125395645545 0.9929797193268399
o 3650 0.9997778469385978 0.9999823205027085
o 3660 0.9999239938640181 1
o 3670 0.9996332781059027 0.9999279902963232
o 3680 0.9994221808168059 0.9998198616983294
o 3690 0.9966503860977012 0.9977535678378251
o 3700 0.9980644144149508 0.9988790223487718
o 3710 0.9448340265984893 0.9494982268411448
o 3720 0.9994736123112946 0.9998482871313812
o 3730 0.8296136539593225 0.8373758820654567
o 3740 0.9997778469385978 0.9999823205027085
o 3750 0.9982921512935677 0.9990511656445621
o 3760 0.9989321082177423 0.9995107243878806
o 3770 0.999717988398479 0.9999627351752136
o 3780 0.323312152679858 0.33309383358467515
o 3790 0.9999000177236425 0.9999999949987496
o 3800 0.9956898663636761 0.996954339744824
o 3810 0.9907659956809195 0.9926591824260114
o 3820 0.9993713852765496 0.999790780467655
o 3830 0.9999239938640181 1
o 3840 0.9988964791760753 0.9994863897866425
o 3850 0.942333923740936 0.9470987051518363
o 3860 0.9977373116869959 0.9986262720005026
o 3870 0.9998094654176469 0.9999903279212801
o 3880 0.9982464411746801 0.999016901258452
o 3890 0.9997934737315558 0.9999865160465087
o 3900 0.9977822396736948 0.9986613252356356
o 3910 0.9999239938640181 1
o 3920 0.9999239938640181 1
o 3930 0.9991607391340973 0.9996618107824726
o 3940 0.9998794920615223 0.9999996803882305
o 3950 0.9528237836759741 0.9571472686900775
o 3960 0.9998429101352648 0.9999964480564058
o 3970 0.952772645812658 0.957098414248274
o 3980 0.9999239938640181 1
o 3990 0.9967053252855939 0.9977986126806137
o 4000 0.960400937056603 0.9643689735769106
o 4010 0.9987902132311843 0.9994127552213077
o 4020 0.9996610130687411 0.9999401001755236
o 4030 0.9803050197703563 0.9831018545106843
o 4040 0.9959725234615947 0.9971916128986211
o 4050 0.9967493096902165 0.9978346153365509
o 4060 0.9962233100853685 0.9974007615823824
o 4070 0.9999239938640181 1
o 4080 0.9996195632227871 0.999921775321969
o 4090 0.9989917465252612 0.9995510212653725
o 4100 0.9951916968901829 0.996532625529279
o 4110 0.9928123652194045 0.9944724427482187
o 4120 0.996892470431728 0.9979514114652585
o 4130 0.9996332781059027 0.9999279902963232
o 4140 0.8782448038695412 0.8849774351114283
o 4150 0.9999239938640181 1
o 4160 0.9996332781059027 0.9999279902963232
o 4170 0.9990879149946528 0.9996147359402903
o 4180 0.998967851134707 0.9995349432565738
o 4190 0.9988255373236186 0.9994373994252359
o 4200 0.9999000177236425 0.9999999949987496
o 4210 0.9974019910744819 0.9983617218544342
o 4220 0.9997625252542223 0.9999778024249072
o 4230 0.9998094654176469 0.9999903279212801
o 4240 0.9997934737315558 0.9999865160465087
o 4250 0.9995522439324256 0.9998893888980779
o 4260 0.9998094654176469 0.9999903279212801
o 4270 0.9989321082177423 0.9995107243878806
o 4280 0.9938049558531804 0.9953396598375936
o 4290 0.9996332781059027 0.9999279902963232
o 4300 0.887428891992474 0.8939319698542786
o 4310 0.9997778469385978 0.9999823205027085
o 4320 0.9999000177236425 0.9999999949987496
o 4330 0.9804087601579612 0.9831980979632072
o 4340 0.9978722684598832 0.998731257583025
o 4350 0.9657992103323064 0.9694898841695492
o 4360 0.788616018111433 0.7970596766067443
o 4370 0.9730866829061279 0.9763613034305456
o 4380 0.963858173749357 0.9676512145508732
o 4390 0.9987432554791599 0.9993797532365777
o 4400 0.9443951345835675 0.9490771847772939
o 4410 0.9928017186493455 0.9944630913243997
o 4420 0.9934414800433878 0.9950232073636566
o 4430 0.9999239938640181 1
o 4440 0.9982350270587194 0.999008321617958
o 4450 0.9995258073724307 0.9998759227757309
o 4460 0.9704586746210594 0.9738897124824889
o 4470 0.9997474636700737 0.9999730088185749
o 4480 0.9985568502389814 0.9992463006371575
o 4490 0.9991242454921062 0.9996383565757581
o 4500 0.6387812404232066 0.6487570134655014
o 4510 0.9999239938640181 1
o 4520 0.999460688515219 0.9998412488613985
o 4530 0.9995522439324256 0.9998893888980779
o 4540 0.9968704240500165 0.9979334645945805
o 4550 0.9986148753119095 0.9992882339998526
o 4560 0.9992837483903975 0.9997385977610909
o 4570 0.9807926952022519 0.9835541030525726
o 4580 0.9970470275238427 0.9980768058937483
o 4590 0.9978047248954649 0.9986788304656162
o 4600 0.9999000177236425 0.9999999949987496
o 4610 0.9964858324078556 0.997618168161663
o 4620 0.9132497677806375 0.9190272231931447
o 4630 0.8984754098571844 0.9046837958717104
o 4640 0.9953647155998915 0.9966795672709512
o 4650 0.9998606673855076 0.9999985029476508
o 4660 0.994061982967306 0.9955625809333555
o 4670 0.9990517359552183 0.9995909609264688
o 4680 0.9999239938640181 1
o 4690 0.7598183707568571 0.7686616537486192
o 4700 0.9971023293278982 0.9981214862091915
o 4710 0.9995389947463791 0.9998826879485003
o 4720 0.9998094654176469 0.9999903279212801
o 4730 0.9998794920615223 0.9999996803882305
o 4740 0.3189593612854856 0.32870728607584676
o 4750 0.9973241243192749 0.9982996162842218
o 4760 0.9996610130687411 0.9999401001755236
o 4770 0.9997035245559214 0.9999573086101283
o 4780 0.9995389947463791 0.9998826879485003
o 4790 0.999717988398479 0.9999627351752136
o 4800 0.9998794920615223 0.9999996803882305
o 4810 0.9997934737315558 0.9999865160465087
o 4820 0.9990879149946528 0.9996147359402903
o 4830 0.9929614724963005 0.994603307263001
o 4840 0.9969145249172923 0.9979693501892825
o 4850 0.999460688515219 0.9998412488613985
o 4860 0.5025224118614022 0.5129364190792247
o 4870 0.9999239938640181 1
o 4880 0.9312360527579256 0.936418241444777
o 4890 0.9835889654521075 0.9861373934162101
o 4900 0.9738294755875606 0.9770583971713453
o 4910 0.9962779290434433 0.9974461281369791
o 4920 0.9999239938640181 1
o 4930 0.9992219613154416 0.9997004931760775
o 4940 0.9999000177236425 0.9999999949987496
o 4950 0.9554839869084909 0.9596866649958866
o 4960 0.9999239938640181 1
o 4970 0.9992466035921717 0.9997158092851735
o 4980 0.9982692853817808 0.99903404440992
o 4990 0.8817475408434435 0.8883941728805396
o 5000 0.9996610130687411 0.9999401001755236
o 5010 0.9999000177236425 0.9999999949987496
o 5020 0.9951808918162552 0.9965234330459174
o 5030 0.9999239938640181 1
o 5040 0.9947279302940302 0.9961364944014218
o 5050 0.9983494143722831 0.9990938694504349
o 5060 0.998967851134707 0.9995349432565738
o 5070 0.9985105646110896 0.9992126179186841
o 5080 0.999717988398479 0.9999627351752136
o 5090 0.9984643915450886 0.999178821348288
o 5100 0.9950405145872481 0.9964038417361176
o 5110 0.9993713852765496 0.999790780467655
o 5120 0.9999239938640181 1
o 5130 0.9972463848475941 0.9982373826441259
o 5140 0.9886593773454145 0.990766160082559
o 5150 0.9999239938640181 1
o 5160 0.9998259044303537 0.9999936749830985
o 5170 0.9996892172795872 0.9999517166583664
o 5180 0.9992589602564742 0.9997234309807892
o 5190 0.9983838423236461 0.9991194209127192
o 5200 0.9829332374492626 0.9855332250590306
o 5210 0.9682356017938448 0.9717931232439887
o 5220 0.9949757793756971 0.9963485912913461
o 5230 0.9998794920615223 0.9999996803882305
o 5240 0.9983723603332938 0.9991109098276848
o 5250 0.9986731000629289 0.9993299652120586
o 5260 0.9980417457585299 0.9988617020378927
o 5270 0.9998794920615223 0.9999996803882305
o 5280 0.9999000177236425 0.9999999949987496
o 5290 0.9999000177236425 0.9999999949987496
o 5300 0.9997035245559214 0.9999573086101283
o 5310 0.9992466035921717 0.9997158092851735
o 5320 0.9998794920615223 0.9999996803882305
o 5330 0.9986847703136744 0.9993382858302795
o 5340 0.9999239938640181 1
o 5350 0.9990397081089817 0.999583003494197
o 5360 0.9975246259459578 0.9984590417445947
o 5370 0.999308641751924 0.9997536566961236
o 5380 0.9990637794704803 0.9995989024000052
o 5390 0.9998606673855076 0.9999985029476508
o 5400 0.9997326272886489 0.9999679765707885
o 5410 0.9969586585858599 0.9980052028082426
o 5420 0.998406824694827 0.999136424498611
o 5430 0.9999239938640181 1
o 5440 0.9926952813497107 0.9943695486229674
o 5450 0.5545651245281494 0.5649058405067304
o 5460 0.9968263552234524 0.9978975467912236
o 5470 0.9997035245559214 0.9999573086101283
o 5480 0.9994094264948036 0.9998126484893034
o 5490 0.998967851134707 0.9995349432565738
o 5500 0.9998429101352648 0.9999964480564058
o 5510 0.9995258073724307 0.9998759227757309
o 5520 0.9996750511339219 0.9999459758541345
o 5530 0.9984990110277941 0.9992041792094797
o 5540 0.9995924018266042 0.9999090646014682
o 5550 0.999565558673665 0.9998960216619766
o 5560 0.9926527207212648 0.9943321172199285
o 5570 0.9996892172795872 0.9999517166583664
o 5580 0.998406824694827 0.999136424498611
o 5590 0.9991000077843155 0.99962262720283
o 5600 0.7336026679014559 0.7427613007819295
o 5610 0.9985221252268359 0.9992210495148895
o 5620 0.9528033284430647 0.9571277270009401
o 5630 0.9982350270587194 0.999008321617958
o 5640 0.9913899342533924 0.9932151338128383
o 5650 0.9999239938640181 1
o 5660 0.9998429101352648 0.9999964480564058
o 5670 0.9961359958522034 0.9973280986685701
o 5680 0.9985336929709294 0.9992294739003873
o 5690 0.999717988398479 0.9999627351752136
o 5700 0.9982350270587194 0.999008321617958
o 5710 0.9985452679415159 0.9992378909752331
o 5720 0.9863329644063766 0.9886529553042943
o 5730 0.9778907637842261 0.9808564848596504
o 5740 0.995896339513435 0.9971278159531761
o 5750 0.9998259044303537 0.9999936749830985
o 5760 0.9994865835970232 0.9998552762881997
o 5770 0.9989321082177423 0.9995107243878806
o 5780 0.9985568502389814 0.9992463006371575
o 5790 0.9996750511339219 0.9999459758541345
o 5800 0.9990397081089817 0.999583003494197
o 5810 0.9998606673855076 0.9999985029476508
o 5820 0.9998259044303537 0.9999936749830985
o 5830 0.9991851653448052 0.9996773477700754
o 5840 0.9996610130687411 0.9999401001755236
o 5850 0.9999000177236425 0.9999999949987496
o 5860 0.9998606673855076 0.9999985029476508
o 5870 0.9937300624397956 0.9952745681671445
o 5880 0.9993840302011118 0.9997981063300013
o 5890 0.9976364222472532 0.9985472022405449
o 5900 0.9997934737315558 0.9999865160465087
o 5910 0.9976364222472532 0.9985472022405449
o 5920 0.9999000177236425 0.9999999949987496
o 5930 0.9999239938640181 1
o 5940 0.9994349747337248 0.999827034081556
o 5950 0.9965406408145985 0.9976633444135108
o 5960 0.9974911457860921 0.9984325344670717
o 5970 0.9995126784110874 0.999869096973979
o 5980 0.9999000177236425 0.9999999949987496
o 5990 0.9999239938640181 1
o 6000 0.9935589957736648 0.9951256686285224
o 6010 0.9998094654176469 0.9999903279212801
o 6020 0.9982807155936814 0.9990426077982462
o 6030 0.9932920198479082 0.9948926965832258
o 6040 0.9999000177236425 0.9999999949987496
o 6050 0.9992096743120683 0.9996928002040392
o 6060 0.9998259044303537 0.9999936749830985
o 6070 0.9991363912921909 0.9996461937765692
o 6080 0.9985105646110896 0.9992126179186841
o 6090 0.9978722684598832 0.998731257583025
o 6100 0.9998606673855076 0.9999985029476508
o 6110 0.9980417457585299 0.9988617020378927
o 6120 0.9997326272886489 0.9999679765707885
o 6130 0.9999239938640181 1
o 6140 0.9999239938640181 1
o 6150 0.9999239938640181 1
o 6160 0.9984528651741528 0.9991703551211992
o 6170 0.9996750511339219 0.9999459758541345
o 6180 0.9999000177236425 0.9999999949987496
o 6190 0.9994736123112946 0.9998482871313812
o 6200 0.9997778469385978 0.9999823205027085
o 6210 0.9992589602564742 0.9997234309807892
o 6220 0.999460688515219 0.9998412488613985
o 6230 0.9993713852765496 0.999790780467655
o 6240 0.9999239938640181 1
o 6250 0.999003715108361 0.9995590390215284
o 6260 0.9994349747337248 0.999827034081556
o 6270 0.9998794920615223 0.9999996803882305
o 6280 0.9999239938640181 1
o 6290 0.9988373331200868 0.9994455927520963
o 6300 0.9988609575119792 0.9994619461165326
o 6310 0.9988491397832107 0.9994537750504463
o 6320 0.9993461951853181 0.9997760261613108
o 6330 0.9999239938640181 1
o 6340 0.9999239938640181 1
o 6350 0.9998259044303537 0.9999936749830985
o 6360 0.9999239938640181 1
o 6370 0.9985800372278933 0.9992630973009762
o 6380 0.9988019775638949 0.9994209804708137
o 6390 0.9984990110277941 0.9992041792094797
o 6400 0.9765252764776617 0.9795821826763127
o 6410 0.9995522439324256 0.9998893888980779
o 6420 0.9949218588273486 0.9963025237112965
o 6430 0.999308641751924 0.9997536566961236
o 6440 0.9998429101352648 0.9999964480564058
o 6450 0.9997934737315558 0.9999865160465087
o 6460 0.9960705698528428 0.9972735415563042
o 6470 0.9998606673855076 0.9999985029476508
o 6480 0.9997625252542223 0.9999778024249072
o 6490 0.9986148753119095 0.9992882339998526
o 6500 0.9998259044303537 0.9999936749830985
o 6510 0.9999239938640181 1
o 6520 0.9994736123112946 0.9998482871313812
o 6530 0.9978610018542304 0.998722529147546
o 6540 0.9986032547892192 0.9992798630239523
o 6550 0.9999239938640181 1
o 6560 0.7851002771615536 0.7935959459917
o 6570 0.9657272909924246 0.9694218144032578
o 6580 0.9996059399519922 0.9999154644598418
o 6590 0.9990517359552183 0.9995909609264688
o 6600 0.99421210176869 0.9956924314232263
o 6610 0.9672586531047412 0.9708702201831654
o 6620 0.99892021955174 0.9995026253706265
o 6630 0.9998606673855076 0.9999985029476508
o 6640 0.999717988398479 0.9999627351752136
o 6650 0.9904914354189839 0.9924137904980651
o 6660 0.9994478100027654 0.9998341637972972
o 6670 0.9983608843737154 0.9991023926489613
o 6680 0.9961469051047178 0.9973371865807406
o 6690 0.9995389947463791 0.9998826879485003
o 6700 0.9960814707043383 0.9972826379045724
o 6710 0.9972020171381706 0.9982017653881007
o 6720 0.9989083432846155 0.9994945137547379
o 6730 0.9978722684598832 0.998731257583025
o 6740 0.9867513649450746 0.989034486830498
o 6750 0.9999239938640181 1
o 6760 0.9999239938640181 1
o 6770 0.9999239938640181 1
o 6780 0.9970691415350228 0.9980946847680788
o 6790 0.9998606673855076 0.9999985029476508
o 6800 0.9997474636700737 0.9999730088185749
o 6810 0.9999000177236425 0.9999999949987496
o 6820 0.9995924018266042 0.9999090646014682
o 6830 0.9986148753119095 0.9992882339998526
o 6840 0.9997934737315558 0.9999865160465087
o 6850 0.999717988398479 0.9999627351752136
o 6860 0.999717988398479 0.9999627351752136
o 6870 0.9782737916377998 0.981213397811291
o 6880 0.9995389947463791 0.9998826879485003
o 6890 0.9997474636700737 0.9999730088185749
o 6900 0.9997035245559214 0.9999573086101283
o 6910 0.9663232640776684 0.9699857510240477
o 6920 0.9997625252542223 0.9999778024249072
o 6930 0.9984528651741528 0.9991703551211992
o 6940 0.9990397081089817 0.999583003494197
o 6950 0.9997625252542223 0.9999778024249072
o 6960 0.9997326272886489 0.9999679765707885
o 6970 0.9999000177236425 0.9999999949987496
o 6980 0.9760807768445299 0.9791667506761929
o 6990 0.9883233492867308 0.990462244124939
o 7000 0.9991851653448052 0.9996773477700754
o 7010 0.9994996047638228 0.999862213815235
o 7020 0.9999000177236425 0.9999999949987496
o 7030 0.985768603667973 0.9881374072131728
o 7040 0.9997474636700737 0.9999730088185749
o 7050 0.9994996047638228 0.999862213815235
o 7060 0.9988727865115414 0.9994701057402408
o 7070 0.9987432554791599 0.9993797532365777
o 7080 0.9996059399519922 0.9999154644598418
o 7090 0.9989083432846155 0.9994945137547379
o 7100 0.9581873196545642 0.9622629248988668
o 7110 0.9999239938640181 1
o 7120 0.9999000177236425 0.9999999949987496
o 7130 0.9986381404199947 0.9993049515903288
o 7140 0.9999000177236425 0.9999999949987496
o 7150 0.999565558673665 0.9998960216619766
o 7160 0.9997474636700737 0.9999730088185749
o 7170 0.9997474636700737 0.9999730088185749
o 7180 0.9996332781059027 0.9999279902963232
o 7190 0.9993587740222297 0.9997834199756218
o 7200 0.9933133642270486 0.9949113480746693
o 7210 0.9870025575075999 0.989263253329555
o 7220 0.9965735461617428 0.9976904297659097
o 7230 0.9965735461617428 0.9976904297659097
o 7240 0.9977260883623545 0.9986174999554572
o 7250 0.9999239938640181 1
o 7260 0.9981325294017629 0.9989308733090256
o 7270 0.9996892172795872 0.9999517166583664
o 7280 0.9992589602564742 0.9997234309807892
o 7290 0.9994221808168059 0.9998198616983294
o 7300 0.9975916667458962 0.9985119752773413
o 7310 0.9999239938640181 1
o 7320 0.9954621561290243 0.9967621040892826
o 7330 0.9999239938640181 1
o 7340 0.9993967101316772 0.9998053961676073
o 7350 0.9765976512674495 0.9796497967478301
o 7360 0.9993840302011118 0.9997981063300013
o 7370 0.985319579349718 0.9877265037225257
o 7380 0.9962342309085002 0.9974098378746368
o 7390 0.9968043325957504 0.9978795760429425
o 7400 0.9981894224879377 0.9989739506694784
o 7410 0.9989917465252612 0.9995510212653725
o 7420 0.9948356330579166 0.9962287683266594
o 7430 0.9175974613097719 0.9232388779039178
o 7440 0.9996892172795872 0.9999517166583664
o 7450 0.9999000177236425 0.9999999949987496
o 7460 0.9986032547892192 0.9992798630239523
o 7470 0.9999000177236425 0.9999999949987496
o 7480 0.9997778469385978 0.9999823205027085
o 7490 0.9985684399660495 0.9992547027814671
o 7500 0.9994221808168059 0.9998198616983294
o 7510 0.9991729421784531 0.9996695895522608
o 7520 0.9994478100027654 0.9998341637972972
o 7530 0.998406824694827 0.999136424498611
o 7540 0.9998259044303537 0.9999936749830985
o 7550 0.9996195632227871 0.999921775321969
o 7560 0.9987784590257699 0.9994045196998897
o 7570 0.9999000177236425 0.9999999949987496
o 7580 0.9405897348440441 0.9454231559033867
o 7590 0.9998429101352648 0.9999964480564058
o 7600 0.9995522439324256 0.9998893888980779
o 7610 0.9995126784110874 0.999869096973979
o 7620 0.9991851653448052 0.9996773477700754
o 7630 0.9993840302011118 0.9997981063300013
o 7640 0.9963653980592071 0.997518635596431
o 7650 0.9995126784110874 0.999869096973979
o 7660 0.9995789431075351 0.9999025818545951
o 7670 0.9998606673855076 0.9999985029476508
o 7680 0.9847144145016005 0.9871717654247752
o 7690 0.9981552719912345 0.998948119032298
o 7700 0.9945235285552766 0.995960939724957
o 7710 0.9999239938640181 1
o 7720 0.9967823177060946 0.9978615975169564
o 7730 0.9980304180417948 0.998853035214155
o 7740 0.9998794920615223 0.9999996803882305
o 7750 0.9998794920615223 0.9999996803882305
o 7760 0.9989440095309458 0.9995188105517668
o 7770 0.9993211301255228 0.999761143401458
o 7780 0.9999239938640181 1
o 7790 0.9957767482796838 0.9970274367139912
o 7800 0.9533045154410353 0.9576064645818598
o 7810 0.9998794920615223 0.9999996803882305
o 7820 0.9999239938640181 1
o 7830 0.9999239938640181 1
o 7840 0.9998429101352648 0.9999964480564058
o 7850 0.9916653143019527 0.9934597045064485
o 7860 0.9995789431075351 0.9999025818545951
o 7870 0.9988964791760753 0.9994863897866425
o 7880 0.9999000177236425 0.9999999949987496
o 7890 0.9992713415924842 0.9997310274127916
o 7900 0.9912735077979568 0.9931115809600135
o 7910 0.9999000177236425 0.9999999949987496
o 7920 0.994469787649413 0.9959146919557632
o 7930 0.9999000177236425 0.9999999949987496
o 7940 0.9999000177236425 0.9999999949987496
o 7950 0.9999000177236425 0.9999999949987496
o 7960 0.9997474636700737 0.9999730088185749
o 7970 0.9999000177236425 0.9999999949987496
o 7980 0.9990517359552183 0.9995909609264688
o 7990 0.9792681974874521 0.9821388379481493
o 8000 0.9976140382043557 0.998529595094999
o 8010 0.9991363912921909 0.9996461937765692
o 8020 0.9989440095309458 0.9995188105517668
o 8030 0.9996610130687411 0.9999401001755236
o 8040 0.9999239938640181 1
o 8050 0.999717988398479 0.9999627351752136
o 8060 0.999460688515219 0.9998412488613985
o 8070 0.9999000177236425 0.9999999949987496
o 8080 0.9999239938640181 1
o 8090 0.998406824694827 0.999136424498611
o 8100 0.9994349747337248 0.999827034081556
o 8110 0.9630883569301264 0.9669211477753705
o 8120 0.9998094654176469 0.9999903279212801
o 8130 0.9998094654176469 0.9999903279212801
o 8140 0.9998259044303537 0.9999936749830985
o 8150 0.9976700223482383 0.998573588752811
o 8160 0.9142856911621711 0.9200311445198265
o 8170 0.9994094264948036 0.9998126484893034
o 8180 0.9989083432846155 0.9994945137547379
o 8190 0.999717988398479 0.9999627351752136
o 8200 0.9999239938640181 1
o 8210 0.9979512435138521 0.9987922469518947
o 8220 0.9998794920615223 0.9999996803882305
o 8230 0.9967823177060946 0.9978615975169564
o 8240 0.9998606673855076 0.9999985029476508
o 8250 0.9994094264948036 0.9998126484893034
o 8260 0.9998429101352648 0.9999964480564058
o 8270 0.9995258073724307 0.9998759227757309
o 8280 0.9991000077843155 0.99962262720283
o 8290 0.9911042427858373 0.992960875920748
o 8300 0.9998259044303537 0.9999936749830985
o 8310 0.9997035245559214 0.9999573086101283
o 8320 0.999460688515219 0.9998412488613985
o 8330 0.9998429101352648 0.9999964480564058
o 8340 0.9995924018266042 0.9999090646014682
o 8350 0.9994865835970232 0.9998552762881997
o 8360 0.9991974091936578 0.9996850848564172
o 8370 0.9997778469385978 0.9999823205027085
o 8380 0.9998794920615223 0.9999996803882305
o 8390 0.9982122145084209 0.9989911465055761
o 8400 0.9993211301255228 0.999761143401458
o 8410 0.9844433102995382 0.9869229128646752
o 8420 0.9993461951853181 0.9997760261613108
o 8430 0.9933667354343484 0.9949579665194849
o 8440 0.9998259044303537 0.9999936749830985
o 8450 0.9999239938640181 1
o 8460 0.9999239938640181 1
o 8470 0.9999239938640181 1
o 8480 0.9999000177236425 0.9999999949987496
o 8490 0.9998259044303537 0.9999936749830985
o 8500 0.9999000177236425 0.9999999949987496
o 8510 0.9924612965088898 0.9941635770795604
o 8520 0.6851783032095063 0.6948129571379627
o 8530 0.9958745843100395 0.9971095765693644
o 8540 0.9996059399519922 0.9999154644598418
o 8550 0.9975469608048722 0.9984766984118723
o 8560 0.9999239938640181 1
o 8570 0.9996332781059027 0.9999279902963232
o 8580 0.9998429101352648 0.9999964480564058
o 8590 0.9990397081089817 0.999583003494197
o 8600 0.9995389947463791 0.9998826879485003
o 8610 0.9991485556760993 0.9996540120142048
o 8620 0.9996892172795872 0.9999517166583664
o 8630 0.9997326272886489 0.9999679765707885
o 8640 0.9956790115096636 0.9969451972178689
o 8650 0.999296181483583 0.9997461411602921
o 8660 0.9997474636700737 0.9999730088185749
o 8670 0.997827224596399 0.9986963211063199
o 8680 0.9994349747337248 0.999827034081556
o 8690 0.9994349747337248 0.999827034081556
o 8700 0.9980530778683915 0.9988703644308505
o 8710 0.9982807155936814 0.9990426077982462
o 8720 0.9995258073724307 0.9998759227757309
o 8730 0.9999239938640181 1
o 8740 0.9994221808168059 0.9998198616983294
o 8750 0.999308641751924 0.9997536566961236
o 8760 0.9999000177236425 0.9999999949987496
o 8770 0.9994221808168059 0.9998198616983294
o 8780 0.9999239938640181 1
o 8790 0.9998794920615223 0.9999996803882305
o 8800 0.9999239938640181 1
o 8810 0.9999000177236425 0.9999999949987496
o 8820 0.9999239938640181 1
o 8830 0.9999239938640181 1
o 8840 0.9998794920615223 0.9999996803882305
o 8850 0.9994996047638228 0.999862213815235
o 8860 0.9999000177236425 0.9999999949987496
o 8870 0.9999239938640181 1
o 8880 0.9999239938640181 1
o 8890 0.9999000177236425 0.9999999949987496
o 8900 0.999460688515219 0.9998412488613985
o 8910 0.9995789431075351 0.9999025818545951
o 8920 0.9995924018266042 0.9999090646014682
o 8930 0.9998094654176469 0.9999903279212801
o 8940 0.9998606673855076 0.9999985029476508
o 8950 0.9999239938640181 1
o 8960 0.9998429101352648 0.9999964480564058
o 8970 0.9998794920615223 0.9999996803882305
o 8980 0.9980190946752646 0.9988443640031044
o 8990 0.9999239938640181 1
o 9000 0.9999000177236425 0.9999999949987496
o 9010 0.9970359738317937 0.9980678631245689
o 9020 0.9998794920615223 0.9999996803882305
o 9030 0.9983494143722831 0.9990938694504349
o 9040 0.9998094654176469 0.9999903279212801
o 9050 0.9997474636700737 0.9999730088185749
o 9060 0.9999239938640181 1
o 9070 0.9999000177236425 0.9999999949987496
o 9080 0.9999239938640181 1
o 9090 0.9983379502577767 0.9990853403044772
o 9100 0.9999239938640181 1
o 9110 0.9987902132311843 0.9994127552213077
o 9120 0.9991729421784531 0.9996695895522608
o 9130 0.9997625252542223 0.9999778024249072
o 9140 0.9994094264948036 0.9998126484893034
o 9150 0.9998259044303537 0.9999936749830985
o 9160 0.9998794920615223 0.9999996803882305
o 9170 0.9823508187082576 0.984995735518238
o 9180 0.9997326272886489 0.9999679765707885
o 9190 0.9995126784110874 0.999869096973979
o 9200 0.9997035245559214 0.9999573086101283
o 9210 0.9976700223482383 0.998573588752811
o 9220 0.9999239938640181 1
o 9230 0.9999239938640181 1
o 9240 0.9997035245559214 0.9999573086101283
o 9250 0.999647091932423 0.9999341015602782
o 9260 0.9998429101352648 0.9999964480564058
o 9270 0.9998094654176469 0.9999903279212801
o 9280 0.515355220090066 0.5257616704812442
o 9290 0.9995789431075351 0.9999025818545951
o 9300 0.9999239938640181 1
o 9310 0.9999239938640181 1
o 9320 0.9977148684488135 0.9986087244743185
o 9330 0.9949434242978356 0.996320953500897
o 9340 0.9997474636700737 0.9999730088185749
o 9350 0.9932386690556785 0.994846057674896
o 9360 0.9997778469385978 0.9999823205027085
o 9370 0.9998794920615223 0.9999996803882305
o 9380 0.9998259044303537 0.9999936749830985
o 9390 0.9999239938640181 1
o 9400 0.9940405488678482 0.9955440193888068
o 9410 0.9997035245559214 0.9999573086101283
o 9420 0.9998429101352648 0.9999964480564058
o 9430 0.9998794920615223 0.9999996803882305
o 9440 0.9999239938640181 1
o 9450 0.9993461951853181 0.9997760261613108
o 9460 0.9999239938640181 1
o 9470 0.9997474636700737 0.9999730088185749
o 9480 0.9999239938640181 1
o 9490 0.9990879149946528 0.9996147359402903
o 9500 0.997692438742789 0.9985911633173263
o 9510 0.9998606673855076 0.9999985029476508
o 9520 0.9973574798370872 0.9983262490058391
o 9530 0.8875200581569404 0.8940207900208134
o 9540 0.9804295095425322 0.983217345345668
o 9550 0.9990758390227437 0.9996068275359654
o 9560 0.996595491667816 0.997708478018561
o 9570 0.9994094264948036 0.9998126484893034
o 9580 0.9961141815894882 0.9973099185840804
o 9590 0.9999000177236425 0.9999999949987496
o 9600 0.9995924018266042 0.9999090646014682
o 9610 0.9803568886052524 0.9831499775968985
o 9620 0.9390704435232438 0.943962675268922
o 9630 0.9972131054090896 0.9982106733802356
o 9640 0.9978497390306529 0.9987137969004476
o 9650 0.9997474636700737 0.9999730088185749
o 9660 0.9988019775638949 0.9994209804708137
o 9670 0.997502302918423 0.9984413731666145
o 9680 0.9948356330579166 0.9962287683266594
o 9690 0.9992589602564742 0.9997234309807892
o 9700 0.8617452507221801 0.8688594630148864
o 9710 0.9993587740222297 0.9997834199756218
o 9720 0.9994349747337248 0.999827034081556
o 9730 0.9988491397832107 0.9994537750504463
o 9740 0.9886278638429394 0.9907376788482631
o 9750 0.9962123907324228 0.9973916838135997
o 9760 0.9984183252285816 0.9991449168439261
o 9770 0.6518329210497569 0.6617233648402144
o 9780 0.9974019910744819 0.9983617218544342
o 9790 0.9994094264948036 0.9998126484893034
o 9800 0.9995389947463791 0.9998826879485003
o 9810 0.9989917465252612 0.9995510212653725
o 9820 0.9968483856780137 0.9979155096722022
o 9830 0.9987315401120841 0.9993714783359323
o 9840 0.9923231434405418 0.9940417556875931
o 9850 0.9366547678125868 0.9416387134937381
o 9860 0.998661438417265 0.9993216358773404
o 9870 0.9966503860977012 0.9977535678378251
o 9880 0.9973130110311117 0.9982907334602715
o 9890 0.9799834929936363 0.9828034313300502
o 9900 0.9981552719912345 0.998948119032298
o 9910 0.9996610130687411 0.9999401001755236
o 9920 0.9996059399519922 0.9999154644598418
o 9930 0.9999000177236425 0.9999999949987496
o 9940 0.9898060041609811 0.9917993397044547
o 9950 0.9992713415924842 0.9997310274127916
o 9960 0.9929721270162689 0.9946126507192071
o 9970 0.9965516075540612 0.9976723745819928
o 9980 0.9953647155998915 0.9966795672709512
o 9990 0.9996750511339219 0.9999459758541345
