
x disttype general-gaussian
x k 380
x std 0.5
x N 50000
x alpha 0.0005

o 0 0.9995668564461039 0.999976016692425
o 10 0.9997427320109885 0.9999995494141014
o 20 0.977518182882724 0.9819193784869186
o 30 0.999784848241918 0.9999999949993749
o 40 0.996717592406219 0.9982720892569996
o 50 0.9985832870189011 0.9995241331856756
o 60 0.999784848241918 0.9999999949993749
o 70 0.9997427320109885 0.9999995494141014
o 80 0.9788881459453267 0.9831489417187657
o 90 0.9992409148798167 0.9998643624923798
o 100 0.9987614482791993 0.999625557902435
o 110 0.9981861524596591 0.9992819780723441
o 120 0.9975128585703185 0.9988361124990678
o 130 0.9996678275924519 0.9999940967944916
o 140 0.998532952220799 0.9994945720557045
o 150 0.9982843587370567 0.9993436167432374
o 160 0.99561973517329 0.9974506954889379
o 170 0.9925924716784956 0.9950394932233926
o 180 0.9986592401095487 0.9995680130057608
o 190 0.9958239179842938 0.9976063863609007
o 200 0.9972534418677634 0.9986557844757022
o 210 0.9954839710957356 0.9973465410699824
o 220 0.9972065160734749 0.9986227536460907
o 230 0.9989962943624112 0.9997500155155598
o 240 0.9984828397939801 0.999464783357556
o 250 0.9565092309628457 0.9626554270929844
o 260 0.9995668564461039 0.999976016692425
o 270 0.9991579479265237 0.999827728109528
o 280 0.9996330653686861 0.9999891487861118
o 290 0.9675674832479488 0.9728734649670923
o 300 0.9843972216233586 0.9880379246895418
o 310 0.9890466485450916 0.9920667715745632
o 320 0.8722006806728789 0.8824320164235303
o 330 0.9994730802517786 0.9999506585660503
o 340 0.5821588195904703 0.5974909023059425
o 350 0.9986846867396864 0.9995825074237993
o 360 0.9997427320109885 0.9999995494141014
o 370 0.9993545677321735 0.9999100498624319
o 380 0.9998341327646891 1
o 390 0.999784848241918 0.9999999949993749
o 400 0.9960059934406409 0.9977441940439223
o 410 0.999784848241918 0.9999999949993749
o 420 0.932764027190533 0.9403685393271376
o 430 0.9991306438647708 0.9998151511351715
o 440 0.9998341327646891 1
o 450 0.948771728672868 0.9554355112110781
o 460 0.9834397934675593 0.9871956958075485
o 470 0.9978227858521463 0.9990458375033571
o 480 0.9983584448714474 0.9993894057514955
o 490 0.994786540360217 0.9968043647446723
o 500 0.9998341327646891 1
o 510 0.9976315921770181 0.9989172519476788
o 520 0.9985832870189011 0.9995241331856756
o 530 0.966670850135003 0.9720504002918493
o 540 0.9990764961900899 0.99978951939873
o 550 0.9479662611985836 0.9546812470766287
o 560 0.9880771995048885 0.9912365917446615
o 570 0.999442873695936 0.9999411111022777
o 580 0.9988909714709572 0.9996956768430979
o 590 0.9997427320109885 0.9999995494141014
o 600 0.9995668564461039 0.999976016692425
o 610 0.9979431363013752 0.9991253358653104
o 620 0.9966020844888756 0.998187685653262
o 630 0.9954161909056825 0.9972943612656486
o 640 0.9983090111814502 0.9993589235528282
o 650 0.9977987982532164 0.9990298540327246
o 660 0.9992130705901301 0.9998523473218889
o 670 0.996717592406219 0.9982720892569996
o 680 0.9998341327646891 1
o 690 0.9997427320109885 0.9999995494141014
o 700 0.9995668564461039 0.999976016692425
o 710 0.9977748368846215 0.9990138439272586
o 720 0.7408069289939819 0.7543495970416572
o 730 0.9977269908240753 0.9989817458746678
o 740 0.20011998015751623 0.21273901582894883
o 750 0.999784848241918 0.9999999949993749
o 760 0.8634724331197307 0.8740031680738077
o 770 0.9987357880946652 0.999611282711117
o 780 0.9969961710612005 0.998473284157013
o 790 0.9981128936006963 0.9992353457234481
o 800 0.994786540360217 0.9968043647446723
o 810 0.9996678275924519 0.9999940967944916
o 820 0.999784848241918 0.9999999949993749
o 830 0.9766552801509947 0.9811425783239707
o 840 0.9982351769925596 0.9993128775364343
o 850 0.9990764961900899 0.99978951939873
o 860 0.9998341327646891 1
o 870 0.983333528179704 0.9871019989808153
o 880 0.999599491460172 0.9999830535762632
o 890 0.9877117849820002 0.9909221442539575
o 900 0.6787545855172894 0.6932227146082378
o 910 0.9991854194751913 0.9998401310800589
o 920 0.9966944655818283 0.9982552340301704
o 930 0.9968566305867083 0.998372940528608
o 940 0.961011334204335 0.9668318173273294
o 950 0.9900629575646296 0.9929300639610011
o 960 0.9867036365070817 0.99005066888276
o 970 0.9992409148798167 0.9998643624923798
o 980 0.9998341327646891 1
o 990 0.9624867433992284 0.9681959134415606
o 1000 0.994518159778464 0.9965928871040928
o 1010 0.9982597477012427 0.9993282676995614
o 1020 0.9987871854159925 0.9996397540167659
o 1030 0.9984578626277146 0.999449808165806
o 1040 0.9989434220919977 0.9997230637730928
o 1050 0.9462941214344962 0.9531139438462704
o 1060 0.9998341327646891 1
o 1070 0.999784848241918 0.9999999949993749
o 1080 0.9906705095265624 0.9934422679202571
o 1090 0.9891113982734092 0.9921219967670716
o 1100 0.9998341327646891 1
o 1110 0.9997427320109885 0.9999995494141014
o 1120 0.9980399474396386 0.9991883950191714
o 1130 0.9941170284920611 0.9962742225482251
o 1140 0.9987357880946652 0.999611282711117
o 1150 0.997136255370979 0.9985730778766523
o 1160 0.9992130705901301 0.9998523473218889
o 1170 0.9997427320109885 0.9999995494141014
o 1180 0.9994130827814863 0.9999311292217226
o 1190 0.9985580909074143 0.9995093820155696
o 1200 0.9619047425477973 0.9676581094993161
o 1210 0.9998341327646891 1
o 1220 0.9995668564461039 0.999976016692425
o 1230 0.9990496341945716 0.9997764839702489
o 1240 0.9981372773655336 0.9992509263546009
o 1250 0.9970894973736582 0.998539877255987
o 1260 0.05922327192318393 0.06680430506201862
o 1270 0.6493734512945014 0.6641737000506447
o 1280 0.9985832870189011 0.9995241331856756
o 1290 0.9382766512029704 0.94557408230199
o 1300 0.9964638754550494 0.998085996940606
o 1310 0.9950557671449217 0.9970149908693551
o 1320 0.9901496493698395 0.9930033376199513
o 1330 0.9977509012387209 0.9989978077068434
o 1340 0.999297246851899 0.9998877222821806
o 1350 0.9994130827814863 0.9999311292217226
o 1360 0.9983337061651681 0.9993741869624272
o 1370 0.9940947906981642 0.9962564714166792
o 1380 0.9853139669525077 0.9888408478975932
o 1390 0.9998341327646891 1
o 1400 0.9995349878824064 0.9999681957182619
o 1410 0.9993257723589525 0.9998990270247117
o 1420 0.9997427320109885 0.9999995494141014
o 1430 0.9997041638433971 0.9999976422569008
o 1440 0.9278134180799719 0.9356807939319061
o 1450 0.9998341327646891 1
o 1460 0.9969961710612005 0.998473284157013
o 1470 0.9857837653357585 0.9892508783119285
o 1480 0.9995668564461039 0.999976016692425
o 1490 0.9906922393703285 0.9934605292537396
o 1500 0.3057837118214886 0.3202393252200847
o 1510 0.9975128585703185 0.9988361124990678
o 1520 0.9488956682162554 0.9555515303644571
o 1530 0.23065284013631876 0.24391574151736417
o 1540 0.9989171466500022 0.9997094220119266
o 1550 0.9985078691024893 0.9994797052294327
o 1560 0.9996678275924519 0.9999940967944916
o 1570 0.969822141369857 0.9749380452958285
o 1580 0.9944735070159787 0.9965575630291789
o 1590 0.9996678275924519 0.9999940967944916
o 1600 0.9573176098205084 0.9634067780167362
o 1610 0.9998341327646891 1
o 1620 0.995100725915886 0.9970500070111683
o 1630 0.9991854194751913 0.9998401310800589
o 1640 0.9795424132395854 0.9837344472031944
o 1650 0.9975840325399995 0.9988848632863743
o 1660 0.9850579369258956 0.9886169708281641
o 1670 0.9622788632508763 0.9680038633244354
o 1680 0.9926144404943138 0.9950575146577324
o 1690 0.9973475076700078 0.9987216292808397
o 1700 0.9998341327646891 1
o 1710 0.9994730802517786 0.9999506585660503
o 1720 0.9997427320109885 0.9999995494141014
o 1730 0.9263149961616896 0.9342597138193215
o 1740 0.9868750277206217 0.9901992141519543
o 1750 0.9953484763535602 0.9972421153525199
o 1760 0.9979672929505882 0.9991411475683059
o 1770 0.9995668564461039 0.999976016692425
o 1780 0.999442873695936 0.9999411111022777
o 1790 0.8446976884442923 0.8558241631838124
o 1800 0.985591509708457 0.9890832041184415
o 1810 0.9987102018538886 0.9995969315746592
o 1820 0.9993545677321735 0.9999100498624319
o 1830 0.9990229026390082 0.9997633135035773
o 1840 0.9998341327646891 1
o 1850 0.9550590679176422 0.9613060746207824
o 1860 0.9964178981004407 0.998052007502891
o 1870 0.9998341327646891 1
o 1880 0.9482966802968783 0.9549907178856103
o 1890 0.9998341327646891 1
o 1900 0.9888093654679451 0.9918641462272642
o 1910 0.9964408811586623 0.9980690078933331
o 1920 0.9937396147950882 0.9959718211155568
o 1930 0.9961429349554335 0.9978471617053387
o 1940 0.994741753465212 0.996769175618257
o 1950 0.999784848241918 0.9999999949993749
o 1960 0.9991579479265237 0.999827728109528
o 1970 0.99294437724161 0.9953274298730065
o 1980 0.9988130027235841 0.999653867701341
o 1990 0.9985832870189011 0.9995241331856756
o 2000 0.9981616966934683 0.9992664707710186
o 2010 0.9984578626277146 0.999449808165806
o 2020 0.9976078010658749 0.9989010690693881
o 2030 0.9994130827814863 0.9999311292217226
o 2040 0.9835460812487175 0.98728937009869
o 2050 0.9993257723589525 0.9998990270247117
o 2060 0.9998341327646891 1
o 2070 0.36502589047675177 0.3800970677940376
o 2080 0.9998341327646891 1
o 2090 0.8625776599442027 0.8731382390215101
o 2100 0.9977269908240753 0.9989817458746678
o 2110 0.9899762982625859 0.9928567576948434
o 2120 0.9992409148798167 0.9998643624923798
o 2130 0.18322482001453133 0.19543994914061857
o 2140 0.999784848241918 0.9999999949993749
o 2150 0.9995037605889281 0.9999597116202779
o 2160 0.9992409148798167 0.9998643624923798
o 2170 0.9998341327646891 1
o 2180 0.9984329360206239 0.9994347812916474
o 2190 0.9993545677321735 0.9999100498624319
o 2200 0.9991579479265237 0.999827728109528
o 2210 0.9970428031898161 0.9985066120860036
o 2220 0.9998341327646891 1
o 2230 0.9995349878824064 0.9999681957182619
o 2240 0.999784848241918 0.9999999949993749
o 2250 0.99612008746949 0.9978300245310231
o 2260 0.999442873695936 0.9999411111022777
o 2270 0.9979914799067023 0.9991569284568658
o 2280 0.8298452515932682 0.8414015482167025
o 2290 0.9939836726426157 0.9961676444566422
o 2300 0.999784848241918 0.9999999949993749
o 2310 0.9939392579715721 0.9961320809450028
o 2320 0.9948986110824958 0.9968922334240068
o 2330 0.9972299702688214 0.9986392778683405
o 2340 0.9997427320109885 0.9999995494141014
o 2350 0.999103496509203 0.9998024115070666
o 2360 0.9989434220919977 0.9997230637730928
o 2370 0.9980156978384686 0.999172677844584
o 2380 0.9908879106251846 0.9936247782402114
o 2390 0.9996678275924519 0.9999940967944916
o 2400 0.9940503293814098 0.996220954804112
o 2410 0.999442873695936 0.9999411111022777
o 2420 0.9996330653686861 0.9999891487861118
o 2430 0.9401504113142743 0.9473396988975926
o 2440 0.9989698028369101 0.9997365968529978
o 2450 0.9806413050203419 0.9847151721300834
o 2460 0.9923729611989206 0.9948591004358006
o 2470 0.9997427320109885 0.9999995494141014
o 2480 0.9730025022660309 0.9778366053168595
o 2490 0.9953033689870637 0.9972072488231104
o 2500 0.9854206921093704 0.988934083933081
o 2510 0.991825521513603 0.9944067763946416
o 2520 0.9994130827814863 0.9999311292217226
o 2530 0.9969728777400151 0.998456597194961
o 2540 0.999442873695936 0.9999411111022777
o 2550 0.9958011978544946 0.9975891207832343
o 2560 0.9725206796913893 0.9773985918037708
o 2570 0.9949659262277791 0.9969448814546384
o 2580 0.9990229026390082 0.9997633135035773
o 2590 0.9983090111814502 0.9993589235528282
o 2600 0.999784848241918 0.9999999949993749
o 2610 0.9863824963889312 0.9897719275815435
o 2620 0.9997427320109885 0.9999995494141014
o 2630 0.993142719033892 0.9954889975318352
o 2640 0.9984578626277146 0.999449808165806
o 2650 0.985570153612499 0.9890645679997474
o 2660 0.999297246851899 0.9998877222821806
o 2670 0.9939170574978193 0.9961142922905799
o 2680 0.9978468002059815 0.9990617938017794
o 2690 0.9952357602882066 0.9971548963126106
o 2700 0.9963031471150466 0.9979668397331242
o 2710 0.9726044592000694 0.9774747838061669
o 2720 0.6320129053789896 0.6469800711113827
o 2730 0.9772023808242002 0.9816352893847526
o 2740 0.9830573420934342 0.9868582833761674
o 2750 0.9927903109592581 0.9952015656674685
o 2760 0.9476152347784247 0.9543523904455892
o 2770 0.9588523425039952 0.9648315319903091
o 2780 0.9984080584682806 0.9994197042904669
o 2790 0.9998341327646891 1
o 2800 0.9989698028369101 0.9997365968529978
o 2810 0.6362315037914241 0.6511600569022449
o 2820 0.9985832870189011 0.9995241331856756
o 2830 0.999784848241918 0.9999999949993749
o 2840 0.999103496509203 0.9998024115070666
o 2850 0.9974655152195606 0.9988035045674075
o 2860 0.9369388714159664 0.9443123070067396
o 2870 0.9987871854159925 0.9996397540167659
o 2880 0.998532952220799 0.9994945720557045
o 2890 0.9987102018538886 0.9995969315746592
o 2900 0.999442873695936 0.9999411111022777
o 2910 0.9989698028369101 0.9997365968529978
o 2920 0.9695923186168809 0.9747279457914069
o 2930 0.9719762711861992 0.9769031853126422
o 2940 0.9997427320109885 0.9999995494141014
o 2950 0.9989698028369101 0.9997365968529978
o 2960 0.9992689677678922 0.9998761603306536
o 2970 0.92925074711515 0.9370429872002779
o 2980 0.9997427320109885 0.9999995494141014
o 2990 0.9936952978991156 0.9959361593135826
o 3000 0.9978708418570428 0.999077722372286
o 3010 0.9938061226491837 0.9960252811397775
o 3020 0.9987614482791993 0.999625557902435
o 3030 0.6777284145664407 0.6922092294674466
o 3040 0.9974655152195606 0.9988035045674075
o 3050 0.9990764961900899 0.99978951939873
o 3060 0.21372770548141637 0.22664664630129816
o 3070 0.9985580909074143 0.9995093820155696
o 3080 0.999784848241918 0.9999999949993749
o 3090 0.9993836603972324 0.9999207619417313
o 3100 0.9785085220227878 0.9828086971755222
o 3110 0.9963949261562345 0.9980349958952714
o 3120 0.9998341327646891 1
o 3130 0.9422519266445664 0.949317484321246
o 3140 0.999784848241918 0.9999999949993749
o 3150 0.9987357880946652 0.999611282711117
o 3160 0.9266844227920386 0.9346101644204903
o 3170 0.9998341327646891 1
o 3180 0.9997427320109885 0.9999995494141014
o 3190 0.9959832026584181 0.9977269996889246
o 3200 0.9997427320109885 0.9999995494141014
o 3210 0.9994730802517786 0.9999506585660503
o 3220 0.9998341327646891 1
o 3230 0.9992689677678922 0.9998761603306536
o 3240 0.954168728840386 0.9604767109940745
o 3250 0.9942728290862174 0.9963983436740477
o 3260 0.9955291951801475 0.9973812900439158
o 3270 0.9997041638433971 0.9999976422569008
o 3280 0.9927463231219569 0.9951655732255644
o 3290 0.9997041638433971 0.9999976422569008
o 3300 0.9943396753794747 0.9964514634102983
o 3310 0.9996330653686861 0.9999891487861118
o 3320 0.9982351769925596 0.9993128775364343
o 3330 0.9090853905449027 0.9178550444113762
o 3340 0.9993545677321735 0.9999100498624319
o 3350 0.998064229430307 0.9992040792410983
o 3360 0.9993836603972324 0.9999207619417313
o 3370 0.998064229430307 0.9992040792410983
o 3380 0.99863385948088 0.9995534508999322
o 3390 0.9996678275924519 0.9999940967944916
o 3400 0.9997427320109885 0.9999995494141014
o 3410 0.9884645870495095 0.9915690568296796
o 3420 0.9957104012102794 0.9975199739418538
o 3430 0.9929003408208814 0.9952914862335147
o 3440 0.9979914799067023 0.9991569284568658
o 3450 0.9986592401095487 0.9995680130057608
o 3460 0.9640674813221791 0.96965464484945
o 3470 0.9992689677678922 0.9998761603306536
o 3480 0.9993545677321735 0.9999100498624319
o 3490 0.7039993389287602 0.7181295043920177
o 3500 0.9996678275924519 0.9999940967944916
o 3510 0.9995349878824064 0.9999681957182619
o 3520 0.188163049825446 0.20050003105634362
o 3530 0.9973946521725114 0.9987544386726732
o 3540 0.999784848241918 0.9999999949993749
o 3550 0.8859506944340308 0.8956774297667575
o 3560 0.9998341327646891 1
o 3570 0.9997427320109885 0.9999995494141014
o 3580 0.9060588632953863 0.9149625773327883
o 3590 0.9993257723589525 0.9998990270247117
o 3600 0.9993545677321735 0.9999100498624319
o 3610 0.999442873695936 0.9999411111022777
o 3620 0.9997041638433971 0.9999976422569008
o 3630 0.9997427320109885 0.9999995494141014
o 3640 0.9905836125642096 0.9933692000971092
o 3650 0.9996678275924519 0.9999940967944916
o 3660 0.9998341327646891 1
o 3670 0.999442873695936 0.9999411111022777
o 3680 0.9992689677678922 0.9998761603306536
o 3690 0.9960744214638696 0.9977957209692991
o 3700 0.9977031051647232 0.9989656589179493
o 3710 0.9447467185813854 0.9516618619684286
o 3720 0.9992409148798167 0.9998643624923798
o 3730 0.8283447188601717 0.8399425810353227
o 3740 0.9996330653686861 0.9999891487861118
o 3750 0.9979914799067023 0.9991569284568658
o 3760 0.9988389036516672 0.9996678953600677
o 3770 0.999442873695936 0.9999411111022777
o 3780 0.31937914117704763 0.33399928358467323
o 3790 0.9998341327646891 1
o 3800 0.9949883769998344 0.9969624183275306
o 3810 0.9901496493698395 0.9930033376199513
o 3820 0.9989171466500022 0.9997094220119266
o 3830 0.9998341327646891 1
o 3840 0.9989434220919977 0.9997230637730928
o 3850 0.9417573295004299 0.9488522460547654
o 3860 0.9974418742737955 0.998787169461314
o 3870 0.9997041638433971 0.9999976422569008
o 3880 0.9982597477012427 0.9993282676995614
o 3890 0.9997041638433971 0.9999976422569008
o 3900 0.9976315921770181 0.9989172519476788
o 3910 0.999784848241918 0.9999999949993749
o 3920 0.9998341327646891 1
o 3930 0.9989171466500022 0.9997094220119266
o 3940 0.999784848241918 0.9999999949993749
o 3950 0.9510242167570045 0.9575422722494819
o 3960 0.9996330653686861 0.9999891487861118
o 3970 0.9507968114694622 0.9573297533667948
o 3980 0.9998341327646891 1
o 3990 0.9956423896922855 0.9974680271834279
o 4000 0.9569444727415924 0.9630600398389101
o 4010 0.9981861524596591 0.9992819780723441
o 4020 0.9995668564461039 0.999976016692425
o 4030 0.9789303385851122 0.9831867344463622
o 4040 0.9954613703038478 0.997329155250577
o 4050 0.9964178981004407 0.998052007502891
o 4060 0.9961657922277294 0.9978642890092243
o 4070 0.9998341327646891 1
o 4080 0.9994730802517786 0.9999506585660503
o 4090 0.9988648919050572 0.999681833128126
o 4100 0.9943173882106121 0.9964337619316739
o 4110 0.9919348635956466 0.9944973876467764
o 4120 0.9963949261562345 0.9980349958952714
o 4130 0.9993836603972324 0.9999207619417313
o 4140 0.8805499463117011 0.8904799737472471
o 4150 0.9998341327646891 1
o 4160 0.9993257723589525 0.9998990270247117
o 4170 0.9986592401095487 0.9995680130057608
o 4180 0.9987102018538886 0.9995969315746592
o 4190 0.9990764961900899 0.99978951939873
o 4200 0.999784848241918 0.9999999949993749
o 4210 0.9972534418677634 0.9986557844757022
o 4220 0.9996330653686861 0.9999891487861118
o 4230 0.9997427320109885 0.9999995494141014
o 4240 0.9996678275924519 0.9999940967944916
o 4250 0.999599491460172 0.9999830535762632
o 4260 0.999599491460172 0.9999830535762632
o 4270 0.9986592401095487 0.9995680130057608
o 4280 0.9934960807069686 0.9957754712998993
o 4290 0.9993257723589525 0.9998990270247117
o 4300 0.8846460410795433 0.8944225169119452
o 4310 0.9997041638433971 0.9999976422569008
o 4320 0.9998341327646891 1
o 4330 0.9800282370094237 0.9841684542483947
o 4340 0.9981372773655336 0.9992509263546009
o 4350 0.9654623270735812 0.9709393301859709
o 4360 0.7857645859010166 0.7984169176875324
o 4370 0.9713693627873558 0.976350299718481
o 4380 0.9622788632508763 0.9680038633244354
o 4390 0.9987871854159925 0.9996397540167659
o 4400 0.9408095642747553 0.9479603266377211
o 4410 0.9925485438632544 0.9950034404956384
o 4420 0.9939614630105198 0.9961498650097489
o 4430 0.9998341327646891 1
o 4440 0.9976554062814149 0.9989334115040904
o 4450 0.9994730802517786 0.9999506585660503
o 4460 0.9689657434891756 0.9741547327320296
o 4470 0.9995668564461039 0.999976016692425
o 4480 0.9983090111814502 0.9993589235528282
o 4490 0.9988130027235841 0.999653867701341
o 4500 0.633901153436142 0.6488511893194613
o 4510 0.9998341327646891 1
o 4520 0.9993836603972324 0.9999207619417313
o 4530 0.9997427320109885 0.9999995494141014
o 4540 0.996717592406219 0.9982720892569996
o 4550 0.9985078691024893 0.9994797052294327
o 4560 0.9992409148798167 0.9998643624923798
o 4570 0.979141338968238 0.9833756608455433
o 4580 0.9969495993090236 0.9984398951779412
o 4590 0.9977269908240753 0.9989817458746678
o 4600 0.9997427320109885 0.9999995494141014
o 4610 0.9960516027518843 0.9977785547768216
o 4620 0.9129525903862747 0.9215465596122888
o 4630 0.898988949072439 0.9081948410261798
o 4640 0.9948089425921502 0.9968219504684411
o 4650 0.9998341327646891 1
o 4660 0.9939614630105198 0.9961498650097489
o 4670 0.9988389036516672 0.9996678953600677
o 4680 0.999784848241918 0.9999999949993749
o 4690 0.755498788766742 0.7687728252678654
o 4700 0.9974891765373674 0.9988198190301265
o 4710 0.9991579479265237 0.999827728109528
o 4720 0.9997427320109885 0.9999995494141014
o 4730 0.9997427320109885 0.9999995494141014
o 4740 0.31625792009423853 0.33084156330336956
o 4750 0.9973004383367889 0.9986887437647816
o 4760 0.9993257723589525 0.9998990270247117
o 4770 0.9995668564461039 0.999976016692425
o 4780 0.9993545677321735 0.9999100498624319
o 4790 0.9995668564461039 0.999976016692425
o 4800 0.9997427320109885 0.9999995494141014
o 4810 0.9996678275924519 0.9999940967944916
o 4820 0.9988389036516672 0.9996678953600677
o 4830 0.9920880626308164 0.9946241228006638
o 4840 0.9966482500970695 0.9982214850281281
o 4850 0.9992689677678922 0.9998761603306536
o 4860 0.5038474518195348 0.5194286253546796
o 4870 0.9998341327646891 1
o 4880 0.9294355818131621 0.9372180910699726
o 4890 0.9816149851964268 0.9855811503595674
o 4900 0.9727091928436251 0.9775700145411619
o 4910 0.995960421005609 0.997709796129333
o 4920 0.999784848241918 0.9999999949993749
o 4930 0.999103496509203 0.9998024115070666
o 4940 0.9996678275924519 0.9999940967944916
o 4950 0.9538582280976314 0.9601873153911629
o 4960 0.9998341327646891 1
o 4970 0.9991579479265237 0.999827728109528
o 4980 0.9981861524596591 0.9992819780723441
o 4990 0.8797146668063567 0.8896755310327213
o 5000 0.9995037605889281 0.9999597116202779
o 5010 0.9997427320109885 0.9999995494141014
o 5020 0.995597088530767 0.9974333558587295
o 5030 0.999784848241918 0.9999999949993749
o 5040 0.9942728290862174 0.9963983436740477
o 5050 0.9983337061651681 0.9993741869624272
o 5060 0.9989962943624112 0.9997500155155598
o 5070 0.9981128936006963 0.9992353457234481
o 5080 0.9995349878824064 0.9999681957182619
o 5090 0.9983337061651681 0.9993741869624272
o 5100 0.9943842650976894 0.9964868508983944
o 5110 0.999103496509203 0.9998024115070666
o 5120 0.9998341327646891 1
o 5130 0.9966482500970695 0.9982214850281281
o 5140 0.9871751636341711 0.9904589665992187
o 5150 0.9997041638433971 0.9999976422569008
o 5160 0.9996330653686861 0.9999891487861118
o 5170 0.9994730802517786 0.9999506585660503
o 5180 0.9988130027235841 0.999653867701341
o 5190 0.9982351769925596 0.9993128775364343
o 5200 0.982484189364156 0.9863516394377433
o 5210 0.9668793182993815 0.972241861892445
o 5220 0.9941392710828884 0.9962919688562998
o 5230 0.9997041638433971 0.9999976422569008
o 5240 0.9984080584682806 0.9994197042904669
o 5250 0.9982843587370567 0.9993436167432374
o 5260 0.9976554062814149 0.9989334115040904
o 5270 0.999784848241918 0.9999999949993749
o 5280 0.999784848241918 0.9999999949993749
o 5290 0.9997427320109885 0.9999995494141014
o 5300 0.999784848241918 0.9999999949993749
o 5310 0.9992409148798167 0.9998643624923798
o 5320 0.999784848241918 0.9999999949993749
o 5330 0.998532952220799 0.9994945720557045
o 5340 0.9998341327646891 1
o 5350 0.9989171466500022 0.9997094220119266
o 5360 0.9967638850029287 0.998305760365681
o 5370 0.9991306438647708 0.9998151511351715
o 5380 0.9990496341945716 0.9997764839702489
o 5390 0.999784848241918 0.9999999949993749
o 5400 0.999442873695936 0.9999411111022777
o 5410 0.99678705109857 0.9983225759189072
o 5420 0.9978708418570428 0.999077722372286
o 5430 0.9998341327646891 1
o 5440 0.9922414058479189 0.9947507131873994
o 5450 0.5540365279236062 0.5695026511596517
o 5460 0.9960972496712833 0.9978128775862452
o 5470 0.9995668564461039 0.999976016692425
o 5480 0.9992689677678922 0.9998761603306536
o 5490 0.9987357880946652 0.999611282711117
o 5500 0.9998341327646891 1
o 5510 0.9991854194751913 0.9998401310800589
o 5520 0.9995668564461039 0.999976016692425
o 5530 0.99863385948088 0.9995534508999322
o 5540 0.9995349878824064 0.9999681957182619
o 5550 0.9996330653686861 0.9999891487861118
o 5560 0.9933634530736767 0.9956681612106678
o 5570 0.9993836603972324 0.9999207619417313
o 5580 0.9979914799067023 0.9991569284568658
o 5590 0.9988909714709572 0.9996956768430979
o 5600 0.7351790953010707 0.7488193130048724
o 5610 0.998064229430307 0.9992040792410983
o 5620 0.9501560521853855 0.9567307262872056
o 5630 0.9978468002059815 0.9990617938017794
o 5640 0.9901496493698395 0.9930033376199513
o 5650 0.9997427320109885 0.9999995494141014
o 5660 0.9997427320109885 0.9999995494141014
o 5670 0.9958693839527202 0.9976408916037288
o 5680 0.9982597477012427 0.9993282676995614
o 5690 0.999599491460172 0.9999830535762632
o 5700 0.9979914799067023 0.9991569284568658
o 5710 0.9983090111814502 0.9993589235528282
o 5720 0.9849726276547562 0.988542310995679
o 5730 0.9766132103889229 0.9811046625482928
o 5740 0.995960421005609 0.997709796129333
o 5750 0.9996330653686861 0.9999891487861118
o 5760 0.9993257723589525 0.9998990270247117
o 5770 0.9986592401095487 0.9995680130057608
o 5780 0.9982597477012427 0.9993282676995614
o 5790 0.9994730802517786 0.9999506585660503
o 5800 0.9986592401095487 0.9995680130057608
o 5810 0.9995668564461039 0.999976016692425
o 5820 0.9998341327646891 1
o 5830 0.9988909714709572 0.9996956768430979
o 5840 0.999442873695936 0.9999411111022777
o 5850 0.9998341327646891 1
o 5860 0.9998341327646891 1
o 5870 0.9930545307500314 0.9954172262285641
o 5880 0.9994730802517786 0.9999506585660503
o 5890 0.9972299702688214 0.9986392778683405
o 5900 0.9997041638433971 0.9999976422569008
o 5910 0.9972065160734749 0.9986227536460907
o 5920 0.9998341327646891 1
o 5930 0.9998341327646891 1
o 5940 0.9991579479265237 0.999827728109528
o 5950 0.9957784861890406 0.9975718466746825
o 5960 0.9972534418677634 0.9986557844757022
o 5970 0.9994730802517786 0.9999506585660503
o 5980 0.999784848241918 0.9999999949993749
o 5990 0.9998341327646891 1
o 6000 0.992922357265093 0.9953094598274574
o 6010 0.9997041638433971 0.9999976422569008
o 6020 0.9978227858521463 0.9990458375033571
o 6030 0.9931647753590979 0.9955069310599574
o 6040 0.999784848241918 0.9999999949993749
o 6050 0.9992689677678922 0.9998761603306536
o 6060 0.999784848241918 0.9999999949993749
o 6070 0.9988648919050572 0.999681833128126
o 6080 0.9983090111814502 0.9993589235528282
o 6090 0.9979672929505882 0.9991411475683059
o 6100 0.9997427320109885 0.9999995494141014
o 6110 0.9979672929505882 0.9991411475683059
o 6120 0.9997041638433971 0.9999976422569008
o 6130 0.9998341327646891 1
o 6140 0.9998341327646891 1
o 6150 0.9997041638433971 0.9999976422569008
o 6160 0.9981372773655336 0.9992509263546009
o 6170 0.9993545677321735 0.9999100498624319
o 6180 0.999784848241918 0.9999999949993749
o 6190 0.9991854194751913 0.9998401310800589
o 6200 0.999599491460172 0.9999830535762632
o 6210 0.9991579479265237 0.999827728109528
o 6220 0.9992689677678922 0.9998761603306536
o 6230 0.9990496341945716 0.9997764839702489
o 6240 0.9998341327646891 1
o 6250 0.9989962943624112 0.9997500155155598
o 6260 0.9991306438647708 0.9998151511351715
o 6270 0.9998341327646891 1
o 6280 0.9998341327646891 1
o 6290 0.99863385948088 0.9995534508999322
o 6300 0.9988648919050572 0.999681833128126
o 6310 0.998532952220799 0.9994945720557045
o 6320 0.9991579479265237 0.999827728109528
o 6330 0.9998341327646891 1
o 6340 0.9998341327646891 1
o 6350 0.9997427320109885 0.9999995494141014
o 6360 0.9998341327646891 1
o 6370 0.9986085425177087 0.999538823531834
o 6380 0.9984828397939801 0.999464783357556
o 6390 0.9985078691024893 0.9994797052294327
o 6400 0.9755831431698913 0.9801750832626538
o 6410 0.9995037605889281 0.9999597116202779
o 6420 0.9931868354253945 0.9955248608293064
o 6430 0.9988909714709572 0.9996956768430979
o 6440 0.999784848241918 0.9999999949993749
o 6450 0.9998341327646891 1
o 6460 0.9953936121760423 0.9972769532249312
o 6470 0.999784848241918 0.9999999949993749
o 6480 0.9995349878824064 0.9999681957182619
o 6490 0.9985832870189011 0.9995241331856756
o 6500 0.999784848241918 0.9999999949993749
o 6510 0.9998341327646891 1
o 6520 0.999297246851899 0.9998877222821806
o 6530 0.9975602862033369 0.9988686350034939
o 6540 0.9984080584682806 0.9994197042904669
o 6550 0.9998341327646891 1
o 6560 0.7860881206301708 0.798733274943299
o 6570 0.9634849267687055 0.9691173950577645
o 6580 0.9995349878824064 0.9999681957182619
o 6590 0.9990229026390082 0.9997633135035773
o 6600 0.9943396753794747 0.9964514634102983
o 6610 0.9671712255059579 0.9725098563097172
o 6620 0.9989962943624112 0.9997500155155598
o 6630 0.999784848241918 0.9999999949993749
o 6640 0.9995668564461039 0.999976016692425
o 6650 0.9903014396399556 0.9931314866543459
o 6660 0.9994730802517786 0.9999506585660503
o 6670 0.9979431363013752 0.9991253358653104
o 6680 0.9963031471150466 0.9979668397331242
o 6690 0.999297246851899 0.9998877222821806
o 6700 0.9958921299523205 0.9976581311058543
o 6710 0.9970428031898161 0.9985066120860036
o 6720 0.9987614482791993 0.999625557902435
o 6730 0.9978468002059815 0.9990617938017794
o 6740 0.9867036365070817 0.99005066888276
o 6750 0.9998341327646891 1
o 6760 0.9998341327646891 1
o 6770 0.9998341327646891 1
o 6780 0.996879851396403 0.9983897007921845
o 6790 0.999784848241918 0.9999999949993749
o 6800 0.9996330653686861 0.9999891487861118
o 6810 0.999784848241918 0.9999999949993749
o 6820 0.9993836603972324 0.9999207619417313
o 6830 0.998064229430307 0.9992040792410983
o 6840 0.9996330653686861 0.9999891487861118
o 6850 0.9997041638433971 0.9999976422569008
o 6860 0.999599491460172 0.9999830535762632
o 6870 0.9773707931297055 0.9817868190526099
o 6880 0.9992409148798167 0.9998643624923798
o 6890 0.9997041638433971 0.9999976422569008
o 6900 0.9995668564461039 0.999976016692425
o 6910 0.9641715312145662 0.9697505600001449
o 6920 0.9994730802517786 0.9999506585660503
o 6930 0.9976078010658749 0.9989010690693881
o 6940 0.9989434220919977 0.9997230637730928
o 6950 0.9995349878824064 0.9999681957182619
o 6960 0.9996678275924519 0.9999940967944916
o 6970 0.9996678275924519 0.9999940967944916
o 6980 0.9730653649648887 0.9778937212198673
o 6990 0.9880771995048885 0.9912365917446615
o 7000 0.9985832870189011 0.9995241331856756
o 7010 0.9994130827814863 0.9999311292217226
o 7020 0.999784848241918 0.9999999949993749
o 7030 0.9852499449299575 0.988784893176816
o 7040 0.9996678275924519 0.9999940967944916
o 7050 0.9994130827814863 0.9999311292217226
o 7060 0.9986592401095487 0.9995680130057608
o 7070 0.9985078691024893 0.9994797052294327
o 7080 0.999599491460172 0.9999830535762632
o 7090 0.9987102018538886 0.9995969315746592
o 7100 0.9573176098205084 0.9634067780167362
o 7110 0.9998341327646891 1
o 7120 0.9998341327646891 1
o 7130 0.9984329360206239 0.9994347812916474
o 7140 0.9998341327646891 1
o 7150 0.9996330653686861 0.9999891487861118
o 7160 0.9997041638433971 0.9999976422569008
o 7170 0.9996678275924519 0.9999940967944916
o 7180 0.9993836603972324 0.9999207619417313
o 7190 0.9990496341945716 0.9997764839702489
o 7200 0.993142719033892 0.9954889975318352
o 7210 0.9864252989025472 0.9898091092947893
o 7220 0.9955744496960323 0.9974160083623181
o 7230 0.99612008746949 0.9978300245310231
o 7240 0.9977031051647232 0.9989656589179493
o 7250 0.999784848241918 0.9999999949993749
o 7260 0.997371070376275 0.9987380436441108
o 7270 0.9995037605889281 0.9999597116202779
o 7280 0.9989962943624112 0.9997500155155598
o 7290 0.9991854194751913 0.9998401310800589
o 7300 0.9963719652041643 0.9980179731941595
o 7310 0.9998341327646891 1
o 7320 0.9948537648378093 0.9968571040220039
o 7330 0.9998341327646891 1
o 7340 0.9990764961900899 0.99978951939873
o 7350 0.9745542556770014 0.979244322770439
o 7360 0.999103496509203 0.9998024115070666
o 7370 0.9844398190570547 0.9880753119246692
o 7380 0.9957557829105036 0.997554564113653
o 7390 0.9963719652041643 0.9980179731941595
o 7400 0.9979672929505882 0.9991411475683059
o 7410 0.9988389036516672 0.9996678953600677
o 7420 0.9938061226491837 0.9960252811397775
o 7430 0.9186252501888396 0.9269520149927977
o 7440 0.9997041638433971 0.9999976422569008
o 7450 0.999784848241918 0.9999999949993749
o 7460 0.9982843587370567 0.9993436167432374
o 7470 0.999784848241918 0.9999999949993749
o 7480 0.9997041638433971 0.9999976422569008
o 7490 0.9979431363013752 0.9991253358653104
o 7500 0.9993836603972324 0.9999207619417313
o 7510 0.9987102018538886 0.9995969315746592
o 7520 0.9991854194751913 0.9998401310800589
o 7530 0.9982106455758747 0.9992974473203111
o 7540 0.9996330653686861 0.9999891487861118
o 7550 0.999599491460172 0.9999830535762632
o 7560 0.9984828397939801 0.999464783357556
o 7570 0.9998341327646891 1
o 7580 0.9406447636885448 0.9478051820548061
o 7590 0.9996678275924519 0.9999940967944916
o 7600 0.9995668564461039 0.999976016692425
o 7610 0.999103496509203 0.9998024115070666
o 7620 0.9992130705901301 0.9998523473218889
o 7630 0.9993257723589525 0.9998990270247117
o 7640 0.9963260758000116 0.9979838949949381
o 7650 0.999599491460172 0.9999830535762632
o 7660 0.999297246851899 0.9998877222821806
o 7670 0.9998341327646891 1
o 7680 0.9848873351641612 0.9884676343477257
o 7690 0.9977031051647232 0.9989656589179493
o 7700 0.9943842650976894 0.9964868508983944
o 7710 0.9998341327646891 1
o 7720 0.996717592406219 0.9982720892569996
o 7730 0.9979672929505882 0.9991411475683059
o 7740 0.9998341327646891 1
o 7750 0.999784848241918 0.9999999949993749
o 7760 0.9986592401095487 0.9995680130057608
o 7770 0.9992130705901301 0.9998523473218889
o 7780 0.9998341327646891 1
o 7790 0.9957330879426143 0.9975372731773589
o 7800 0.9520374574690172 0.9584886935970547
o 7810 0.9998341327646891 1
o 7820 0.9998341327646891 1
o 7830 0.9998341327646891 1
o 7840 0.9998341327646891 1
o 7850 0.9909314186088312 0.9936612524436703
o 7860 0.9992409148798167 0.9998643624923798
o 7870 0.9986846867396864 0.9995825074237993
o 7880 0.9998341327646891 1
o 7890 0.9991854194751913 0.9998401310800589
o 7900 0.9906487819325005 0.9934240043293557
o 7910 0.9998341327646891 1
o 7920 0.9941615185010257 0.9963097103102978
o 7930 0.999784848241918 0.9999999949993749
o 7940 0.999784848241918 0.9999999949993749
o 7950 0.9997427320109885 0.9999995494141014
o 7960 0.999784848241918 0.9999999949993749
o 7970 0.9998341327646891 1
o 7980 0.9992689677678922 0.9998761603306536
o 7990 0.9778762438146968 0.9822411939959299
o 8000 0.9972534418677634 0.9986557844757022
o 8010 0.9989962943624112 0.9997500155155598
o 8020 0.9986846867396864 0.9995825074237993
o 8030 0.9995349878824064 0.9999681957182619
o 8040 0.9998341327646891 1
o 8050 0.9996330653686861 0.9999891487861118
o 8060 0.9993836603972324 0.9999207619417313
o 8070 0.9998341327646891 1
o 8080 0.9997427320109885 0.9999995494141014
o 8090 0.9982351769925596 0.9993128775364343
o 8100 0.999297246851899 0.9998877222821806
o 8110 0.9626114837102366 0.9683111312800599
o 8120 0.999442873695936 0.9999411111022777
o 8130 0.9998341327646891 1
o 8140 0.999784848241918 0.9999999949993749
o 8150 0.9970661424168645 0.9985232526257974
o 8160 0.9153478946780284 0.9238304594486818
o 8170 0.9993257723589525 0.9998990270247117
o 8180 0.9984828397939801 0.999464783357556
o 8190 0.999599491460172 0.9999830535762632
o 8200 0.9998341327646891 1
o 8210 0.9980156978384686 0.999172677844584
o 8220 0.9997427320109885 0.9999995494141014
o 8230 0.99612008746949 0.9978300245310231
o 8240 0.999784848241918 0.9999999949993749
o 8250 0.9989962943624112 0.9997500155155598
o 8260 0.9997041638433971 0.9999976422569008
o 8270 0.9993545677321735 0.9999100498624319
o 8280 0.9989171466500022 0.9997094220119266
o 8290 0.9909314186088312 0.9936612524436703
o 8300 0.999784848241918 0.9999999949993749
o 8310 0.999599491460172 0.9999830535762632
o 8320 0.999297246851899 0.9998877222821806
o 8330 0.999784848241918 0.9999999949993749
o 8340 0.9996330653686861 0.9999891487861118
o 8350 0.9993836603972324 0.9999207619417313
o 8360 0.9989171466500022 0.9997094220119266
o 8370 0.9997041638433971 0.9999976422569008
o 8380 0.9998341327646891 1
o 8390 0.9978468002059815 0.9990617938017794
o 8400 0.9992130705901301 0.9998523473218889
o 8410 0.984035301353711 0.9877199749605755
o 8420 0.9994130827814863 0.9999311292217226
o 8430 0.9932088992527847 0.9955427868197286
o 8440 0.9996678275924519 0.9999940967944916
o 8450 0.9998341327646891 1
o 8460 0.9998341327646891 1
o 8470 0.9998341327646891 1
o 8480 0.999784848241918 0.9999999949993749
o 8490 0.9997427320109885 0.9999995494141014
o 8500 0.9998341327646891 1
o 8510 0.9920223885113949 0.9945698251946815
o 8520 0.684570322327559 0.6989650289440363
o 8530 0.9958693839527202 0.9976408916037288
o 8540 0.999297246851899 0.9998877222821806
o 8550 0.9979190093140644 0.999109494009705
o 8560 0.9998341327646891 1
o 8570 0.9993257723589525 0.9998990270247117
o 8580 0.999784848241918 0.9999999949993749
o 8590 0.99863385948088 0.9995534508999322
o 8600 0.9992689677678922 0.9998761603306536
o 8610 0.9993257723589525 0.9998990270247117
o 8620 0.9996330653686861 0.9999891487861118
o 8630 0.9996330653686861 0.9999891487861118
o 8640 0.9950782432968917 0.997032502195308
o 8650 0.999103496509203 0.9998024115070666
o 8660 0.9996330653686861 0.9999891487861118
o 8670 0.9974182533663415 0.9987708140525817
o 8680 0.9994730802517786 0.9999506585660503
o 8690 0.9990764961900899 0.99978951939873
o 8700 0.9979431363013752 0.9991253358653104
o 8710 0.9972769311337085 0.9986722731996572
o 8720 0.999442873695936 0.9999411111022777
o 8730 0.9998341327646891 1
o 8740 0.9994130827814863 0.9999311292217226
o 8750 0.9988909714709572 0.9996956768430979
o 8760 0.9998341327646891 1
o 8770 0.9992130705901301 0.9998523473218889
o 8780 0.9998341327646891 1
o 8790 0.9998341327646891 1
o 8800 0.9998341327646891 1
o 8810 0.9998341327646891 1
o 8820 0.9998341327646891 1
o 8830 0.9998341327646891 1
o 8840 0.9997427320109885 0.9999995494141014
o 8850 0.9993545677321735 0.9999100498624319
o 8860 0.9998341327646891 1
o 8870 0.9998341327646891 1
o 8880 0.999784848241918 0.9999999949993749
o 8890 0.9998341327646891 1
o 8900 0.9993836603972324 0.9999207619417313
o 8910 0.9996330653686861 0.9999891487861118
o 8920 0.9993257723589525 0.9998990270247117
o 8930 0.9995037605889281 0.9999597116202779
o 8940 0.9996678275924519 0.9999940967944916
o 8950 0.9998341327646891 1
o 8960 0.999784848241918 0.9999999949993749
o 8970 0.9997427320109885 0.9999995494141014
o 8980 0.9980399474396386 0.9991883950191714
o 8990 0.9998341327646891 1
o 9000 0.9998341327646891 1
o 9010 0.9963490151246003 0.9980009395209813
o 9020 0.9997427320109885 0.9999995494141014
o 9030 0.9979190093140644 0.999109494009705
o 9040 0.9997427320109885 0.9999995494141014
o 9050 0.9994730802517786 0.9999506585660503
o 9060 0.9998341327646891 1
o 9070 0.999784848241918 0.9999999949993749
o 9080 0.9998341327646891 1
o 9090 0.9979431363013752 0.9991253358653104
o 9100 0.999784848241918 0.9999999949993749
o 9110 0.9983584448714474 0.9993894057514955
o 9120 0.9990764961900899 0.99978951939873
o 9130 0.9996330653686861 0.9999891487861118
o 9140 0.9990496341945716 0.9997764839702489
o 9150 0.9997041638433971 0.9999976422569008
o 9160 0.9998341327646891 1
o 9170 0.9825902825118543 0.9864455087190852
o 9180 0.9996678275924519 0.9999940967944916
o 9190 0.9994730802517786 0.9999506585660503
o 9200 0.9996330653686861 0.9999891487861118
o 9210 0.9971830790248064 0.9986062120708106
o 9220 0.9998341327646891 1
o 9230 0.9998341327646891 1
o 9240 0.999599491460172 0.9999830535762632
o 9250 0.9996330653686861 0.9999891487861118
o 9260 0.999784848241918 0.9999999949993749
o 9270 0.9997041638433971 0.9999976422569008
o 9280 0.5163523116763336 0.5319195528280196
o 9290 0.999297246851899 0.9998877222821806
o 9300 0.9998341327646891 1
o 9310 0.9998341327646891 1
o 9320 0.9973475076700078 0.9987216292808397
o 9330 0.9945404942367145 0.9966105410165468
o 9340 0.9995349878824064 0.9999681957182619
o 9350 0.9920880626308164 0.9946241228006638
o 9360 0.9997041638433971 0.9999976422569008
o 9370 0.9998341327646891 1
o 9380 0.9997427320109885 0.9999995494141014
o 9390 0.9998341327646891 1
o 9400 0.9942282900275515 0.9963629052366167
o 9410 0.9993836603972324 0.9999207619417313
o 9420 0.9997041638433971 0.9999976422569008
o 9430 0.999784848241918 0.9999999949993749
o 9440 0.9998341327646891 1
o 9450 0.9993836603972324 0.9999207619417313
o 9460 0.9998341327646891 1
o 9470 0.9996330653686861 0.9999891487861118
o 9480 0.9998341327646891 1
o 9490 0.9991854194751913 0.9998401310800589
o 9500 0.9971830790248064 0.9986062120708106
o 9510 0.9997427320109885 0.9999995494141014
o 9520 0.9969961710612005 0.998473284157013
o 9530 0.884666424687409 0.8944421265264484
o 9540 0.9797958430498883 0.9839609291888587
o 9550 0.9990229026390082 0.9997633135035773
o 9560 0.996234423774403 0.9979156106725443
o 9570 0.999297246851899 0.9998877222821806
o 9580 0.9950557671449217 0.9970149908693551
o 9590 0.999784848241918 0.9999999949993749
o 9600 0.9996678275924519 0.9999940967944916
o 9610 0.9794790703960709 0.9836778120755821
o 9620 0.9355193122837254 0.9429723381866848
o 9630 0.9971596588721757 0.9985896533979276
o 9640 0.9977748368846215 0.9990138439272586
o 9650 0.9995349878824064 0.9999681957182619
o 9660 0.99863385948088 0.9995534508999322
o 9670 0.9972065160734749 0.9986227536460907
o 9680 0.9946075303645595 0.9966634698045075
o 9690 0.9991579479265237 0.999827728109528
o 9700 0.8599954522509452 0.8706413061124831
o 9710 0.9992409148798167 0.9998643624923798
o 9720 0.9992689677678922 0.9998761603306536
o 9730 0.9987357880946652 0.999611282711117
o 9740 0.988206272833671 0.9913474694425795
o 9750 0.9950782432968917 0.997032502195308
o 9760 0.9981372773655336 0.9992509263546009
o 9770 0.6551425903775283 0.6698826258994018
o 9780 0.9972065160734749 0.9986227536460907
o 9790 0.9993836603972324 0.9999207619417313
o 9800 0.999442873695936 0.9999411111022777
o 9810 0.9987102018538886 0.9995969315746592
o 9820 0.9963031471150466 0.9979668397331242
o 9830 0.998532952220799 0.9994945720557045
o 9840 0.991476088187719 0.9941163572591979
o 9850 0.9362598828098313 0.9436715214060167
o 9860 0.998064229430307 0.9992040792410983
o 9870 0.996234423774403 0.9979156106725443
o 9880 0.9973946521725114 0.9987544386726732
o 9890 0.9792257566198349 0.9834512138810432
o 9900 0.9981372773655336 0.9992509263546009
o 9910 0.9993545677321735 0.9999100498624319
o 9920 0.9993257723589525 0.9998990270247117
o 9930 0.9997041638433971 0.9999976422569008
o 9940 0.9891113982734092 0.9921219967670716
o 9950 0.9991579479265237 0.999827728109528
o 9960 0.9923510275816232 0.9948410436522112
o 9970 0.9965559675880834 0.9981538370932204
o 9980 0.995100725915886 0.9970500070111683
o 9990 0.9994730802517786 0.9999506585660503
