64.37676095962524
79.19146251678467
102.55000352859497
110.27979183197021
88.4658408164978
65.79937028884888
69.81660962104797
5.53131103515625e-05
123.75968408584595
122.04952716827393
5.245208740234375e-05
5.078315734863281e-05
121.48514866828918
112.62758088111877
11.745641469955444
120.85051846504211
123.4701795578003
246.42297434806824
123.49064755439758
79.82309651374817
116.65625429153442
5.435943603515625e-05
121.68354892730713
119.64140152931213
28.17893934249878
6.580352783203125e-05
5.888938903808594e-05
92.54266667366028
69.1547691822052
25.744362831115723
125.76492118835449
82.62204384803772
68.4299829006195
116.74873232841492
5.435943603515625e-05
106.0379147529602
112.04890036582947
5.435943603515625e-05
109.77924799919128
28.04889988899231
117.39791893959045
5.245208740234375e-05
122.6132299900055
5.269050598144531e-05
86.72406148910522
116.33051180839539
108.17186141014099
5.269050598144531e-05
5.364418029785156e-05
225.77427458763123
7.224082946777344e-05
91.87411451339722
75.21884202957153
118.47421884536743
69.34630966186523
5.412101745605469e-05
28.403340816497803
123.79608726501465
121.0595018863678
123.26546454429626
207.9939706325531
117.42694234848022
112.72408127784729
3.647804260253906e-05
5.1021575927734375e-05
364.4067997932434
115.4122941493988
98.02984309196472
5.173683166503906e-05
5.054473876953125e-05
123.2226767539978
5.2928924560546875e-05
5.340576171875e-05
5.1975250244140625e-05
5.3882598876953125e-05
25.963438272476196
104.07819151878357
5.2928924560546875e-05
90.69454431533813
5.3882598876953125e-05
28.302687883377075
5.1975250244140625e-05
5.340576171875e-05
98.02171444892883
27.96965479850769
5.340576171875e-05
117.45202565193176
5.125999450683594e-05
357.8119127750397
109.62207102775574
5.53131103515625e-05
5.1975250244140625e-05
12.195062398910522
5.3882598876953125e-05
70.55801630020142
5.507469177246094e-05
124.54798984527588
124.44599747657776
5.340576171875e-05
89.69548654556274
23.9915292263031
25.586371898651123
12.198369264602661
118.90064454078674
5.459785461425781e-05
96.9794750213623
16.860475063323975
67.84189319610596
7.423495292663574
115.48154997825623
4.553794860839844e-05
7.484069347381592
5.3882598876953125e-05
5.340576171875e-05
121.44947624206543
4.9591064453125e-05
67.8457362651825
212.31365418434143
124.06878995895386
92.41015839576721
94.25859117507935
27.355926036834717
5.364418029785156e-05
5.1975250244140625e-05
5.340576171875e-05
95.78502559661865
5.888938903808594e-05
88.20497798919678
5.173683166503906e-05
105.69634199142456
5.412101745605469e-05
28.517070770263672
5.173683166503906e-05
5.364418029785156e-05
158.05978441238403
5.364418029785156e-05
141.8138072490692
85.60270881652832
4.9591064453125e-05
123.5542619228363
5.340576171875e-05
12.217836856842041
5.14984130859375e-05
64.64830303192139
63.20438027381897
123.85748052597046
123.8524956703186
5.6743621826171875e-05
124.38705205917358
28.50597357749939
104.94319462776184
5.8650970458984375e-05
105.40328788757324
5.602836608886719e-05
90.33460783958435
126.32608914375305
12.146065950393677
4.863739013671875e-05
5.0067901611328125e-05
5.221366882324219e-05
5.316734313964844e-05
4.410743713378906e-05
5.245208740234375e-05
235.14136028289795
5.14984130859375e-05
11.8885977268219
107.08287739753723
4.9591064453125e-05
120.58343696594238
5.602836608886719e-05
119.52188205718994
99.93708562850952
84.97012138366699
7.009506225585938e-05
94.59569692611694
96.97170329093933
103.64626431465149
88.33297991752625
114.72064232826233
5.459785461425781e-05
116.10627746582031
122.97017621994019
118.14453959465027
5.1975250244140625e-05
5.14984130859375e-05
5.364418029785156e-05
120.94245171546936
237.4987015724182
124.5535318851471
62.56951546669006
27.76342487335205
120.54342198371887
184.0839068889618
126.23394227027893
122.72972512245178
5.1975250244140625e-05
5.5789947509765625e-05
220.3406627178192
28.29737114906311
5.3882598876953125e-05
109.70282697677612
5.53131103515625e-05
69.7182948589325
103.43889331817627
123.53321123123169
352.06937623023987
5.507469177246094e-05
5.125999450683594e-05
5.245208740234375e-05
317.71075534820557
124.05172181129456
95.76868772506714
4.220008850097656e-05
28.44563388824463
28.419036388397217
108.34375190734863
112.33608865737915
166.50563955307007
123.69189715385437
104.9070930480957
12.188281774520874
92.40944123268127
27.26522707939148
122.61756205558777
12.086492538452148
5.7220458984375e-05
78.76593255996704
73.43597269058228
5.269050598144531e-05
96.5596170425415
5.412101745605469e-05
5.221366882324219e-05
5.364418029785156e-05
11.809359073638916
28.204201459884644
5.412101745605469e-05
10.634678840637207
122.77584338188171
126.91897773742676
5.173683166503906e-05
123.13465809822083
28.434191703796387
5.340576171875e-05
97.1184573173523
90.28744888305664
26.27472496032715
5.340576171875e-05
123.62908363342285
224.19908142089844
66.20148992538452
2.9087066650390625e-05
111.57781267166138
123.21346354484558
92.6515040397644
5.3882598876953125e-05
5.316734313964844e-05
120.75368165969849
5.269050598144531e-05
119.07995700836182
5.173683166503906e-05
27.95757269859314
28.211195945739746
12.277135372161865
118.04303479194641
27.92761540412903
5.078315734863281e-05
5.1975250244140625e-05
5.14984130859375e-05
27.67401885986328
5.3882598876953125e-05
118.45008063316345
27.95271325111389
119.3491530418396
122.28380584716797
91.2948796749115
28.018487453460693
104.78335642814636
5.14984130859375e-05
12.176150798797607
37.76108193397522
92.779620885849
5.221366882324219e-05
123.04460716247559
75.77023005485535
27.566274404525757
27.81019926071167
5.340576171875e-05
81.64074778556824
27.851855278015137
125.187082529068
5.340576171875e-05
241.12405729293823
5.53131103515625e-05
5.3882598876953125e-05
5.173683166503906e-05
88.55244779586792
118.03994250297546
80.55555057525635
104.83828377723694
118.97891116142273
25.102531909942627
106.0437707901001
94.30629754066467
6.236678123474121
12.309623956680298
119.28782057762146
110.29023027420044
117.1457884311676
122.59947514533997
122.81806874275208
105.51515293121338
5.2928924560546875e-05
5.364418029785156e-05
12.170179605484009
273.1397125720978
5.269050598144531e-05
5.269050598144531e-05
28.54314112663269
5.340576171875e-05
82.42009806632996
5.459785461425781e-05
20.392552375793457
4.220008850097656e-05
8.273124694824219e-05
5.173683166503906e-05
2.8371810913085938e-05
68.57122302055359
73.53333449363708
4.553794860839844e-05
107.73218059539795
116.13582301139832
12.264596939086914
5.269050598144531e-05
105.64455580711365
12.452165365219116
305.601891040802
5.269050598144531e-05
28.46875023841858
336.26985573768616
5.2928924560546875e-05
5.435943603515625e-05
216.96829414367676
4.6253204345703125e-05
247.99528098106384
5.125999450683594e-05
6.890296936035156e-05
122.42922353744507
87.99058675765991
16.819852590560913
4.9591064453125e-05
72.50657486915588
67.76570320129395
18.168413400650024
26.502021551132202
118.55044460296631
5.459785461425781e-05
5.245208740234375e-05
105.76625680923462
116.57922720909119
28.284029006958008
5.245208740234375e-05
119.34328436851501
5.269050598144531e-05
28.5211079120636
5.078315734863281e-05
28.479503631591797
113.23879337310791
111.65242052078247
5.054473876953125e-05
105.89799880981445
79.72306180000305
5.14984130859375e-05
147.59605073928833
122.1779317855835
122.41750073432922
2.7418136596679688e-05
12.012747764587402
118.5810227394104
117.87358975410461
5.269050598144531e-05
110.13491988182068
112.14803671836853
92.56637215614319
110.23501253128052
5.125999450683594e-05
125.03001642227173
27.002014636993408
5.14984130859375e-05
79.15240836143494
125.36671996116638
5.173683166503906e-05
5.221366882324219e-05
5.1021575927734375e-05
114.95408177375793
4.839897155761719e-05
214.05379605293274
368.9225878715515
5.078315734863281e-05
6.341934204101562e-05
4.8160552978515625e-05
2.6941299438476562e-05
87.09896659851074
151.3916676044464
111.7030611038208
28.437945127487183
5.364418029785156e-05
79.43008303642273
124.85226488113403
73.83649682998657
5.269050598144531e-05
12.179924726486206
296.5369951725006
92.33063077926636
164.22704648971558
80.97476696968079
108.96405696868896
70.37935972213745
5.435943603515625e-05
90.70730137825012
5.435943603515625e-05
4.935264587402344e-05
5.0067901611328125e-05
5.1975250244140625e-05
91.44458842277527
5.53131103515625e-05
2.9325485229492188e-05
115.19872570037842
119.73018217086792
5.245208740234375e-05
122.14172983169556
281.68155670166016
5.221366882324219e-05
5.1975250244140625e-05
26.87206745147705
127.53997564315796
119.83714270591736
119.24334335327148
16.55323314666748
60.64979600906372
102.89616394042969
4.9591064453125e-05
5.054473876953125e-05
115.13410758972168
162.18818044662476
71.44709873199463
65.54628801345825
89.87144732475281
86.54015254974365
72.93284249305725
68.62553572654724
2.9325485229492188e-05
12.105079174041748
5.0067901611328125e-05
120.42504048347473
27.863925218582153
5.2928924560546875e-05
125.24849271774292
110.60738587379456
12.202971458435059
5.2928924560546875e-05
124.47802424430847
5.245208740234375e-05
4.076957702636719e-05
115.51612544059753
119.81580114364624
73.25594067573547
104.94349837303162
227.67110919952393
10.186704158782959
5.1975250244140625e-05
5.125999450683594e-05
5.0067901611328125e-05
116.75296783447266
112.47349286079407
5.1021575927734375e-05
2.9325485229492188e-05
5.125999450683594e-05
64.7425684928894
88.7683093547821
5.2928924560546875e-05
27.65757131576538
124.21151542663574
56.20414710044861
5.507469177246094e-05
27.245771646499634
5.245208740234375e-05
122.20622277259827
78.77286195755005
4.2438507080078125e-05
91.14985227584839
5.626678466796875e-05
70.26961994171143
67.50528860092163
89.59524822235107
61.274088621139526
28.35310196876526
5.221366882324219e-05
5.412101745605469e-05
5.245208740234375e-05
97.13254523277283
11.791414737701416
218.81415033340454
178.05163168907166
113.02002453804016
124.54812860488892
5.316734313964844e-05
12.1948561668396
5.030632019042969e-05
28.132487058639526
74.13077425956726
140.84241485595703
87.02941823005676
89.7326877117157
5.316734313964844e-05
210.70969653129578
82.22939920425415
69.14222693443298
76.91855931282043
5.245208740234375e-05
71.92732572555542
82.52778911590576
144.17258644104004
67.21856379508972
5.2928924560546875e-05
81.7624773979187
124.73223686218262
27.36913013458252
120.51975631713867
4.410743713378906e-05
5.269050598144531e-05
122.54101133346558
83.48969411849976
208.3745472431183
5.316734313964844e-05
5.316734313964844e-05
88.71288681030273
99.49694681167603
5.14984130859375e-05
5.173683166503906e-05
120.65789771080017
196.97748732566833
5.14984130859375e-05
87.04009222984314
117.93547677993774
21.45234227180481
84.28211975097656
18.082039833068848
16.709988594055176
88.04438209533691
79.75041341781616
115.99320459365845
5.555152893066406e-05
122.05735349655151
5.221366882324219e-05
5.316734313964844e-05
104.99816918373108
5.412101745605469e-05
120.51224207878113
5.340576171875e-05
5.078315734863281e-05
5.1975250244140625e-05
6.794929504394531e-05
5.316734313964844e-05
5.173683166503906e-05
5.221366882324219e-05
5.2928924560546875e-05
12.139292478561401
114.61077332496643
4.839897155761719e-05
4.863739013671875e-05
4.887580871582031e-05
94.99299550056458
28.26665997505188
5.412101745605469e-05
5.173683166503906e-05
83.92710995674133
116.19538998603821
188.51815700531006
26.836918354034424
91.03574752807617
78.3661630153656
84.63093686103821
120.25698637962341
5.173683166503906e-05
69.30655670166016
5.2928924560546875e-05
61.64409041404724
82.63233757019043
82.26129531860352
5.245208740234375e-05
5.14984130859375e-05
5.1975250244140625e-05
11.925167798995972
5.221366882324219e-05
5.14984130859375e-05
87.13498425483704
5.340576171875e-05
73.09495306015015
27.661519765853882
110.1887137889862
2.6941299438476562e-05
5.173683166503906e-05
125.9140465259552
76.61934232711792
5.459785461425781e-05
5.1021575927734375e-05
5.125999450683594e-05
5.173683166503906e-05
86.14960551261902
107.43226265907288
94.02550196647644
12.077775716781616
159.23372197151184
102.53836584091187
28.419265031814575
124.49589657783508
5.269050598144531e-05
79.13244676589966
107.35678458213806
82.43556213378906
70.73483848571777
5.14984130859375e-05
5.1021575927734375e-05
103.40617036819458
63.323548793792725
2.7179718017578125e-05
6.031990051269531e-05
4.1961669921875e-05
5.1975250244140625e-05
5.030632019042969e-05
120.770920753479
27.13603162765503
119.94016742706299
98.68591928482056
68.56050944328308
12.087624311447144
79.33536863327026
5.340576171875e-05
5.125999450683594e-05
27.588316917419434
69.72471451759338
28.14909291267395
209.2792797088623
118.18756532669067
5.340576171875e-05
28.24350619316101
119.6563560962677
91.03150033950806
139.78170466423035
3.719329833984375e-05
2.86102294921875e-05
5.221366882324219e-05
5.364418029785156e-05
4.982948303222656e-05
346.12877559661865
168.0289762020111
77.61454248428345
5.269050598144531e-05
4.9114227294921875e-05
5.221366882324219e-05
24.764891624450684
271.6129972934723
101.18742513656616
91.65625262260437
5.245208740234375e-05
11.921860218048096
77.20047116279602
5.2928924560546875e-05
5.1975250244140625e-05
107.0273756980896
8.684564590454102
232.6395344734192
71.94057154655457
52.674458026885986
55.313629150390625
2.8371810913085938e-05
81.55946969985962
27.724850177764893
21.721227169036865
5.269050598144531e-05
5.1021575927734375e-05
102.80674290657043
21.09507989883423
69.31223821640015
12.127576351165771
82.81301808357239
77.67455434799194
77.8592004776001
75.88490319252014
71.60736513137817
92.0992317199707
83.43761539459229
3.886222839355469e-05
5.030632019042969e-05
28.21466612815857
5.221366882324219e-05
5.221366882324219e-05
5.125999450683594e-05
5.078315734863281e-05
19.183066606521606
2.7894973754882812e-05
110.77302408218384
16.497156143188477
66.86714935302734
6.890296936035156e-05
65.1412501335144
211.95692992210388
122.07059240341187
5.14984130859375e-05
100.67597675323486
5.3882598876953125e-05
95.67865943908691
98.49284482002258
116.43220496177673
5.1975250244140625e-05
4.9114227294921875e-05
89.33766102790833
67.94019794464111
93.23536562919617
71.04900908470154
5.173683166503906e-05
5.125999450683594e-05
75.45063066482544
75.19987034797668
9.810962438583374
90.910888671875
68.15024876594543
84.06992268562317
8.517932415008545
5.125999450683594e-05
5.030632019042969e-05
4.887580871582031e-05
5.125999450683594e-05
5.221366882324219e-05
4.9114227294921875e-05
8.045389175415039
5.078315734863281e-05
4.9591064453125e-05
78.6533043384552
5.221366882324219e-05
97.77236700057983
4.267692565917969e-05
5.125999450683594e-05
84.29073643684387
75.81358909606934
11.829760074615479
25.321595668792725
4.220008850097656e-05
5.173683166503906e-05
147.60886645317078
11.850263118743896
120.30111718177795
70.34461092948914
5.412101745605469e-05
12.078947305679321
284.07951974868774
76.81026101112366
28.01912760734558
74.39703845977783
4.291534423828125e-05
5.340576171875e-05
62.47950482368469
4.029273986816406e-05
16.80485439300537
12.182573080062866
62.14533805847168
5.245208740234375e-05
71.3539457321167
5.316734313964844e-05
66.23866605758667
69.55668354034424
72.73896980285645
5.1975250244140625e-05
5.14984130859375e-05
8.137653827667236
2.7894973754882812e-05
5.3882598876953125e-05
19.293566465377808
3.9577484130859375e-05
71.56517338752747
83.52526950836182
86.22679471969604
88.58960461616516
4.220008850097656e-05
16.50076198577881
67.08040285110474
68.09279298782349
69.0517361164093
5.125999450683594e-05
84.80896663665771
5.269050598144531e-05
5.030632019042969e-05
90.05750131607056
5.2928924560546875e-05
5.650520324707031e-05
18.486908674240112
69.26833701133728
5.125999450683594e-05
79.84242844581604
4.315376281738281e-05
314.977242231369
3.123283386230469e-05
5.078315734863281e-05
256.06270575523376
275.5957043170929
129.90867352485657
68.21081900596619
69.02723550796509
61.87292194366455
4.100799560546875e-05
4.00543212890625e-05
2.3603439331054688e-05
2.47955322265625e-05
66.90845966339111
4.2438507080078125e-05
16.407816886901855
16.50369930267334
67.52079248428345
66.44187569618225
3.7670135498046875e-05
3.337860107421875e-05
7.163985013961792
3.600120544433594e-05
16.22269082069397
16.42969822883606
140.39041566848755
27.25518536567688
80.98647570610046
5.0067901611328125e-05
4.839897155761719e-05
4.7206878662109375e-05
83.58459186553955
5.030632019042969e-05
143.88554763793945
4.172325134277344e-05
70.93695974349976
19.978331804275513
2.1457672119140625e-05
18.653530597686768
17.513018131256104
7.834188461303711
4.172325134277344e-05
4.1961669921875e-05
67.11713600158691
68.21457695960999
5.269050598144531e-05
276.6889970302582
67.32092761993408
67.0177800655365
3.790855407714844e-05
72.94534087181091
21.67926859855652
79.96089816093445
4.220008850097656e-05
5.269050598144531e-05
71.31527757644653
73.90006160736084
61.02478837966919
5.078315734863281e-05
67.59566974639893
69.7028877735138
72.44677186012268
4.172325134277344e-05
70.09269499778748
68.93627619743347
66.60465121269226
205.09352087974548
4.1484832763671875e-05
4.220008850097656e-05
67.70611953735352
61.63517189025879
50.92228078842163
4.100799560546875e-05
3.361701965332031e-05
61.80974316596985
20.990033626556396
28.028456687927246
5.435943603515625e-05
67.30646014213562
5.173683166503906e-05
70.97490906715393
5.412101745605469e-05
26.166263580322266
75.4158866405487
5.412101745605469e-05
76.34869265556335
216.39196014404297
72.32836985588074
201.286559343338
16.69533681869507
4.1961669921875e-05
7.408031702041626
67.06877994537354
65.38930654525757
4.315376281738281e-05
16.62872576713562
67.62658381462097
66.25439071655273
16.18782091140747
16.23340153694153
12.097302436828613
5.14984130859375e-05
79.71616291999817
68.83934211730957
5.1021575927734375e-05
5.412101745605469e-05
8.370831966400146
75.91032338142395
64.47569108009338
62.61229586601257
5.412101745605469e-05
17.52996277809143
4.124641418457031e-05
63.83585858345032
61.372331619262695
10.277513980865479
3.838539123535156e-05
5.0067901611328125e-05
18.717694997787476
63.417948961257935
137.26476407051086
67.65366458892822
133.79763293266296
4.3392181396484375e-05
133.43061470985413
1.9788742065429688e-05
91.91213941574097
73.49034881591797
5.3882598876953125e-05
70.93550872802734
4.1961669921875e-05
67.835529088974
17.4360773563385
56.440773725509644
20.5396888256073
68.04192972183228
4.887580871582031e-05
4.982948303222656e-05
5.4836273193359375e-05
64.98345160484314
69.09181308746338
16.502683401107788
136.30843114852905
65.52317118644714
16.523664951324463
62.00255513191223
4.00543212890625e-05
16.266321897506714
60.88156986236572
65.38169765472412
70.29107189178467
67.31735444068909
67.32511186599731
16.265252590179443
69.20443272590637
68.19144916534424
4.220008850097656e-05
16.46378755569458
68.36981201171875
68.06501960754395
66.94731950759888
62.98932075500488
67.75500869750977
52.315613746643066
63.9361035823822
16.071057319641113
16.15040683746338
67.23505353927612
201.29523038864136
62.09901261329651
65.96658277511597
3.838539123535156e-05
3.457069396972656e-05
65.49582862854004
4.029273986816406e-05
67.47693991661072
54.051254749298096
2.2649765014648438e-05
4.100799560546875e-05
4.1484832763671875e-05
7.2990803718566895
66.81507444381714
4.1484832763671875e-05
67.5557131767273
3.9577484130859375e-05
4.267692565917969e-05
3.457069396972656e-05
135.96474289894104
53.95472550392151
16.404637813568115
66.17330431938171
3.719329833984375e-05
59.733678340911865
3.504753112792969e-05
4.100799560546875e-05
4.863739013671875e-05
3.361701965332031e-05
4.792213439941406e-05
16.16468834877014
16.37723183631897
