
x disttype general-gaussian
x k 1510
x std 0.5
x N 50000
x alpha 0.0005

o 0 0.6601689605886867 0.6748545700463386
o 10 0.9527821485068323 0.959183754111242
o 20 0.8244522129886788 0.8361563843175276
o 30 0.7760612725113958 0.7889234712495283
o 40 0.9154298039341293 0.9239085229772598
o 50 0.9900846274508407 0.992948385450678
o 60 0.9943173882106121 0.9964337619316739
o 70 0.1494542265129766 0.16074210991974036
o 80 0.9537961330095166 0.9601294312068775
o 90 0.8118291718555722 0.8238636342878373
o 100 0.3554286787913996 0.3704175289598153
o 110 0.3230177215923409 0.33767946923993153
o 120 0.7375389766801048 0.7511386423002244
o 130 0.555759618562954 0.5712189808336845
o 140 0.5936115023830328 0.6088743704289643
o 150 0.9795635288116462 0.9837533242861993
o 160 0.8521306665509398 0.8630287099125925
o 170 0.9837587252117892 0.9874766501503918
o 180 0.9394090200737047 0.9466413367745599
o 190 0.7741010231427179 0.7870043753404443
o 200 0.6461175333002178 0.6609507102915229
o 210 0.04268956755389657 0.04922386071688323
o 220 0.9928343125026933 0.995237544341956
o 230 0.9321268899757904 0.9397658883425966
o 240 0.9996678275924519 0.9999940967944916
o 250 0.45639336174765205 0.47193871683208566
o 260 0.4513802182740087 0.466913552135256
o 270 0.6250636126371172 0.6400916964988843
o 280 0.9727091928436251 0.9775700145411619
o 290 0.9970194794753219 0.9984899558577263
o 300 0.9763818640717405 0.9808960883590389
o 310 0.9082877135893945 0.9170929864189334
o 320 0.8001475707993819 0.8124691322301183
o 330 0.9750160640739489 0.9796623564989629
o 340 0.04212933027241245 0.04862429793710099
o 350 0.8288921912424663 0.8404749261921274
o 360 0.7001525954775076 0.7143375360150803
o 370 0.2871317659510386 0.301337603483701
o 380 0.7210653854422021 0.7349377449435086
o 390 0.9963719652041643 0.9980179731941595
o 400 0.9906053334597175 0.9933874704093597
o 410 0.45899012142851137 0.47454108090760505
o 420 0.9473468330374816 0.9541008816010471
o 430 0.1037147972324413 0.11341728870178813
o 440 0.929702579626973 0.9374710045148485
o 450 0.8871128282705293 0.8967949095438361
o 460 0.9917380981304329 0.994334236913034
o 470 0.34020329192313414 0.3550480734376221
o 480 0.1316005734269092 0.14232189688081975
o 490 0.9927023488544208 0.995129567153622
o 500 0.10804869515392886 0.11792189296838318
o 510 0.9409125688469624 0.9480572877941371
o 520 0.7497661131053901 0.7631474172503013
o 530 0.9744493305511616 0.9791492837390441
o 540 0.933072356427906 0.9406601075897887
o 550 0.19150218589116794 0.20391975382099947
o 560 0.9994130827814863 0.9999311292217226
o 570 0.8664013326249322 0.8768332939362177
o 580 0.8475403463055011 0.8585805586311253
o 590 0.9370417596447193 0.9444093845618298
o 600 0.9588730903033229 0.9648507772480731
o 610 0.9394090200737047 0.9466413367745599
o 620 0.7557208614877163 0.7689906783204391
o 630 0.052679697833383984 0.05987018510264086
o 640 0.06480581979213902 0.07269979763610412
o 650 0.9913670292074385 0.994025461818258
o 660 0.9460877532911964 0.9529203807178155
o 670 0.9893273455096673 0.9923059655978558
o 680 0.11317008898346856 0.1232387309248325
o 690 0.29513507598004046 0.3094515756229502
o 700 0.9910619993917708 0.9937706180212463
o 710 0.12293090084748914 0.13335455381815786
o 720 0.4265658959672132 0.4420162528384747
o 730 0.35793718166587707 0.3729481766255244
o 740 2.398330757498869e-05 0.00043314355389612036
o 750 0.9964178981004407 0.998052007502891
o 760 0.7121379241915492 0.7261481942861441
o 770 0.1706891114231174 0.18257994684540513
o 780 0.8407596840313779 0.8520034792621234
o 790 0 0.00016586723531085122
o 800 0.999784848241918 0.9999999949993749
o 810 0.01061877259641947 0.014066638480736637
o 820 0.2927119594761728 0.30699551487897014
o 830 0.8542639669614481 0.8650946992632391
o 840 0.9998341327646891 1
o 850 0.001147615386186907 0.002463438328694445
o 860 0.7361875603566744 0.7498105106329719
o 870 0.30065749469711894 0.3150472821589875
o 880 0.9966020844888756 0.998187685653262
o 890 0.5180333365843766 0.5335979617353332
o 900 0.24963443905631563 0.26324767885266265
o 910 0.4798317760744396 0.4954123961409077
o 920 0.6498357421371819 0.6646312541346726
o 930 0.45451583684177077 0.470056875330663
o 940 0.9882493095669861 0.9913844163520101
o 950 0.4296192148998982 0.44508190260051117
o 960 0.9810009632809082 0.9850353879229906
o 970 0.9775602992505538 0.9819572475943703
o 980 0.050411162351403145 0.057459522711222566
o 990 0.9172730935877834 0.9256646208675046
o 1000 0.9997427320109885 0.9999995494141014
o 1010 0.9998341327646891 1
o 1020 0.98874468742759 0.9918088491417385
o 1030 0.788251913174399 0.8008487600320797
o 1040 0.0021528382946612115 0.00385706504456651
o 1050 0.537972228067916 0.5534923568684115
o 1060 0.9974418742737955 0.998787169461314
o 1070 0.8468702298955457 0.8579308981998222
o 1080 0.8522931894776751 0.8631861328749231
o 1090 0.9677552241944765 0.9730456606989788
o 1100 0.33940742313141076 0.3542442119171264
o 1110 0.9998341327646891 1
o 1120 0.24672066614070867 0.2602824435045379
o 1130 0.026189342676138753 0.03141005415911802
o 1140 0.8305955806482852 0.8421309691099157
o 1150 5.000625091698381e-09 0.00021515175808195508
o 1160 0.6351868404463669 0.6501250708276265
o 1170 0.9778551768705808 0.9822222682145008
o 1180 0.8673778229363229 0.8777764787104685
o 1190 0.9027681565571672 0.9118143775897561
o 1200 0.9228684596508022 0.9309873956200441
o 1210 0.9984080584682806 0.9994197042904669
o 1220 0.038327576345755426 0.04454741255394423
o 1230 0.37386930818854236 0.3890106568764844
o 1240 0.007749206250918116 0.010737457406494677
o 1250 0.9407271629479419 0.9478827553804589
o 1260 0.08994621209745991 0.09907064267848764
o 1270 0.8610933208057295 0.871703072159033
o 1280 0.20391640058754168 0.21662129923196416
o 1290 0.8804684520705047 0.8904014950897774
o 1300 0.02441283007168089 0.029467223834225065
o 1310 0.9965329270499892 0.9981368947272495
o 1320 0.32297795297071796 0.33763925134708583
o 1330 0.1406320254296787 0.15164734013769487
o 1340 0.9863610969728132 0.9897533348799479
o 1350 0.10857834278572431 0.11847206238424945
o 1360 0.9866608015051525 0.9900135197336657
o 1370 0.6381803051855655 0.6530906015370757
o 1380 0.2611546911091631 0.274963507369974
o 1390 0.9958239179842938 0.9976063863609007
o 1400 0.29213600813421514 0.30641166179514334
o 1410 0.9998341327646891 1
o 1420 0.3732517749919775 0.38838839905550127
o 1430 0.6077979675631527 0.6229631392432868
o 1440 0.5943938916842758 0.6096517182267658
o 1450 0.8894580015307588 0.8990489566084173
o 1460 0.9953033689870637 0.9972072488231104
o 1470 0.3406211322725432 0.35547009150250164
o 1480 0.7087532261893434 0.7228140254123246
o 1490 0.9995349878824064 0.9999681957182619
o 1500 0.6967292995933706 0.7109619784095178
o 1510 0.3439640832448103 0.3588460078536916
o 1520 0.93025716815197 0.9379962316587848
o 1530 0.24152842730304191 0.2549964500051102
o 1540 0.9522649774413969 0.9587010977251703
o 1550 0.9398620730415895 0.9470681330937704
o 1560 0.9998341327646891 1
o 1570 0.4957669015074786 0.5113518987284786
o 1580 0.0020502261495090254 0.0037197710436458475
o 1590 0.042728209904873984 0.049265204580188016
o 1600 0.05339746590543993 0.06063216354655798
o 1610 0.023325554997387393 0.02827490321665782
o 1620 0.08151975682701387 0.09026002571962455
o 1630 0.9874111697251932 0.9906628723383262
o 1640 0.21517216890566682 0.22812169016682193
o 1650 0.9998341327646891 1
o 1660 0.518933921924932 0.534497073081381
o 1670 0.07248242421054565 0.08078050805461534
o 1680 0.9789092419571287 0.9831678383911127
o 1690 0.2990483175440869 0.31341700554432805
o 1700 0.7565687980007166 0.7698224583954796
o 1710 0.6090423625827981 0.624198326262383
o 1720 0.6179352862622602 0.6330224161367557
o 1730 0.16246310418405455 0.17412877150627692
o 1740 0.8646927046505246 0.8751824904660094
o 1750 0.8444337616817222 0.8555681778478578
o 1760 0.8953546976034724 0.9047103003933611
o 1770 0.894681135436972 0.9040640864425226
o 1780 0.8839734103098487 0.893775371336081
o 1790 0.12611477220127473 0.13664958599900545
o 1800 0.6784326451784464 0.6929047628401339
o 1810 0.9427259881142446 0.949763265083481
o 1820 0.8453676824211749 0.8564739460681976
o 1830 0.04688605615372931 0.053705878565503684
o 1840 0.017758806004069844 0.022123756185303156
o 1850 1.0851213888255374e-05 0.0003669346313138755
o 1860 0.9935403221669237 0.9958112089209974
o 1870 0.9856555847328274 0.9891391057232686
o 1880 0.9852286064193986 0.9887662394350276
o 1890 0.5651380947957283 0.580557350000728
o 1900 0.9998341327646891 1
o 1910 0.9080218447382535 0.9168389436136435
o 1920 0.9803664098938001 0.9844701633483391
o 1930 0.9657956134547702 0.9712459316629387
o 1940 0.7989738113871659 0.8113232833008999
o 1950 0.3907867831785546 0.4060474586071855
o 1960 0.007970053936948737 0.010996509249102782
o 1970 0.9971128682824996 0.998556485750206
o 1980 0.999599491460172 0.9999830535762632
o 1990 0.23326718959413956 0.24658050135185994
o 2000 0.5668217085042165 0.5822331700769088
o 2010 0.32075100583111715 0.3353869536758278
o 2020 0.9948986110824958 0.9968922334240068
o 2030 0.5622921921698492 0.5777242097966153
o 2040 0.8974982707481628 0.9067660147847436
o 2050 0.9919786202999914 0.9945336121972732
o 2060 0.0637742708417097 0.07161170820189267
o 2070 0.2309301029932381 0.2441983841900992
o 2080 0.4383816996250403 0.4538764587948012
o 2090 0.9874755639937498 0.9907184539512934
o 2100 0.7679184885243701 0.7809489752424068
o 2110 0.8888665440233369 0.898480610745474
o 2120 0.02172560396374364 0.026515452616797552
o 2130 0.9970194794753219 0.9984899558577263
o 2140 0.9995037605889281 0.9999597116202779
o 2150 0.7871194274935962 0.7997416237776552
o 2160 0.5524938406902574 0.5679658574136095
o 2170 0.9975840325399995 0.9988848632863743
o 2180 0.9507554672666211 0.9572911113555361
o 2190 0.640892777387303 0.655777219161094
o 2200 0.6894211324225097 0.7037525936268129
o 2210 0.8921915331786222 0.9016745162506895
o 2220 0.9986846867396864 0.9995825074237993
o 2230 0.8961303925245169 0.9054543476477933
o 2240 0.8040337277794832 0.8162616786545388
o 2250 0.4299584909969385 0.4454225119142774
o 2260 0.7482928312747501 0.7617011916350462
o 2270 0.6966890283466042 0.7109222631444929
o 2280 0.5042675360185466 0.5198483996101537
o 2290 0.9037286230871973 0.9127335918839843
o 2300 0.3101557260855742 0.3246658274355504
o 2310 0.2621860621747756 0.2760117855333998
o 2320 0.0874424168632242 0.09645530704366101
o 2330 0.7274759430478808 0.7412450422427065
o 2340 0.999784848241918 0.9999999949993749
o 2350 0.06381319224087945 0.07165277315493457
o 2360 0.5780280783416542 0.5933830321673823
o 2370 0.9613229369736594 0.967120110126409
o 2380 0.9400886224454263 0.9472815083225096
o 2390 0.35417451064475297 0.36915212183922097
o 2400 0.8699008730993344 0.8802125890964763
o 2410 0.9989171466500022 0.9997094220119266
o 2420 0.2570891825900917 0.2708303987695224
o 2430 0.6655381517483748 0.6801635785751347
o 2440 0.9920223885113949 0.9945698251946815
o 2450 0.9988909714709572 0.9996956768430979
o 2460 0.33011737410059777 0.34485740962247513
o 2470 0.9661498124811231 0.9715716134135023
o 2480 0.9933192755189235 0.9956323593695238
o 2490 0.6560874774388057 0.6708174219405199
o 2500 0.48075127958005426 0.49633258258343416
o 2510 0.6936084713128303 0.7078838520138552
o 2520 0.9780026575225432 0.9823547366246178
o 2530 0.7860881206301708 0.798733274943299
o 2540 0.36942734475589306 0.38453412364300865
o 2550 0.3392880448038735 0.35412363069788155
o 2560 0.8241684272417819 0.8358802646612922
o 2570 0.0908266967878698 0.09998985250221926
o 2580 0.7736362521221832 0.7865493016014681
o 2590 0.09272505158471091 0.10197083932859952
o 2600 0.9988130027235841 0.999653867701341
o 2610 0.999442873695936 0.9999411111022777
o 2620 0.6287188123795885 0.643715269765115
o 2630 0.7632122143573874 0.7763368218697758
o 2640 0.9979914799067023 0.9991569284568658
o 2650 0 0.00016586723531085122
o 2660 0.17246515877170812 0.18440329150670032
o 2670 0.4582709975294769 0.4738204474584671
o 2680 0.999442873695936 0.9999411111022777
o 2690 0.06946079817513826 0.07760318983204029
o 2700 0.772807775986697 0.7857380544671773
o 2710 0.999442873695936 0.9999411111022777
o 2720 0.7998035291037493 0.8121332887232352
o 2730 0.942746601106553 0.9497826452309222
o 2740 0.8606256960983684 0.8712508525017859
o 2750 0.9998341327646891 1
o 2760 0.9353547612628932 0.9428169439217011
o 2770 0.06330724481740727 0.07111889801244708
o 2780 0.9998341327646891 1
o 2790 0.999599491460172 0.9999830535762632
o 2800 0.561129855670232 0.5765669372516764
o 2810 5.000625091698381e-09 0.00021515175808195508
o 2820 0.9951682130791031 0.9971024818886722
o 2830 0.9937174541966857 0.9959539923760775
o 2840 0.9998341327646891 1
o 2850 0.9997041638433971 0.9999976422569008
o 2860 0.2366544778074493 0.25003205931067274
o 2870 0.7635353554832275 0.776653572767187
o 2880 0.9988648919050572 0.999681833128126
o 2890 0.9627986114842968 0.9684839407164222
o 2900 0.2510419165260813 0.26467972239206083
o 2910 0.9918692498925356 0.9944430293827725
o 2920 0.22128767715010245 0.23436409646052303
o 2930 0.41850497757642824 0.4339198944378523
o 2940 0.017266939281387127 0.02157581232866501
o 2950 0.6539363988247715 0.6686892220002785
o 2960 0.9025638202376637 0.9116187818138233
o 2970 0.9621125773434616 0.9678502050050412
o 2980 0.7634545697005984 0.7765743855440453
o 2990 0.7682619097542602 0.7812854392795103
o 3000 0.9995668564461039 0.999976016692425
o 3010 0.9868107463566297 0.9901435193579085
o 3020 0.938811906320512 0.946078649150545
o 3030 0.526199570369196 0.5417489779023834
o 3040 0.9998341327646891 1
o 3050 0.7072020665919212 0.7212857043482945
o 3060 0.9748271150971208 0.9794913700940219
o 3070 0.9688404654717475 0.9740400530757154
o 3080 0.8188991551440078 0.830751293418109
o 3090 0.9230120144065516 0.931123793162908
o 3100 0.9757302216022707 0.9803079544253677
o 3110 0.05460059469977804 0.06190861017718585
o 3120 0.24089435099811757 0.2543507422148682
o 3130 0.7153618959941089 0.7293231432888869
o 3140 0.983822536404719 0.9875328161274727
o 3150 0.18018367287813236 0.19232213634866047
o 3160 0.2087422399245967 0.2215538128082165
o 3170 0.9991579479265237 0.999827728109528
o 3180 0.3728732933599909 0.38800700877356187
o 3190 0.7095993556029407 0.7236476127206424
o 3200 0.5062079962657821 0.5217872855578083
o 3210 0.9982597477012427 0.9993282676995614
o 3220 0.06799946970601739 0.07606502941475801
o 3230 0.3341353775838164 0.3489180441695534
o 3240 0.1953163789786019 0.2078242576007514
o 3250 0.041298902274830185 0.04773502255860329
o 3260 0.9866822183709741 0.9900320949448694
o 3270 0.7909823177605588 0.8035174440073046
o 3280 0.06949977374552752 0.07764420063444089
o 3290 0.7354009536209505 0.749037380475742
o 3300 0.6547003139950467 0.6694450506164779
o 3310 0.6457959817648342 0.6606323697022181
o 3320 8.995013756807068e-05 0.0006454322678265401
o 3330 0.874236377858555 0.8843956420622991
o 3340 0.7929242040266814 0.8054149095783079
o 3350 0.9756041528961145 0.9801940663375782
o 3360 0.4644639853460609 0.4800253701433608
o 3370 0.9991306438647708 0.9998151511351715
o 3380 0.9845463300490603 0.9881687625696639
o 3390 1.0851213888255374e-05 0.0003669346313138755
o 3400 0.0016942396343189931 0.0032361149970713265
o 3410 0.9880987079115994 0.9912550751858688
o 3420 0.32204340760057976 0.3366941136258478
o 3430 0.9937174541966857 0.9959539923760775
o 3440 0.0015935532185476836 0.003096913671020274
o 3450 0.005231214561662521 0.007736675937762616
o 3460 0.9350462477246799 0.9425255600402535
o 3470 0.6341422153442529 0.6490900465086928
o 3480 0.999784848241918 0.9999999949993749
o 3490 0.016492127972837774 0.020710923520785407
o 3500 0.7997832915836732 0.8121135329961316
o 3510 0.7851579743481162 0.7978237317669242
o 3520 0.9984578626277146 0.999449808165806
o 3530 0.999297246851899 0.9998877222821806
o 3540 0.982738847893226 0.9865768906758642
o 3550 0.02149728193586855 0.026263860398855754
o 3560 0.12025886496125572 0.1305875103582984
o 3570 0.7042208976293288 0.7183478715024599
o 3580 0.6828395507676663 0.6972563804468837
o 3590 0.999599491460172 0.9999830535762632
o 3600 0.04605390600538673 0.052818324338979705
o 3610 0.7631112338513435 0.776237836118535
o 3620 0.41012704228616836 0.4255006608264216
o 3630 0.9976315921770181 0.9989172519476788
o 3640 0.0386167933997929 0.044858091729084504
o 3650 0.9986085425177087 0.999538823531834
o 3660 0.8569057645808786 0.8676520222008947
o 3670 0.8678661043210103 0.8782480348615
o 3680 0.05134162582511377 0.058448730052035436
o 3690 0.9662748443790897 0.9716865394185996
o 3700 0.8568244689899651 0.8675733448532509
o 3710 0.4570924685024144 0.4726393741653919
o 3720 0.9971830790248064 0.9986062120708106
o 3730 0.8518868865370299 0.8627925710922089
o 3740 0.9925705061400958 0.9950214684973474
o 3750 0.14364419348877125 0.15475413745072808
o 3760 0.9888740586074264 0.9919194281709441
o 3770 0.8642249165830039 0.8747304341996882
o 3780 0.8504243161429248 0.861375628461758
o 3790 0.4711377756264084 0.48670932860565475
o 3800 0.9623412246314762 0.9680614810255874
o 3810 0.600252423589209 0.6154712179186186
o 3820 0.605811057393076 0.6209907168000067
o 3830 0.6850533491885307 0.6994418402374901
o 3840 0.2902096493797824 0.3044586747172545
o 3850 0.9236067876362868 0.9316888222960469
o 3860 0.9997427320109885 0.9999995494141014
o 3870 0.4460683494521169 0.4615872139004523
o 3880 0.5662404506509526 0.5816546234095511
o 3890 0.9588315949264493 0.9648122865105696
o 3900 0.42622665676384947 0.441675606631605
o 3910 0.15274457125422183 0.1641306362835735
o 3920 0.5197744910893038 0.5353362208242725
o 3930 0.9571103031009744 0.9632141540438535
o 3940 0.19284594295783702 0.20529553760793617
o 3950 0.9720809440248751 0.9769984769194535
o 3960 0.9875185005044568 0.9907555013440043
o 3970 0.07835581668214252 0.08694506732407825
o 3980 0.4027882557834621 0.41812192794797187
o 3990 0.4545957292586952 0.47013695595228844
o 4000 0.03958116473936573 0.045893374693133704
o 4010 0.7031131243374965 0.7172560157381567
o 4020 0.9715786044883105 0.9765409870203626
o 4030 0.9585411520377851 0.9645428265809111
o 4040 0.9996678275924519 0.9999940967944916
o 4050 0.06599340842094248 0.07395179293920306
o 4060 0.7916700437776838 0.8041894884352812
o 4070 0.9137304387139367 0.9222884528333078
o 4080 0.9412628087157243 0.9483869313908114
o 4090 0.34370538806828044 0.3585847906772648
o 4100 0.9997427320109885 0.9999995494141014
o 4110 0.9799648488503196 0.9841118645054967
o 4120 0.8550564396301619 0.8658619627734407
o 4130 0.99612008746949 0.9978300245310231
o 4140 0.9059770859210893 0.9148843818812707
o 4150 0.9536512509941361 0.959994361582536
o 4160 0.9340386132820306 0.9415735295008231
o 4170 0.2422616026744365 0.25574302499562995
o 4180 0.5013270620218387 0.5169098644245556
o 4190 0.0010827480523211961 0.002368407822981977
o 4200 0.4254085068296126 0.44085403292957415
o 4210 0.4282621473711859 0.44371942848653967
o 4220 0.0018461629067797764 0.0034440324119165977
o 4230 0.7943200724631481 0.8067785752597418
o 4240 0.021744633626213355 0.02653641581140176
o 4250 0.0859171829876158 0.09486107069275118
o 4260 0.9375356644524023 0.9448753154974834
o 4270 0.7530359634995375 0.7663564737599601
o 4280 0.1972139299217067 0.20976605850408503
o 4290 0.7118558476116384 0.7258703652941437
o 4300 0.9978468002059815 0.9990617938017794
o 4310 0.08495922828745861 0.09385935825882075
o 4320 0.0632488705739417 0.07105729273080097
o 4330 0.9995037605889281 0.9999597116202779
o 4340 0.9344498602301754 0.9419621458248921
o 4350 0.8507899411803902 0.8617298816833985
o 4360 0.9483173328288216 0.9550100584721125
o 4370 0.999784848241918 0.9999999949993749
o 4380 0.6302653822587152 0.6452481807693766
o 4390 0.9934518554915925 0.9957397173533522
o 4400 0.24154824250640866 0.25501662805470304
o 4410 0.24523420444053187 0.2587694112046187
o 4420 0.7177600124442792 0.7316842241688761
o 4430 0.9863610969728132 0.9897533348799479
o 4440 0.8981312595122907 0.9073728156411964
o 4450 0.5966208025588688 0.6118640590927736
o 4460 0.9236272983971476 0.9317083047195739
o 4470 0.7662822718227781 0.7793457386052111
o 4480 0.9929884278643608 0.9953633592455201
o 4490 0.7156037117050476 0.729561246637187
o 4500 0.2732366249118757 0.28723746570227227
o 4510 0.9628401982680351 0.9685223399771511
o 4520 0.03904105768257411 0.04531367530134278
o 4530 0.8621099685360385 0.872686086077503
o 4540 0.9997041638433971 0.9999976422569008
o 4550 0.0001848488648285143 0.0008693561352292045
o 4560 0.9884215189204483 0.9915321414010584
o 4570 0.5829008075706328 0.5982286649135226
o 4580 0.614421960450673 0.6295369217054767
o 4590 5.000625091698381e-09 0.00021515175808195508
o 4600 0.845550414555509 0.8566511530767609
o 4610 0.09346889121655937 0.10274674181744581
o 4620 0.16429724387368846 0.17601400341131346
o 4630 0.6629841336479163 0.6776384530096073
o 4640 0.8327454058425764 0.844220427517198
o 4650 0.8995812255784703 0.908762367679769
o 4660 0.6140003894946736 0.6291186342314294
o 4670 0.9862541181774765 0.9896603530448549
o 4680 0.5058479019967489 0.5214275011515588
o 4690 0.4746150925705037 0.4901908388537758
o 4700 0.09983408139931359 0.10937934697276197
o 4710 0.3170133406139558 0.3316058865516952
o 4720 0.977076094551563 0.9815216191464571
o 4730 0.5889978211345607 0.6042896021089135
o 4740 0.20350112548266158 0.21619671610075442
o 4750 0.11945347928572889 0.12975317361470484
o 4760 0.23243531315941762 0.2457326611903915
o 4770 0.624240252123188 0.6392753334207224
o 4780 0.9748691004637569 0.9795293703718064
o 4790 0.28623826075355685 0.300431412170728
o 4800 0.999784848241918 0.9999999949993749
o 4810 0.9882708302583306 0.9914028874757811
o 4820 0.5600477190597478 0.5754894378545422
o 4830 0.0736721320369157 0.08203038493668491
o 4840 0.9998341327646891 1
o 4850 0.20354067505495294 0.2162371530271433
o 4860 0.9821448287310842 0.9860511200552328
o 4870 0.8463625912542008 0.857438705896717
o 4880 0.24872260252419215 0.26231982572072554
o 4890 0.9849726276547562 0.988542310995679
o 4900 0.05155490013047992 0.05867538032984676
o 4910 0.9119497340220587 0.9205897491918608
o 4920 0.804620781570669 0.8168344290137766
o 4930 0.9506727808965834 0.9572138252961456
o 4940 0.6728596815308727 0.6873995943545277
o 4950 0.9986085425177087 0.999538823531834
o 4960 0.3212083099723449 0.3358494944503554
o 4970 0.06105076908114747 0.06873616571323571
o 4980 0.023573420718838996 0.02854694516923173
o 4990 0.6257062516997414 0.6407288417026413
o 5000 0.9998341327646891 1
o 5010 0.9909096634437746 0.9936430165193098
o 5020 0.975037060766345 0.9796813526239105
o 5030 0.9636097421916465 0.9692325377234479
o 5040 0.9563848927655936 0.9625398068432541
o 5050 0.11511352155066486 0.1252546278369323
o 5060 0.6393255395311394 0.6542249828968878
o 5070 0.24576931835944527 0.2593141151248014
o 5080 0.9978468002059815 0.9990617938017794
o 5090 0.7829743453134393 0.795688089879325
o 5100 0.9918473843023324 0.9944249042949562
o 5110 0.9127479113905398 0.9213513066157748
o 5120 0.9331956949379815 0.9407767280768154
o 5130 0.12440478141061466 0.1348801656064481
o 5140 0.97610853536249 0.9806495109106531
o 5150 0.7914070864359943 0.8039325335482861
o 5160 0.9384413362667745 0.9457293424626783
o 5170 0.9956650521574533 0.9974853508716593
o 5180 0.02578793202743481 0.030971612918983427
o 5190 0.8173592713512144 0.8292516906470797
o 5200 0.9888093654679451 0.9918641462272642
o 5210 0.9918473843023324 0.9944249042949562
o 5220 0.9642547760451301 0.9698272871999288
o 5230 0.4462081240516931 0.4617273921180519
o 5240 0.6105878933917822 0.625732276370298
o 5250 0.9160236832658172 0.9244744463218607
o 5260 0.9998341327646891 1
o 5270 0.9548105654872592 0.9610746600408199
o 5280 0 0.00016586723531085122
o 5290 0.26163070251651815 0.2754473340678951
o 5300 0.9371446508321698 0.9445064591568062
o 5310 0.8703485797270826 0.8806447335201597
o 5320 0.9957784861890406 0.9975718466746825
o 5330 0.07306748833679559 0.08139523967348161
o 5340 0.0018461629067797764 0.0034440324119165977
o 5350 0.9589975817667895 0.9649662441237691
o 5360 0.9864038970311344 0.9897905190541766
o 5370 0.1398052995352877 0.15079435007134911
o 5380 0.04394578710866969 0.05056719332981796
o 5390 0.9749110877091087 0.9795673687685631
o 5400 0.9867464766032598 0.9900878129255956
o 5410 0.0002104806012700251 0.0009235038099101311
o 5420 0.9324351693526685 0.9400575064869579
o 5430 0.9733587746840131 0.9781602115855869
o 5440 0.999784848241918 0.9999999949993749
o 5450 0.9042191291062452 0.9132029228658578
o 5460 0.999442873695936 0.9999411111022777
o 5470 0.9960516027518843 0.9977785547768216
o 5480 0.9153069405149339 0.9237914272193304
o 5490 0.9055068867469834 0.914434737300799
o 5500 0.6391648020947046 0.6540657742695515
o 5510 0.4109447878534294 0.4263226388881862
o 5520 0.7059330104793352 0.7200351853695002
o 5530 0.09881525247021607 0.10831852854657964
o 5540 0.42888080319272626 0.4443405637078177
o 5550 0.7456089004680518 0.7590660198130632
o 5560 0.1299879425171867 0.1406550825967694
o 5570 0.7394754812140718 0.7530414900999234
o 5580 0.11065804199653587 0.12063164499249501
o 5590 0.31979665760839227 0.33442162555362953
o 5600 0.21449939066480558 0.22743469788778148
o 5610 0.3172518990164602 0.33184724723406034
o 5620 0 0.00016586723531085122
o 5630 0.00619294604811168 0.00889445448705306
o 5640 0.44836472473418565 0.463890063472587
o 5650 0.36440854559620367 0.37947462166286783
o 5660 0.7188886233066087 0.7327952355739433
o 5670 0.6977763749948503 0.7119945523137461
o 5680 0.03028780524144763 0.03587008956039617
o 5690 0.2957309610047302 0.310055488284228
o 5700 0.05008169754918889 0.05710910413743431
o 5710 0.548988013852203 0.5644728638398175
o 5720 0.9983337061651681 0.9993741869624272
o 5730 5.888889772228268e-05 0.0005571263040640151
o 5740 0.2529054815237318 0.2665755232481922
o 5750 0.5959386683136466 0.6111864225350805
o 5760 0.7348160592635893 0.7484624704754024
o 5770 0.987840706111888 0.9910331745497277
o 5780 0.9995037605889281 0.9999597116202779
o 5790 0.787018316284984 0.7996427687416686
o 5800 0.7514615261526777 0.7648114374177837
o 5810 0.9880771995048885 0.9912365917446615
o 5820 0.763919092518439 0.7770297075088972
o 5830 0.0010021922931565453 0.0022490987612791002
o 5840 0.725439689424898 0.7392419771831735
o 5850 0.0024627268226413025 0.004266912057385719
o 5860 0.6827389280992762 0.6971570368326743
o 5870 0.8979883215537077 0.9072358011061704
o 5880 0.9739248751852241 0.9786739181163336
o 5890 0.19274713342890185 0.20519438089714015
o 5900 0.1357119720432523 0.1465690843922598
o 5910 0.015435588563536953 0.019527875130601613
o 5920 0.9998341327646891 1
o 5930 0.04106721322732769 0.047486794420705136
o 5940 0.13051890204882183 0.14120394037973394
o 5950 0.8876429804303684 0.8973045811242205
o 5960 0.00479843433253168 0.007209689040741929
o 5970 0.9780026575225432 0.9823547366246178
o 5980 0.9995668564461039 0.999976016692425
o 5990 0.7702821598911445 0.783264514230916
o 6000 0.4821105939311512 0.49769280989490905
o 6010 0.04783465665892019 0.05471694136813898
o 6020 0.9367536800378253 0.9441375599706154
o 6030 0.6520066022354559 0.6667796658618728
o 6040 5.000625091698381e-09 0.00021515175808195508
o 6050 0.02043263123143713 0.025088912290891274
o 6060 0.2555821631772109 0.26929793087384934
o 6070 0.49398705350327854 0.5095723466147266
o 6080 0.9780658721568503 0.9824115001477269
o 6090 0.8164475745470966 0.8283636914493768
o 6100 0.9719134722534171 0.976846005572965
o 6110 0.9998341327646891 1
o 6120 0.9829936278124762 0.9868020203051696
o 6130 0.7770717916786442 0.7899126145886872
o 6140 0.9994730802517786 0.9999506585660503
o 6150 0.8169135458360827 0.8288175647844974
o 6160 0.432553077001897 0.4480270496407808
o 6170 0.7040799054948912 0.7182089108480729
o 6180 0.5585848900196222 0.5740327589574721
o 6190 0.8940484519746101 0.9034569802042125
o 6200 0.7771728466544489 0.7900115258631975
o 6210 0.29587000292228893 0.31019639916007435
o 6220 0.3575190824597528 0.3725264174077453
o 6230 0.5553188189570029 0.570779928731727
o 6240 0.5910237428716146 0.6063029995323612
o 6250 0.05202028087168336 0.0591698350700256
o 6260 0.15103032679363418 0.16236546883391645
o 6270 0.0874424168632242 0.09645530704366101
o 6280 0.0979728717053431 0.10744120094953069
o 6290 0.126763469663997 0.13732066520725816
o 6300 0.7822263119161563 0.7949563730468434
o 6310 0.9998341327646891 1
o 6320 0.9706164079152908 0.9756635098480126
o 6330 0.9026659876005441 0.911716580498944
o 6340 0.9695923186168809 0.9747279457914069
o 6350 0.9998341327646891 1
o 6360 0.7701205319736459 0.7831061961421012
o 6370 0.17811052155190166 0.19019599685811472
o 6380 0.5404754799198975 0.5559882624649679
o 6390 0.9981616966934683 0.9992664707710186
o 6400 0.8881527755152312 0.8977946165508933
o 6410 0.9990496341945716 0.9997764839702489
o 6420 0.9961657922277294 0.9978642890092243
o 6430 0.695460786707471 0.7097109161716675
o 6440 0.11415156449744705 0.12425691675213346
o 6450 0.9972299702688214 0.9986392778683405
o 6460 0.8770667473242337 0.8871243311650168
o 6470 0.7036972166871177 0.7178317278003148
o 6480 0.9816997275242819 0.9856563782042607
o 6490 0.0017616340981488892 0.0033286484700139063
o 6500 0.016095682471904287 0.020267523224935524
o 6510 8.995013756807068e-05 0.0006454322678265401
o 6520 0.27653101060790736 0.2905819603659088
o 6530 0.3520445432289797 0.36700281063120654
o 6540 0.9876903032053846 0.9909036341132131
o 6550 0.9821236255498019 0.9860323307235531
o 6560 0.7863105542207759 0.7989507670919059
o 6570 0.17145870418141262 0.1833700906211636
o 6580 0.30304165157551366 0.31746231605767095
o 6590 0.026036406794835067 0.031243046446732037
o 6600 0.9998341327646891 1
o 6610 0.9842055818486868 0.9878696333575213
o 6620 0.9677760858984222 0.9730647919577575
o 6630 0.915020270031859 0.9235181929521701
o 6640 0 0.00016586723531085122
o 6650 0.6397675721860134 0.6546628019173792
o 6660 0.9944065677150438 0.9965045368392506
o 6670 0.2784562603839093 0.2925360563560103
o 6680 0.1875703783925793 0.19989290507225177
o 6690 0.9453243196085251 0.9522040686256114
o 6700 0.7844907257737649 0.7971712031179663
o 6710 0.9789936321758643 0.983243418899909
o 6720 0.684892339222369 0.6992829041521886
o 6730 0.5716124879293144 0.5870007796252262
o 6740 0.8734220454664265 0.8836102453357745
o 6750 0.11530985271679187 0.12545822894674719
o 6760 0.8635131064826819 0.8740424811753673
o 6770 0.9971128682824996 0.998556485750206
o 6780 0.9989962943624112 0.9997500155155598
o 6790 0.012018163584913182 0.015666667120209254
o 6800 0.254967488173277 0.26867281500413676
o 6810 0.971515827916113 0.9764837848960698
o 6820 0.9990764961900899 0.99978951939873
o 6830 0.8858487608601805 0.8955793972322825
o 6840 0.9274438966794871 0.9353304381378966
o 6850 0.9148564651121577 0.9233620522981284
o 6860 0.9734635841885982 0.9782553663737865
o 6870 0.8440480329601795 0.8551940350391438
o 6880 0.8853798829072912 0.8951284310828865
o 6890 0.9507761392831168 0.9573104324461045
o 6900 0.9449942480297886 0.9518942501063417
o 6910 0.9687987088383779 0.9740018238152359
o 6920 0.0009222776277140118 0.0021291581429572215
o 6930 0.0004758668143244943 0.001416712981098911
o 6940 0.9998341327646891 1
o 6950 0.09137461682491364 0.10056174240235705
o 6960 0.15915047381914682 0.17072253714648233
o 6970 0.3472477316791292 0.3621612469843538
o 6980 0.3030217826639313 0.3174421917127902
o 6990 0.9993257723589525 0.9998990270247117
o 7000 0.15325692132602012 0.16465811046797785
o 7010 0.9528649063061431 0.9592609686976723
o 7020 0.9993545677321735 0.9999100498624319
o 7030 0.8547516357354836 0.8655668681389599
o 7040 0.004546880720985132 0.006901382472388251
o 7050 0.6012757770533637 0.61648752065502
o 7060 0.9552454630998362 0.9614796171842785
o 7070 0.9458813999950235 0.9527268027341884
o 7080 0.017248029271444133 0.021554729635239855
o 7090 0.514811449629758 0.5303809338767224
o 7100 0.15108943460622404 0.16242634074178874
o 7110 0.6681125261978837 0.6827083410374584
o 7120 0.5881955130877685 0.6034921797942004
o 7130 0.9784874375395989 0.9827897889579362
o 7140 0.3712399026782577 0.3863609522500614
o 7150 0.20346157600269169 0.2161562790821756
o 7160 0.9679429911096651 0.9732178304378837
o 7170 0.9561983991825355 0.9623663627465256
o 7180 0.9641715312145662 0.9697505600001449
o 7190 0.8554222154204987 0.8662160652161239
o 7200 0.18660239723546515 0.19890121712060194
o 7210 0.4545957292586952 0.47013695595228844
o 7220 0.9520995062464941 0.9585466241209952
o 7230 0.9517479174588657 0.9582183301875729
o 7240 0.5864706221208226 0.6017776504823891
o 7250 0.9870465021475909 0.9903476760083296
o 7260 0.8381418084219155 0.8494622269523562
o 7270 0.6950782320341136 0.7093335989815399
o 7280 0.6751128671323307 0.6896256535215821
o 7290 0.02576882096256354 0.030950731040397694
o 7300 0.31405142285993526 0.3286088090107444
o 7310 0.003619373038567013 0.00574944293510582
o 7320 0.21230314344219237 0.22519169431228336
o 7330 0.11603631725603192 0.12621151383649343
o 7340 0.12033744304151678 0.13066890519779584
o 7350 0.8289935774442487 0.8405735062009808
o 7360 0.020014774421154957 0.024626927191544024
o 7370 0.014512901643859813 0.018490925544781045
o 7380 0.9534029029694259 0.9597627924970923
o 7390 0.0944281788819541 0.10374712165691058
o 7400 0.8447382930753584 0.8558635450293214
o 7410 0.14415614587627149 0.15528200925731217
o 7420 0.05269909469178654 0.05989078139225512
o 7430 0.5385529649351525 0.554071424529448
o 7440 0.9262123830868768 0.9341623609944284
o 7450 0.9998341327646891 1
o 7460 0.9996678275924519 0.9999940967944916
o 7470 0.2884621576034328 0.30268675997285865
o 7480 0.051671238266926094 0.058799001060254596
o 7490 0.9548519806246425 0.9611132310731171
o 7500 0.9998341327646891 1
o 7510 0.975037060766345 0.9796813526239105
o 7520 0.7982453134870896 0.8106120242944563
o 7530 0.13561359416381397 0.14646749609306986
o 7540 0.999784848241918 0.9999999949993749
o 7550 0.9968566305867083 0.998372940528608
o 7560 0.8140369142755967 0.8260151555922928
o 7570 0.9984828397939801 0.999464783357556
o 7580 0.9620917927372407 0.9678309965819649
o 7590 0.05671689526911821 0.0641515636986476
o 7600 0.0020673025400162136 0.003742678787396203
o 7610 0.7895867235013141 0.802153504118771
o 7620 0.028984012464098687 0.03445435830569721
o 7630 0.9984329360206239 0.9994347812916474
o 7640 0.8085687817156414 0.8206851118804035
o 7650 0.5941932771193238 0.6094524002022748
o 7660 0.49922688827478146 0.5148107458980395
o 7670 0.8651401743564453 0.8756148718581788
o 7680 0.3535175876440725 0.36848926731981047
o 7690 0.9943173882106121 0.9964337619316739
o 7700 0.9823144830826699 0.9862014057570522
o 7710 0.9300928379064514 0.9378406165240654
o 7720 0.28115584713942365 0.2952755523406445
o 7730 0.1453967418106544 0.1565609873471534
o 7740 0.6136791966144617 0.6287999349743885
o 7750 2.357743099213211e-06 0.0002958361566028911
o 7760 0.00848631870480003 0.011600012759041323
o 7770 0.9994130827814863 0.9999311292217226
o 7780 4.5058589854506926e-07 0.0002572679890114893
o 7790 0.6003326853482517 0.6155509291950411
o 7800 0.9833547794486813 0.9871207401380971
o 7810 0.9870036256442971 0.990310568459844
o 7820 0.8857468285681773 0.8954813634155798
o 7830 0.022734759960118436 0.02762591870651132
o 7840 0.9998341327646891 1
o 7850 0.6742075461532702 0.688731277942958
o 7860 0.8509118187873075 0.8618479634957872
o 7870 0.9425817009683327 0.949627600249629
o 7880 0.21155133725910746 0.22442375698497685
o 7890 0.9572968782061833 0.9633875165624532
o 7900 0.007344998990932468 0.010261850881478685
o 7910 0.3403027771443036 0.3551485545055434
o 7920 0.7077862577817763 0.7218613175640929
o 7930 0.18160543072957727 0.19377989222062464
o 7940 0.2929304273395224 0.30721697283247396
o 7950 0.9998341327646891 1
o 7960 0.8683544100144387 0.8787195666990248
o 7970 0.17943335575010924 0.19155271012927866
o 7980 0.7355824757382644 0.7492157976415561
o 7990 0.37890966273426063 0.39408859677895514
o 8000 0.9963490151246003 0.9980009395209813
o 8010 0.10742101098952761 0.11726979397570747
o 8020 0.023268364594217637 0.028212114935860844
o 8030 0.9920223885113949 0.9945698251946815
o 8040 0.9953710406785294 0.9972595379004648
o 8050 0.9810644539681342 0.9850918749749344
o 8060 0.9562812831932108 0.9624434510393668
o 8070 0.9850579369258956 0.9886169708281641
o 8080 0.5592060830635385 0.5746513569554805
o 8090 0.2429551712019041 0.25644922032599826
o 8100 0.27061733063996557 0.2845776503121613
o 8110 4.5058589854506926e-07 0.0002572679890114893
o 8120 0.007878003232928404 0.010888601726590896
o 8130 0.8221415529791081 0.833907814593339
o 8140 0.048589915126647495 0.05552141505438313
o 8150 0.9980399474396386 0.9991883950191714
o 8160 0.9981861524596591 0.9992819780723441
o 8170 0.9778551768705808 0.9822222682145008
o 8180 0.8598734739217118 0.8705233250403401
o 8190 0.04740871064860451 0.05426303852281511
o 8200 0.055396469215271284 0.06275245501461846
o 8210 0.9998341327646891 1
o 8220 0.3267164642416969 0.34141947245607007
o 8230 0.9969263355699712 0.9984231783076815
o 8240 0.9977748368846215 0.9990138439272586
o 8250 0.993850483192733 0.996060899066795
o 8260 0.9996678275924519 0.9999940967944916
o 8270 0.997371070376275 0.9987380436441108
o 8280 0.06842807412629413 0.07651627504868375
o 8290 0.15432110172183558 0.16575356507601668
o 8300 0.031170503349430573 0.03682707007975339
o 8310 0.8401305321224595 0.8513928407485811
o 8320 0.2815131686627777 0.2956381094166589
o 8330 0.9961657922277294 0.9978642890092243
o 8340 0.434429296237729 0.4499101967973296
o 8350 0.9124613732638571 0.9210779399492881
o 8360 0.9991306438647708 0.9998151511351715
o 8370 0.2920168474887742 0.3062908629042449
o 8380 0.9995349878824064 0.9999681957182619
o 8390 0.9977748368846215 0.9990138439272586
o 8400 0.5175530347544244 0.5331184253323786
o 8410 0.2132132671738912 0.22612126009734346
o 8420 0.000843071543134267 0.002008520093297661
o 8430 0.9903665241532338 0.9931863760254867
o 8440 0.6841879325210666 0.6985875468780363
o 8450 0.0532228577922859 0.06044683331035894
o 8460 0.9956877226395184 0.9975026664820278
o 8470 0.989651607756594 0.9925815764331913
o 8480 0.8324411641042336 0.84392477063581
o 8490 0.17047205450945133 0.1823570780710183
o 8500 0.932476275082571 0.9400963870924453
o 8510 0.9998341327646891 1
o 8520 0.8009166315577629 0.8132198148626095
o 8530 0.5085287006754816 0.5241057992774814
o 8540 0.38680064332697583 0.40203494667545314
o 8550 0.9748900938512827 0.9795483698056211
o 8560 0.9851645973439471 0.9887102717397279
o 8570 0.7831563041304778 0.7958660703068535
o 8580 0.1489617381346918 0.16023476730634578
o 8590 0.9717250967833422 0.9766744450026128
o 8600 0.7966467784535136 0.8090510927704035
o 8610 0.9284909559010734 0.9363230309350263
o 8620 0.2694863649654852 0.2834290004569452
o 8630 0.9658789467315839 0.9713225703404298
o 8640 0.8055722598659005 0.8177626333015411
o 8650 0.824269778632659 0.8359788794859536
o 8660 0.9882493095669861 0.9913844163520101
o 8670 0.06042853703763757 0.06807861633040468
o 8680 0.029616572886908773 0.03514156675956437
o 8690 0.9190555562634648 0.92736156594182
o 8700 0.6902464662401719 0.7045669833140364
o 8710 0.5014470760983755 0.5170298099064409
o 8720 0.0001722718904719812 0.0008420520734764292
o 8730 0.038308296780616 0.044526699038172524
o 8740 0.6360908738032082 0.6510207340840621
o 8750 0.9995668564461039 0.999976016692425
o 8760 0.9996330653686861 0.9999891487861118
o 8770 0.07025986706637294 0.07844384160851214
o 8780 0.6114510170309085 0.6265888628526084
o 8790 0.4647636765596664 0.48032557782529484
o 8800 0.9843546281428882 0.9880005334933005
o 8810 0.002549304511062255 0.004380264826709945
o 8820 0.9997041638433971 0.9999976422569008
o 8830 0.9940058868960785 0.9961854192572273
o 8840 0.0033541675952470855 0.005414820507861351
o 8850 0.8260536838825854 0.8377143796117542
o 8860 0.974722159868453 0.9793963612017352
o 8870 0.7917104991138031 0.8042290195958002
o 8880 0.9911273222151947 0.9938252682624861
o 8890 0.9977269908240753 0.9989817458746678
o 8900 0.3887338547188166 0.4039810813968162
o 8910 0.6556049778506967 0.6703400833488322
o 8920 0.9863396987797751 0.989734740952503
o 8930 0.8886014224333245 0.8982258204763601
o 8940 4.5058589854506926e-07 0.0002572679890114893
o 8950 0.9987102018538886 0.9995969315746592
o 8960 0.9660247913032327 0.9714566766787978
o 8970 0.9836311278227061 0.9873642931515865
o 8980 0.999599491460172 0.9999830535762632
o 8990 0.9994730802517786 0.9999506585660503
o 9000 0.9998341327646891 1
o 9010 0.3079100067359393 0.32239230877051417
o 9020 0.9124613732638571 0.9210779399492881
o 9030 0.7028915757355778 0.7170376385285033
o 9040 0.0030200511135538345 0.004989165955109898
o 9050 0.0009701459672754151 0.002201201746783621
o 9060 0.7186467734997629 0.7325571663237698
o 9070 0.7401613682517548 0.7537153736772222
o 9080 0.8494290624410691 0.8604112135593504
o 9090 0.5720334703432789 0.5874196556559865
o 9100 0.17335326687425126 0.18531487942001967
o 9110 0.9981616966934683 0.9992664707710186
o 9120 0.4806513322694819 0.4962325635953059
o 9130 0.701018563434825 0.7151912780536862
o 9140 0.5642762800406756 0.579699454603483
o 9150 0.9665249405773555 0.9719163589975259
o 9160 0.22564299195690948 0.23880729697169667
o 9170 0.11572216286626696 0.12588577657971722
o 9180 0.9995349878824064 0.9999681957182619
o 9190 0.6218305503491348 0.6368858441892564
o 9200 0.9359718653972972 0.9433996345922108
o 9210 0.9120315932123776 0.9206678628024417
o 9220 0.9935403221669237 0.9958112089209974
o 9230 0.41260029069226983 0.4279865765677212
o 9240 0.923996507453101 0.9320589729777045
o 9250 0.05504703603212406 0.06238201139714494
o 9260 0.9507968114694622 0.9573297533667948
o 9270 0.9915415547531746 0.9941708632296149
o 9280 0.510009237710082 0.5255847634629855
o 9290 0.6632455574456994 0.6778969415561411
o 9300 0.11134485327590758 0.1213445966040324
o 9310 0.5661602780036061 0.5815748230194953
o 9320 0.9990229026390082 0.9997633135035773
o 9330 0.5935713803985202 0.6088345058955454
o 9340 0.9980156978384686 0.999172677844584
o 9350 0.8666454461818421 0.8770690991525103
o 9360 0.1990523921098252 0.21164696843985453
o 9370 0.061634208630096936 0.06935252129186176
o 9380 0.11328785996062153 0.12336091930731652
o 9390 0.9615307025424412 0.9673122749130836
o 9400 0.93702118176251 0.9443899692873863
o 9410 0.9995349878824064 0.9999681957182619
o 9420 0.9869821893754152 0.9902920126980463
o 9430 0.8376345311660842 0.8489696732063683
o 9440 0.9993545677321735 0.9999100498624319
o 9450 0.6384615865293396 0.6533692258052889
o 9460 0.1906920344361303 0.20309018212040597
o 9470 0.9977269908240753 0.9989817458746678
o 9480 0.5589856583183714 0.5744318558471021
o 9490 0.8396028808206482 0.8508806678213092
o 9500 0.8844218247269408 0.8942068078174039
o 9510 0.874501051373908 0.884650880507315
o 9520 0.799560680523077 0.8118962183369371
o 9530 0.9998341327646891 1
o 9540 0.9375974073854666 0.9449335520301141
o 9550 0.9697176711919773 0.9748425508165596
o 9560 0.10736216818990932 0.11720865710494488
o 9570 0.999784848241918 0.9999999949993749
o 9580 0.8811204276525413 0.891029302692569
o 9590 0.9929884278643608 0.9953633592455201
o 9600 0.79237802606492 0.8048812698383427
o 9610 0.6795393317974527 0.6939977053379083
o 9620 0.944210475340291 0.9511582837352328
o 9630 0.49498695597157677 0.5105721071340346
o 9640 0.8567431740073417 0.8674946668972399
o 9650 0.999784848241918 0.9999999949993749
o 9660 0.9997427320109885 0.9999995494141014
o 9670 0.914365079806365 0.9228936008729219
o 9680 0.9963260758000116 0.9979838949949381
o 9690 0.6803844697138856 0.6948322841999008
o 9700 0.9779394480828787 0.9822979678996248
o 9710 0.17376773645283045 0.18574026798464738
o 9720 0.1795715691920241 0.19169444940891323
o 9730 0.9858051327617159 0.9892695030757817
o 9740 0.012972974554146872 0.01675146800699623
o 9750 0.8269457227722855 0.8385820433979203
o 9760 0.5158320123129677 0.531400027438901
o 9770 0.048822346096711426 0.05576890169320725
o 9780 0.15749447975098377 0.1690190988981538
o 9790 0.5119300362048275 0.5275033179020339
o 9800 0.9998341327646891 1
o 9810 0.8996016498198537 0.9087819366505151
o 9820 0.1439198572731336 0.15503837900117878
o 9830 0.8247765466218747 0.8364719425725432
o 9840 5.903205508420937e-06 0.0003321724075481258
o 9850 0.0007490736453991112 0.0018627226344664072
o 9860 0.3125805292642829 0.3271202015934951
o 9870 0.9868107463566297 0.9901435193579085
o 9880 0.5838233041049105 0.599145858298535
o 9890 0.9993257723589525 0.9998990270247117
o 9900 0.8601377620825169 0.8707789489156309
o 9910 0.22356419290058033 0.23668680461493785
o 9920 0.8488400750992027 0.859840397026607
o 9930 0.050101076743087496 0.05712971808273537
o 9940 0.16086583709573207 0.17248658594455035
o 9950 0.1265668900465255 0.13711731249938386
o 9960 0.01155103742402133 0.015133985354106927
o 9970 0.0007959207589015687 0.0019357705696929628
o 9980 0.9996678275924519 0.9999940967944916
o 9990 0.9979672929505882 0.9991411475683059
