0 1.751501055463129
10 1.751501055463129
20 1.130477284694366
30 1.751501055463129
40 1.751501055463129
50 1.7177108793854265
60 1.751501055463129
70 1.751501055463129
80 0.8862061183797076
90 1.6755739732560544
100 1.7177108793854265
110 1.562231110896173
120 1.3555818878802601
130 1.751501055463129
140 1.6941644517064574
150 1.3733269880545227
160 1.351438332962923
170 1.1269395557100852
180 1.751501055463129
190 1.6941644517064574
200 1.6346531443160806
210 1.4512484693536956
220 1.4974596456988305
230 1.581783110285229
240 1.5968494025174302
250 0.7400555461292119
260 1.6941644517064574
270 1.6600240094549488
280 1.7177108793854265
290 1.144014291451753
300 0.8960848420468086
310 1.2619705713770357
320 0.09908249149488152
330 1.751501055463129
340 0.2467662022030739
350 1.751501055463129
360 1.751501055463129
370 1.7177108793854265
380 1.751501055463129
390 1.751501055463129
400 1.6141653205843016
410 1.751501055463129
420 0.9208976458899927
430 1.751501055463129
440 1.751501055463129
450 1.0801486065278056
460 1.1219372473788298
470 1.6600240094549488
480 1.7177108793854265
490 1.4539006941740178
500 1.751501055463129
510 1.7177108793854265
520 1.5684065186803595
530 0.9144982851823625
540 1.5304641869729294
550 0.9697605852462865
560 1.2459137618296303
570 1.6600240094549488
580 1.6465671003381428
590 1.751501055463129
600 1.751501055463129
610 1.368700810646612
620 1.751501055463129
630 1.4025101364993833
640 1.6941644517064574
650 1.6239324170097214
660 1.6600240094549488
670 1.562231110896173
680 1.7177108793854265
690 1.751501055463129
700 1.751501055463129
710 1.6051801437995585
720 0.970706228607231
730 1.581783110285229
740 0.0
750 1.7177108793854265
760 0.5224610346059902
770 1.6755739732560544
780 1.4270949985364516
790 1.751501055463129
800 1.2232763172197119
810 1.4650298998162063
820 1.751501055463129
830 1.086126787560712
840 1.751501055463129
850 1.751501055463129
860 1.751501055463129
870 1.290618079070882
880 1.7177108793854265
890 1.1483066529070975
900 0.4769017036493996
910 1.6346531443160806
920 1.7177108793854265
930 1.2380476210909435
940 1.0932702218131642
950 1.0498452998654846
960 1.1108452622177836
970 1.6465671003381428
980 1.751501055463129
990 1.3297757447779546
1000 1.3285869501044
1010 1.751501055463129
1020 1.6941644517064574
1030 1.751501055463129
1040 1.751501055463129
1050 0.9479455751933665
1060 1.751501055463129
1070 1.751501055463129
1080 1.2408683364593822
1090 1.3297757447779546
1100 1.751501055463129
1110 1.751501055463129
1120 1.6346531443160806
1130 1.3555818878802601
1140 1.6239324170097214
1150 1.517107704132223
1160 1.517107704132223
1170 1.751501055463129
1180 1.751501055463129
1190 1.6239324170097214
1200 1.0471705427208526
1210 1.751501055463129
1220 1.7177108793854265
1230 1.5890758744264593
1240 1.6600240094549488
1250 1.5258595704051456
1260 0.0
1270 0.0
1280 1.751501055463129
1290 0.9219795201145805
1300 1.4316168029097445
1310 1.2993373408477749
1320 1.2132386560616961
1330 1.6051801437995585
1340 1.6051801437995585
1350 1.751501055463129
1360 1.7177108793854265
1370 1.3473987696162513
1380 1.3408835530715983
1390 1.751501055463129
1400 1.751501055463129
1410 1.6941644517064574
1420 1.751501055463129
1430 1.751501055463129
1440 0.9038952010662116
1450 1.751501055463129
1460 1.6941644517064574
1470 1.2859601539039351
1480 1.751501055463129
1490 1.3764883627076754
1500 0.0
1510 1.5401972045950025
1520 1.5304641869729294
1530 0.0
1540 1.751501055463129
1550 1.6051801437995585
1560 1.7177108793854265
1570 1.1234632968178935
1580 1.4184437533888432
1590 1.751501055463129
1600 1.3274066196810468
1610 1.751501055463129
1620 1.5749097631172948
1630 1.751501055463129
1640 1.0259055288134233
1650 1.6600240094549488
1660 1.069856361851998
1670 1.0945955103291294
1680 1.3297757447779546
1690 1.5507328234277749
1700 1.751501055463129
1710 1.6600240094549488
1720 1.751501055463129
1730 0.9353544952548514
1740 1.144014291451753
1750 1.2318586941801803
1760 1.6941644517064574
1770 1.751501055463129
1780 1.751501055463129
1790 0.0
1800 1.2587977776620392
1810 1.6755739732560544
1820 1.751501055463129
1830 1.751501055463129
1840 1.751501055463129
1850 0.8447008538326852
1860 1.41026646928476
1870 1.751501055463129
1880 1.4316168029097445
1890 1.751501055463129
1900 1.6600240094549488
1910 1.3117093337732881
1920 1.312782944355956
1930 1.4835648782446018
1940 1.751501055463129
1950 1.751501055463129
1960 1.6755739732560544
1970 0.6569828782059602
1980 1.6141653205843016
1990 1.6600240094549488
2000 1.6465671003381428
2010 1.751501055463129
2020 1.6239324170097214
2030 1.6941644517064574
2040 1.38981908253903
2050 1.751501055463129
2060 1.751501055463129
2070 0.0
2080 1.6755739732560544
2090 0.8627903148068746
2100 1.4566023847203269
2110 1.1544773960880357
2120 1.6239324170097214
2130 0.0
2140 1.751501055463129
2150 1.751501055463129
2160 1.751501055463129
2170 1.751501055463129
2180 1.4903366392778366
2190 1.751501055463129
2200 1.5968494025174302
2210 1.6941644517064574
2220 1.751501055463129
2230 1.6600240094549488
2240 1.751501055463129
2250 1.562231110896173
2260 1.751501055463129
2270 1.7177108793854265
2280 0.8132947397846537
2290 1.2232763172197119
2300 1.751501055463129
2310 1.4593563206026468
2320 1.1410645972268052
2330 1.4006315730416175
2340 1.751501055463129
2350 1.751501055463129
2360 1.7177108793854265
2370 1.5684065186803595
2380 1.3797157307480905
2390 1.751501055463129
2400 1.517107704132223
2410 1.751501055463129
2420 1.6941644517064574
2430 0.8629130233439726
2440 1.7177108793854265
2450 1.2752707889790877
2460 1.3528073117872146
2470 1.7177108793854265
2480 1.1613132689089565
2490 1.4709402299100194
2500 1.0823313721331314
2510 1.5507328234277749
2520 1.6755739732560544
2530 1.4512484693536956
2540 1.7177108793854265
2550 1.4184437533888432
2560 1.266018884774447
2570 1.3733269880545227
2580 1.751501055463129
2590 1.7177108793854265
2600 1.751501055463129
2610 1.1617776766362224
2620 1.751501055463129
2630 1.5258595704051456
2640 1.6600240094549488
2650 1.0848538547732922
2660 1.7177108793854265
2670 1.38981908253903
2680 1.517107704132223
2690 1.3285869501044
2700 1.5401972045950025
2710 1.2587977776620392
2720 0.36029502966128035
2730 0.7587505161769731
2740 1.1876167391874008
2750 1.5507328234277749
2760 0.956183696823336
2770 1.3656900154663405
2780 1.38981908253903
2790 1.751501055463129
2800 1.6755739732560544
2810 0.43521033425255656
2820 1.4650298998162063
2830 1.751501055463129
2840 1.6346531443160806
2850 1.4709402299100194
2860 1.433931735133305
2870 1.581783110285229
2880 1.751501055463129
2890 1.751501055463129
2900 1.7177108793854265
2910 1.6755739732560544
2920 1.154925856315173
2930 0.7807795811950891
2940 1.751501055463129
2950 1.751501055463129
2960 1.6941644517064574
2970 0.6999255227545129
2980 1.751501055463129
2990 1.4974596456988305
3000 1.6600240094549488
3010 1.3951295457733366
3020 1.751501055463129
3030 0.8681374392014138
3040 1.5684065186803595
3050 1.751501055463129
3060 0.0
3070 1.7177108793854265
3080 1.751501055463129
3090 1.751501055463129
3100 0.796047198515442
3110 1.5684065186803595
3120 1.7177108793854265
3130 1.1324701402666624
3140 1.751501055463129
3150 1.5258595704051456
3160 0.5060980736689732
3170 1.751501055463129
3180 1.7177108793854265
3190 1.5352386904319557
3200 1.6941644517064574
3210 1.6755739732560544
3220 1.751501055463129
3230 1.751501055463129
3240 0.5808981465426277
3250 1.2291745550961757
3260 1.5401972045950025
3270 1.751501055463129
3280 1.3117093337732881
3290 1.6941644517064574
3300 1.4006315730416175
3310 1.751501055463129
3320 1.7177108793854265
3330 0.7091883537433763
3340 1.751501055463129
3350 1.7177108793854265
3360 1.7177108793854265
3370 1.4679536967023519
3380 1.751501055463129
3390 1.751501055463129
3400 1.751501055463129
3410 1.107278346201031
3420 1.751501055463129
3430 1.6346531443160806
3440 1.4835648782446018
3450 1.5563494802159719
3460 1.0589150673283239
3470 1.7177108793854265
3480 1.6941644517064574
3490 0.3084698954746963
3500 1.751501055463129
3510 1.6941644517064574
3520 0.0
3530 1.3733269880545227
3540 1.751501055463129
3550 0.9116569564481362
3560 1.751501055463129
3570 1.7177108793854265
3580 0.6937533546528863
3590 1.6600240094549488
3600 1.6465671003381428
3610 1.6465671003381428
3620 1.7177108793854265
3630 1.751501055463129
3640 1.4679536967023519
3650 1.751501055463129
3660 1.751501055463129
3670 1.751501055463129
3680 1.6941644517064574
3690 1.6465671003381428
3700 1.562231110896173
3710 1.2037200207315806
3720 1.6600240094549488
3730 0.41887191106296284
3740 1.751501055463129
3750 1.6755739732560544
3760 1.6141653205843016
3770 1.6941644517064574
3780 0.1682673546696897
3790 1.751501055463129
3800 1.5749097631172948
3810 1.3239151252774648
3820 1.751501055463129
3830 1.751501055463129
3840 1.6346531443160806
3850 0.7274690932884702
3860 1.5684065186803595
3870 1.751501055463129
3880 1.4802997981874675
3890 1.751501055463129
3900 1.7177108793854265
3910 1.751501055463129
3920 1.751501055463129
3930 1.751501055463129
3940 1.7177108793854265
3950 0.9882172182551604
3960 1.751501055463129
3970 1.1599266350422082
3980 1.751501055463129
3990 1.6941644517064574
4000 0.6122844546206716
4010 1.751501055463129
4020 1.751501055463129
4030 1.0256644962310788
4040 1.5968494025174302
4050 1.6941644517064574
4060 1.5214108599161613
4070 1.751501055463129
4080 1.751501055463129
4090 1.6941644517064574
4100 1.4771096936076917
4110 1.6346531443160806
4120 1.414299272584271
4130 1.751501055463129
4140 0.8337578251300012
4150 1.751501055463129
4160 1.7177108793854265
4170 1.751501055463129
4180 1.5401972045950025
4190 1.751501055463129
4200 1.751501055463129
4210 1.6465671003381428
4220 1.6600240094549488
4230 1.6755739732560544
4240 1.7177108793854265
4250 1.751501055463129
4260 1.6941644517064574
4270 1.7177108793854265
4280 1.5049773608599697
4290 1.6941644517064574
4300 0.4728746167338529
4310 1.751501055463129
4320 1.751501055463129
4330 1.1058691519027213
4340 1.4293387478710176
4350 1.4063384273909425
4360 0.3405843806398693
4370 1.2710039988288167
4380 0.7392538521499701
4390 1.6465671003381428
4400 0.7526702142037247
4410 1.3933388877480928
4420 1.240159024780949
4430 1.751501055463129
4440 1.2934755349722993
4450 1.751501055463129
4460 1.545355789813554
4470 1.751501055463129
4480 1.562231110896173
4490 1.6600240094549488
4500 0.0
4510 1.751501055463129
4520 1.6600240094549488
4530 1.751501055463129
4540 1.5304641869729294
4550 1.5507328234277749
4560 1.6600240094549488
4570 0.9303332706285066
4580 1.751501055463129
4590 1.4802997981874675
4600 1.751501055463129
4610 1.4593563206026468
4620 1.143590457231444
4630 1.0909703543509481
4640 1.4802997981874675
4650 1.751501055463129
4660 1.3043822967605354
4670 1.751501055463129
4680 1.751501055463129
4690 0.5143130849459823
4700 1.416357315193694
4710 1.6346531443160806
4720 1.7177108793854265
4730 1.751501055463129
4740 0.1900741734670433
4750 1.2896762497872145
4760 1.7177108793854265
4770 1.6941644517064574
4780 1.751501055463129
4790 1.751501055463129
4800 1.751501055463129
4810 1.751501055463129
4820 1.6600240094549488
4830 1.5089001495857453
4840 1.5749097631172948
4850 1.7177108793854265
4860 0.16894219403647723
4870 1.751501055463129
4880 1.3043822967605354
4890 0.6167792740953025
4900 1.099302974235821
4910 1.5089001495857453
4920 1.751501055463129
4930 1.751501055463129
4940 1.6941644517064574
4950 0.9433368780115796
4960 1.751501055463129
4970 1.6755739732560544
4980 1.6465671003381428
4990 0.8751383631203253
5000 1.7177108793854265
5010 1.751501055463129
5020 1.2138503068160076
5030 1.751501055463129
5040 1.3642059882972162
5050 1.4512484693536956
5060 1.5968494025174302
5070 1.6600240094549488
5080 1.751501055463129
5090 1.7177108793854265
5100 1.3987749902789344
5110 1.6941644517064574
5120 1.751501055463129
5130 1.446086187476622
5140 1.1844506329822604
5150 1.751501055463129
5160 1.751501055463129
5170 1.751501055463129
5180 1.7177108793854265
5190 1.6941644517064574
5200 1.1576377716115087
5210 1.1234632968178935
5220 1.5890758744264593
5230 1.751501055463129
5240 1.751501055463129
5250 1.5049773608599697
5260 1.4486444793543516
5270 1.751501055463129
5280 1.751501055463129
5290 1.751501055463129
5300 1.7177108793854265
5310 1.751501055463129
5320 1.751501055463129
5330 1.7177108793854265
5340 1.751501055463129
5350 1.751501055463129
5360 1.441102036721682
5370 1.751501055463129
5380 1.4486444793543516
5390 1.751501055463129
5400 1.7177108793854265
5410 1.517107704132223
5420 1.368700810646612
5430 1.751501055463129
5440 1.2619705713770357
5450 1.2014149413318378
5460 1.6600240094549488
5470 1.751501055463129
5480 1.6600240094549488
5490 1.751501055463129
5500 1.751501055463129
5510 1.5684065186803595
5520 1.751501055463129
5530 1.3717696717141694
5540 1.751501055463129
5550 1.751501055463129
5560 1.0646036855368215
5570 1.7177108793854265
5580 1.5749097631172948
5590 1.7177108793854265
5600 0.0
5610 1.4386723146390565
5620 0.8527619611446798
5630 1.7177108793854265
5640 1.381354573122929
5650 1.751501055463129
5660 1.751501055463129
5670 1.4621647074391118
5680 1.7177108793854265
5690 1.751501055463129
5700 1.7177108793854265
5710 1.5968494025174302
5720 0.5435194455228651
5730 1.1860271109713172
5740 1.517107704132223
5750 1.751501055463129
5760 1.751501055463129
5770 1.751501055463129
5780 1.441102036721682
5790 1.6755739732560544
5800 1.433931735133305
5810 1.751501055463129
5820 1.751501055463129
5830 1.751501055463129
5840 1.7177108793854265
5850 1.751501055463129
5860 1.751501055463129
5870 1.5089001495857453
5880 1.751501055463129
5890 1.7177108793854265
5900 1.6941644517064574
5910 1.245184366281229
5920 1.751501055463129
5930 1.751501055463129
5940 1.6941644517064574
5950 1.210211421691938
5960 1.4650298998162063
5970 1.751501055463129
5980 1.751501055463129
5990 1.751501055463129
6000 1.2175632038260806
6010 1.751501055463129
6020 1.6141653205843016
6030 1.1839278280059145
6040 1.751501055463129
6050 1.6941644517064574
6060 1.751501055463129
6070 1.751501055463129
6080 1.7177108793854265
6090 1.6755739732560544
6100 1.751501055463129
6110 1.751501055463129
6120 1.751501055463129
6130 1.751501055463129
6140 1.751501055463129
6150 1.6941644517064574
6160 1.2066428856143925
6170 1.7177108793854265
6180 1.751501055463129
6190 1.6239324170097214
6200 1.751501055463129
6210 1.5507328234277749
6220 1.6941644517064574
6230 1.5563494802159719
6240 1.751501055463129
6250 1.7177108793854265
6260 1.6141653205843016
6270 1.751501055463129
6280 1.751501055463129
6290 1.6051801437995585
6300 1.6465671003381428
6310 1.751501055463129
6320 1.751501055463129
6330 1.751501055463129
6340 1.751501055463129
6350 1.751501055463129
6360 1.751501055463129
6370 1.3370959409730814
6380 1.6051801437995585
6390 1.6465671003381428
6400 1.3358527817058956
6410 1.6239324170097214
6420 1.5507328234277749
6430 1.751501055463129
6440 1.751501055463129
6450 1.751501055463129
6460 1.4739909532121171
6470 1.751501055463129
6480 1.7177108793854265
6490 1.6600240094549488
6500 1.751501055463129
6510 1.751501055463129
6520 1.6600240094549488
6530 1.5968494025174302
6540 1.751501055463129
6550 1.751501055463129
6560 0.0
6570 0.9498489604671707
6580 1.6941644517064574
6590 1.6941644517064574
6600 1.5563494802159719
6610 1.127329524099964
6620 1.6346531443160806
6630 1.751501055463129
6640 1.751501055463129
6650 1.1585503341317884
6660 1.751501055463129
6670 1.751501055463129
6680 1.7177108793854265
6690 1.4835648782446018
6700 1.4063384273909425
6710 1.6141653205843016
6720 1.751501055463129
6730 1.48690883839345
6740 0.9614121887733176
6750 1.751501055463129
6760 1.751501055463129
6770 1.751501055463129
6780 1.416357315193694
6790 1.751501055463129
6800 1.7177108793854265
6810 1.751501055463129
6820 1.751501055463129
6830 1.7177108793854265
6840 1.7177108793854265
6850 1.751501055463129
6860 1.751501055463129
6870 1.0440035338185412
6880 1.6465671003381428
6890 1.7177108793854265
6900 1.7177108793854265
6910 1.250355314837655
6920 1.751501055463129
6930 1.5968494025174302
6940 1.581783110285229
6950 1.7177108793854265
6960 1.751501055463129
6970 1.751501055463129
6980 1.2175632038260806
6990 1.1402297169629088
7000 1.751501055463129
7010 1.6465671003381428
7020 1.751501055463129
7030 1.2473821047709452
7040 1.751501055463129
7050 1.751501055463129
7060 1.6755739732560544
7070 1.7177108793854265
7080 1.751501055463129
7090 1.6141653205843016
7100 1.7177108793854265
7110 1.751501055463129
7120 1.751501055463129
7130 1.266018884774447
7140 1.7177108793854265
7150 1.751501055463129
7160 1.751501055463129
7170 1.545355789813554
7180 1.751501055463129
7190 1.6941644517064574
7200 1.6141653205843016
7210 1.3702274949383257
7220 1.5890758744264593
7230 1.581783110285229
7240 1.6346531443160806
7250 1.751501055463129
7260 1.6239324170097214
7270 1.7177108793854265
7280 1.751501055463129
7290 1.751501055463129
7300 1.416357315193694
7310 1.751501055463129
7320 1.1513675950958087
7330 1.751501055463129
7340 1.751501055463129
7350 0.9898581465114089
7360 1.6346531443160806
7370 1.3846851977274017
7380 1.517107704132223
7390 1.4184437533888432
7400 1.6465671003381428
7410 1.6755739732560544
7420 1.6346531443160806
7430 1.020658900285345
7440 1.751501055463129
7450 1.751501055463129
7460 1.6141653205843016
7470 1.751501055463129
7480 1.751501055463129
7490 1.5401972045950025
7500 1.6755739732560544
7510 1.751501055463129
7520 1.751501055463129
7530 1.6941644517064574
7540 1.751501055463129
7550 1.751501055463129
7560 1.6141653205843016
7570 1.751501055463129
7580 1.1444395945702044
7590 1.751501055463129
7600 1.751501055463129
7610 1.751501055463129
7620 1.6941644517064574
7630 1.6465671003381428
7640 1.4679536967023519
7650 1.751501055463129
7660 1.751501055463129
7670 1.751501055463129
7680 1.1985729655475337
7690 1.6600240094549488
7700 1.38981908253903
7710 1.751501055463129
7720 1.3969418546187908
7730 1.6465671003381428
7740 1.751501055463129
7750 1.751501055463129
7760 1.6600240094549488
7770 1.6941644517064574
7780 1.751501055463129
7790 1.6465671003381428
7800 1.4539006941740178
7810 1.751501055463129
7820 1.751501055463129
7830 1.751501055463129
7840 1.751501055463129
7850 1.4486444793543516
7860 1.7177108793854265
7870 1.751501055463129
7880 1.751501055463129
7890 1.751501055463129
7900 1.581783110285229
7910 1.751501055463129
7920 1.5749097631172948
7930 1.751501055463129
7940 1.751501055463129
7950 1.751501055463129
7960 1.751501055463129
7970 1.751501055463129
7980 1.751501055463129
7990 1.2265292574276923
8000 1.581783110285229
8010 1.6465671003381428
8020 1.6051801437995585
8030 1.7177108793854265
8040 1.751501055463129
8050 1.751501055463129
8060 1.7177108793854265
8070 1.751501055463129
8080 1.751501055463129
8090 1.751501055463129
8100 1.751501055463129
8110 1.0823313721331314
8120 1.6941644517064574
8130 1.751501055463129
8140 1.751501055463129
8150 1.512940927361
8160 1.1576377716115087
8170 1.751501055463129
8180 1.6755739732560544
8190 1.751501055463129
8200 1.751501055463129
8210 1.4974596456988305
8220 1.751501055463129
8230 1.5304641869729294
8240 1.751501055463129
8250 1.6465671003381428
8260 1.7177108793854265
8270 1.751501055463129
8280 1.7177108793854265
8290 0.8658862136871345
8300 1.751501055463129
8310 1.751501055463129
8320 1.5507328234277749
8330 1.7177108793854265
8340 1.7177108793854265
8350 1.6600240094549488
8360 1.751501055463129
8370 1.751501055463129
8380 1.751501055463129
8390 1.7177108793854265
8400 1.6755739732560544
8410 0.9558278875281394
8420 1.751501055463129
8430 1.4650298998162063
8440 1.6465671003381428
8450 1.751501055463129
8460 1.751501055463129
8470 1.751501055463129
8480 1.751501055463129
8490 1.751501055463129
8500 1.751501055463129
8510 1.5089001495857453
8520 0.027584994407054968
8530 1.5049773608599697
8540 1.751501055463129
8550 1.751501055463129
8560 1.751501055463129
8570 1.7177108793854265
8580 1.751501055463129
8590 1.6346531443160806
8600 1.751501055463129
8610 1.5304641869729294
8620 1.6755739732560544
8630 1.751501055463129
8640 1.5089001495857453
8650 1.7177108793854265
8660 1.6755739732560544
8670 1.6051801437995585
8680 1.5968494025174302
8690 1.6465671003381428
8700 1.5352386904319557
8710 1.4566023847203269
8720 1.751501055463129
8730 1.751501055463129
8740 1.751501055463129
8750 1.6465671003381428
8760 1.7177108793854265
8770 1.7177108793854265
8780 1.751501055463129
8790 1.751501055463129
8800 1.751501055463129
8810 1.751501055463129
8820 1.751501055463129
8830 1.751501055463129
8840 1.751501055463129
8850 1.751501055463129
8860 1.751501055463129
8870 1.751501055463129
8880 1.751501055463129
8890 1.751501055463129
8900 1.6600240094549488
8910 1.751501055463129
8920 1.6051801437995585
8930 1.751501055463129
8940 1.7177108793854265
8950 1.751501055463129
8960 1.751501055463129
8970 1.751501055463129
8980 1.751501055463129
8990 1.751501055463129
9000 1.751501055463129
9010 1.3193726667155272
9020 1.751501055463129
9030 1.7177108793854265
9040 1.751501055463129
9050 1.751501055463129
9060 1.751501055463129
9070 1.751501055463129
9080 1.751501055463129
9090 1.6941644517064574
9100 1.751501055463129
9110 1.6239324170097214
9120 1.751501055463129
9130 1.751501055463129
9140 1.751501055463129
9150 1.6941644517064574
9160 1.751501055463129
9170 1.4316168029097445
9180 1.751501055463129
9190 1.751501055463129
9200 1.751501055463129
9210 1.6239324170097214
9220 1.751501055463129
9230 1.751501055463129
9240 1.751501055463129
9250 1.6465671003381428
9260 1.751501055463129
9270 1.751501055463129
9280 0.2878846716754827
9290 1.6600240094549488
9300 1.751501055463129
9310 1.751501055463129
9320 1.4270949985364516
9330 1.501166787096087
9340 1.7177108793854265
9350 1.412269486383527
9360 1.751501055463129
9370 1.6755739732560544
9380 1.751501055463129
9390 1.751501055463129
9400 1.420560152685946
9410 1.6941644517064574
9420 1.751501055463129
9430 1.6941644517064574
9440 1.751501055463129
9450 1.5049773608599697
9460 1.751501055463129
9470 1.7177108793854265
9480 1.751501055463129
9490 1.6941644517064574
9500 1.6941644517064574
9510 1.751501055463129
9520 1.6941644517064574
9530 0.6398726667584596
9540 1.5968494025174302
9550 1.6465671003381428
9560 1.286881865781797
9570 1.751501055463129
9580 1.4679536967023519
9590 1.751501055463129
9600 1.751501055463129
9610 1.1112050038620058
9620 0.8375438390959666
9630 1.7177108793854265
9640 1.6051801437995585
9650 1.751501055463129
9660 1.7177108793854265
9670 0.9455448851239886
9680 0.9656426383747867
9690 1.7177108793854265
9700 0.7402965289220615
9710 1.751501055463129
9720 1.751501055463129
9730 1.751501055463129
9740 0.9588744093630245
9750 1.6600240094549488
9760 1.751501055463129
9770 0.25285912163737667
9780 1.3106425131353827
9790 1.6755739732560544
9800 1.7177108793854265
9810 1.751501055463129
9820 1.5352386904319557
9830 1.5258595704051456
9840 1.38637780189532
9850 0.29419452298041715
9860 1.5749097631172948
9870 1.3969418546187908
9880 1.3396108372525906
9890 1.0979469184779125
9900 1.6346531443160806
9910 1.6941644517064574
9920 1.6941644517064574
9930 1.751501055463129
9940 1.3321799169776245
9950 1.751501055463129
9960 1.144014291451753
9970 1.2934755349722993
9980 0.6369124114425766
9990 1.751501055463129
