0 0.8757500998693462 0.0 0.0
10 0.8757500998693462 0.0 0.0
20 0.8588550199847992 0.0 0.0
30 0.8757500998693462 0.0 0.0
40 0.8757500998693462 0.0 0.0
50 0.8757500998693462 0.0 0.0
60 0.8757500998693462 0.0 0.0
70 0.8757500998693462 0.0 0.0
80 0.8300115989526464 0.0 0.0
90 0.8757500998693462 0.0 0.0
100 0.8757500998693462 0.0 0.0
110 0.8757500998693462 0.0 0.0
120 0.8757500998693462 0.0 0.0
130 0.8757500998693462 0.0 0.0
140 0.8757500998693462 0.0 0.0
150 0.8757500998693462 0.0 0.0
160 0.8757500998693462 0.0 0.0
170 0.8757500998693462 0.0 0.0
180 0.8757500998693462 0.0 0.0
190 0.8757500998693462 0.0 0.0
200 0.8757500998693462 0.0 0.0
210 0.8757500998693462 0.0 0.0
220 0.8757500998693462 0.0 0.0
230 0.8757500998693462 0.0 0.0
240 0.8757500998693462 0.0 0.0
250 0.8757500998693462 0.0 0.0
260 0.8757500998693462 0.0 0.0
270 0.8757500998693462 0.0 0.0
280 0.8757500998693462 0.0 0.0
290 0.8588550199847992 0.0 0.0
300 0.8 0.001575298741284925 0.001973008523911484
310 0.8757500998693462 0.0 0.0
320 0.8588550199847992 0.0 0.0
330 0.8757500998693462 0.0 0.0
340 0.19708662851810316 0.0 0.0
350 0.8757500998693462 0.0 0.0
360 0.8757500998693462 0.0 0.0
370 0.8757500998693462 0.0 0.0
380 0.8757500998693462 0.0 0.0
390 0.8757500998693462 0.0 0.0
400 0.8757500998693462 0.0 0.0
410 0.8757500998693462 0.0 0.0
420 0.8757500998693462 0.0 0.0
430 0.8757500998693462 0.0 0.0
440 0.8757500998693462 0.0 0.0
450 0.8 0.015797124275675367 0.02014418049804324
460 0.8300115989526464 0.0 0.0
470 0.8757500998693462 0.0 0.0
480 0.8757500998693462 0.0 0.0
490 0.8588550199847992 0.0 0.0
500 0.8757500998693462 0.0 0.0
510 0.8757500998693462 0.0 0.0
520 0.8757500998693462 0.0 0.0
530 0.8 0.015797124275675367 0.02014418049804324
540 0.8757500998693462 0.0 0.0
550 0.73 0.021821689164207125 0.030813834355436758
560 0.8757500998693462 0.0 0.0
570 0.8757500998693462 0.0 0.0
580 0.8757500998693462 0.0 0.0
590 0.8757500998693462 0.0 0.0
600 0.8757500998693462 0.0 0.0
610 0.8757500998693462 0.0 0.0
620 0.8757500998693462 0.0 0.0
630 0.8757500998693462 0.0 0.0
640 0.8757500998693462 0.0 0.0
650 0.8757500998693462 0.0 0.0
660 0.8757500998693462 0.0 0.0
670 0.8757500998693462 0.0 0.0
680 0.8757500998693462 0.0 0.0
690 0.8757500998693462 0.0 0.0
700 0.8757500998693462 0.0 0.0
710 0.8757500998693462 0.0 0.0
720 0.0 0.0 0.0
730 0.8757500998693462 0.0 0.0
740 0.17551796413445409 0.0 0.0
750 0.8757500998693462 0.0 0.0
760 0.76 0.04303413243334753 0.06002256785166537
770 0.8757500998693462 0.0 0.0
780 0.8757500998693462 0.0 0.0
790 0.8588550199847992 0.0 0.0
800 0.8757500998693462 0.0 0.0
810 0.8757500998693462 0.0 0.0
820 0.8757500998693462 0.0 0.0
830 0.8377869866280272 0.0 0.0
840 0.8757500998693462 0.0 0.0
850 0.8757500998693462 0.0 0.0
860 0.8757500998693462 0.0 0.0
870 0.8300115989526464 0.0 0.0
880 0.8757500998693462 0.0 0.0
890 0.8757500998693462 0.0 0.0
900 0.16848990952729986 0.0 0.0
910 0.8757500998693462 0.0 0.0
920 0.8757500998693462 0.0 0.0
930 0.8757500998693462 0.0 0.0
940 0.8588550199847992 0.0 0.0
950 0.8757500998693462 0.0 0.0
960 0.8757500998693462 0.0 0.0
970 0.8757500998693462 0.0 0.0
980 0.8757500998693462 0.0 0.0
990 0.8757500998693462 0.0 0.0
1000 0.8757500998693462 0.0 0.0
1010 0.8757500998693462 0.0 0.0
1020 0.8757500998693462 0.0 0.0
1030 0.8757500998693462 0.0 0.0
1040 0.8757500998693462 0.0 0.0
1050 0.8757500998693462 0.0 0.0
1060 0.8757500998693462 0.0 0.0
1070 0.8757500998693462 0.0 0.0
1080 0.8757500998693462 0.0 0.0
1090 0.8757500998693462 0.0 0.0
1100 0.8757500998693462 0.0 0.0
1110 0.8757500998693462 0.0 0.0
1120 0.8757500998693462 0.0 0.0
1130 0.8757500998693462 0.0 0.0
1140 0.8757500998693462 0.0 0.0
1150 0.8757500998693462 0.0 0.0
1160 0.8757500998693462 0.0 0.0
1170 0.8757500998693462 0.0 0.0
1180 0.8757500998693462 0.0 0.0
1190 0.8757500998693462 0.0 0.0
1200 0.78 0.02144614793388855 0.02827241319185789
1210 0.8757500998693462 0.0 0.0
1220 0.8757500998693462 0.0 0.0
1230 0.8757500998693462 0.0 0.0
1240 0.8757500998693462 0.0 0.0
1250 0.8757500998693462 0.0 0.0
1260 0.0 0.0 0.0
1270 0.7000000000000001 0.030194581373704787 0.045079631388517116
1280 0.8757500998693462 0.0 0.0
1290 0.78 0.0046335882861126 0.005975998206925693
1300 0.8757500998693462 0.0 0.0
1310 0.8757500998693462 0.0 0.0
1320 0.8757500998693462 0.0 0.0
1330 0.8757500998693462 0.0 0.0
1340 0.8757500998693462 0.0 0.0
1350 0.8757500998693462 0.0 0.0
1360 0.8757500998693462 0.0 0.0
1370 0.8757500998693462 0.0 0.0
1380 0.8757500998693462 0.0 0.0
1390 0.8757500998693462 0.0 0.0
1400 0.8757500998693462 0.0 0.0
1410 0.8757500998693462 0.0 0.0
1420 0.8757500998693462 0.0 0.0
1430 0.8757500998693462 0.0 0.0
1440 0.8300115989526464 0.0 0.0
1450 0.8757500998693462 0.0 0.0
1460 0.8757500998693462 0.0 0.0
1470 0.8757500998693462 0.0 0.0
1480 0.8757500998693462 0.0 0.0
1490 0.8757500998693462 0.0 0.0
1500 0.11607193871605263 0.0 0.0
1510 0.8757500998693462 0.0 0.0
1520 0.8470818118307006 0.0 0.0
1530 0.28110969004599445 0.0 0.0
1540 0.8757500998693462 0.0 0.0
1550 0.8757500998693462 0.0 0.0
1560 0.8757500998693462 0.0 0.0
1570 0.75 0.020321839698676625 0.027850415161507155
1580 0.8757500998693462 0.0 0.0
1590 0.8757500998693462 0.0 0.0
1600 0.76 0.026023151648824072 0.035455003393203934
1610 0.8757500998693462 0.0 0.0
1620 0.8757500998693462 0.0 0.0
1630 0.8757500998693462 0.0 0.0
1640 0.8757500998693462 0.0 0.0
1650 0.8757500998693462 0.0 0.0
1660 0.8757500998693462 0.0 0.0
1670 0.8470818118307006 0.0 0.0
1680 0.8588550199847992 0.0 0.0
1690 0.8757500998693462 0.0 0.0
1700 0.8757500998693462 0.0 0.0
1710 0.8757500998693462 0.0 0.0
1720 0.8757500998693462 0.0 0.0
1730 0.76 0.03821406261400517 0.05294376162605833
1740 0.8757500998693462 0.0 0.0
1750 0.8757500998693462 0.0 0.0
1760 0.8757500998693462 0.0 0.0
1770 0.8757500998693462 0.0 0.0
1780 0.8757500998693462 0.0 0.0
1790 0.65 0.06187212972801481 0.10520183255284514
1800 0.8757500998693462 0.0 0.0
1810 0.8757500998693462 0.0 0.0
1820 0.8757500998693462 0.0 0.0
1830 0.8757500998693462 0.0 0.0
1840 0.8757500998693462 0.0 0.0
1850 0.8470818118307006 0.0 0.0
1860 0.8757500998693462 0.0 0.0
1870 0.8757500998693462 0.0 0.0
1880 0.7000000000000001 0.05793433719808094 0.09023117191045617
1890 0.8757500998693462 0.0 0.0
1900 0.8300115989526464 0.0 0.0
1910 0.8757500998693462 0.0 0.0
1920 0.8757500998693462 0.0 0.0
1930 0.8757500998693462 0.0 0.0
1940 0.8757500998693462 0.0 0.0
1950 0.8757500998693462 0.0 0.0
1960 0.8757500998693462 0.0 0.0
1970 0.8757500998693462 0.0 0.0
1980 0.8757500998693462 0.0 0.0
1990 0.8757500998693462 0.0 0.0
2000 0.8757500998693462 0.0 0.0
2010 0.8757500998693462 0.0 0.0
2020 0.8757500998693462 0.0 0.0
2030 0.8757500998693462 0.0 0.0
2040 0.8757500998693462 0.0 0.0
2050 0.8757500998693462 0.0 0.0
2060 0.8757500998693462 0.0 0.0
2070 0.0 0.0 0.0
2080 0.8757500998693462 0.0 0.0
2090 0.64 0.02771452798596341 0.045264062684355275
2100 0.8757500998693462 0.0 0.0
2110 0.8757500998693462 0.0 0.0
2120 0.8757500998693462 0.0 0.0
2130 0.0 0.0 0.0
2140 0.8757500998693462 0.0 0.0
2150 0.8757500998693462 0.0 0.0
2160 0.8757500998693462 0.0 0.0
2170 0.8757500998693462 0.0 0.0
2180 0.8757500998693462 0.0 0.0
2190 0.8757500998693462 0.0 0.0
2200 0.8757500998693462 0.0 0.0
2210 0.8757500998693462 0.0 0.0
2220 0.8757500998693462 0.0 0.0
2230 0.8757500998693462 0.0 0.0
2240 0.8757500998693462 0.0 0.0
2250 0.8757500998693462 0.0 0.0
2260 0.8757500998693462 0.0 0.0
2270 0.8757500998693462 0.0 0.0
2280 0.77 0.013529536319500046 0.017885082060803806
2290 0.8757500998693462 0.0 0.0
2300 0.8757500998693462 0.0 0.0
2310 0.8757500998693462 0.0 0.0
2320 0.8757500998693462 0.0 0.0
2330 0.8757500998693462 0.0 0.0
2340 0.8757500998693462 0.0 0.0
2350 0.8757500998693462 0.0 0.0
2360 0.8757500998693462 0.0 0.0
2370 0.8757500998693462 0.0 0.0
2380 0.8757500998693462 0.0 0.0
2390 0.8757500998693462 0.0 0.0
2400 0.8757500998693462 0.0 0.0
2410 0.8757500998693462 0.0 0.0
2420 0.8757500998693462 0.0 0.0
2430 0.81 0.0029177343957380586 0.0036151635590128506
2440 0.8757500998693462 0.0 0.0
2450 0.8757500998693462 0.0 0.0
2460 0.8757500998693462 0.0 0.0
2470 0.8757500998693462 0.0 0.0
2480 0.8200000000000001 0.0026738274843187693 0.0032714325984311596
2490 0.8757500998693462 0.0 0.0
2500 0.8757500998693462 0.0 0.0
2510 0.8588550199847992 0.0 0.0
2520 0.8757500998693462 0.0 0.0
2530 0.8757500998693462 0.0 0.0
2540 0.8757500998693462 0.0 0.0
2550 0.8757500998693462 0.0 0.0
2560 0.8470818118307006 0.0 0.0
2570 0.8757500998693462 0.0 0.0
2580 0.8757500998693462 0.0 0.0
2590 0.8757500998693462 0.0 0.0
2600 0.8757500998693462 0.0 0.0
2610 0.8757500998693462 0.0 0.0
2620 0.8757500998693462 0.0 0.0
2630 0.71 0.03630061519187433 0.0538825120082498
2640 0.8757500998693462 0.0 0.0
2650 0.8757500998693462 0.0 0.0
2660 0.8757500998693462 0.0 0.0
2670 0.8757500998693462 0.0 0.0
2680 0.8757500998693462 0.0 0.0
2690 0.8757500998693462 0.0 0.0
2700 0.8757500998693462 0.0 0.0
2710 0.8588550199847992 0.0 0.0
2720 0.08140393864458301 0.0 0.0
2730 0.8588550199847992 0.0 0.0
2740 0.8757500998693462 0.0 0.0
2750 0.8757500998693462 0.0 0.0
2760 0.8232831476466432 0.0 0.0
2770 0.8588550199847992 0.0 0.0
2780 0.8757500998693462 0.0 0.0
2790 0.8757500998693462 0.0 0.0
2800 0.8757500998693462 0.0 0.0
2810 0.35000000000000003 0.010896562256180686 0.03213344674026175
2820 0.8757500998693462 0.0 0.0
2830 0.8757500998693462 0.0 0.0
2840 0.8757500998693462 0.0 0.0
2850 0.8757500998693462 0.0 0.0
2860 0.74 0.025330626064491213 0.03544383877120923
2870 0.8757500998693462 0.0 0.0
2880 0.8757500998693462 0.0 0.0
2890 0.8757500998693462 0.0 0.0
2900 0.8757500998693462 0.0 0.0
2910 0.8757500998693462 0.0 0.0
2920 0.8757500998693462 0.0 0.0
2930 0.8 0.005462062786770416 0.006874514772608732
2940 0.8757500998693462 0.0 0.0
2950 0.8757500998693462 0.0 0.0
2960 0.8757500998693462 0.0 0.0
2970 0.74 0.008917646280444114 0.012197868318218133
2980 0.8757500998693462 0.0 0.0
2990 0.81 0.007409928100220786 0.009232519015194193
3000 0.8757500998693462 0.0 0.0
3010 0.8757500998693462 0.0 0.0
3020 0.8757500998693462 0.0 0.0
3030 0.6 0.048633784961693016 0.08820595755638404
3040 0.8588550199847992 0.0 0.0
3050 0.8757500998693462 0.0 0.0
3060 0.014729746622637102 0.0 0.0
3070 0.8757500998693462 0.0 0.0
3080 0.8757500998693462 0.0 0.0
3090 0.8757500998693462 0.0 0.0
3100 0.8757500998693462 0.0 0.0
3110 0.8757500998693462 0.0 0.0
3120 0.8757500998693462 0.0 0.0
3130 0.8588550199847992 0.0 0.0
3140 0.8757500998693462 0.0 0.0
3150 0.8757500998693462 0.0 0.0
3160 0.68 0.022525185466969577 0.034260149543474186
3170 0.8757500998693462 0.0 0.0
3180 0.8757500998693462 0.0 0.0
3190 0.8757500998693462 0.0 0.0
3200 0.8757500998693462 0.0 0.0
3210 0.8757500998693462 0.0 0.0
3220 0.8757500998693462 0.0 0.0
3230 0.8757500998693462 0.0 0.0
3240 0.8588550199847992 0.0 0.0
3250 0.8757500998693462 0.0 0.0
3260 0.8757500998693462 0.0 0.0
3270 0.8757500998693462 0.0 0.0
3280 0.8757500998693462 0.0 0.0
3290 0.8757500998693462 0.0 0.0
3300 0.8757500998693462 0.0 0.0
3310 0.8757500998693462 0.0 0.0
3320 0.8757500998693462 0.0 0.0
3330 0.74 0.046811099052340044 0.06753007583985332
3340 0.8757500998693462 0.0 0.0
3350 0.8757500998693462 0.0 0.0
3360 0.8757500998693462 0.0 0.0
3370 0.8757500998693462 0.0 0.0
3380 0.8757500998693462 0.0 0.0
3390 0.8757500998693462 0.0 0.0
3400 0.8757500998693462 0.0 0.0
3410 0.8588550199847992 0.0 0.0
3420 0.8757500998693462 0.0 0.0
3430 0.8588550199847992 0.0 0.0
3440 0.8757500998693462 0.0 0.0
3450 0.8757500998693462 0.0 0.0
3460 0.8470818118307006 0.0 0.0
3470 0.8757500998693462 0.0 0.0
3480 0.8757500998693462 0.0 0.0
3490 0.15 0.0011903985137821649 0.007999473836991728
3500 0.8757500998693462 0.0 0.0
3510 0.8757500998693462 0.0 0.0
3520 0.0 0.0 0.0
3530 0.8757500998693462 0.0 0.0
3540 0.8757500998693462 0.0 0.0
3550 0.75 0.039719923657027034 0.05592149488626156
3560 0.8757500998693462 0.0 0.0
3570 0.8757500998693462 0.0 0.0
3580 0.68 0.025208484475242154 0.03849848979035681
3590 0.8757500998693462 0.0 0.0
3600 0.8757500998693462 0.0 0.0
3610 0.8757500998693462 0.0 0.0
3620 0.8757500998693462 0.0 0.0
3630 0.8757500998693462 0.0 0.0
3640 0.8588550199847992 0.0 0.0
3650 0.8757500998693462 0.0 0.0
3660 0.8757500998693462 0.0 0.0
3670 0.8757500998693462 0.0 0.0
3680 0.8757500998693462 0.0 0.0
3690 0.8757500998693462 0.0 0.0
3700 0.8757500998693462 0.0 0.0
3710 0.8588550199847992 0.0 0.0
3720 0.8757500998693462 0.0 0.0
3730 0.66 0.02780567043675497 0.04398279000060736
3740 0.8757500998693462 0.0 0.0
3750 0.8757500998693462 0.0 0.0
3760 0.8757500998693462 0.0 0.0
3770 0.8757500998693462 0.0 0.0
3780 0.02019236006726614 0.0 0.0
3790 0.8757500998693462 0.0 0.0
3800 0.8757500998693462 0.0 0.0
3810 0.8588550199847992 0.0 0.0
3820 0.8757500998693462 0.0 0.0
3830 0.8757500998693462 0.0 0.0
3840 0.8757500998693462 0.0 0.0
3850 0.75 0.008217923941090444 0.01107862296262576
3860 0.8757500998693462 0.0 0.0
3870 0.8757500998693462 0.0 0.0
3880 0.8757500998693462 0.0 0.0
3890 0.8757500998693462 0.0 0.0
3900 0.8757500998693462 0.0 0.0
3910 0.8757500998693462 0.0 0.0
3920 0.8757500998693462 0.0 0.0
3930 0.8757500998693462 0.0 0.0
3940 0.8757500998693462 0.0 0.0
3950 0.8 0.005462062786770416 0.006874514772608732
3960 0.8757500998693462 0.0 0.0
3970 0.73 0.053596675435299446 0.07923774690166048
3980 0.8757500998693462 0.0 0.0
3990 0.8757500998693462 0.0 0.0
4000 0.8588550199847992 0.0 0.0
4010 0.8757500998693462 0.0 0.0
4020 0.8757500998693462 0.0 0.0
4030 0.8757500998693462 0.0 0.0
4040 0.8757500998693462 0.0 0.0
4050 0.8757500998693462 0.0 0.0
4060 0.8588550199847992 0.0 0.0
4070 0.8757500998693462 0.0 0.0
4080 0.8757500998693462 0.0 0.0
4090 0.8757500998693462 0.0 0.0
4100 0.8757500998693462 0.0 0.0
4110 0.8377869866280272 0.0 0.0
4120 0.8757500998693462 0.0 0.0
4130 0.8757500998693462 0.0 0.0
4140 0.75 0.018917646280444123 0.02587621789008596
4150 0.8757500998693462 0.0 0.0
4160 0.8757500998693462 0.0 0.0
4170 0.8757500998693462 0.0 0.0
4180 0.8757500998693462 0.0 0.0
4190 0.8757500998693462 0.0 0.0
4200 0.8757500998693462 0.0 0.0
4210 0.8757500998693462 0.0 0.0
4220 0.8757500998693462 0.0 0.0
4230 0.8757500998693462 0.0 0.0
4240 0.8757500998693462 0.0 0.0
4250 0.8757500998693462 0.0 0.0
4260 0.8757500998693462 0.0 0.0
4270 0.8757500998693462 0.0 0.0
4280 0.8757500998693462 0.0 0.0
4290 0.8757500998693462 0.0 0.0
4300 0.8 0.012545118441352643 0.015931221883495706
4310 0.8757500998693462 0.0 0.0
4320 0.8757500998693462 0.0 0.0
4330 0.8757500998693462 0.0 0.0
4340 0.8757500998693462 0.0 0.0
4350 0.8757500998693462 0.0 0.0
4360 0.33002663636233975 0.0 0.0
4370 0.8757500998693462 0.0 0.0
4380 0.79 0.019901774488321644 0.02584316367577429
4390 0.8757500998693462 0.0 0.0
4400 0.8757500998693462 0.0 0.0
4410 0.8757500998693462 0.0 0.0
4420 0.8757500998693462 0.0 0.0
4430 0.8757500998693462 0.0 0.0
4440 0.8757500998693462 0.0 0.0
4450 0.8757500998693462 0.0 0.0
4460 0.8757500998693462 0.0 0.0
4470 0.8757500998693462 0.0 0.0
4480 0.8757500998693462 0.0 0.0
4490 0.8757500998693462 0.0 0.0
4500 0.26 0.003125806761775707 0.012168629017850943
4510 0.8757500998693462 0.0 0.0
4520 0.8757500998693462 0.0 0.0
4530 0.8757500998693462 0.0 0.0
4540 0.8588550199847992 0.0 0.0
4550 0.8757500998693462 0.0 0.0
4560 0.8757500998693462 0.0 0.0
4570 0.72 0.009719923657027008 0.013684635090811062
4580 0.8757500998693462 0.0 0.0
4590 0.8757500998693462 0.0 0.0
4600 0.8757500998693462 0.0 0.0
4610 0.8757500998693462 0.0 0.0
4620 0.37 0.003935298670061149 0.010750281728240751
4630 0.78 0.02555029441102552 0.03386613345031294
4640 0.8757500998693462 0.0 0.0
4650 0.8757500998693462 0.0 0.0
4660 0.8757500998693462 0.0 0.0
4670 0.8757500998693462 0.0 0.0
4680 0.8757500998693462 0.0 0.0
4690 0.59 0.027499811509815175 0.04888853741298795
4700 0.8757500998693462 0.0 0.0
4710 0.8757500998693462 0.0 0.0
4720 0.8757500998693462 0.0 0.0
4730 0.8757500998693462 0.0 0.0
4740 0.35000000000000003 0.009296993679838605 0.02728767726546605
4750 0.8757500998693462 0.0 0.0
4760 0.8757500998693462 0.0 0.0
4770 0.8757500998693462 0.0 0.0
4780 0.8757500998693462 0.0 0.0
4790 0.8757500998693462 0.0 0.0
4800 0.8757500998693462 0.0 0.0
4810 0.8757500998693462 0.0 0.0
4820 0.8757500998693462 0.0 0.0
4830 0.8757500998693462 0.0 0.0
4840 0.8757500998693462 0.0 0.0
4850 0.8757500998693462 0.0 0.0
4860 0.0 0.0 0.0
4870 0.8757500998693462 0.0 0.0
4880 0.8470818118307006 0.0 0.0
4890 0.8757500998693462 0.0 0.0
4900 0.8757500998693462 0.0 0.0
4910 0.8757500998693462 0.0 0.0
4920 0.8757500998693462 0.0 0.0
4930 0.8757500998693462 0.0 0.0
4940 0.8757500998693462 0.0 0.0
4950 0.8757500998693462 0.0 0.0
4960 0.8757500998693462 0.0 0.0
4970 0.8757500998693462 0.0 0.0
4980 0.8757500998693462 0.0 0.0
4990 0.8470818118307006 0.0 0.0
5000 0.8757500998693462 0.0 0.0
5010 0.8757500998693462 0.0 0.0
5020 0.8757500998693462 0.0 0.0
5030 0.8757500998693462 0.0 0.0
5040 0.8757500998693462 0.0 0.0
5050 0.8757500998693462 0.0 0.0
5060 0.8757500998693462 0.0 0.0
5070 0.8757500998693462 0.0 0.0
5080 0.8757500998693462 0.0 0.0
5090 0.8757500998693462 0.0 0.0
5100 0.8757500998693462 0.0 0.0
5110 0.8757500998693462 0.0 0.0
5120 0.8757500998693462 0.0 0.0
5130 0.8757500998693462 0.0 0.0
5140 0.8757500998693462 0.0 0.0
5150 0.8757500998693462 0.0 0.0
5160 0.8757500998693462 0.0 0.0
5170 0.8757500998693462 0.0 0.0
5180 0.8757500998693462 0.0 0.0
5190 0.8757500998693462 0.0 0.0
5200 0.8470818118307006 0.0 0.0
5210 0.8119658114547875 0.0 0.0
5220 0.8470818118307006 0.0 0.0
5230 0.8757500998693462 0.0 0.0
5240 0.8757500998693462 0.0 0.0
5250 0.8757500998693462 0.0 0.0
5260 0.8757500998693462 0.0 0.0
5270 0.8757500998693462 0.0 0.0
5280 0.8757500998693462 0.0 0.0
5290 0.8757500998693462 0.0 0.0
5300 0.8757500998693462 0.0 0.0
5310 0.8757500998693462 0.0 0.0
5320 0.8757500998693462 0.0 0.0
5330 0.8757500998693462 0.0 0.0
5340 0.8757500998693462 0.0 0.0
5350 0.8757500998693462 0.0 0.0
5360 0.8588550199847992 0.0 0.0
5370 0.8757500998693462 0.0 0.0
5380 0.8757500998693462 0.0 0.0
5390 0.8757500998693462 0.0 0.0
5400 0.8757500998693462 0.0 0.0
5410 0.8757500998693462 0.0 0.0
5420 0.8757500998693462 0.0 0.0
5430 0.8757500998693462 0.0 0.0
5440 0.8588550199847992 0.0 0.0
5450 0.54 0.016945283606078387 0.03239677050023309
5460 0.8588550199847992 0.0 0.0
5470 0.8757500998693462 0.0 0.0
5480 0.8757500998693462 0.0 0.0
5490 0.8757500998693462 0.0 0.0
5500 0.8757500998693462 0.0 0.0
5510 0.8757500998693462 0.0 0.0
5520 0.8757500998693462 0.0 0.0
5530 0.8757500998693462 0.0 0.0
5540 0.8757500998693462 0.0 0.0
5550 0.8757500998693462 0.0 0.0
5560 0.8757500998693462 0.0 0.0
5570 0.8757500998693462 0.0 0.0
5580 0.8757500998693462 0.0 0.0
5590 0.8757500998693462 0.0 0.0
5600 0.68 0.038838577452977696 0.06057534980612359
5610 0.8757500998693462 0.0 0.0
5620 0.8588550199847992 0.0 0.0
5630 0.8757500998693462 0.0 0.0
5640 0.8757500998693462 0.0 0.0
5650 0.8757500998693462 0.0 0.0
5660 0.8757500998693462 0.0 0.0
5670 0.8588550199847992 0.0 0.0
5680 0.8757500998693462 0.0 0.0
5690 0.8757500998693462 0.0 0.0
5700 0.8757500998693462 0.0 0.0
5710 0.8757500998693462 0.0 0.0
5720 0.8757500998693462 0.0 0.0
5730 0.8757500998693462 0.0 0.0
5740 0.8757500998693462 0.0 0.0
5750 0.8757500998693462 0.0 0.0
5760 0.8757500998693462 0.0 0.0
5770 0.8757500998693462 0.0 0.0
5780 0.8757500998693462 0.0 0.0
5790 0.8757500998693462 0.0 0.0
5800 0.8757500998693462 0.0 0.0
5810 0.8757500998693462 0.0 0.0
5820 0.8757500998693462 0.0 0.0
5830 0.8757500998693462 0.0 0.0
5840 0.8757500998693462 0.0 0.0
5850 0.8757500998693462 0.0 0.0
5860 0.8757500998693462 0.0 0.0
5870 0.8757500998693462 0.0 0.0
5880 0.8757500998693462 0.0 0.0
5890 0.8757500998693462 0.0 0.0
5900 0.8757500998693462 0.0 0.0
5910 0.8757500998693462 0.0 0.0
5920 0.8757500998693462 0.0 0.0
5930 0.8757500998693462 0.0 0.0
5940 0.8757500998693462 0.0 0.0
5950 0.8757500998693462 0.0 0.0
5960 0.8757500998693462 0.0 0.0
5970 0.8757500998693462 0.0 0.0
5980 0.8757500998693462 0.0 0.0
5990 0.8757500998693462 0.0 0.0
6000 0.8757500998693462 0.0 0.0
6010 0.8757500998693462 0.0 0.0
6020 0.8757500998693462 0.0 0.0
6030 0.8757500998693462 0.0 0.0
6040 0.8757500998693462 0.0 0.0
6050 0.8757500998693462 0.0 0.0
6060 0.8757500998693462 0.0 0.0
6070 0.8757500998693462 0.0 0.0
6080 0.8757500998693462 0.0 0.0
6090 0.8757500998693462 0.0 0.0
6100 0.8757500998693462 0.0 0.0
6110 0.8757500998693462 0.0 0.0
6120 0.8757500998693462 0.0 0.0
6130 0.8757500998693462 0.0 0.0
6140 0.8757500998693462 0.0 0.0
6150 0.8757500998693462 0.0 0.0
6160 0.8757500998693462 0.0 0.0
6170 0.8757500998693462 0.0 0.0
6180 0.8757500998693462 0.0 0.0
6190 0.8757500998693462 0.0 0.0
6200 0.8757500998693462 0.0 0.0
6210 0.8757500998693462 0.0 0.0
6220 0.8757500998693462 0.0 0.0
6230 0.8757500998693462 0.0 0.0
6240 0.8757500998693462 0.0 0.0
6250 0.8757500998693462 0.0 0.0
6260 0.8757500998693462 0.0 0.0
6270 0.8757500998693462 0.0 0.0
6280 0.8757500998693462 0.0 0.0
6290 0.8757500998693462 0.0 0.0
6300 0.8757500998693462 0.0 0.0
6310 0.8757500998693462 0.0 0.0
6320 0.8757500998693462 0.0 0.0
6330 0.8757500998693462 0.0 0.0
6340 0.8757500998693462 0.0 0.0
6350 0.8757500998693462 0.0 0.0
6360 0.8757500998693462 0.0 0.0
6370 0.8757500998693462 0.0 0.0
6380 0.8757500998693462 0.0 0.0
6390 0.8757500998693462 0.0 0.0
6400 0.8588550199847992 0.0 0.0
6410 0.8757500998693462 0.0 0.0
6420 0.8470818118307006 0.0 0.0
6430 0.8757500998693462 0.0 0.0
6440 0.8757500998693462 0.0 0.0
6450 0.8757500998693462 0.0 0.0
6460 0.8757500998693462 0.0 0.0
6470 0.8757500998693462 0.0 0.0
6480 0.8757500998693462 0.0 0.0
6490 0.8757500998693462 0.0 0.0
6500 0.8757500998693462 0.0 0.0
6510 0.8757500998693462 0.0 0.0
6520 0.8757500998693462 0.0 0.0
6530 0.8757500998693462 0.0 0.0
6540 0.8757500998693462 0.0 0.0
6550 0.8757500998693462 0.0 0.0
6560 0.13496615105246032 0.0 0.0
6570 0.8757500998693462 0.0 0.0
6580 0.8757500998693462 0.0 0.0
6590 0.8757500998693462 0.0 0.0
6600 0.8757500998693462 0.0 0.0
6610 0.8300115989526464 0.0 0.0
6620 0.8757500998693462 0.0 0.0
6630 0.8757500998693462 0.0 0.0
6640 0.8757500998693462 0.0 0.0
6650 0.8757500998693462 0.0 0.0
6660 0.8757500998693462 0.0 0.0
6670 0.8757500998693462 0.0 0.0
6680 0.8757500998693462 0.0 0.0
6690 0.8757500998693462 0.0 0.0
6700 0.8757500998693462 0.0 0.0
6710 0.8757500998693462 0.0 0.0
6720 0.8757500998693462 0.0 0.0
6730 0.8757500998693462 0.0 0.0
6740 0.8757500998693462 0.0 0.0
6750 0.8757500998693462 0.0 0.0
6760 0.8757500998693462 0.0 0.0
6770 0.8757500998693462 0.0 0.0
6780 0.8757500998693462 0.0 0.0
6790 0.8757500998693462 0.0 0.0
6800 0.8757500998693462 0.0 0.0
6810 0.8757500998693462 0.0 0.0
6820 0.8757500998693462 0.0 0.0
6830 0.8757500998693462 0.0 0.0
6840 0.8757500998693462 0.0 0.0
6850 0.8757500998693462 0.0 0.0
6860 0.8757500998693462 0.0 0.0
6870 0.8757500998693462 0.0 0.0
6880 0.8757500998693462 0.0 0.0
6890 0.8757500998693462 0.0 0.0
6900 0.8757500998693462 0.0 0.0
6910 0.8757500998693462 0.0 0.0
6920 0.8757500998693462 0.0 0.0
6930 0.8757500998693462 0.0 0.0
6940 0.8757500998693462 0.0 0.0
6950 0.8757500998693462 0.0 0.0
6960 0.8757500998693462 0.0 0.0
6970 0.8757500998693462 0.0 0.0
6980 0.8200000000000001 0.0026738274843187693 0.0032714325984311596
6990 0.8757500998693462 0.0 0.0
7000 0.8757500998693462 0.0 0.0
7010 0.8757500998693462 0.0 0.0
7020 0.8757500998693462 0.0 0.0
7030 0.8757500998693462 0.0 0.0
7040 0.8757500998693462 0.0 0.0
7050 0.8757500998693462 0.0 0.0
7060 0.8757500998693462 0.0 0.0
7070 0.8757500998693462 0.0 0.0
7080 0.8757500998693462 0.0 0.0
7090 0.8757500998693462 0.0 0.0
7100 0.77 0.0023810303689482115 0.003101838885108102
7110 0.8757500998693462 0.0 0.0
7120 0.8757500998693462 0.0 0.0
7130 0.8757500998693462 0.0 0.0
7140 0.8757500998693462 0.0 0.0
7150 0.8757500998693462 0.0 0.0
7160 0.8757500998693462 0.0 0.0
7170 0.8757500998693462 0.0 0.0
7180 0.8757500998693462 0.0 0.0
7190 0.8757500998693462 0.0 0.0
7200 0.8757500998693462 0.0 0.0
7210 0.8757500998693462 0.0 0.0
7220 0.8757500998693462 0.0 0.0
7230 0.8757500998693462 0.0 0.0
7240 0.8757500998693462 0.0 0.0
7250 0.8757500998693462 0.0 0.0
7260 0.8757500998693462 0.0 0.0
7270 0.8757500998693462 0.0 0.0
7280 0.8757500998693462 0.0 0.0
7290 0.8757500998693462 0.0 0.0
7300 0.8757500998693462 0.0 0.0
7310 0.8757500998693462 0.0 0.0
7320 0.8757500998693462 0.0 0.0
7330 0.8757500998693462 0.0 0.0
7340 0.8757500998693462 0.0 0.0
7350 0.8757500998693462 0.0 0.0
7360 0.8757500998693462 0.0 0.0
7370 0.8377869866280272 0.0 0.0
7380 0.8757500998693462 0.0 0.0
7390 0.8757500998693462 0.0 0.0
7400 0.8757500998693462 0.0 0.0
7410 0.8757500998693462 0.0 0.0
7420 0.8757500998693462 0.0 0.0
7430 0.8757500998693462 0.0 0.0
7440 0.8757500998693462 0.0 0.0
7450 0.8757500998693462 0.0 0.0
7460 0.8757500998693462 0.0 0.0
7470 0.8757500998693462 0.0 0.0
7480 0.8757500998693462 0.0 0.0
7490 0.8757500998693462 0.0 0.0
7500 0.8757500998693462 0.0 0.0
7510 0.8757500998693462 0.0 0.0
7520 0.8757500998693462 0.0 0.0
7530 0.8757500998693462 0.0 0.0
7540 0.8757500998693462 0.0 0.0
7550 0.8757500998693462 0.0 0.0
7560 0.8757500998693462 0.0 0.0
7570 0.8757500998693462 0.0 0.0
7580 0.77 0.02654558080327507 0.035705727369213285
7590 0.8757500998693462 0.0 0.0
7600 0.8757500998693462 0.0 0.0
7610 0.8757500998693462 0.0 0.0
7620 0.8757500998693462 0.0 0.0
7630 0.8757500998693462 0.0 0.0
7640 0.8757500998693462 0.0 0.0
7650 0.8757500998693462 0.0 0.0
7660 0.8757500998693462 0.0 0.0
7670 0.8757500998693462 0.0 0.0
7680 0.8757500998693462 0.0 0.0
7690 0.8757500998693462 0.0 0.0
7700 0.8757500998693462 0.0 0.0
7710 0.8757500998693462 0.0 0.0
7720 0.8757500998693462 0.0 0.0
7730 0.8757500998693462 0.0 0.0
7740 0.8757500998693462 0.0 0.0
7750 0.8757500998693462 0.0 0.0
7760 0.8757500998693462 0.0 0.0
7770 0.8757500998693462 0.0 0.0
7780 0.8757500998693462 0.0 0.0
7790 0.8757500998693462 0.0 0.0
7800 0.8757500998693462 0.0 0.0
7810 0.8757500998693462 0.0 0.0
7820 0.8757500998693462 0.0 0.0
7830 0.8757500998693462 0.0 0.0
7840 0.8757500998693462 0.0 0.0
7850 0.8470818118307006 0.0 0.0
7860 0.8757500998693462 0.0 0.0
7870 0.8757500998693462 0.0 0.0
7880 0.8757500998693462 0.0 0.0
7890 0.8757500998693462 0.0 0.0
7900 0.8757500998693462 0.0 0.0
7910 0.8757500998693462 0.0 0.0
7920 0.8757500998693462 0.0 0.0
7930 0.8757500998693462 0.0 0.0
7940 0.8757500998693462 0.0 0.0
7950 0.8757500998693462 0.0 0.0
7960 0.8757500998693462 0.0 0.0
7970 0.8757500998693462 0.0 0.0
7980 0.8757500998693462 0.0 0.0
7990 0.8757500998693462 0.0 0.0
8000 0.8757500998693462 0.0 0.0
8010 0.8757500998693462 0.0 0.0
8020 0.8757500998693462 0.0 0.0
8030 0.8757500998693462 0.0 0.0
8040 0.8757500998693462 0.0 0.0
8050 0.8757500998693462 0.0 0.0
8060 0.8757500998693462 0.0 0.0
8070 0.8757500998693462 0.0 0.0
8080 0.8757500998693462 0.0 0.0
8090 0.8757500998693462 0.0 0.0
8100 0.8757500998693462 0.0 0.0
8110 0.6 0.016041019240134236 0.027469428108222872
8120 0.8757500998693462 0.0 0.0
8130 0.8757500998693462 0.0 0.0
8140 0.8757500998693462 0.0 0.0
8150 0.8757500998693462 0.0 0.0
8160 0.75 0.008217923941090444 0.01107862296262576
8170 0.8757500998693462 0.0 0.0
8180 0.8757500998693462 0.0 0.0
8190 0.8757500998693462 0.0 0.0
8200 0.8757500998693462 0.0 0.0
8210 0.8757500998693462 0.0 0.0
8220 0.8757500998693462 0.0 0.0
8230 0.8757500998693462 0.0 0.0
8240 0.8757500998693462 0.0 0.0
8250 0.8757500998693462 0.0 0.0
8260 0.8757500998693462 0.0 0.0
8270 0.8757500998693462 0.0 0.0
8280 0.8757500998693462 0.0 0.0
8290 0.8757500998693462 0.0 0.0
8300 0.8757500998693462 0.0 0.0
8310 0.8757500998693462 0.0 0.0
8320 0.8757500998693462 0.0 0.0
8330 0.8757500998693462 0.0 0.0
8340 0.8757500998693462 0.0 0.0
8350 0.8757500998693462 0.0 0.0
8360 0.8757500998693462 0.0 0.0
8370 0.8757500998693462 0.0 0.0
8380 0.8757500998693462 0.0 0.0
8390 0.8757500998693462 0.0 0.0
8400 0.8757500998693462 0.0 0.0
8410 0.8377869866280272 0.0 0.0
8420 0.8757500998693462 0.0 0.0
8430 0.8470818118307006 0.0 0.0
8440 0.8757500998693462 0.0 0.0
8450 0.8757500998693462 0.0 0.0
8460 0.8757500998693462 0.0 0.0
8470 0.8757500998693462 0.0 0.0
8480 0.8757500998693462 0.0 0.0
8490 0.8757500998693462 0.0 0.0
8500 0.8757500998693462 0.0 0.0
8510 0.8757500998693462 0.0 0.0
8520 0.36 0.0009012634999103208 0.002509793013181754
8530 0.8757500998693462 0.0 0.0
8540 0.8757500998693462 0.0 0.0
8550 0.8757500998693462 0.0 0.0
8560 0.8757500998693462 0.0 0.0
8570 0.8757500998693462 0.0 0.0
8580 0.8757500998693462 0.0 0.0
8590 0.8757500998693462 0.0 0.0
8600 0.8757500998693462 0.0 0.0
8610 0.8757500998693462 0.0 0.0
8620 0.8757500998693462 0.0 0.0
8630 0.8757500998693462 0.0 0.0
8640 0.8757500998693462 0.0 0.0
8650 0.8757500998693462 0.0 0.0
8660 0.8757500998693462 0.0 0.0
8670 0.8757500998693462 0.0 0.0
8680 0.8757500998693462 0.0 0.0
8690 0.8757500998693462 0.0 0.0
8700 0.8757500998693462 0.0 0.0
8710 0.8757500998693462 0.0 0.0
8720 0.8757500998693462 0.0 0.0
8730 0.8757500998693462 0.0 0.0
8740 0.8757500998693462 0.0 0.0
8750 0.8757500998693462 0.0 0.0
8760 0.8757500998693462 0.0 0.0
8770 0.8757500998693462 0.0 0.0
8780 0.8757500998693462 0.0 0.0
8790 0.8757500998693462 0.0 0.0
8800 0.8757500998693462 0.0 0.0
8810 0.8757500998693462 0.0 0.0
8820 0.8757500998693462 0.0 0.0
8830 0.8757500998693462 0.0 0.0
8840 0.8757500998693462 0.0 0.0
8850 0.8757500998693462 0.0 0.0
8860 0.8757500998693462 0.0 0.0
8870 0.8757500998693462 0.0 0.0
8880 0.8757500998693462 0.0 0.0
8890 0.8757500998693462 0.0 0.0
8900 0.8757500998693462 0.0 0.0
8910 0.8757500998693462 0.0 0.0
8920 0.8757500998693462 0.0 0.0
8930 0.8757500998693462 0.0 0.0
8940 0.8757500998693462 0.0 0.0
8950 0.8757500998693462 0.0 0.0
8960 0.8757500998693462 0.0 0.0
8970 0.8757500998693462 0.0 0.0
8980 0.8757500998693462 0.0 0.0
8990 0.8757500998693462 0.0 0.0
9000 0.8757500998693462 0.0 0.0
9010 0.8757500998693462 0.0 0.0
9020 0.8757500998693462 0.0 0.0
9030 0.8757500998693462 0.0 0.0
9040 0.8757500998693462 0.0 0.0
9050 0.8757500998693462 0.0 0.0
9060 0.8757500998693462 0.0 0.0
9070 0.8757500998693462 0.0 0.0
9080 0.8757500998693462 0.0 0.0
9090 0.8588550199847992 0.0 0.0
9100 0.8757500998693462 0.0 0.0
9110 0.8757500998693462 0.0 0.0
9120 0.8757500998693462 0.0 0.0
9130 0.8757500998693462 0.0 0.0
9140 0.8757500998693462 0.0 0.0
9150 0.8757500998693462 0.0 0.0
9160 0.8757500998693462 0.0 0.0
9170 0.8757500998693462 0.0 0.0
9180 0.8757500998693462 0.0 0.0
9190 0.8757500998693462 0.0 0.0
9200 0.8757500998693462 0.0 0.0
9210 0.8757500998693462 0.0 0.0
9220 0.8757500998693462 0.0 0.0
9230 0.8757500998693462 0.0 0.0
9240 0.8757500998693462 0.0 0.0
9250 0.8757500998693462 0.0 0.0
9260 0.8757500998693462 0.0 0.0
9270 0.8757500998693462 0.0 0.0
9280 0.42 4.544450654714316e-05 0.00010821291483252323
9290 0.8757500998693462 0.0 0.0
9300 0.8757500998693462 0.0 0.0
9310 0.8757500998693462 0.0 0.0
9320 0.8757500998693462 0.0 0.0
9330 0.8757500998693462 0.0 0.0
9340 0.8757500998693462 0.0 0.0
9350 0.8757500998693462 0.0 0.0
9360 0.8757500998693462 0.0 0.0
9370 0.8757500998693462 0.0 0.0
9380 0.8757500998693462 0.0 0.0
9390 0.8757500998693462 0.0 0.0
9400 0.8757500998693462 0.0 0.0
9410 0.8757500998693462 0.0 0.0
9420 0.8757500998693462 0.0 0.0
9430 0.8757500998693462 0.0 0.0
9440 0.8757500998693462 0.0 0.0
9450 0.8757500998693462 0.0 0.0
9460 0.8757500998693462 0.0 0.0
9470 0.8757500998693462 0.0 0.0
9480 0.8757500998693462 0.0 0.0
9490 0.8470818118307006 0.0 0.0
9500 0.8757500998693462 0.0 0.0
9510 0.8757500998693462 0.0 0.0
9520 0.8757500998693462 0.0 0.0
9530 0.61 0.04884143301947541 0.08703677693504853
9540 0.75 0.03864698262337907 0.05432883769285776
9550 0.8757500998693462 0.0 0.0
9560 0.8757500998693462 0.0 0.0
9570 0.8757500998693462 0.0 0.0
9580 0.8757500998693462 0.0 0.0
9590 0.8757500998693462 0.0 0.0
9600 0.8757500998693462 0.0 0.0
9610 0.8757500998693462 0.0 0.0
9620 0.74 0.003004523393941416 0.0040767189071194325
9630 0.8588550199847992 0.0 0.0
9640 0.8757500998693462 0.0 0.0
9650 0.8757500998693462 0.0 0.0
9660 0.8757500998693462 0.0 0.0
9670 0.8757500998693462 0.0 0.0
9680 0.8757500998693462 0.0 0.0
9690 0.8757500998693462 0.0 0.0
9700 0.77 0.06683078630452877 0.0950422529924239
9710 0.8757500998693462 0.0 0.0
9720 0.8757500998693462 0.0 0.0
9730 0.8757500998693462 0.0 0.0
9740 0.8588550199847992 0.0 0.0
9750 0.8757500998693462 0.0 0.0
9760 0.8757500998693462 0.0 0.0
9770 0.0 0.0 0.0
9780 0.8757500998693462 0.0 0.0
9790 0.8757500998693462 0.0 0.0
9800 0.8757500998693462 0.0 0.0
9810 0.8757500998693462 0.0 0.0
9820 0.8757500998693462 0.0 0.0
9830 0.8757500998693462 0.0 0.0
9840 0.8757500998693462 0.0 0.0
9850 0.38 0.005328086464261861 0.014220672198194116
9860 0.8757500998693462 0.0 0.0
9870 0.8757500998693462 0.0 0.0
9880 0.8757500998693462 0.0 0.0
9890 0.8588550199847992 0.0 0.0
9900 0.8757500998693462 0.0 0.0
9910 0.8757500998693462 0.0 0.0
9920 0.8757500998693462 0.0 0.0
9930 0.8757500998693462 0.0 0.0
9940 0.8757500998693462 0.0 0.0
9950 0.8757500998693462 0.0 0.0
9960 0.8757500998693462 0.0 0.0
9970 0.8757500998693462 0.0 0.0
9980 0.8757500998693462 0.0 0.0
9990 0.8757500998693462 0.0 0.0
