46.826109409332275
50.570091247558594
67.21536469459534
47.70607948303223
47.64715814590454
50.3384370803833
51.521400928497314
52.029027700424194
38.34682488441467
46.7664053440094
49.06948184967041
49.04975509643555
46.141695976257324
47.73882007598877
45.14380240440369
49.025636196136475
49.97227191925049
45.84765648841858
46.42380499839783
45.33717703819275
42.572099685668945
45.967150926589966
46.415496587753296
46.07646465301514
48.67859935760498
45.609482765197754
48.89449119567871
43.43393039703369
46.84134817123413
62.1048059463501
79.53417110443115
42.18252205848694
62.38394546508789
44.59123134613037
16.47295880317688
47.57172465324402
49.183796405792236
44.35144567489624
45.70379948616028
48.80859112739563
53.173041105270386
49.715622425079346
49.542598485946655
45.70592451095581
52.313870668411255
36.50873255729675
58.052348375320435
46.75761437416077
45.73615288734436
58.82829260826111
44.96024012565613
46.78682088851929
48.94624042510986
133.66983580589294
49.287309885025024
63.388925552368164
50.87069892883301
46.201613664627075
47.66002893447876
51.19786763191223
45.58292293548584
45.05280041694641
48.14834809303284
49.27234625816345
52.64242243766785
46.21705484390259
48.74266004562378
55.382736921310425
46.251763105392456
49.23011302947998
46.5703821182251
51.403727531433105
5.0103724002838135
50.35789132118225
19.51447558403015
46.82824921607971
106.36315989494324
48.084067583084106
46.03608417510986
66.44628262519836
48.67919635772705
43.389018297195435
45.66573929786682
43.77569770812988
47.826290130615234
51.369394063949585
48.95011758804321
66.16993618011475
44.00415873527527
47.50559616088867
16.38429570198059
46.898552894592285
49.997183322906494
46.152777433395386
62.87960457801819
49.86855435371399
49.7979257106781
46.15823745727539
44.44392657279968
49.72549366950989
44.725231409072876
43.25825834274292
46.7377233505249
48.30322575569153
43.055519104003906
42.028048276901245
41.55045509338379
48.66866326332092
45.47979998588562
48.79931426048279
47.6392936706543
41.06837701797485
51.12277388572693
47.914419412612915
47.95119762420654
45.97702503204346
47.493313789367676
47.41337060928345
46.7141637802124
49.429354190826416
105.64816880226135
52.61460280418396
49.78913879394531
48.30667996406555
44.338618516922
44.88287663459778
2.288818359375e-05
83.151034116745
46.47512221336365
64.50150656700134
42.42448592185974
47.86741495132446
48.69921064376831
51.26578617095947
47.2279634475708
47.57232356071472
51.33182907104492
47.49450659751892
48.477179765701294
46.40606951713562
45.52702879905701
45.60040640830994
45.28488254547119
49.86771535873413
43.42950510978699
51.133063316345215
50.228941917419434
49.165096282958984
48.67269420623779
48.55419182777405
17.905296564102173
41.54586863517761
63.245219707489014
18.01619529724121
45.06920528411865
47.56030058860779
45.77886414527893
145.75405192375183
48.60035705566406
50.59788775444031
43.81479239463806
47.97150373458862
46.517436265945435
48.11850547790527
47.79637289047241
47.75094246864319
46.64334416389465
40.08738350868225
64.16325998306274
45.07547307014465
44.0809531211853
41.742350339889526
45.8992486000061
64.26718235015869
41.797258138656616
43.4562714099884
43.424498319625854
46.15234899520874
50.05163359642029
92.97606301307678
48.88278579711914
51.16553044319153
46.19170427322388
42.053412675857544
44.56057620048523
61.47998070716858
47.49125599861145
48.29057836532593
76.67323589324951
45.686826944351196
63.999223947525024
46.44454026222229
48.56617188453674
51.626025676727295
48.902323961257935
44.738452434539795
49.44543504714966
48.984485149383545
48.5154755115509
42.93752312660217
53.632474422454834
50.07962369918823
48.66130518913269
43.76006889343262
46.00371980667114
45.83274722099304
45.519784450531006
14.330425024032593
50.24653887748718
56.80708026885986
47.75881266593933
42.9849054813385
49.715771198272705
4.6253204345703125e-05
47.65509057044983
51.97507882118225
50.9810733795166
42.786582708358765
46.692543745040894
49.58763766288757
47.07305669784546
49.60151743888855
50.50732684135437
43.398622035980225
46.899925231933594
44.32829022407532
47.52403688430786
47.18570637702942
87.93321943283081
48.406901121139526
50.546536922454834
45.42804002761841
48.28472685813904
47.414857387542725
47.658193826675415
41.75755333900452
43.33115220069885
47.38924741744995
48.17642116546631
46.51123857498169
44.10687613487244
48.135035037994385
49.877798080444336
84.06170988082886
48.246270179748535
48.211552143096924
47.01704025268555
49.56595253944397
91.07090282440186
45.81009602546692
48.68409609794617
63.69446325302124
49.42428922653198
50.65010929107666
46.21736145019531
46.41147518157959
23.26918625831604
46.84014892578125
50.03698492050171
48.958582639694214
49.19209170341492
45.46756601333618
48.898094177246094
77.8208680152893
44.94987678527832
51.65094566345215
49.62971591949463
49.59960126876831
50.23762798309326
46.288299322128296
47.930256843566895
60.811052560806274
17.850116968154907
66.96553492546082
45.67946147918701
43.56496739387512
59.66140174865723
63.95732498168945
47.464102029800415
45.394309520721436
46.10775947570801
36.46230459213257
49.91789960861206
46.80255174636841
48.87492251396179
46.503570318222046
100.09738993644714
47.33158302307129
46.04000663757324
47.86598491668701
45.51197934150696
43.67405605316162
45.556594371795654
102.6781497001648
46.421119689941406
53.85909152030945
47.48922371864319
42.478171586990356
46.69651460647583
61.11923027038574
48.848081827163696
48.26594948768616
50.191877126693726
72.6409022808075
63.45833969116211
47.58518695831299
7.754551887512207
49.66648244857788
47.93645787239075
47.407350063323975
50.19676923751831
49.50988507270813
47.565600633621216
64.83126544952393
48.81076192855835
53.53128790855408
67.01506090164185
47.9162323474884
49.99006724357605
50.629127502441406
50.91349458694458
49.364734172821045
48.74166393280029
44.942851066589355
66.7195463180542
50.08008909225464
47.29891085624695
47.93181562423706
45.11947178840637
43.64701509475708
51.24705195426941
45.198659896850586
43.1370689868927
83.536945104599
45.17495393753052
48.080662965774536
50.123894929885864
50.23471212387085
44.302649974823
44.815627098083496
46.752105474472046
64.7287209033966
50.45994853973389
56.73782801628113
48.44940376281738
47.49001908302307
61.22450113296509
54.2665069103241
48.252100706100464
16.714790105819702
48.771761417388916
50.082412242889404
5.698204040527344e-05
48.20715069770813
48.36689853668213
104.0552716255188
49.462661266326904
48.43962812423706
72.99124455451965
42.770665884017944
48.59916806221008
50.34430503845215
47.23450803756714
50.85638236999512
60.51555132865906
48.820610761642456
50.15694618225098
50.12129187583923
48.97077035903931
44.49025797843933
48.43787479400635
63.2254912853241
46.133607387542725
55.92345643043518
47.68698263168335
46.86679244041443
47.09103059768677
46.505998849868774
6.730166912078857
41.450064182281494
45.55429673194885
66.41856002807617
48.0877845287323
51.4184627532959
47.5187623500824
84.79093885421753
44.66293811798096
47.69873070716858
45.954246282577515
48.880175828933716
44.40166091918945
52.146657943725586
48.53684091567993
47.813138246536255
49.89649057388306
39.19389247894287
49.58835053443909
82.36599016189575
46.930822134017944
51.35118889808655
64.53995060920715
45.97006034851074
49.26531100273132
42.51813840866089
50.595609188079834
46.34184122085571
58.794909954071045
42.80832862854004
51.09504675865173
43.88281297683716
45.95043969154358
61.63033652305603
48.38993787765503
44.36829328536987
132.77311968803406
47.11670804023743
47.719422817230225
45.54219388961792
48.813756465911865
46.77307844161987
44.82780146598816
50.88266563415527
46.96315312385559
48.78489851951599
48.30212068557739
47.734816551208496
47.738953828811646
48.390390157699585
44.48351454734802
42.63670468330383
63.205862522125244
46.390462160110474
51.70310068130493
48.86897397041321
43.811394691467285
53.52144980430603
18.73683261871338
48.50097680091858
94.44799947738647
45.82924818992615
48.48872447013855
46.49410796165466
48.56358861923218
46.86903429031372
48.59651970863342
44.01319861412048
46.83030724525452
49.18999266624451
46.785918951034546
49.038535833358765
37.455240964889526
45.93383169174194
49.979161500930786
48.8071026802063
64.64691805839539
46.9424250125885
44.70943307876587
66.37139701843262
49.22927165031433
48.3228657245636
50.10333180427551
47.379279136657715
37.269006967544556
64.96510362625122
47.3562650680542
45.01180362701416
44.51374936103821
47.89143371582031
47.211217641830444
53.62340068817139
48.12194108963013
46.95767068862915
49.241305351257324
50.63463568687439
37.67922520637512
45.92735719680786
51.18763613700867
45.80285120010376
50.1471381187439
48.27363991737366
49.74764275550842
51.5538866519928
48.24496102333069
43.76696062088013
43.1214280128479
46.537050008773804
14.2022705078125
47.56363821029663
40.81316947937012
51.55346918106079
33.76716470718384
47.81659746170044
46.10035157203674
42.698134660720825
49.65189743041992
33.256733417510986
47.03506660461426
44.81251621246338
46.0246741771698
18.49500274658203
45.86181712150574
46.21935796737671
51.51554298400879
44.15236473083496
43.70458221435547
46.900463581085205
46.67337155342102
44.13097620010376
46.600287675857544
48.53496837615967
47.218525886535645
49.24017810821533
48.138922452926636
50.27016019821167
48.41789269447327
50.033093214035034
48.04653334617615
50.03354811668396
49.014275312423706
48.203222036361694
62.27611184120178
62.30758881568909
57.69678449630737
42.735799074172974
42.51016187667847
45.71928405761719
44.55326581001282
42.64672875404358
44.552505016326904
48.046979665756226
48.06633996963501
46.37823128700256
46.031513690948486
49.283950090408325
50.898276567459106
45.99824118614197
66.01004910469055
48.738280296325684
51.75972771644592
47.96905279159546
48.50711226463318
47.62992978096008
48.20807909965515
50.40879416465759
66.08924651145935
36.13896036148071
68.42295527458191
50.65495228767395
51.71402311325073
47.62742900848389
43.545222997665405
45.560932636260986
43.85431241989136
44.73884296417236
46.24173712730408
50.05704617500305
48.92762470245361
48.36042594909668
48.71531128883362
50.761295795440674
71.34421157836914
48.05160999298096
62.45180296897888
47.61161708831787
48.54630208015442
45.939579486846924
48.135154247283936
62.6050591468811
49.44360613822937
52.175508975982666
51.96194529533386
49.27422761917114
49.236393451690674
44.271979331970215
45.971174240112305
50.86814332008362
47.48334550857544
48.070072412490845
47.881767988204956
45.562739610672
45.86938428878784
47.2915141582489
45.444605112075806
44.5378839969635
41.71170449256897
52.86810636520386
44.492273807525635
50.13527274131775
50.827839374542236
47.7938437461853
42.869996547698975
47.06084179878235
50.00140976905823
48.731996297836304
47.28680348396301
48.189889430999756
46.22213292121887
48.18220376968384
48.2790367603302
48.136592626571655
52.32620930671692
52.3375940322876
49.009467363357544
44.68094563484192
44.49562168121338
45.88181471824646
46.76526665687561
47.90200185775757
41.94332218170166
46.38395881652832
46.970792055130005
48.48833107948303
46.36029887199402
50.292163372039795
49.39728569984436
50.448901653289795
48.61229181289673
45.484525203704834
52.86539840698242
49.237340688705444
46.02322196960449
52.46236968040466
53.644426345825195
52.659708976745605
49.24995183944702
45.49314785003662
48.210336685180664
47.30592346191406
49.66705250740051
47.24589657783508
49.86944317817688
48.81185293197632
48.67232823371887
47.97128701210022
49.979939699172974
47.368521213531494
47.0983726978302
46.156322956085205
45.71028518676758
46.801456928253174
62.456204652786255
49.21241641044617
65.09324383735657
41.381566524505615
46.883389472961426
42.98382878303528
46.13549447059631
46.192153453826904
47.641255617141724
46.73844623565674
48.846744775772095
46.49026322364807
44.66596865653992
47.28196096420288
48.249056816101074
43.19130754470825
18.788572072982788
46.15153098106384
42.50144004821777
45.98289227485657
42.99448108673096
63.45571947097778
47.57050323486328
45.5320782661438
44.58660340309143
48.93675923347473
51.01897168159485
49.79053783416748
50.486388206481934
50.291794538497925
45.49012327194214
49.64061880111694
46.76041102409363
48.98418951034546
46.17347240447998
47.083890438079834
51.66285681724548
46.40452170372009
45.43008542060852
46.45334601402283
50.34725499153137
51.77653479576111
49.7421612739563
46.642356157302856
44.87568211555481
46.778419494628906
44.64877271652222
50.1448700428009
49.634082317352295
50.146724462509155
47.10532307624817
45.5604043006897
49.638585329055786
49.946858644485474
46.14001226425171
47.37970495223999
50.89946889877319
45.67130255699158
42.79147529602051
51.16243577003479
50.25937557220459
50.15498733520508
47.93710803985596
46.15418457984924
47.365971088409424
47.02064657211304
48.845057249069214
44.386136293411255
50.548059701919556
48.66993308067322
41.06176805496216
48.86781048774719
46.4842095375061
42.70815920829773
46.75406074523926
50.773149251937866
52.2337110042572
46.420382022857666
48.67124080657959
38.744380950927734
44.78486132621765
46.56875419616699
45.04855227470398
47.84990096092224
47.18834066390991
45.56264805793762
47.62817454338074
52.808067083358765
52.19232702255249
49.439356327056885
45.692169189453125
45.2568883895874
49.13955497741699
50.731752157211304
50.7580189704895
49.94161891937256
46.88335156440735
65.2235312461853
47.24093246459961
49.04912734031677
49.61355495452881
45.38422751426697
51.001312017440796
52.50052571296692
50.66630244255066
47.794538259506226
47.19054675102234
45.88145875930786
50.122995138168335
48.17841601371765
49.608044385910034
45.049997329711914
44.124781370162964
49.70195269584656
44.009782552719116
47.65350008010864
46.966386795043945
48.21163892745972
81.37141585350037
46.811517000198364
46.87389135360718
45.869710206985474
46.729668855667114
51.42402219772339
48.76500606536865
43.55374813079834
44.17751955986023
50.48278546333313
45.88682746887207
52.82985043525696
43.01232624053955
49.19264554977417
46.441466093063354
47.510964155197144
46.96074891090393
48.25950384140015
50.20606184005737
41.543298959732056
48.74977493286133
49.084357023239136
42.849039793014526
43.63060927391052
52.016618728637695
49.377514123916626
49.16171360015869
62.2547390460968
46.089643716812134
45.9861376285553
42.642592906951904
45.205859899520874
47.28994798660278
42.34401750564575
45.87991189956665
49.93293213844299
47.9737868309021
46.926597356796265
49.53691101074219
50.18989610671997
42.74857044219971
49.428298473358154
46.62228775024414
41.87247395515442
44.68484711647034
45.62108492851257
45.83856773376465
43.35878276824951
48.5700798034668
39.97853446006775
42.3191339969635
44.98772954940796
48.431917667388916
35.440075635910034
46.077836990356445
47.629281759262085
44.58232021331787
46.945805311203
82.60195016860962
45.8445029258728
44.61881899833679
46.38877749443054
48.516029834747314
47.76603078842163
44.366963386535645
40.4944121837616
41.503708362579346
42.201606035232544
50.2622332572937
42.423378467559814
43.07143473625183
39.66830921173096
47.05670189857483
46.09163737297058
48.67832016944885
52.1198616027832
48.44897770881653
46.95509195327759
47.352959632873535
43.874921560287476
42.67445635795593
45.12101984024048
48.652528285980225
61.24245238304138
46.652793407440186
40.634910106658936
40.221346616744995
45.63899230957031
47.79924726486206
47.99088001251221
44.96271228790283
48.07847619056702
41.80293130874634
46.48202657699585
31.468690156936646
47.074236154556274
44.566803216934204
44.28245949745178
41.12295985221863
47.464969635009766
50.640257596969604
48.49657201766968
49.16118502616882
51.40105605125427
46.375648498535156
45.05651569366455
48.780739307403564
45.64860439300537
46.81894540786743
46.00072503089905
46.647860288619995
48.01565408706665
42.95100951194763
46.404388666152954
42.58602046966553
47.11250567436218
46.082406520843506
50.291431188583374
42.57798743247986
46.570602893829346
45.123796701431274
45.251426696777344
46.20455813407898
46.182350635528564
44.25530934333801
43.50462365150452
49.09367609024048
46.627137660980225
49.60131025314331
43.58049821853638
41.22557497024536
45.28445219993591
50.49453520774841
44.8287467956543
46.12181615829468
44.82792806625366
44.94533157348633
46.85716724395752
41.663419246673584
49.63323140144348
51.97223258018494
44.305644512176514
51.23066449165344
43.0775420665741
47.066020250320435
45.188056230545044
43.781331300735474
49.326409578323364
46.8189537525177
46.68408703804016
47.5910165309906
51.07271647453308
46.577871322631836
46.23603081703186
47.7004292011261
45.087499380111694
48.60900068283081
48.72471880912781
49.42722964286804
47.17712330818176
48.69024419784546
43.65454912185669
42.157220125198364
46.525404930114746
39.699225425720215
51.32502341270447
52.381370306015015
49.94879388809204
49.768306732177734
43.86664366722107
36.135008811950684
41.83652186393738
44.4158673286438
45.42789912223816
45.18918251991272
42.77034521102905
44.19341254234314
43.84696412086487
51.67914438247681
43.411118030548096
52.070817947387695
48.67683434486389
50.31677007675171
47.788711071014404
47.83027172088623
44.3135199546814
43.87593460083008
44.260687828063965
43.55062532424927
41.45209455490112
36.334513902664185
42.07517457008362
44.115744829177856
44.16617774963379
42.78664803504944
71.47964572906494
64.34765410423279
46.3303759098053
42.88160157203674
47.16468000411987
45.20891571044922
47.282127141952515
43.04027009010315
36.676095485687256
66.26396775245667
63.3555748462677
45.46368646621704
46.83431696891785
41.08642315864563
49.038817167282104
49.40806293487549
46.08920979499817
122.34303975105286
44.665995836257935
36.043583393096924
34.573437213897705
33.84097719192505
55.17670249938965
47.78931522369385
11.900937557220459
50.0605731010437
45.901386976242065
44.999549865722656
45.3584418296814
41.67235255241394
45.91521334648132
47.00761961936951
16.726804494857788
48.1273717880249
42.562267780303955
49.33025622367859
60.14634418487549
43.60349988937378
40.287288188934326
41.56199598312378
40.156615257263184
38.41216063499451
45.7336847782135
47.75386834144592
46.0059757232666
46.18566298484802
40.65960693359375
