
x disttype general-gaussian
x k 380
x std 1.0
x N 100000
x alpha 0.001

o 0 0.992100139773098 0.9938448002695061
o 10 0.993132010380576 0.9947527368484324
o 20 0.845990420666388 0.8534366570489715
o 30 0.9767217318360318 0.9797656970781377
o 40 0.9663849256293144 0.9700440801276172
o 50 0.9791749337610015 0.9820521161409517
o 60 0.9954729882504474 0.9967712694318661
o 70 0.99656257600012 0.9976814030357948
o 80 0.5346058730606486 0.5449881076953618
o 90 0.9693056477485732 0.9728029147378241
o 100 0.9199856413281093 0.9255503398569196
o 110 0.9265037221047415 0.9318512817968869
o 120 0.8472531005082733 0.8546737877099612
o 130 0.9900378472422504 0.9920074569383176
o 140 0.936532484082258 0.9415210155725995
o 150 0.8910254244694927 0.8974348981477549
o 160 0.912244434332812 0.9180527073458609
o 170 0.8247093350445757 0.8325609373685576
o 180 0.9864689105065577 0.9887769871643518
o 190 0.9620315250418796 0.9659181393731153
o 200 0.9681018865757216 0.971666858761754
o 210 0.9008179083427976 0.9069609462229363
o 220 0.9012134481315875 0.9073453471396489
o 230 0.9131482135418814 0.9189287926554388
o 240 0.9279586713615378 0.9332561143618191
o 250 0.6599308358832395 0.669764229230525
o 260 0.9618879113394498 0.9657817747704643
o 270 0.9721071413840283 0.9754409945148437
o 280 0.9612725123240563 0.9651972667301265
o 290 0.6464652891699039 0.656391806014335
o 300 0.40522348269728636 0.4154700774836877
o 310 0.9069556401785327 0.9129222943094696
o 320 0.12740338692244046 0.13443247272566905
o 330 0.9900694737607284 0.9920358249902659
o 340 0.3907543898305005 0.40094136345909914
o 350 0.9691101148557338 0.9726184773485993
o 360 0.9913581769265282 0.9931868967913772
o 370 0.9541536278617081 0.9584172243557959
o 380 0.9931853326261161 0.9947994043701903
o 390 0.9853300181437175 0.9877360632535414
o 400 0.9676493770887931 0.9712394369247707
o 410 0.9923231434405418 0.9940417556875931
o 420 0.6798062123669066 0.6894858573776853
o 430 0.9918773340345539 0.9936476465268922
o 440 0.9994996047638228 0.999862213815235
o 450 0.8817779155400589 0.8884237936292139
o 460 0.6857808274275643 0.6954103421451108
o 470 0.9496954489628143 0.9541560739358763
o 480 0.9835681401315705 0.9861182220348611
o 490 0.891775264549456 0.8981649456478877
o 500 0.9973463587040767 0.9983173740753851
o 510 0.948612370090715 0.9531193156286669
o 520 0.8635450402779987 0.8706194034634435
o 530 0.6949403719454261 0.7044894178194541
o 540 0.9073311337351396 0.9132867444651622
o 550 0.6629315859700878 0.6727430268274186
o 560 0.8111828921804001 0.8192694117260169
o 570 0.952435154143984 0.9567759566975531
o 580 0.9727051067760889 0.9760029378499195
o 590 0.9899219072060194 0.9919034168457028
o 600 0.9843077978157989 0.9867984469279828
o 610 0.6859816709398142 0.6956094683746138
o 620 0.9594168977092375 0.9634331614091348
o 630 0.8741358314755509 0.8809670237204843
o 640 0.9829852593706604 0.9855811949304816
o 650 0.9401920238651718 0.9450409265824058
o 660 0.9389175197788852 0.9438156219648113
o 670 0.919955149229816 0.9255208365266256
o 680 0.9887644389287965 0.9908610809321889
o 690 0.9837451737000615 0.9862811604155817
o 700 0.9875053014351164 0.9897204270940643
o 710 0.9510957213471759 0.9554955909845766
o 720 0.5828669298601614 0.5931197610284992
o 730 0.9313175002670785 0.9364967817194743
o 740 0.10906858071437692 0.11565009577837904
o 750 0.9854030944817688 0.9878029751854324
o 760 0.5059728299175675 0.5163854792563219
o 770 0.9769389019680808 0.979968493500206
o 780 0.9351162283172557 0.9401574838304014
o 790 0.9861238791185308 0.9884620744287518
o 800 0.6033780693072517 0.6135455255094119
o 810 0.7744652029733867 0.7831126189694795
o 820 0.9929401650717982 0.9945846187315334
o 830 0.6381593549895654 0.6481389926833876
o 840 0.9831309388248733 0.9857154924798887
o 850 0.9921319851149663 0.9938729491076206
o 860 0.9980417457585299 0.9988617020378927
o 870 0.8653450405261947 0.8723791331998481
o 880 0.981104106753355 0.9838426428715276
o 890 0.8037825919590482 0.8119908236740363
o 900 0.7777378660514004 0.7863394638616026
o 910 0.9502064383575629 0.9546450077091541
o 920 0.9751612344033828 0.9783064343258026
o 930 0.6929315095850991 0.702498582774357
o 940 0.867731888812577 0.8747119268836421
o 950 0.5586300766767036 0.5689602743178265
o 960 0.5545250774837976 0.564865893600669
o 970 0.937592368108579 0.9425409725049199
o 980 0.9802116626815225 0.9830152261362057
o 990 0.7201207887935042 0.729425209180319
o 1000 0.7998313336144102 0.8081026756911605
o 1010 0.9628933744297018 0.9667361597498213
o 1020 0.9655012736959875 0.9692078659310639
o 1030 0.9894900877613894 0.9915153098627467
o 1040 0.9839118319004767 0.9864344757781056
o 1050 0.6831900403696028 0.6928415195326848
o 1060 0.9954080117924419 0.9967162610482303
o 1070 0.9757500832936209 0.978857495043196
o 1080 0.8419302416880984 0.8494574454018828
o 1090 0.8894245779417173 0.8958759846871194
o 1100 0.9955163277239497 0.9968079197750871
o 1110 0.9896374826006035 0.9916478899856844
o 1120 0.902876914736623 0.9089616311699197
o 1130 0.9111579942985898 0.9169993102423146
o 1140 0.9588327840932312 0.9628773631297127
o 1150 0.9544605872958628 0.9587102187105702
o 1160 0.9292714560172816 0.9345231328334742
o 1170 0.9429154603912873 0.9476570811817818
o 1180 0.9924825580168476 0.9941823116274352
o 1190 0.9683590390995336 0.9719096671964558
o 1200 0.5034625012046352 0.5138761875736337
o 1210 0.9940298328733965 0.9955347375584157
o 1220 0.979299287195505 0.9821677434166274
o 1230 0.959345158129295 0.9633649118112744
o 1240 0.9741390791752684 0.9773487461984557
o 1250 0.8214101642673783 0.8293206035722249
o 1260 0.03781510897926627 0.0418946341114288
o 1270 0.27526009066231666 0.2846131986582613
o 1280 0.9883863352650787 0.9905192476756749
o 1290 0.7449675025387658 0.7539947559977372
o 1300 0.8875707063261353 0.8940701342577253
o 1310 0.8380325016843096 0.8456357704606934
o 1320 0.683692117245953 0.693339367011401
o 1330 0.9136052172518989 0.9193717204377752
o 1340 0.931734935838094 0.9368992835372161
o 1350 0.991453459501346 0.9932715972421641
o 1360 0.9837764192597316 0.9863099099016792
o 1370 0.8932142857233624 0.8995657087320962
o 1380 0.8474652395267462 0.8548816168552013
o 1390 0.9969476220508677 0.9979962427880786
o 1400 0.9806889139795072 0.9834579004672659
o 1410 0.8298962431306106 0.8376532504659453
o 1420 0.9864479936109507 0.9887579074531084
o 1430 0.991972798533215 0.9937321647096052
o 1440 0.5482180920214921 0.5585738318790623
o 1450 0.9886593773454145 0.990766160082559
o 1460 0.9288134774778776 0.9340811800554001
o 1470 0.7742235447032424 0.7828743135733872
o 1480 0.9846726992025655 0.9871334873827594
o 1490 0.9186136177845118 0.9242225690920979
o 1500 0.007727885614785594 0.009666861057125109
o 1510 0.9047131406535659 0.9107451299935185
o 1520 0.9646590417172656 0.9684102254151494
o 1530 0.09795875016639771 0.10424163678246134
o 1540 0.9575624781076995 0.9616678606398001
o 1550 0.9289864877379935 0.9342481438492942
o 1560 0.9780356784509248 0.9809915478051779
o 1570 0.8029358392182728 0.8111577036335191
o 1580 0.8779715082183639 0.8847107717465208
o 1590 0.9750269704614826 0.9781807188620684
o 1600 0.8582776981671649 0.8654675357886686
o 1610 0.9979964608247334 0.9988270085895469
o 1620 0.9617237909933767 0.9656259199070713
o 1630 0.9884073325465189 0.9905382469013159
o 1640 0.619948122157199 0.6300329724180389
o 1650 0.9826523769445101 0.9852741298305446
o 1660 0.6883517041392495 0.6979590781250776
o 1670 0.7971907986929759 0.8055036073835093
o 1680 0.8718693368481644 0.8787538582737173
o 1690 0.9435787040220006 0.9482937379537266
o 1700 0.9839326668221108 0.9864536375493196
o 1710 0.9701703507020036 0.9736180802808322
o 1720 0.993249338059327 0.9948553866140609
o 1730 0.793270827221056 0.8016441679250543
o 1740 0.7139496451741482 0.7233172818851543
o 1750 0.7005255788999688 0.710023369635461
o 1760 0.9823300255922024 0.9849765319032816
o 1770 0.977404393644443 0.9804029300699731
o 1780 0.9889325912566941 0.9910129004223053
o 1790 0.06766730604982871 0.072997764801915
o 1800 0.6971100646597309 0.706639398299499
o 1810 0.9718906899850871 0.9752374789319546
o 1820 0.9917395021061081 0.9935255033523807
o 1830 0.9892165024269501 0.9912689414769849
o 1840 0.9935589957736648 0.9951256686285224
o 1850 0.4760074704111528 0.4864153713278645
o 1860 0.8238819716681065 0.831748424983596
o 1870 0.9969255552289567 0.9979783164661415
o 1880 0.8340548022457641 0.8417340670170104
o 1890 0.9985916421321996 0.9992714840859439
o 1900 0.960585482838005 0.9645443999403066
o 1910 0.7918299625699959 0.8002252491152011
o 1920 0.825213840940414 0.8330563557163132
o 1930 0.8592784594064953 0.8664466244057494
o 1940 0.9388563515465316 0.9437567993775671
o 1950 0.9908927951152977 0.9927723607912782
o 1960 0.9552690469628708 0.9594816373114009
o 1970 0.5786596262978296 0.5889276998245194
o 1980 0.9364000131278285 0.9413935064039292
o 1990 0.9710869687104968 0.9744813227173216
o 2000 0.92697171291792 0.9323032208072254
o 2010 0.9687499742805168 0.9722786726424661
o 2020 0.9626778849351848 0.9665316818139763
o 2030 0.9568046438126668 0.9609458091439779
o 2040 0.7791779611316125 0.7877591522823301
o 2050 0.9681224575724969 0.9716862846422291
o 2060 0.9959834121313056 0.9972007214783863
o 2070 0.12004071153180108 0.12689627847978224
o 2080 0.9359822410392438 0.9409913411763494
o 2090 0.639623809407884 0.6495943174179877
o 2100 0.8985565264687909 0.9047626670997748
o 2110 0.7607442751794675 0.7695756100672436
o 2120 0.9309815362719366 0.9361727961047921
o 2130 0.22436519911667013 0.233115839015118
o 2140 0.9976812288951316 0.9985823776972912
o 2150 0.9842452623633251 0.9867409923316718
o 2160 0.9776837736464219 0.9806635069587831
o 2170 0.9978835388815344 0.9987399821725043
o 2180 0.9046218283699603 0.9106564559652349
o 2190 0.9622879977246447 0.9661616279416754
o 2200 0.826828341981227 0.8346416122494197
o 2210 0.9101529040313858 0.9160245511763614
o 2220 0.997390859221408 0.998352857711563
o 2230 0.9718082396447937 0.9751599418466731
o 2240 0.9963982245620325 0.9975458001575757
o 2250 0.918247786188508 0.9238684555321075
o 2260 0.9633757272042913 0.9671937340545766
o 2270 0.978470530990457 0.9813966280268824
o 2280 0.7140300439717107 0.7233968709825614
o 2290 0.8779310204511633 0.884671265585439
o 2300 0.9788951906850553 0.9817919025808188
o 2310 0.9228524575105611 0.9283230938646899
o 2320 0.7413061805681688 0.7503766288642458
o 2330 0.9242049312521097 0.92963041734026
o 2340 0.99421210176869 0.9956924314232263
o 2350 0.9583204992883126 0.9623897251851454
o 2360 0.9555965800902358 0.9597940548565402
o 2370 0.9380918091849351 0.9430214564791192
o 2380 0.7721091238550035 0.7807890523378409
o 2390 0.9702321305688538 0.973676291013247
o 2400 0.9306659504516795 0.9358684292577649
o 2410 0.9702218337798804 0.973666589369066
o 2420 0.9662307749957089 0.9698982541217755
o 2430 0.5987179100376535 0.6089063880979935
o 2440 0.9739223499714781 0.977145508575765
o 2450 0.8792469361750694 0.8859551525260818
o 2460 0.8354983905022311 0.8431502620472389
o 2470 0.9821117285779294 0.9847748632156593
o 2480 0.8445763249556526 0.852050964987988
o 2490 0.9153115858032808 0.9210250960887839
o 2500 0.6716239831320729 0.6813693195834718
o 2510 0.958115609987464 0.9621946453774197
o 2520 0.9014467224661025 0.907572037835652
o 2530 0.8757246217777441 0.8825179951438169
o 2540 0.9649568692862693 0.9686923527676471
o 2550 0.877252868598159 0.8840095191365762
o 2560 0.7716157818757345 0.7803024684965014
o 2570 0.8805832316582989 0.8872586566568479
o 2580 0.957757087138249 0.9618532222748711
o 2590 0.984339067612247 0.9868271721539562
o 2600 0.9862806860259289 0.9886052421518596
o 2610 0.575073703405618 0.5853541641746649
o 2620 0.9950297230437336 0.9963946356777952
o 2630 0.9404979525785245 0.9453349519465268
o 2640 0.9157483918207406 0.9214482245899854
o 2650 0.6862728959049095 0.695898199534889
o 2660 0.9301162586796275 0.9353382034725698
o 2670 0.8947953960378904 0.9011043613783414
o 2680 0.9077167916606868 0.9136610287282669
o 2690 0.841546490264485 0.8490812544244564
o 2700 0.9311851486154494 0.9363691532223009
o 2710 0.7991258194219749 0.8074082958926843
o 2720 0.7136582010676328 0.7230287698727009
o 2730 0.4427645881525487 0.45312328528509005
o 2740 0.8005570266107922 0.8088168736557264
o 2750 0.9045913911351385 0.9106268977626967
o 2760 0.5786095416615538 0.5888777920230717
o 2770 0.767176089437734 0.7759228285308657
o 2780 0.7043633883012895 0.7138249822528342
o 2790 0.9781806110855843 0.9811265927702854
o 2800 0.9195384361893246 0.9251176120406461
o 2810 0.4289427426315424 0.4392672239820534
o 2820 0.7668640280970156 0.775614936798847
o 2830 0.9978948131536477 0.9987487028811188
o 2840 0.9450688004084781 0.9497234177663613
o 2850 0.773065627826019 0.7817324045485559
o 2860 0.9207988095676415 0.9263370497056425
o 2870 0.942833836899307 0.9475787169302283
o 2880 0.9909033640493209 0.9927817900032957
o 2890 0.9795687693836234 0.9824182193972866
o 2900 0.9765252764776617 0.9795821826763127
o 2910 0.9728185388113808 0.9761094884906976
o 2920 0.7547062833250607 0.7636145101085585
o 2930 0.66342336887765 0.6732311697939657
o 2940 0.9649260577780848 0.9686631689398743
o 2950 0.9913793480871742 0.9932057218636672
o 2960 0.9651725612969375 0.9688966281038563
o 2970 0.5078031522749051 0.5182148801357138
o 2980 0.9959072190381364 0.9971369337144851
o 2990 0.8262834338299841 0.8341066022203689
o 3000 0.9571835379054555 0.9613068579545206
o 3010 0.9066511970943393 0.9126267830307166
o 3020 0.9741700430564886 0.9773777775766527
o 3030 0.43419536310352697 0.44453380797872066
o 3040 0.958627859555094 0.9626823185717887
o 3050 0.9913158392713872 0.9931492419721538
o 3060 0.09112706010842828 0.09721438029936424
o 3070 0.9863015968096325 0.9886243279819168
o 3080 0.9778804134193666 0.9808468368231021
o 3090 0.9652033760840145 0.9689258086513842
o 3100 0.6261647519380658 0.6362154048327642
o 3110 0.8529817604912088 0.8602842680729024
o 3120 0.9752025489663164 0.9783451134245418
o 3130 0.6378785064850858 0.6478598835420836
o 3140 0.9851317099736837 0.9875544032182642
o 3150 0.8783359036690173 0.8850663216504785
o 3160 0.49067286279605554 0.5010877602988733
o 3170 0.9973574798370872 0.9983262490058391
o 3180 0.967351186399779 0.9709576728524639
o 3190 0.9486532356766407 0.9531584439000281
o 3200 0.9876205833793831 0.9898251262017155
o 3210 0.9554737513557194 0.9596769020901212
o 3220 0.9918561244475723 0.9936288599531853
o 3230 0.989879756399226 0.9918655748640505
o 3240 0.26853574314191364 0.2778185690918987
o 3250 0.8077748331996008 0.8159179826639757
o 3260 0.895900281391143 0.9021793103842511
o 3270 0.9863538770875796 0.9886720392347629
o 3280 0.7172461465705875 0.7265802841738435
o 3290 0.9705719572516728 0.9739964126072194
o 3300 0.8889281575632492 0.8953924794940934
o 3310 0.987568179193668 0.9897775390043198
o 3320 0.9863747905309177 0.9886911224021943
o 3330 0.49169270903703904 0.5021077597965005
o 3340 0.9620110083168786 0.9658986591975548
o 3350 0.9824235986555391 0.9850629441258778
o 3360 0.9672072474756751 0.9708216336089495
o 3370 0.9257102468606281 0.9310848760215464
o 3380 0.9871700847638147 0.989415698703003
o 3390 0.9734889846471427 0.9767389401934583
o 3400 0.9939869758836998 0.9954976032301155
o 3410 0.8258898979708241 0.8337201971710402
o 3420 0.9759774263324371 0.9790701170738246
o 3430 0.9496545726959869 0.9541169563483791
o 3440 0.8835600249466711 0.8901614169985815
o 3450 0.825445917745674 0.8332842440627855
o 3460 0.688191019265549 0.6977997872057233
o 3470 0.9506254999638796 0.9550458830859203
o 3480 0.9882918595801883 0.9904337390625867
o 3490 0.3812971198416576 0.3914400673192209
o 3500 0.9920789117902273 0.9938260321278835
o 3510 0.9332929393127367 0.9384010463620301
o 3520 0.05151038671480184 0.05621720195971869
o 3530 0.8893941842533808 0.8958463829323755
o 3540 0.9960160861412303 0.9972280391846192
o 3550 0.6506991392405107 0.6605973175856032
o 3560 0.99603787554133 0.997246244234574
o 3570 0.9777148198729328 0.9806924559396546
o 3580 0.5195768938766469 0.5299793584734585
o 3590 0.9459569704589377 0.9505751142932225
o 3600 0.9099600210222163 0.9158374630994127
o 3610 0.9373579527296957 0.942315423060562
o 3620 0.991125395645545 0.9929797193268399
o 3630 0.9921744518973942 0.9939104745524802
o 3640 0.7566684977786232 0.7655520004998634
o 3650 0.992100139773098 0.9938448002695061
o 3660 0.9966064670306064 0.9977174995226018
o 3670 0.9726638607442749 0.975964190180274
o 3680 0.993249338059327 0.9948553866140609
o 3690 0.9245303771884278 0.9299449226069674
o 3700 0.9330994395134449 0.9382145751876165
o 3710 0.7407127640224328 0.7497901347019795
o 3720 0.9674642881932939 0.9710645539017634
o 3730 0.34717623866831093 0.357126124608539
o 3740 0.9856223742276087 0.9880036601955979
o 3750 0.8907315816060946 0.8971487850659505
o 3760 0.9564769883497304 0.9606335139753337
o 3770 0.9730660548293018 0.9763419346594364
o 3780 0.3477941993358024 0.35774807015560606
o 3790 0.9949110774571095 0.996293307447173
o 3800 0.8809476997344214 0.8876141339273407
o 3810 0.8625237857437242 0.8696208111998593
o 3820 0.949511509105035 0.9539800414484128
o 3830 0.9976476190504188 0.9985560009980053
o 3840 0.9560879411854704 0.9602626197497677
o 3850 0.6220235759243121 0.6320972055467955
o 3860 0.9242659512111945 0.929689388232023
o 3870 0.9936017472748059 0.995162908716481
o 3880 0.896498385653404 0.9027611164570251
o 3890 0.9861134268181506 0.9884525284187474
o 3900 0.9778700631452639 0.9808371886958566
o 3910 0.9951376813762604 0.9964866532237622
o 3920 0.9966064670306064 0.9977174995226018
o 3930 0.9876520285485941 0.9898536758590134
o 3940 0.9918879394716361 0.9936570391688684
o 3950 0.7662399155312689 0.7749991432187683
o 3960 0.9874109995272481 0.9896347444804561
o 3970 0.8817981653779017 0.8884435407548804
o 3980 0.9990517359552183 0.9995909609264688
o 3990 0.9825691775407723 0.9851973423339356
o 4000 0.45066603445333203 0.46104064267949485
o 4010 0.9888064707612181 0.990899042062966
o 4020 0.9840993676088972 0.9866069102847218
o 4030 0.8500515211170256 0.857414947148885
o 4040 0.9490619143246531 0.9535497038189829
o 4050 0.9723133117369807 0.9756347927019067
o 4060 0.911493050047272 0.9173242042673848
o 4070 0.998661438417265 0.9993216358773404
o 4080 0.945977390276746 0.9505946914076118
o 4090 0.952568101637779 0.9569029892004957
o 4100 0.9372458446498124 0.9422075479632248
o 4110 0.9629754704861266 0.9668140512840355
o 4120 0.935819216601442 0.9408343900742756
o 4130 0.9863015968096325 0.9886243279819168
o 4140 0.530613026737609 0.5410015574598281
o 4150 0.9996892172795872 0.9999517166583664
o 4160 0.9728494762123843 0.9761385463641644
o 4170 0.9780874380341097 0.9810397802233639
o 4180 0.8932446895667543 0.8995953003304745
o 4190 0.9851212743809378 0.9875448404826985
o 4200 0.9842661069022342 0.986760144476292
o 4210 0.9478972886743787 0.9524345045228308
o 4220 0.98112487118632 0.983861875193649
o 4230 0.8983334573024239 0.9045457697067947
o 4240 0.9690277911397797 0.9725408135745297
o 4250 0.9912840900893921 0.9931209967910509
o 4260 0.9556887046567966 0.9598819164147301
o 4270 0.9099295661934831 0.9158079224933805
o 4280 0.9146411847474252 0.9203755976434066
o 4290 0.9594578925566294 0.9634721603774336
o 4300 0.3906346650073314 0.4008211064322892
o 4310 0.9614468609532262 0.9653628917722472
o 4320 0.9990397081089817 0.999583003494197
o 4330 0.7620526676945522 0.7708670207714852
o 4340 0.8614722671165218 0.8685924875732307
o 4350 0.8210873371258197 0.8290034791939811
o 4360 0.43937865881261046 0.4497297273295001
o 4370 0.7451686862979966 0.7541935419689838
o 4380 0.49799223919693214 0.5084072768458183
o 4390 0.965213647771269 0.9689355354089344
o 4400 0.6243698597526134 0.6344305677728554
o 4410 0.8696841314701828 0.8766193914024294
o 4420 0.828200767119539 0.8359889810419439
o 4430 0.9970470275238427 0.9980768058937483
o 4440 0.8509709560569071 0.8583153742381879
o 4450 0.9916017408439027 0.9934032893768359
o 4460 0.9353811120908134 0.9404125603160565
o 4470 0.9883233492867308 0.990462244124939
o 4480 0.8944609115129307 0.9007788960486476
o 4490 0.9748617400223596 0.9780259746374951
o 4500 0.16927221588126565 0.1771572314142421
o 4510 0.9966284230221276 0.9977355372394189
o 4520 0.9127216990377712 0.9185153710964749
o 4530 0.9644536653560696 0.9682156328557119
o 4540 0.8151058148548788 0.8231258998073011
o 4550 0.9476419325830383 0.9521898989907177
o 4560 0.9338327357491059 0.9389211689501887
o 4570 0.8915422008726606 0.8979380442667086
o 4580 0.9813013876079377 0.9840253311747138
o 4590 0.9207784792847417 0.9263173830365934
o 4600 0.9913475919306153 0.9931774836697693
o 4610 0.9260968000967572 0.9314582648226778
o 4620 0.8932446895667543 0.8995953003304745
o 4630 0.7107740386486853 0.7201733665582104
o 4640 0.8620991254549036 0.8692055351946949
o 4650 0.9943086825783884 0.995775830663444
o 4660 0.8351349596103256 0.8427937474970849
o 4670 0.9925463542253933 0.9942385035617001
o 4680 0.994319417532619 0.9957850934820478
o 4690 0.2224881066766639 0.23121321756293522
o 4700 0.9210224463473372 0.9265533793975271
o 4710 0.939906507201476 0.9447664861029952
o 4720 0.964915787365921 0.9686534409066895
o 4730 0.9924400369338559 0.9941448405947165
o 4740 0.41661239699235114 0.42689943747528836
o 4750 0.8715253471994824 0.8784178995150128
o 4760 0.9542661764571473 0.9585246588173368
o 4770 0.9838076661317302 0.9863386580741675
o 4780 0.9693365231821697 0.9728320346110289
o 4790 0.9794962097368918 0.9823507903113008
o 4800 0.9953538941952403 0.9966703911739312
o 4810 0.9261781825343642 0.9315368701818523
o 4820 0.9300348269808095 0.9352596473843012
o 4830 0.8268888882184149 0.8347010569209934
o 4840 0.939519046046473 0.9443940054148815
o 4850 0.946722779671492 0.9513091900221681
o 4860 0.5475674191795097 0.5579246030272669
o 4870 0.9970802018817989 0.9981036208453454
o 4880 0.6960553371349302 0.7055942846885404
o 4890 0.29249467311794775 0.30201599555399383
o 4900 0.7734683760884151 0.7821295957306412
o 4910 0.8946839000634884 0.9009958740680751
o 4920 0.9985568502389814 0.9992463006371575
o 4930 0.9823196292260448 0.9849669299037845
o 4940 0.9802324079465607 0.9830344776413584
o 4950 0.4605471924783884 0.47093798890518435
o 4960 0.9912311824590381 0.993073913802334
o 4970 0.9618058498902007 0.9657038486154581
o 4980 0.9658197591378725 0.9695093322513022
o 4990 0.43575328779292233 0.4460956473530835
o 5000 0.9801909178464218 0.9829959742007619
o 5010 0.99625607699333 0.9974279860013939
o 5020 0.808531015962133 0.8166616863040781
o 5030 0.9911994424525293 0.9930456594292085
o 5040 0.9198128543968581 0.9253831526925208
o 5050 0.9187863776039197 0.9243897833731141
o 5060 0.9115945846443352 0.9174226544498333
o 5070 0.9474376590028685 0.9519942032689988
o 5080 0.9663232640776684 0.9699857510240477
o 5090 0.9758947516854483 0.978992804425628
o 5100 0.8892320859143799 0.8956885055748228
o 5110 0.9786362326782213 0.9815509006936796
o 5120 0.9942335589583918 0.9957109698146643
o 5130 0.9052711790992787 0.9112870078954861
o 5140 0.6724672263336643 0.6822059493045634
o 5150 0.9970802018817989 0.9981036208453454
o 5160 0.9876520285485941 0.9898536758590134
o 5170 0.9656861952581121 0.9693829163622105
o 5180 0.9755331096463689 0.9786545020109825
o 5190 0.9682047436503978 0.9717639860723901
o 5200 0.8449803409739789 0.8524468883339521
o 5210 0.6735313445879257 0.6832616706903423
o 5220 0.9230456523054815 0.9285098701037034
o 5230 0.9939012950358774 0.9954233013542715
o 5240 0.9571220925036223 0.9612483126163337
o 5250 0.9389379093502053 0.9438352293333816
o 5260 0.8556396237444186 0.8628860060177748
o 5270 0.993912002751045 0.9954325914858628
o 5280 0.9963982245620325 0.9975458001575757
o 5290 0.9971023293278982 0.9981214862091915
o 5300 0.9673306230932489 0.9709382392782003
o 5310 0.9932386690556785 0.994846057674896
o 5320 0.9946203131124693 0.996044134633569
o 5330 0.9691821509807188 0.9726864302760279
o 5340 0.9994349747337248 0.999827034081556
o 5350 0.987013026408801 0.9892727827195469
o 5360 0.7773249856248289 0.7859324063607771
o 5370 0.9912311824590381 0.993073913802334
o 5380 0.7379369265109953 0.7470463899129277
o 5390 0.9971023293278982 0.9981214862091915
o 5400 0.9718906899850871 0.9752374789319546
o 5410 0.9429052573773874 0.9476472857277343
o 5420 0.9059510156407627 0.911947069443941
o 5430 0.9993336475888702 0.9997686002519833
o 5440 0.8350642932814902 0.842724424434389
o 5450 0.9654910007177806 0.9691981404649922
o 5460 0.9788123175522094 0.9817147885522755
o 5470 0.9983150394117801 0.9990682644526773
o 5480 0.9573883646829797 0.9615020003074166
o 5490 0.986688584891733 0.9889772770971446
o 5500 0.9876520285485941 0.9898536758590134
o 5510 0.945773196403522 0.9503989159572582
o 5520 0.991125395645545 0.9929797193268399
o 5530 0.9127927833002335 0.9185842761780907
o 5540 0.9896690746283509 0.9916762925815163
o 5550 0.9933880880525884 0.9949766097521912
o 5560 0.7181909328418596 0.7275153556642082
o 5570 0.9779735699755269 0.9809336658768368
o 5580 0.9661896699835211 0.9698593653626136
o 5590 0.9887749464991596 0.990870571603163
o 5600 0.18950683020294193 0.1977395254744383
o 5610 0.9004021011261902 0.9065568157724864
o 5620 0.5031824726681455 0.5135962584563336
o 5630 0.9676596602891666 0.9712491521641018
o 5640 0.8991345006226997 0.9053246063013364
o 5650 0.9805643912335356 0.9833424426319122
o 5660 0.9885123337433683 0.990633228219882
o 5670 0.9264630287971443 0.9318119812064377
o 5680 0.9084069568595762 0.9143307600714223
o 5690 0.9663746485835767 0.9700343587308771
o 5700 0.9697070674584173 0.9731814339972915
o 5710 0.9079705228082351 0.9139072595456145
o 5720 0.33149111632814593 0.34133362795134214
o 5730 0.8341860331332863 0.8418628164287474
o 5740 0.9601138901542867 0.9640960638003717
o 5750 0.996048772277534 0.9972553447150844
o 5760 0.969635011502451 0.9731135009105621
o 5770 0.9886173598486809 0.9907281845962546
o 5780 0.8618362463159731 0.8689484537700986
o 5790 0.9608110555499743 0.9647587931769205
o 5800 0.9414872511793168 0.9462855048317605
o 5810 0.9874529093144931 0.9896728278165302
o 5820 0.996125088015969 0.9973190093341655
o 5830 0.9956898663636761 0.996954339744824
o 5840 0.9676699435406328 0.971258867352314
o 5850 0.9944053246845137 0.9958591684350616
o 5860 0.9909456433829764 0.9928195032473932
o 5870 0.936155459767956 0.9411580964576344
o 5880 0.9920789117902273 0.9938260321278835
o 5890 0.854871528482089 0.8621342165270315
o 5900 0.9607802945441096 0.96472955882651
o 5910 0.8750465805216141 0.8818561380863312
o 5920 0.9916017408439027 0.9934032893768359
o 5930 0.9985105646110896 0.9992126179186841
o 5940 0.9592529241435658 0.9632771597102351
o 5950 0.8419605381922342 0.8494871443504931
o 5960 0.9069962333429932 0.9129616950599695
o 5970 0.9812079335482101 0.9839387998481772
o 5980 0.9907448673818673 0.99264031441667
o 5990 0.9973574798370872 0.9983262490058391
o 6000 0.8834790145112833 0.8900824395811167
o 6010 0.9870234955157862 0.9892823119035273
o 6020 0.8992866044369252 0.9054724796851328
o 6030 0.7951450815825732 0.8034896319047051
o 6040 0.9811352535760369 0.9838714911812643
o 6050 0.9470495666398006 0.951622353950813
o 6060 0.9903436897356498 0.9922815617688042
o 6070 0.9384078064881142 0.943325411753174
o 6080 0.9557910683286274 0.9599795373248842
o 6090 0.9674951351992028 0.9710937022161097
o 6100 0.9920895255577995 0.9938354164230112
o 6110 0.9716021313414468 0.9749660815767112
o 6120 0.985476179231244 0.9878698786970128
o 6130 0.9992219613154416 0.9997004931760775
o 6140 0.9992713415924842 0.9997310274127916
o 6150 0.9849856267753874 0.9874205098041136
o 6160 0.8488088459211911 0.8561978088263846
o 6170 0.9828604124206605 0.9854660615725691
o 6180 0.9964091698970011 0.9975548518296329
o 6190 0.953028342442462 0.9573426791417394
o 6200 0.964196969849114 0.967972367201355
o 6210 0.9123865955005572 0.9181905248675201
o 6220 0.9667343740284451 0.9703745787600258
o 6230 0.951228620589573 0.9556226717534271
o 6240 0.9958854612725865 0.9971186969029503
o 6250 0.9798383207762592 0.9826686261217537
o 6260 0.9628318041363223 0.9666777393495791
o 6270 0.990449215737242 0.992376017501352
o 6280 0.9987902132311843 0.9994127552213077
o 6290 0.9523840217922597 0.956727096742508
o 6300 0.9562824588719906 0.9604480727601352
o 6310 0.9857163748795804 0.9880896444137732
o 6320 0.9917289026008097 0.9935161047672005
o 6330 0.9989797919656069 0.9995429892428099
o 6340 0.9973686036217858 0.998335121267997
o 6350 0.9916123353971926 0.9934126929234196
o 6360 0.9973797300769236 0.99834399084297
o 6370 0.8685309618618376 0.8754927339770744
o 6380 0.9806162737683635 0.9833905520074436
o 6390 0.8057584653609711 0.8139346534215491
o 6400 0.7624955213705227 0.7713041004922063
o 6410 0.9336595880472627 0.9387543426264764
o 6420 0.9300755426978561 0.935298925560831
o 6430 0.9912629258899698 0.993102164744921
o 6440 0.9897954693319151 0.9917898763319698
o 6450 0.9892059836740069 0.9912594620043967
o 6460 0.8866894586676355 0.8932115140466952
o 6470 0.989658543659011 0.9916668253434487
o 6480 0.9579926830934435 0.9620775908038981
o 6490 0.9432419685505197 0.9479705239930117
o 6500 0.9795584034133441 0.9824085869774087
o 6510 0.9992219613154416 0.9997004931760775
o 6520 0.9614366048376122 0.9653531494367507
o 6530 0.9090362707931186 0.9149413518017185
o 6540 0.9790920394335862 0.9819750233223565
o 6550 0.9903436897356498 0.9922815617688042
o 6560 0.2454983423055881 0.254519476345233
o 6570 0.7010278870927036 0.7105209857913534
o 6580 0.9844016113667309 0.9868846184401336
o 6590 0.952772645812658 0.957098414248274
o 6600 0.8702809832758331 0.8772024500756803
o 6610 0.8271815308713321 0.834988370327393
o 6620 0.911107229400797 0.9169500827499326
o 6630 0.9869606839551914 0.9892251337146627
o 6640 0.9947064001009194 0.9961180292250148
o 6650 0.7152963492231623 0.7246503750745728
o 6660 0.9808445900269915 0.9836022001285487
o 6670 0.9813429257893143 0.9840637864958365
o 6680 0.9762048080933512 0.9792827003579857
o 6690 0.9144075729580469 0.9201492444529776
o 6700 0.7408133423268561 0.7498895412633324
o 6710 0.9505846138919164 0.9550067753064613
o 6720 0.9841097876801429 0.9866164885573894
o 6730 0.9331299916898136 0.9382440184282679
o 6740 0.7263332470071341 0.7355718157913762
o 6750 0.9980757554426003 0.9988876757467111
o 6760 0.9972685834918068 0.9982551763942568
o 6770 0.9995258073724307 0.9998759227757309
o 6780 0.8887964577163302 0.8952641990869521
o 6790 0.9497056680959618 0.9541658532662467
o 6800 0.9711281761040862 0.9745201090459022
o 6810 0.9611494495058563 0.9650803481305199
o 6820 0.9893532713901378 0.9913921494086618
o 6830 0.9815921946290876 0.9842944786384377
o 6840 0.9822780450377208 0.9849285206283698
o 6850 0.9661074622530971 0.9697815855493865
o 6860 0.9734374016934243 0.9766905310345115
o 6870 0.7616903378158235 0.7705094051436688
o 6880 0.9437930029783692 0.9484994068145721
o 6890 0.9696247180193216 0.973103795958878
o 6900 0.9492253974530476 0.9537061961139782
o 6910 0.8776678529607338 0.8844144725412266
o 6920 0.9748617400223596 0.9780259746374951
o 6930 0.9561391289114515 0.960311424312777
o 6940 0.9043478967247507 0.9103904286740354
o 6950 0.9638889714366784 0.9676804122052863
o 6960 0.9929188597925623 0.9945659280499756
o 6970 0.9841723112747981 0.9866739550230997
o 6980 0.9167643110529333 0.9224321530606223
o 6990 0.5981466978416282 0.6083376865069494
o 7000 0.9885963526177916 0.9907091953335433
o 7010 0.9197620354616396 0.9253339792464227
o 7020 0.9961905564094616 0.9973735238743234
o 7030 0.8179702859188451 0.8259409985219102
o 7040 0.9916759113163187 0.9934691055873248
o 7050 0.9868560143521683 0.98912982038242
o 7060 0.9598473728634738 0.9638426213082667
o 7070 0.9497056680959618 0.9541658532662467
o 7080 0.9857790499604413 0.9881469592377093
o 7090 0.8912787433194403 0.8976815413188179
o 7100 0.987138669346908 0.9893871192566973
o 7110 0.9960923729400477 0.9972917328628553
o 7120 0.9952889876678324 0.996615312615616
o 7130 0.5769467625448794 0.5872208222072554
o 7140 0.9672586531047412 0.9708702201831654
o 7150 0.9908399558090225 0.9927252093583472
o 7160 0.9664157570559635 0.970073244028295
o 7170 0.868874880102793 0.8758287641506058
o 7180 0.9816129701349311 0.9843136998785288
o 7190 0.933435522197326 0.9385384420887034
o 7200 0.9407325106215395 0.9455603586932361
o 7210 0.8502434870042329 0.8576029524549782
o 7220 0.9324171486987399 0.9375569683476803
o 7230 0.9594066490885672 0.9634234115759015
o 7240 0.9195587631240868 0.9251372820584354
o 7250 0.9934201214487471 0.9950045701217297
o 7260 0.9561698419370558 0.9603407066604699
o 7270 0.9942764822465943 0.9957480376640291
o 7280 0.9876101021000481 0.9898156092049694
o 7290 0.9927484935748992 0.9944163264123496
o 7300 0.9061438140154964 0.9121342421680148
o 7310 0.9930787021440787 0.9947060552852527
o 7320 0.820088621370918 0.8280223449325483
o 7330 0.9974242629841317 0.9983794418843119
o 7340 0.9930467238551024 0.9946780396791838
o 7350 0.8387089945125358 0.8462991760859
o 7360 0.9647001191331603 0.9684491417824994
o 7370 0.8695930884430053 0.8765304480852514
o 7380 0.9597858724373765 0.9637841310139347
o 7390 0.9264223357360812 0.9317726803694776
o 7400 0.9354422408901434 0.9404714223454136
o 7410 0.9523124377096207 0.9566586915952273
o 7420 0.9557398860917683 0.9599307272708993
o 7430 0.7692398061496988 0.7779588014889229
o 7440 0.9608418169012961 0.9647880271816699
o 7450 0.9868664803995456 0.9891393526296806
o 7460 0.9604727034004823 0.9644371964010068
o 7470 0.9948787387692184 0.9962656532148791
o 7480 0.9925782589568655 0.9942665928876182
o 7490 0.9162664945923216 0.921950044149498
o 7500 0.9473355259575185 0.9518963516623157
o 7510 0.9465389730216196 0.9511330242893883
o 7520 0.9763598636013456 0.9794276210027307
o 7530 0.9286710019407595 0.9339436769590763
o 7540 0.9901749159041939 0.9921303647158404
o 7550 0.9813013876079377 0.9840253311747138
o 7560 0.9336697730633409 0.9387641560825156
o 7570 0.9892165024269501 0.9912689414769849
o 7580 0.7583088056634127 0.7671714458916731
o 7590 0.988239381567399 0.9903862257874413
o 7600 0.9897006693025858 0.9917046925268812
o 7610 0.9797553744310751 0.9825915853596162
o 7620 0.9371846957730764 0.9421487060158352
o 7630 0.9503393066113349 0.9547721194758791
o 7640 0.9350041658551184 0.9400495631050733
o 7650 0.9802116626815225 0.9830152261362057
o 7660 0.9750682810810078 0.9782194019066264
o 7670 0.9902381964272761 0.9921870732899528
o 7680 0.83703295176643 0.8446554704215287
o 7690 0.9538876185348981 0.9581632737250905
o 7700 0.8848765182975383 0.8914447262478667
o 7710 0.9869397484068724 0.9892060726778331
o 7720 0.8341456543049937 0.8418232013186882
o 7730 0.9655012736959875 0.9692078659310639
o 7740 0.9947817708010861 0.9961826422723513
o 7750 0.9920470731645392 0.9937978765602158
o 7760 0.9772078313447755 0.9802195226799614
o 7770 0.9571732969209971 0.9612971004823277
o 7780 0.9994736123112946 0.9998482871313812
o 7790 0.9623598146165485 0.9662298001983892
o 7800 0.8474349337969828 0.8548519271330444
o 7810 0.9970138730066911 0.9980499709908558
o 7820 0.9957876139794718 0.9970365683540472
o 7830 0.9975469608048722 0.9984766984118723
o 7840 0.9913687623117962 0.9931963095229204
o 7850 0.8276860969426819 0.8354837284955099
o 7860 0.949399105635488 0.9538724618168599
o 7870 0.9545015173060918 0.9587492825382478
o 7880 0.9949865662469034 0.996357802037034
o 7890 0.9832246040926795 0.985801812415827
o 7900 0.9254864629131364 0.9308686935244144
o 7910 0.9944160665535022 0.9958684243192946
o 7920 0.9380714229133075 0.9430018458101195
o 7930 0.9870863144931038 0.9893394826668362
o 7940 0.9961032765663257 0.997300826424832
o 7950 0.9913158392713872 0.9931492419721538
o 7960 0.9953647155998915 0.9966795672709512
o 7970 0.9965735461617428 0.9976904297659097
o 7980 0.9886593773454145 0.990766160082559
o 7990 0.8599557777740847 0.8671092044227189
o 8000 0.9432725798588963 0.9479999080878179
o 8010 0.9552895168323167 0.9595011643592949
o 8020 0.889333397113492 0.8957871791860811
o 8030 0.9815921946290876 0.9842944786384377
o 8040 0.9971576880058557 0.99816610932758
o 8050 0.9878407419082346 0.990024931405063
o 8060 0.9660355329907644 0.9697135257099126
o 8070 0.9954404951528307 0.9967437701258874
o 8080 0.9874948225751363 0.9897109076749664
o 8090 0.9842035751150578 0.9867026862110579
o 8100 0.9882813634954011 0.9904242368904387
o 8110 0.8650113165405448 0.8720529072460642
o 8120 0.9387034341198562 0.9436097397542818
o 8130 0.9928443080619423 0.9945004938804054
o 8140 0.9934521602445171 0.9950325250786087
o 8150 0.9330892554898809 0.938204760738862
o 8160 0.8282209505274534 0.8360087946035462
o 8170 0.967536265250612 0.9711325659247682
o 8180 0.966816605379372 0.9704523349422791
o 8190 0.9882078976438113 0.9903577149344511
o 8200 0.9950405145872481 0.9964038417361176
o 8210 0.9063163211779036 0.9123017091462241
o 8220 0.9883338463407737 0.9904717453265686
o 8230 0.9052001542119201 0.91121804342984
o 8240 0.991919758368106 0.9936852145046222
o 8250 0.958771305237579 0.9628188512571622
o 8260 0.9819766201283959 0.9846499928734747
o 8270 0.9623085166331657 0.9661811059328382
o 8280 0.9732723477600046 0.9765356102011172
o 8290 0.8281805837315502 0.8359691674604132
o 8300 0.9929508185152514 0.9945939632666825
o 8310 0.9747481551973495 0.9779195768746107
o 8320 0.9248456674388295 0.9302495850817557
o 8330 0.9550848238119912 0.9593058882043164
o 8340 0.9925144539220145 0.9942104097983075
o 8350 0.9802531536422803 0.9830537287154704
o 8360 0.9892375407580744 0.9912878995956558
o 8370 0.9933667354343484 0.9949579665194849
o 8380 0.9952998028346814 0.9966244949719529
o 8390 0.9860611680937156 0.988404795588247
o 8400 0.9724679564284109 0.975780124406307
o 8410 0.5925752513945942 0.6027899739029375
o 8420 0.9912523443646175 0.9930927481464299
o 8430 0.9198738375689968 0.9254421603776509
o 8440 0.9432011537849544 0.9479313448875057
o 8450 0.9962451532088131 0.9974189126833434
o 8460 0.9991974091936578 0.9996850848564172
o 8470 0.9982578605957628 0.9990254755426886
o 8480 0.9980757554426003 0.9988876757467111
o 8490 0.9968043325957504 0.9978795760429425
o 8500 0.9933880880525884 0.9949766097521912
o 8510 0.9142044376257148 0.9199524102367026
o 8520 0.286602927812125 0.29606863657246174
o 8530 0.8222777863616978 0.8301728511855743
o 8540 0.9847039854374802 0.9871621961538846
o 8550 0.9982008159598506 0.9989825511496526
o 8560 0.9978722684598832 0.998731257583025
o 8570 0.9820493682117978 0.9847172333724661
o 8580 0.9911677058509709 0.9930174016450546
o 8590 0.9563438879558697 0.9605066344218036
o 8600 0.9931959987716519 0.9948087361741741
o 8610 0.8981306712780518 0.9043485861311198
o 8620 0.9804087601579612 0.9831980979632072
o 8630 0.9849438946561736 0.9873822485993992
o 8640 0.9079096266919824 0.9138481647903929
o 8650 0.9908505229572816 0.9927346403591493
o 8660 0.9654190911679145 0.9691300609044741
o 8670 0.9274804359278017 0.9327944215114168
o 8680 0.9576136898126589 0.9617166412156204
o 8690 0.9674334416431708 0.9710354051313755
o 8700 0.9558013048723246 0.9599892992393108
o 8710 0.9194571289928662 0.9250389314265621
o 8720 0.9936552007796383 0.995209444662842
o 8730 0.9987902132311843 0.9994127552213077
o 8740 0.9939655515538413 0.9954790318899134
o 8750 0.966302710612216 0.9699663076042784
o 8760 0.9920895255577995 0.9938354164230112
o 8770 0.9678653350612441 0.971443446180884
o 8780 0.996892470431728 0.9979514114652585
o 8790 0.9872748164904569 0.9895109498370763
o 8800 0.9995258073724307 0.9998759227757309
o 8810 0.9915275903306396 0.9933374531697704
o 8820 0.9968704240500165 0.9979334645945805
o 8830 0.9992096743120683 0.9996928002040392
o 8840 0.9852673879282182 0.9876787035163641
o 8850 0.9928017186493455 0.9944630913243997
o 8860 0.9938263598891883 0.995358251524648
o 8870 0.9970470275238427 0.9980768058937483
o 8880 0.996672356333951 0.9977715912406057
o 8890 0.9951052837959872 0.9964590580735077
o 8900 0.9709942556088206 0.9743940499422814
o 8910 0.9879875699406226 0.9901580791231215
o 8920 0.9347087390896678 0.939765034192322
o 8930 0.9913370073232685 0.9931680701588534
o 8940 0.983974338442683 0.9864919593127154
o 8950 0.9973130110311117 0.9982907334602715
o 8960 0.9746036056652747 0.9777841485597337
o 8970 0.9947494639099451 0.9961549561446293
o 8980 0.9853300181437175 0.9877360632535414
o 8990 0.997692438742789 0.9985911633173263
o 9000 0.993751457291225 0.9952931690623088
o 9010 0.6683314905435546 0.6781023083744766
o 9020 0.9798072151155786 0.9826397366177769
o 9030 0.9847039854374802 0.9871621961538846
o 9040 0.9870967850476794 0.989349010401536
o 9050 0.9832662366958332 0.9858401732332397
o 9060 0.9997474636700737 0.9999730088185749
o 9070 0.9987081371720828 0.9993549003642447
o 9080 0.9995126784110874 0.999869096973979
o 9090 0.9833078715234782 0.9858785318241305
o 9100 0.9908188225774732 0.9927063462899404
o 9110 0.9529362895470678 0.9572547458894176
o 9120 0.989774400572664 0.9917709486867657
o 9130 0.9875367393272698 0.9897489840375387
o 9140 0.9903542408553363 0.9922910088249471
o 9150 0.9667960472470254 0.9704328961913996
o 9160 0.9883548411786246 0.9904907469990641
o 9170 0.8825170554709242 0.889144542864506
o 9180 0.9911042427858373 0.992960875920748
o 9190 0.9885858493804591 0.9906997003235622
o 9200 0.9900273056927474 0.9919980002967493
o 9210 0.9409262843221842 0.9457465559037673
o 9220 0.999565558673665 0.9998960216619766
o 9230 0.999003715108361 0.9995590390215284
o 9240 0.9766079908556597 0.9796594555681722
o 9250 0.9681636001928859 0.9717251357760593
o 9260 0.9858208369196513 0.988185165544442
o 9270 0.9832246040926795 0.985801812415827
o 9280 0.42309166014792615 0.4333991927474876
o 9290 0.9355237469942547 0.9405499040126566
o 9300 0.9984874643831768 0.9991957334827668
o 9310 0.9963216512701101 0.9974823942022671
o 9320 0.9061945510870728 0.9121834974908029
o 9330 0.890802508506542 0.8972178475316512
o 9340 0.9806266506078614 0.9834001735498421
o 9350 0.8768986238096645 0.8836638170494937
o 9360 0.9703351016464367 0.9737733042653294
o 9370 0.9839014146613095 0.9864248946706403
o 9380 0.9736024732165484 0.9768454342683183
o 9390 0.9954296662896721 0.9967346015135036
o 9400 0.8878340802655428 0.8943267208295218
o 9410 0.953059027269675 0.9573719896969461
o 9420 0.9894164114587366 0.9914489986528356
o 9430 0.9795273061158988 0.9823796891039182
o 9440 0.9938798816356167 0.9954047190557473
o 9450 0.8975020594635578 0.903737292182314
o 9460 0.9921638345210265 0.993901093873372
o 9470 0.975264523098981 0.9784031297830199
o 9480 0.9988609575119792 0.9994619461165326
o 9490 0.9668988398774854 0.9705300879759209
o 9500 0.9860716194690083 0.9884143425243506
o 9510 0.9976028509144189 0.9985207867576995
o 9520 0.9786051617557247 0.9815219764260242
o 9530 0.5946594534236956 0.6048654572752177
o 9540 0.9654396365220913 0.9691495124390943
o 9550 0.9629344221243666 0.9667751058506154
o 9560 0.7624451967537837 0.7712544326774446
o 9570 0.9924506664803062 0.994154209078726
o 9580 0.8837423003425101 0.8903391142714558
o 9590 0.9913793480871742 0.9932057218636672
o 9600 0.9654190911679145 0.9691300609044741
o 9610 0.7280926441563418 0.7373121538199614
o 9620 0.7164521438317596 0.725794406452916
o 9630 0.9766803703086357 0.9797270649734612
o 9640 0.9229439701855249 0.9284115674690455
o 9650 0.9802427807405405 0.9830441032323524
o 9660 0.9787812417272719 0.9816858691905653
o 9670 0.7584597587431805 0.7673204701070756
o 9680 0.681693890023656 0.6913578952994405
o 9690 0.9746345793474193 0.977813170131249
o 9700 0.392640098010703 0.40283536941525466
o 9710 0.9810106725042558 0.9837560917182794
o 9720 0.9321422177837004 0.9372919405016688
o 9730 0.9723751678640813 0.9756929271340875
o 9740 0.7058303018021728 0.7152778478447354
o 9750 0.9858521790236686 0.9882138183878468
o 9760 0.9839847567189879 0.9865015393820674
o 9770 0.14868151695543433 0.15617108092668142
o 9780 0.8201087969887005 0.8280421662848692
o 9790 0.9360535657402633 0.9410600057737537
o 9800 0.9728494762123843 0.9761385463641644
o 9810 0.9878407419082346 0.990024931405063
o 9820 0.9233405386330424 0.9287949395628623
o 9830 0.8734275124989689 0.8802754489279947
o 9840 0.8927278354588866 0.8990922319259962
o 9850 0.8146418860324712 0.8226698983111534
o 9860 0.9623085166331657 0.9661811059328382
o 9870 0.8797429692866594 0.8864390450305424
o 9880 0.843879418502248 0.8513679760363166
o 9890 0.60045163341174 0.6106324030597237
o 9900 0.9324476973582723 0.9375864151058712
o 9910 0.9081227648731224 0.9140549946591979
o 9920 0.9812390838508209 0.9839676446751513
o 9930 0.9902803898631936 0.9922248725751968
o 9940 0.7919710226413281 0.8003641678444333
o 9950 0.9909985006945305 0.9928666366439151
o 9960 0.8411930420353626 0.8487347557045828
o 9970 0.6919773376338393 0.7015528984571646
o 9980 0.7358149788484473 0.7449486568977117
o 9990 0.9810418162200245 0.983784943137425
