0 0.00018262863159179688
50 4.601478576660156e-05
100 147.01129603385925
150 143.96830868721008
200 3.147125244140625e-05
250 1.9311904907226562e-05
300 147.6467683315277
350 3.218650817871094e-05
400 155.3195595741272
450 148.9555938243866
500 149.0400893688202
550 154.54593515396118
600 0.00019550323486328125
650 149.85534358024597
700 150.09099864959717
750 144.50008535385132
800 153.95340752601624
850 147.03848552703857
900 4.6253204345703125e-05
950 4.506111145019531e-05
1000 146.22994899749756
1050 149.0601029396057
1100 4.6253204345703125e-05
1150 2.956390380859375e-05
1200 148.95312976837158
1250 146.3277018070221
1300 6.628036499023438e-05
1350 143.4882881641388
1400 2.0742416381835938e-05
1450 151.85524892807007
1500 147.38064169883728
1550 152.48203706741333
1600 8.0108642578125e-05
1650 4.00543212890625e-05
1700 1.9550323486328125e-05
1750 113.35746026039124
1800 0.004300594329833984
1850 148.44739532470703
1900 3.647804260253906e-05
1950 149.2204191684723
2000 4.744529724121094e-05
2050 145.87268996238708
2100 5.125999450683594e-05
2150 2.7179718017578125e-05
2200 142.38056135177612
2250 149.25556540489197
2300 4.7206878662109375e-05
2350 3.0279159545898438e-05
2400 3.0279159545898438e-05
2450 153.5718538761139
2500 0.00011348724365234375
2550 142.16826510429382
2600 0.0001468658447265625
2650 83.50618886947632
2700 4.6253204345703125e-05
2750 139.8324728012085
2800 152.32516360282898
2850 118.14088439941406
2900 0.00015974044799804688
2950 0.00014710426330566406
3000 0.0001430511474609375
3050 139.65476369857788
3100 0.00015282630920410156
3150 0.00013446807861328125
3200 140.9785327911377
3250 1.9073486328125e-05
3300 8.58306884765625e-06
3350 8.344650268554688e-06
3400 9.059906005859375e-06
3450 2.47955322265625e-05
3500 151.5695436000824
3550 155.69859170913696
3600 149.965078830719
3650 105.40263342857361
3700 2.0265579223632812e-05
3750 129.3591718673706
3800 0.0001761913299560547
3850 148.52464509010315
3900 146.09991025924683
3950 115.33055138587952
4000 152.52054810523987
4050 151.2092480659485
4100 145.91908621788025
4150 147.40141129493713
4200 137.89282369613647
4250 0.00019240379333496094
4300 136.3077208995819
4350 150.44484281539917
4400 119.41079688072205
4450 144.92755508422852
4500 134.7532262802124
4550 101.86412024497986
4600 105.9950692653656
4650 3.647804260253906e-05
4700 131.5823163986206
4750 135.93751168251038
4800 0.00019073486328125
4850 140.0160892009735
4900 131.248060464859
4950 4.863739013671875e-05
5000 147.16221570968628
5050 151.531756401062
5100 153.898686170578
5150 147.48166346549988
5200 137.66185212135315
5250 5.269050598144531e-05
5300 147.5049693584442
5350 2.6702880859375e-05
5400 1.5497207641601562e-05
5450 135.34447813034058
5500 150.50739455223083
5550 147.13421726226807
5600 141.90269804000854
5650 147.60455203056335
5700 4.6253204345703125e-05
5750 146.27610683441162
5800 148.21693634986877
5850 3.075599670410156e-05
5900 138.16274309158325
5950 121.32787036895752
6000 4.8160552978515625e-05
6050 133.31730151176453
6100 144.94899225234985
6150 5.9604644775390625e-05
6200 3.457069396972656e-05
6250 8.177757263183594e-05
6300 119.40437459945679
6350 141.28799200057983
6400 143.61798000335693
6450 3.9577484130859375e-05
6500 134.61248087882996
6550 104.02347493171692
6600 140.17562317848206
6650 142.8979299068451
6700 2.0742416381835938e-05
6750 128.2535970211029
6800 3.910064697265625e-05
6850 1.8596649169921875e-05
6900 143.00951218605042
6950 0.00013589859008789062
7000 135.95478892326355
7050 132.74896574020386
7100 2.4318695068359375e-05
7150 124.09691548347473
7200 1.8358230590820312e-05
7250 3.0279159545898438e-05
7300 2.5987625122070312e-05
7350 127.1734311580658
7400 3.7670135498046875e-05
7450 2.7179718017578125e-05
7500 8.344650268554688e-05
7550 140.0847635269165
7600 142.6328592300415
7650 2.956390380859375e-05
7700 1.9073486328125e-05
7750 1.3828277587890625e-05
7800 137.0976243019104
7850 143.35349225997925
7900 136.80080366134644
7950 132.39925622940063
8000 145.3130350112915
8050 4.3392181396484375e-05
8100 146.17734670639038
8150 2.1457672119140625e-05
8200 1.2159347534179688e-05
8250 1.1920928955078125e-05
8300 1.1920928955078125e-05
8350 94.43510437011719
8400 3.3855438232421875e-05
8450 126.82724046707153
8500 0.00016164779663085938
8550 127.96004676818848
8600 4.267692565917969e-05
8650 2.4318695068359375e-05
8700 2.6941299438476562e-05
8750 9.393692016601562e-05
8800 121.27800822257996
8850 138.66441822052002
8900 143.0340039730072
8950 142.0935320854187
9000 8.893013000488281e-05
9050 150.04992651939392
9100 0.0001506805419921875
9150 0.00012564659118652344
9200 0.00012564659118652344
9250 140.86068177223206
9300 2.0503997802734375e-05
9350 137.27255964279175
9400 138.88971376419067
9450 0.000171661376953125
9500 147.6597192287445
9550 134.7955343723297
9600 6.556510925292969e-05
9650 2.288818359375e-05
9700 1.9073486328125e-05
9750 1.9550323486328125e-05
9800 1.9311904907226562e-05
9850 1.7404556274414062e-05
9900 1.5020370483398438e-05
9950 111.93458223342896
10000 9.560585021972656e-05
10050 132.37484550476074
10100 133.52520370483398
10150 151.4274706840515
10200 142.93440341949463
10250 143.60487294197083
10300 143.92101311683655
10350 144.17662358283997
10400 144.74487280845642
10450 2.9325485229492188e-05
10500 146.6468813419342
10550 151.1935498714447
10600 0.00017952919006347656
10650 0.00016498565673828125
10700 0.0001533031463623047
10750 145.82495737075806
10800 144.51742005348206
10850 145.93911814689636
10900 140.6944191455841
10950 149.88725686073303
11000 145.13204097747803
11050 156.16102814674377
11100 4.9114227294921875e-05
11150 149.33852124214172
11200 5.340576171875e-05
11250 135.6629798412323
11300 145.9237678050995
11350 158.79175353050232
11400 141.92183375358582
11450 152.8235170841217
11500 134.90065336227417
11550 0.00019431114196777344
11600 132.33739972114563
11650 6.008148193359375e-05
11700 2.574920654296875e-05
11750 141.55907201766968
11800 4.00543212890625e-05
11850 1.8596649169921875e-05
11900 145.85143375396729
11950 148.8221457004547
12000 2.0742416381835938e-05
12050 133.5388925075531
12100 106.55068588256836
12150 154.11644387245178
12200 146.78345108032227
12250 150.45954656600952
12300 2.8133392333984375e-05
12350 151.07660460472107
12400 147.84691262245178
12450 0.00017762184143066406
12500 2.4318695068359375e-05
12550 128.05665397644043
12600 0.00031495094299316406
12650 98.24992561340332
12700 1.9788742065429688e-05
12750 123.30505013465881
12800 132.09868621826172
12850 3.910064697265625e-05
12900 115.34528422355652
12950 106.80159902572632
13000 130.796706199646
13050 109.58070874214172
13100 134.5092432498932
13150 136.21029806137085
13200 126.13261890411377
13250 0.0001533031463623047
13300 136.27314591407776
13350 137.66206860542297
13400 139.5560004711151
13450 0.00019669532775878906
13500 143.06466102600098
13550 3.790855407714844e-05
13600 2.6941299438476562e-05
13650 142.92680883407593
13700 4.100799560546875e-05
13750 153.06193614006042
13800 149.16178679466248
13850 148.6783583164215
13900 5.91278076171875e-05
13950 137.70287370681763
14000 150.22642588615417
14050 0.0002014636993408203
14100 3.528594970703125e-05
14150 145.7917995452881
14200 4.696846008300781e-05
14250 125.20102310180664
14300 153.82940316200256
14350 143.60110592842102
14400 143.45161080360413
14450 134.3437421321869
14500 2.384185791015625e-05
14550 138.62050557136536
14600 3.504753112792969e-05
14650 142.41515159606934
14700 142.67338752746582
14750 0.0001862049102783203
14800 121.56328821182251
14850 4.38690185546875e-05
14900 2.193450927734375e-05
14950 124.80214405059814
15000 151.38583040237427
15050 147.47080898284912
15100 122.33364748954773
15150 0.00017905235290527344
15200 0.00014090538024902344
15250 0.0001442432403564453
15300 142.6177315711975
15350 150.36097502708435
15400 0.00017333030700683594
15450 160.41869187355042
15500 159.69789123535156
15550 7.510185241699219e-05
15600 2.574920654296875e-05
15650 117.34373474121094
15700 142.0719964504242
15750 0.00017952919006347656
15800 157.0278730392456
15850 3.1948089599609375e-05
15900 148.94895720481873
15950 0.00014734268188476562
16000 0.00012135505676269531
16050 147.7027359008789
16100 156.34824872016907
16150 143.03625464439392
16200 0.0001652240753173828
16250 4.124641418457031e-05
16300 128.84145855903625
16350 0.00020456314086914062
16400 129.45699644088745
16450 0.00015735626220703125
16500 99.09553003311157
16550 3.743171691894531e-05
16600 1.621246337890625e-05
16650 124.75839447975159
16700 128.84403896331787
16750 138.16635155677795
16800 128.88900804519653
16850 130.95774221420288
16900 0.0002105236053466797
16950 138.89385342597961
17000 138.4232461452484
17050 133.3153793811798
17100 0.0002052783966064453
17150 0.0001804828643798828
17200 136.03046941757202
17250 5.507469177246094e-05
17300 3.218650817871094e-05
17350 129.64528059959412
17400 139.19315648078918
17450 4.363059997558594e-05
17500 149.80262756347656
17550 2.0503997802734375e-05
17600 139.34066653251648
17650 3.9577484130859375e-05
17700 149.22217535972595
17750 142.9164581298828
17800 0.0001628398895263672
17850 140.84735202789307
17900 0.00011372566223144531
17950 156.85163807868958
18000 160.6494960784912
18050 3.147125244140625e-05
18100 2.6702880859375e-05
18150 154.56950688362122
18200 148.42985677719116
18250 155.24237942695618
18300 143.86401772499084
18350 139.30786800384521
18400 135.96732759475708
18450 4.601478576660156e-05
18500 148.5739495754242
18550 148.52001428604126
18600 119.46973824501038
18650 131.9306445121765
18700 1.6450881958007812e-05
18750 112.46029686927795
18800 159.6606321334839
18850 146.33222198486328
18900 0.0001506805419921875
18950 158.11772561073303
19000 149.5910804271698
19050 2.0742416381835938e-05
19100 156.3312017917633
19150 4.100799560546875e-05
19200 3.528594970703125e-05
19250 3.218650817871094e-05
19300 121.25695157051086
19350 150.36191654205322
19400 146.040429353714
19450 0.0001671314239501953
19500 151.34122467041016
19550 0.0002067089080810547
19600 0.0001933574676513672
19650 144.4808714389801
19700 2.0265579223632812e-05
19750 1.3828277587890625e-05
19800 1.1205673217773438e-05
19850 1.1444091796875e-05
19900 137.88920950889587
19950 0.0001761913299560547
20000 140.45433974266052
20050 0.00018262863159179688
20100 0.00015163421630859375
20150 0.00016689300537109375
20200 158.68027067184448
20250 0.00020551681518554688
20300 137.55919313430786
20350 155.27765464782715
20400 4.0531158447265625e-05
20450 2.6464462280273438e-05
20500 2.574920654296875e-05
20550 139.8775188922882
20600 146.61398577690125
20650 0.00017881393432617188
20700 138.65792846679688
20750 3.170967102050781e-05
20800 149.5814983844757
20850 1.71661376953125e-05
20900 9.298324584960938e-06
20950 1.1920928955078125e-05
21000 113.11195850372314
21050 2.8371810913085938e-05
21100 5.316734313964844e-05
21150 5.3882598876953125e-05
21200 127.65757703781128
21250 9.036064147949219e-05
21300 158.54529356956482
21350 5.364418029785156e-05
21400 158.7602572441101
21450 3.457069396972656e-05
21500 139.570494890213
21550 154.5620653629303
21600 150.95459961891174
21650 0.00014972686767578125
21700 0.0001289844512939453
21750 0.0001277923583984375
21800 158.83670210838318
21850 149.76273107528687
21900 5.3882598876953125e-05
21950 148.11189484596252
22000 4.649162292480469e-05
22050 135.21883058547974
22100 141.0070230960846
22150 2.5510787963867188e-05
22200 1.9311904907226562e-05
22250 1.6927719116210938e-05
22300 137.4771056175232
22350 2.0265579223632812e-05
22400 90.87634348869324
22450 2.1219253540039062e-05
22500 6.937980651855469e-05
22550 155.79549646377563
22600 146.89412260055542
22650 156.27713751792908
22700 146.49198126792908
22750 157.9472291469574
22800 3.218650817871094e-05
22850 131.69544196128845
22900 111.0384418964386
22950 1.7881393432617188e-05
23000 1.1444091796875e-05
23050 149.16351342201233
23100 3.743171691894531e-05
23150 2.0265579223632812e-05
23200 1.9788742065429688e-05
23250 135.6602029800415
23300 143.56780314445496
23350 0.0002048015594482422
23400 134.66715240478516
23450 2.1457672119140625e-05
23500 1.33514404296875e-05
23550 135.2736611366272
23600 132.24350428581238
23650 2.2172927856445312e-05
23700 1.4543533325195312e-05
23750 2.6226043701171875e-05
23800 134.28698253631592
23850 137.68801045417786
23900 0.0001811981201171875
23950 0.00016951560974121094
24000 0.0001690387725830078
24050 0.00035309791564941406
24100 0.00023651123046875
24150 124.48050332069397
24200 1.9073486328125e-05
24250 132.55682587623596
24300 114.06815314292908
24350 134.91879296302795
24400 0.00018167495727539062
24450 133.94526529312134
24500 91.38363099098206
24550 4.935264587402344e-05
24600 125.67200994491577
24650 2.9087066650390625e-05
24700 1.5974044799804688e-05
24750 1.5735626220703125e-05
24800 2.384185791015625e-05
24850 1.2636184692382812e-05
24900 120.55656814575195
24950 2.3603439331054688e-05
25000 133.7957901954651
25050 3.838539123535156e-05
25100 129.70104241371155
25150 118.10461115837097
25200 2.4557113647460938e-05
25250 119.6234393119812
25300 117.44559693336487
25350 5.173683166503906e-05
25400 117.522616147995
25450 4.792213439941406e-05
25500 121.32414984703064
25550 108.7267119884491
25600 2.6226043701171875e-05
25650 1.5974044799804688e-05
25700 2.0742416381835938e-05
25750 1.52587890625e-05
25800 5.698204040527344e-05
25850 124.37188124656677
25900 121.8283269405365
25950 3.1948089599609375e-05
26000 120.28791284561157
26050 2.8371810913085938e-05
26100 116.50047206878662
26150 112.88289618492126
26200 4.076957702636719e-05
26250 137.37486577033997
26300 125.89806818962097
26350 4.410743713378906e-05
26400 2.6702880859375e-05
26450 2.5510787963867188e-05
26500 2.3126602172851562e-05
26550 2.3126602172851562e-05
26600 75.5001893043518
26650 113.5883195400238
26700 3.314018249511719e-05
26750 108.74826073646545
26800 2.4080276489257812e-05
26850 1.3113021850585938e-05
26900 1.3113021850585938e-05
26950 102.86187291145325
27000 119.64972734451294
27050 0.0001552104949951172
27100 0.00014209747314453125
27150 117.3281922340393
27200 6.556510925292969e-05
27250 1.9788742065429688e-05
27300 124.20989680290222
27350 121.37271738052368
27400 123.38060903549194
27450 106.8243887424469
27500 115.9079098701477
27550 147.83569955825806
27600 138.39600825309753
27650 0.0002110004425048828
27700 133.80423164367676
27750 2.86102294921875e-05
27800 1.9311904907226562e-05
27850 2.2411346435546875e-05
27900 1.9311904907226562e-05
27950 142.2450053691864
28000 133.73008942604065
28050 0.00021839141845703125
28100 0.0001766681671142578
28150 121.67637014389038
28200 4.553794860839844e-05
28250 131.63404488563538
28300 117.71146273612976
28350 1.7642974853515625e-05
28400 8.106231689453125e-06
28450 130.67723989486694
28500 1.621246337890625e-05
28550 8.58306884765625e-06
28600 8.106231689453125e-06
28650 120.19579720497131
28700 2.574920654296875e-05
28750 99.85990500450134
28800 2.47955322265625e-05
28850 4.100799560546875e-05
28900 115.07917022705078
28950 117.37949824333191
29000 2.6226043701171875e-05
29050 116.39808869361877
29100 4.482269287109375e-05
29150 2.5033950805664062e-05
29200 2.2172927856445312e-05
29250 2.1457672119140625e-05
29300 108.73381614685059
29350 1.9550323486328125e-05
29400 117.84981775283813
29450 97.09134340286255
29500 124.10286068916321
29550 119.94148445129395
29600 113.81623673439026
29650 112.27528309822083
29700 3.4809112548828125e-05
29750 116.28426170349121
29800 2.6464462280273438e-05
29850 1.430511474609375e-05
29900 1.2159347534179688e-05
29950 111.43400740623474
30000 0.00017881393432617188
30050 0.0001418590545654297
30100 134.66781044006348
30150 134.71089911460876
30200 0.00014662742614746094
30250 0.0001285076141357422
30300 136.15165305137634
30350 142.39106440544128
30400 0.0001437664031982422
30450 0.000125885009765625
30500 117.19664192199707
30550 131.65553545951843
30600 127.18768119812012
30650 119.03838658332825
30700 122.03651857376099
30750 126.34150624275208
30800 1.7642974853515625e-05
30850 1.4543533325195312e-05
30900 1.1682510375976562e-05
30950 2.7894973754882812e-05
31000 1.1444091796875e-05
31050 130.65164494514465
31100 2.0265579223632812e-05
31150 1.430511474609375e-05
31200 1.0967254638671875e-05
31250 115.3174660205841
31300 2.9802322387695312e-05
31350 1.5735626220703125e-05
31400 1.2874603271484375e-05
31450 113.04221200942993
31500 2.0742416381835938e-05
31550 76.75624799728394
31600 125.08883476257324
31650 3.4809112548828125e-05
31700 2.1696090698242188e-05
31750 96.92036390304565
31800 4.482269287109375e-05
31850 2.0742416381835938e-05
31900 91.60328078269958
31950 1.6927719116210938e-05
32000 121.35057711601257
32050 121.22436118125916
32100 121.85092496871948
32150 2.8133392333984375e-05
32200 109.785573720932
32250 5.7220458984375e-05
32300 110.95239329338074
32350 2.09808349609375e-05
32400 1.3828277587890625e-05
32450 118.18446683883667
32500 0.00021076202392578125
32550 0.00015854835510253906
32600 116.04358792304993
32650 140.10498666763306
32700 3.647804260253906e-05
32750 130.32424092292786
32800 121.0031144618988
32850 1.9550323486328125e-05
32900 1.3589859008789062e-05
32950 128.5553731918335
33000 135.54123067855835
33050 4.696846008300781e-05
33100 3.0517578125e-05
33150 120.48991894721985
33200 1.7881393432617188e-05
33250 9.059906005859375e-06
33300 2.9802322387695312e-05
33350 112.53690719604492
33400 4.8160552978515625e-05
33450 125.0698595046997
33500 124.77939796447754
33550 115.57621717453003
33600 1.8835067749023438e-05
33650 1.0967254638671875e-05
33700 1.2874603271484375e-05
33750 3.123283386230469e-05
33800 1.3113021850585938e-05
33850 103.4370002746582
33900 140.03516912460327
33950 5.745887756347656e-05
34000 2.956390380859375e-05
34050 1.8358230590820312e-05
34100 124.07697415351868
34150 128.29932069778442
34200 129.65153551101685
34250 125.41845393180847
34300 1.9311904907226562e-05
34350 1.430511474609375e-05
34400 133.8703317642212
34450 0.00014090538024902344
34500 122.16654896736145
34550 3.2901763916015625e-05
34600 2.6941299438476562e-05
34650 1.9311904907226562e-05
34700 2.9802322387695312e-05
34750 121.1890959739685
34800 4.3392181396484375e-05
34850 2.47955322265625e-05
34900 2.1696090698242188e-05
34950 128.14365649223328
35000 1.52587890625e-05
35050 129.73635911941528
35100 5.459785461425781e-05
35150 3.147125244140625e-05
35200 132.45622277259827
35250 132.180326461792
35300 2.2649765014648438e-05
35350 129.538480758667
35400 3.814697265625e-05
35450 112.31763243675232
35500 0.00015163421630859375
35550 0.0001583099365234375
35600 0.00013589859008789062
35650 120.11326384544373
35700 2.2172927856445312e-05
35750 1.4543533325195312e-05
35800 120.63716006278992
35850 122.09069585800171
35900 3.5762786865234375e-05
35950 124.9522614479065
36000 0.00012969970703125
36050 112.52059626579285
36100 115.64266633987427
36150 116.36811637878418
36200 2.7179718017578125e-05
36250 106.4376974105835
36300 128.59293460845947
36350 6.771087646484375e-05
36400 131.0754132270813
36450 2.9802322387695312e-05
36500 1.7642974853515625e-05
36550 1.6689300537109375e-05
36600 127.61517453193665
36650 3.5762786865234375e-05
36700 123.98317527770996
36750 3.0994415283203125e-05
36800 3.0279159545898438e-05
36850 121.80971097946167
36900 116.57705211639404
36950 124.38807225227356
37000 1.6450881958007812e-05
37050 94.05235314369202
37100 1.811981201171875e-05
37150 1.0013580322265625e-05
37200 9.059906005859375e-06
37250 1.1444091796875e-05
37300 4.029273986816406e-05
37350 1.4066696166992188e-05
37400 107.64928770065308
37450 1.811981201171875e-05
37500 3.5762786865234375e-05
37550 107.66328954696655
37600 2.1696090698242188e-05
37650 109.84963893890381
37700 3.0040740966796875e-05
37750 118.8106198310852
37800 112.21758437156677
37850 119.01666188240051
37900 111.6724967956543
37950 104.7670910358429
38000 3.552436828613281e-05
38050 2.0503997802734375e-05
38100 103.74605798721313
38150 2.002716064453125e-05
38200 1.1682510375976562e-05
38250 103.4132947921753
38300 108.70741486549377
38350 108.06544828414917
38400 102.62092685699463
38450 4.1484832763671875e-05
38500 2.3126602172851562e-05
38550 110.31430745124817
38600 76.26014113426208
38650 86.2252767086029
38700 100.95370197296143
38750 1.6927719116210938e-05
38800 1.1444091796875e-05
38850 1.1682510375976562e-05
38900 9.059906005859375e-06
38950 125.43269467353821
39000 109.36571598052979
39050 127.97779631614685
39100 3.647804260253906e-05
39150 1.9550323486328125e-05
39200 1.52587890625e-05
39250 117.85916519165039
39300 3.314018249511719e-05
39350 2.1219253540039062e-05
39400 2.0503997802734375e-05
39450 93.4465434551239
39500 3.123283386230469e-05
39550 117.2837381362915
39600 104.98081707954407
39650 111.36805319786072
39700 116.78842377662659
39750 4.3392181396484375e-05
39800 2.7894973754882812e-05
39850 2.47955322265625e-05
39900 113.8332507610321
39950 112.75590872764587
40000 117.49272131919861
40050 113.69476008415222
40100 0.0001652240753173828
40150 0.0001385211944580078
40200 82.09196758270264
40250 2.193450927734375e-05
40300 1.5974044799804688e-05
40350 1.5735626220703125e-05
40400 4.458427429199219e-05
40450 116.77555441856384
40500 4.2438507080078125e-05
40550 109.58384013175964
40600 4.100799560546875e-05
40650 1.33514404296875e-05
40700 1.1444091796875e-05
40750 109.45007491111755
40800 110.51519393920898
40850 96.24193120002747
40900 3.075599670410156e-05
40950 2.8848648071289062e-05
41000 73.49693512916565
41050 107.58589124679565
41100 0.0001327991485595703
41150 101.99343585968018
41200 98.74492931365967
41250 110.82359981536865
41300 105.01872158050537
41350 2.0742416381835938e-05
41400 1.4066696166992188e-05
41450 114.7323169708252
41500 106.24663543701172
41550 5.7697296142578125e-05
41600 104.45318007469177
41650 108.4641785621643
41700 108.4492416381836
41750 2.384185791015625e-05
41800 9.298324584960938e-06
41850 1.0967254638671875e-05
41900 8.58306884765625e-06
41950 109.70338988304138
42000 108.14096927642822
42050 3.647804260253906e-05
42100 3.790855407714844e-05
42150 81.1018533706665
42200 2.5033950805664062e-05
42250 1.1682510375976562e-05
42300 104.46240210533142
42350 1.7881393432617188e-05
42400 8.821487426757812e-06
42450 108.24803614616394
42500 116.29518103599548
42550 1.6450881958007812e-05
42600 1.3589859008789062e-05
42650 123.78437662124634
42700 104.056401014328
42750 3.4332275390625e-05
42800 101.94393944740295
42850 8.344650268554688e-06
42900 1.3589859008789062e-05
42950 110.01406288146973
43000 1.9788742065429688e-05
43050 106.53838181495667
43100 102.49441576004028
43150 1.8835067749023438e-05
43200 8.58306884765625e-06
43250 8.344650268554688e-06
43300 90.89231467247009
43350 105.32105422019958
43400 2.3365020751953125e-05
43450 3.170967102050781e-05
43500 100.54475331306458
43550 104.94964218139648
43600 1.71661376953125e-05
43650 98.96775436401367
43700 108.07534289360046
43750 2.0742416381835938e-05
43800 1.049041748046875e-05
43850 118.03666663169861
43900 4.553794860839844e-05
43950 1.6450881958007812e-05
44000 2.4080276489257812e-05
44050 1.4781951904296875e-05
44100 8.821487426757812e-06
44150 115.11551260948181
44200 116.39855813980103
44250 1.7881393432617188e-05
44300 1.4781951904296875e-05
44350 104.28539609909058
44400 0.00010585784912109375
44450 106.30197286605835
44500 107.19467449188232
44550 2.3365020751953125e-05
44600 9.298324584960938e-06
44650 113.4136483669281
44700 112.64368414878845
44750 74.0973916053772
44800 99.60410499572754
44850 109.88974905014038
44900 1.7642974853515625e-05
44950 8.821487426757812e-06
45000 126.24549984931946
45050 111.05696415901184
45100 113.65760254859924
45150 3.266334533691406e-05
45200 2.9325485229492188e-05
45250 104.10567903518677
45300 3.170967102050781e-05
45350 104.471262216568
45400 90.19161319732666
45450 61.982590436935425
45500 2.956390380859375e-05
45550 1.7642974853515625e-05
45600 101.01404142379761
45650 101.80461120605469
45700 105.79765057563782
45750 4.1484832763671875e-05
45800 5.650520324707031e-05
45850 5.078315734863281e-05
45900 109.59770107269287
45950 2.9087066650390625e-05
46000 2.0742416381835938e-05
46050 1.811981201171875e-05
46100 107.46388792991638
46150 1.5020370483398438e-05
46200 103.24958825111389
46250 3.147125244140625e-05
46300 119.4805371761322
46350 117.1120171546936
46400 2.288818359375e-05
46450 1.4066696166992188e-05
46500 1.3828277587890625e-05
46550 1.4543533325195312e-05
46600 108.78678727149963
46650 97.53209185600281
46700 1.621246337890625e-05
46750 8.58306884765625e-06
46800 109.69659757614136
46850 3.886222839355469e-05
46900 2.6226043701171875e-05
46950 103.87303304672241
47000 106.04693031311035
47050 111.7707896232605
47100 2.0265579223632812e-05
47150 104.49007177352905
47200 2.7418136596679688e-05
47250 110.38094973564148
47300 2.4318695068359375e-05
47350 1.5020370483398438e-05
47400 108.31986665725708
47450 107.85644888877869
47500 110.2544915676117
47550 108.57951879501343
47600 2.1696090698242188e-05
47650 1.71661376953125e-05
47700 1.1920928955078125e-05
47750 1.0967254638671875e-05
47800 117.6037654876709
47850 108.07160544395447
47900 2.86102294921875e-05
47950 105.63047933578491
48000 97.86668753623962
48050 1.6689300537109375e-05
48100 103.34060192108154
48150 0.00014495849609375
48200 76.40114998817444
48250 85.00450444221497
48300 1.7642974853515625e-05
48350 9.298324584960938e-06
48400 107.3955590724945
48450 4.601478576660156e-05
48500 2.6941299438476562e-05
48550 1.8835067749023438e-05
48600 1.5974044799804688e-05
48650 1.33514404296875e-05
48700 109.6640977859497
48750 2.5033950805664062e-05
48800 1.6689300537109375e-05
48850 110.23485159873962
48900 2.9087066650390625e-05
48950 80.58065485954285
49000 115.64661049842834
49050 2.1219253540039062e-05
49100 113.59819889068604
49150 2.2649765014648438e-05
49200 3.528594970703125e-05
49250 3.7670135498046875e-05
49300 6.079673767089844e-05
49350 4.3392181396484375e-05
49400 4.267692565917969e-05
49450 111.49766874313354
49500 82.96176767349243
49550 110.62838530540466
49600 109.39069318771362
49650 2.09808349609375e-05
49700 1.1682510375976562e-05
49750 108.43038511276245
49800 5.412101745605469e-05
49850 101.81880068778992
49900 1.7881393432617188e-05
49950 8.58306884765625e-06
