44.194549322128296
44.73582339286804
29.025527000427246
18.953721523284912
45.743064641952515
18.0862078666687
17.144294261932373
4.6253204345703125e-05
27.03839659690857
9.894603967666626
7.895366430282593
39.64296102523804
28.951416969299316
27.24031686782837
32.23257851600647
16.488492488861084
57.048150300979614
16.59375548362732
36.93617129325867
21.375905990600586
40.68916988372803
5.7697296142578125e-05
24.02917718887329
17.3444561958313
16.57590627670288
78.49745678901672
46.03019714355469
9.730098009109497
18.74727177619934
16.85987901687622
17.982649326324463
16.455868005752563
18.60191559791565
16.52877902984619
3.457069396972656e-05
17.56556987762451
9.750298500061035
10.578099012374878
3.5868759155273438
14.629686117172241
16.83376407623291
17.46883535385132
38.96491718292236
8.196071863174438
18.815032243728638
69.66627287864685
18.164259672164917
10.51833963394165
7.554482936859131
16.949439764022827
6.222724914550781e-05
50.29471755027771
8.054311037063599
36.63441181182861
23.904091358184814
3.743171691894531e-05
16.52188992500305
26.87811517715454
115.0645604133606
17.269724130630493
48.11593699455261
18.112948894500732
37.13673520088196
8.371147632598877
4.6253204345703125e-05
14.558471918106079
9.18490982055664
17.139965534210205
10.091696739196777
3.0217795372009277
17.743957042694092
4.673004150390625e-05
10.090089321136475
7.7179648876190186
4.124641418457031e-05
17.656594276428223
91.49172115325928
7.639746189117432
84.79323816299438
2.6702880859375e-05
17.255472421646118
0.00015425682067871094
3.743171691894531e-05
32.478172063827515
16.59179949760437
5.125999450683594e-05
60.47839879989624
8.208224534988403
16.912687301635742
9.239243507385254
3.075599670410156e-05
17.509460926055908
30.296805143356323
63.28359317779541
23.577813386917114
19.25502038002014
7.512753486633301
18.429657697677612
3.552436828613281e-05
23.59802770614624
17.075525045394897
19.212176084518433
16.555270195007324
110.82401823997498
6.103515625e-05
2.6941299438476562e-05
15.524391889572144
38.417285442352295
9.25489091873169
100.56803297996521
20.316649436950684
16.672664880752563
7.939296007156372
3.361701965332031e-05
77.52557706832886
3.552436828613281e-05
44.851340770721436
14.55505919456482
23.424656629562378
46.79158139228821
36.76363015174866
25.117367029190063
4.4345855712890625e-05
3.656709909439087
2.3365020751953125e-05
27.046438217163086
8.091383934020996
7.4687769412994385
2.0742416381835938e-05
29.904661893844604
5.1975250244140625e-05
14.788674354553223
8.820518016815186
7.910066604614258
16.679240942001343
3.504753112792969e-05
16.620973587036133
9.79206657409668
3.3855438232421875e-05
16.51013445854187
7.891028881072998
18.210421800613403
3.4809112548828125e-05
63.81972789764404
40.69519567489624
61.85421133041382
16.886290550231934
19.899998426437378
61.826422452926636
18.502846479415894
16.65871262550354
30.170421600341797
16.85884189605713
69.80509972572327
18.022059202194214
36.541585206985474
14.647399425506592
29.107518434524536
4.291534423828125e-05
3.838539123535156e-05
3.790855407714844e-05
3.4809112548828125e-05
8.744970321655273
38.94161248207092
7.733699798583984
17.30201292037964
47.677436113357544
3.814697265625e-05
16.778558015823364
6.1992027759552
19.712421655654907
83.51891851425171
5.12196159362793
3.814697265625e-05
2.7847938537597656
64.74790740013123
10.441341876983643
29.652329683303833
27.780948400497437
9.33852744102478
49.19654631614685
56.16098999977112
63.17301297187805
2.5987625122070312e-05
7.533001661300659
5.698204040527344e-05
16.83733296394348
19.07335066795349
16.404008388519287
16.49699854850769
16.643845319747925
93.98223447799683
16.564271450042725
81.83432912826538
53.85672378540039
18.071078538894653
4.57763671875e-05
17.299848794937134
16.989561319351196
5.5789947509765625e-05
82.21937227249146
19.901232481002808
16.999977350234985
8.192359685897827
57.25993633270264
36.83803153038025
4.458427429199219e-05
3.933906555175781e-05
38.403850078582764
37.546488523483276
49.1759135723114
89.02385997772217
3.981590270996094e-05
40.12498879432678
17.37514615058899
28.21859645843506
19.28501009941101
16.839194774627686
55.53692603111267
48.790642738342285
9.057357788085938
66.87185144424438
17.420126914978027
26.967180967330933
55.38611674308777
53.860557317733765
24.694130420684814
9.525837898254395
5.602836608886719e-05
18.223044872283936
10.036742687225342
21.534449577331543
1.5497207641601562e-05
90.2439329624176
14.5372896194458
1.9073486328125e-05
48.69645595550537
44.988276958465576
44.71624207496643
29.55693483352661
17.159151554107666
17.355555534362793
9.89815902709961
72.35058641433716
27.56052541732788
17.78934669494629
8.754746198654175
16.08971071243286
16.61209225654602
70.9512927532196
30.179983854293823
59.18011975288391
9.73429250717163
64.1495668888092
3.552436828613281e-05
39.53928875923157
28.07420063018799
7.744640350341797
50.58518886566162
7.3709776401519775
16.654496908187866
16.64661955833435
81.84256768226624
58.09969186782837
45.70429730415344
4.4345855712890625e-05
5.7220458984375e-05
12.56479001045227
16.703651189804077
3.4809112548828125e-05
18.91421365737915
17.027940034866333
58.487170934677124
19.75572371482849
18.45569372177124
17.10839867591858
26.975117206573486
12.51072072982788
17.9000346660614
16.67163109779358
29.023891925811768
7.397409439086914
21.31707000732422
16.719083070755005
20.904470920562744
17.680851459503174
2.1696090698242188e-05
73.52511620521545
16.76791214942932
36.81430912017822
3.695487976074219e-05
63.846307039260864
9.680169582366943
7.69956374168396
4.291534423828125e-05
9.093886852264404
44.90339207649231
10.256553411483765
27.08044934272766
19.7454252243042
19.256367444992065
17.814170360565186
27.00926399230957
29.565897941589355
16.572848320007324
9.904170751571655
21.561306476593018
24.972784519195557
9.022691488265991
50.05846309661865
16.85105609893799
7.40885591506958
3.3855438232421875e-05
9.034258365631104
37.05238199234009
29.5555157661438
7.808613300323486
18.153484582901
77.57349038124084
46.24808979034424
38.377376079559326
16.923335552215576
19.616406440734863
7.72231388092041
2.77665114402771
2.1457672119140625e-05
16.9202082157135
41.6015522480011
3.7670135498046875e-05
59.281463623046875
29.613569021224976
10.51437520980835
3.266334533691406e-05
79.32546806335449
19.46479868888855
17.422062873840332
30.310134410858154
17.430641889572144
17.201847076416016
4.649162292480469e-05
3.4332275390625e-05
36.542468786239624
10.3070707321167
25.771637439727783
1.7642974853515625e-05
3.170967102050781e-05
17.436753511428833
66.84293270111084
17.359881162643433
3.552436828613281e-05
9.866844177246094
11.87968897819519
16.605573177337646
16.659411191940308
18.68166422843933
4.00543212890625e-05
10.003010749816895
20.317265033721924
10.043790340423584
16.945733547210693
3.814697265625e-05
8.55880880355835
49.728317737579346
17.04160714149475
18.95318913459778
16.595362901687622
28.381667375564575
10.042214155197144
2.74422287940979
23.57701063156128
46.104902505874634
9.212770700454712
17.316637754440308
16.942659854888916
17.063204288482666
19.966078758239746
16.933350324630737
46.53590655326843
9.156012773513794
10.240315437316895
19.820525407791138
39.36918115615845
29.842483282089233
9.751932144165039
2.734752893447876
46.36254644393921
18.36493468284607
71.19379663467407
41.83306550979614
27.952271461486816
58.63794159889221
4.076957702636719e-05
58.79566764831543
38.31917428970337
9.638701915740967
29.26545023918152
17.11618423461914
7.574112415313721
20.787152767181396
7.549318075180054
3.361701965332031e-05
49.9028205871582
47.7773962020874
29.466747283935547
17.083199739456177
4.649162292480469e-05
39.38010048866272
17.08333992958069
17.14194893836975
8.549684524536133
17.485130786895752
28.459781408309937
47.60865259170532
16.64495611190796
16.58478307723999
17.32568645477295
51.139220237731934
30.7413067817688
19.929052114486694
3.170967102050781e-05
19.669075965881348
3.647804260253906e-05
3.170967102050781e-05
39.062153816223145
3.4332275390625e-05
8.180769681930542
16.585761308670044
54.813194274902344
7.464321851730347
49.35999941825867
16.69846820831299
8.524324893951416
8.251854181289673
17.002508640289307
26.639604806900024
18.098790884017944
40.91342282295227
17.475874662399292
36.20536518096924
16.932477712631226
8.103238821029663
49.395975828170776
10.589643001556396
45.45788884162903
50.05987739562988
8.319612503051758
16.68005633354187
40.93982148170471
16.812520027160645
40.76241731643677
3.24249267578125e-05
26.917173147201538
7.558161020278931
37.07947278022766
16.728962659835815
2.4557113647460938e-05
16.968488216400146
59.97187089920044
9.243352174758911
2.7418136596679688e-05
89.31342029571533
10.901771783828735
7.396281719207764
7.973941802978516
82.83711528778076
9.760239601135254
33.14998507499695
21.241419076919556
45.11923909187317
12.445059299468994
9.878627061843872
8.385973930358887
19.89391803741455
4.6253204345703125e-05
5.14984130859375e-05
3.5762786865234375e-05
3.910064697265625e-05
29.685431718826294
20.68724012374878
101.56766486167908
16.89280390739441
18.165893077850342
12.410172700881958
3.743171691894531e-05
17.011372804641724
4.172325134277344e-05
16.50326657295227
22.067472219467163
9.738163709640503
16.469101667404175
4.124641418457031e-05
49.10721278190613
17.707915782928467
40.68739080429077
27.47232699394226
16.90186333656311
8.908258199691772
3.8623809814453125e-05
4.100799560546875e-05
29.81155562400818
16.75508737564087
16.76404356956482
23.53174662590027
55.06727695465088
18.34058976173401
8.269994020462036
22.33103609085083
8.037254333496094
17.072716236114502
19.51537775993347
16.889129877090454
16.704532384872437
19.760422468185425
3.314018249511719e-05
26.84945559501648
39.04463601112366
3.499969482421875
17.99793577194214
3.552436828613281e-05
71.96657609939575
18.40551519393921
56.14035201072693
18.189767122268677
59.21072506904602
9.84227466583252
16.707349061965942
16.71860980987549
18.030045986175537
3.600120544433594e-05
4.482269287109375e-05
40.54744219779968
18.286054372787476
16.86979913711548
10.05048680305481
5.2928924560546875e-05
16.714558601379395
16.452078104019165
8.531168222427368
4.220008850097656e-05
23.975842237472534
16.63448429107666
2.2172927856445312e-05
12.226450443267822
18.17392897605896
16.691398859024048
9.373444557189941
9.103291511535645
17.14429211616516
36.22192692756653
70.13117504119873
80.10012817382812
20.355607271194458
57.38031840324402
2.8473308086395264
8.078279972076416
87.95913100242615
2.6925370693206787
79.16736674308777
2.913917064666748
7.698262453079224
10.230764627456665
88.78693389892578
2.1696090698242188e-05
4.315376281738281e-05
40.13954997062683
3.1018476486206055
49.93293213844299
29.090336561203003
8.083025455474854
10.81742525100708
21.60046887397766
3.0994415283203125e-05
16.541078090667725
3.695487976074219e-05
11.47166109085083
19.25323176383972
49.95714831352234
16.959501028060913
16.691006898880005
16.674681901931763
107.89549660682678
23.44397735595703
29.21475124359131
3.0994415283203125e-05
39.34504771232605
2.8371810913085938e-05
29.30418086051941
91.92306900024414
16.880112171173096
9.419421672821045
8.411892414093018
5.7220458984375e-05
18.76461935043335
3.3855438232421875e-05
9.77759337425232
37.11675715446472
3.409385681152344e-05
16.812590837478638
17.42773461341858
79.54073286056519
106.85266017913818
4.172325134277344e-05
17.633577346801758
7.432090759277344
2.6226043701171875e-05
2.956390380859375e-05
3.886222839355469e-05
81.65050029754639
18.250564098358154
70.71775722503662
16.56840467453003
18.28328776359558
27.073177099227905
3.436577320098877
16.534138679504395
51.5246639251709
55.73254609107971
19.857335805892944
40.38495659828186
66.09605264663696
81.89577841758728
3.24249267578125e-05
19.536429405212402
90.31349754333496
29.54400944709778
4.291534423828125e-05
4.070507049560547
9.262215614318848
9.180976867675781
11.198333978652954
37.99624943733215
16.633995056152344
16.980610132217407
74.59991717338562
21.841532468795776
16.571313619613647
89.73363065719604
9.3991219997406
19.76369023323059
16.672194242477417
59.24321746826172
16.489064931869507
16.70270848274231
29.332274198532104
3.9577484130859375e-05
16.583056211471558
88.8173041343689
3.6716461181640625e-05
46.53192949295044
4.5299530029296875e-05
2.002716064453125e-05
3.838539123535156e-05
9.302155256271362
40.200979471206665
17.080225706100464
17.203977823257446
18.070582628250122
7.832650899887085
3.338576555252075
10.687702417373657
17.054181337356567
24.854180574417114
17.579610347747803
18.522217273712158
5.14984130859375e-05
45.955323219299316
16.934281587600708
8.002997875213623
7.665006160736084
89.87250876426697
27.880991458892822
66.63932967185974
50.69103217124939
16.86374020576477
9.94694972038269
5.888938903808594e-05
59.12851595878601
16.6612765789032
16.70215153694153
8.267558097839355
9.142518997192383
27.022454023361206
16.747208833694458
72.90873432159424
25.375359296798706
9.2176673412323
32.303945779800415
19.581599235534668
45.10031080245972
18.9650616645813
17.048551559448242
81.20163059234619
2.9087066650390625e-05
3.981590270996094e-05
17.46737504005432
3.361701965332031e-05
7.468677282333374
3.1948089599609375e-05
11.87571096420288
17.196441888809204
4.124641418457031e-05
9.045121431350708
16.841347694396973
23.128626823425293
4.1961669921875e-05
91.59284114837646
16.926295042037964
72.895272731781
4.00543212890625e-05
4.172325134277344e-05
10.472549438476562
10.365086793899536
23.35834312438965
17.959474325180054
8.964718580245972
2.47955322265625e-05
25.09190011024475
16.516270875930786
16.50792932510376
99.35461640357971
20.0592622756958
8.193169832229614
65.800377368927
68.99246120452881
9.03627324104309
23.097820043563843
44.58171319961548
53.94758319854736
69.34107708930969
20.995585441589355
2.4557113647460938e-05
3.528594970703125e-05
22.273517608642578
3.278674364089966
2.574920654296875e-05
22.21907091140747
8.052570819854736
3.600120544433594e-05
17.91709280014038
3.7670135498046875e-05
49.33889889717102
2.6941299438476562e-05
4.410743713378906e-05
59.457550287246704
9.936778545379639
16.867615938186646
20.30931329727173
3.295572280883789
9.331542491912842
35.76839852333069
16.59625554084778
16.724395513534546
90.56784987449646
8.01891303062439
17.36181926727295
18.074437856674194
54.62367820739746
18.253960847854614
58.104809522628784
3.24249267578125e-05
4.458427429199219e-05
26.366998195648193
2.0265579223632812e-05
16.744940519332886
7.604188919067383
42.89151191711426
51.7817268371582
105.40002799034119
19.38830280303955
16.615370273590088
16.628340244293213
17.011982679367065
20.827592611312866
8.231498003005981
9.663216590881348
3.147125244140625e-05
3.9577484130859375e-05
17.405484199523926
1.71661376953125e-05
61.291802644729614
11.810821771621704
18.093143224716187
19.35533356666565
2.8848648071289062e-05
19.151265382766724
19.39391851425171
74.62154293060303
17.269136667251587
23.24411368370056
45.98722195625305
5.602836608886719e-05
7.803739547729492
59.255261182785034
23.160608053207397
7.6018407344818115
16.56018090248108
27.440109729766846
20.585323095321655
75.66834855079651
10.056953191757202
17.13510513305664
21.14562201499939
4.506111145019531e-05
36.707972288131714
16.595430612564087
23.283698320388794
3.309255361557007
29.992037296295166
39.67449188232422
7.948914051055908
7.527772903442383
4.410743713378906e-05
9.532723903656006
64.910728931427
4.2438507080078125e-05
17.239097118377686
18.22998332977295
26.97431969642639
9.40768837928772
2.288818359375e-05
3.075599670410156e-05
17.22598361968994
9.343844890594482
17.047263383865356
17.694491624832153
36.96420478820801
16.691922664642334
17.128570079803467
29.57299566268921
3.361701965332031e-05
3.695487976074219e-05
89.26605558395386
51.67996120452881
16.832248210906982
123.59579706192017
9.57700228691101
16.488139152526855
9.051638841629028
16.9508798122406
16.57483696937561
19.649632692337036
9.002888441085815
4.506111145019531e-05
16.46922278404236
6.998587131500244
8.345185995101929
17.078986883163452
16.966039180755615
9.896276235580444
3.2901763916015625e-05
18.241508722305298
16.986151218414307
19.185742378234863
81.11346507072449
9.076515436172485
16.49343514442444
16.2540385723114
44.388943910598755
3.886222839355469e-05
9.359300374984741
69.07295370101929
31.967575550079346
10.073144912719727
16.8188579082489
16.633156776428223
83.82527589797974
8.814648151397705
3.9577484130859375e-05
8.608827829360962
118.39498591423035
40.71776103973389
59.573423862457275
4.5299530029296875e-05
9.772276163101196
7.443078994750977
16.593401670455933
17.083906650543213
7.604523420333862
29.032639026641846
57.61928200721741
15.99724793434143
3.24249267578125e-05
15.91158676147461
15.85680627822876
2.1457672119140625e-05
10.317007303237915
18.643187761306763
36.76104187965393
17.304091930389404
16.696882247924805
10.11912488937378
18.090449333190918
16.79647207260132
8.867174863815308
2.002716064453125e-05
16.219239950180054
18.097771167755127
18.570987701416016
16.772642612457275
16.588247776031494
16.60451865196228
9.740710258483887
16.41589045524597
17.502156496047974
2.2649765014648438e-05
5.984306335449219e-05
47.817373752593994
52.44161534309387
28.468711853027344
3.218650817871094e-05
2.1457672119140625e-05
17.23210334777832
8.180875301361084
56.490837812423706
70.79134583473206
22.789596557617188
28.329586267471313
7.33823037147522
15.941216707229614
15.694567441940308
15.4910888671875
15.49060606956482
15.490946054458618
3.981590270996094e-05
45.00510811805725
4.410743713378906e-05
19.351212978363037
16.412108659744263
9.725269794464111
67.24108362197876
8.651077508926392
7.4367289543151855
15.979626417160034
18.634278774261475
15.785678386688232
18.057270765304565
2.3126602172851562e-05
9.4188814163208
4.220008850097656e-05
16.577959299087524
23.36739420890808
16.42045545578003
35.97111487388611
8.695150136947632
16.260753631591797
47.14613723754883
7.400465965270996
15.921989679336548
9.115835428237915
36.72769069671631
23.519031763076782
50.79586362838745
16.985405445098877
16.434881448745728
19.405805349349976
26.357588529586792
4.0531158447265625e-05
15.682185888290405
34.28128719329834
101.73337268829346
70.93994426727295
34.44172739982605
58.11083960533142
10.211242437362671
110.2243344783783
15.995862483978271
16.5183265209198
16.377694368362427
15.696481704711914
8.28888487815857
15.488723278045654
15.18452787399292
26.24731469154358
15.295513153076172
2.0742416381835938e-05
10.380609273910522
10.114741563796997
3.409385681152344e-05
8.379345655441284
94.05763721466064
16.14358162879944
47.76778197288513
3.409385681152344e-05
73.77721571922302
3.910064697265625e-05
3.409385681152344e-05
27.179595708847046
29.061599254608154
19.478668212890625
16.433234214782715
43.85394263267517
8.02430009841919
16.220643997192383
18.062805652618408
7.399877071380615
7.345900535583496
4.6253204345703125e-05
3.361701965332031e-05
16.050668954849243
15.927480936050415
