11.840794563293457
0.00016021728515625
51.396082639694214
43.31305289268494
0.00014829635620117188
11.28766918182373
53.368818044662476
16.04391837120056
41.17428541183472
43.68369483947754
41.23462390899658
42.75465178489685
32.57810187339783
42.935988426208496
39.72222948074341
53.90174984931946
48.85874032974243
43.36276698112488
17.314679861068726
49.638712882995605
62.2372031211853
81.67309212684631
5.7697296142578125e-05
25.040884017944336
58.47895336151123
47.09883165359497
58.788612365722656
43.879695415496826
7.295608520507812e-05
40.35497975349426
39.31395411491394
55.64438462257385
4.601478576660156e-05
3.814697265625e-05
0.00013208389282226562
140.3462462425232
8.940696716308594e-05
42.11697220802307
4.792213439941406e-05
44.00658702850342
3.8623809814453125e-05
48.13135266304016
5.1021575927734375e-05
3.4332275390625e-05
38.883549451828
42.2191801071167
20.00019931793213
7.43865966796875e-05
14.228024005889893
53.869115114212036
82.98471450805664
0.0001456737518310547
16.280633687973022
140.52295541763306
3.409385681152344e-05
14.11138916015625
33.23152828216553
4.267692565917969e-05
10.077017068862915
6.818771362304688e-05
3.552436828613281e-05
43.44219207763672
35.820690393447876
0.00010800361633300781
103.0443594455719
11.588416814804077
5.173683166503906e-05
15.590388298034668
7.2479248046875e-05
345.5608308315277
56.241596937179565
61.25119471549988
53.3171751499176
5.2928924560546875e-05
90.77223300933838
49.356613636016846
109.3050377368927
40.83035182952881
119.90080833435059
35.63559865951538
42.96552228927612
41.61553502082825
41.64925932884216
64.66985487937927
19.074827671051025
43.50107169151306
75.38831830024719
54.38838505744934
22.61121392250061
59.492392778396606
59.99793362617493
139.33797693252563
188.78264331817627
25.02146577835083
59.13526678085327
60.24557304382324
59.275933265686035
58.60455870628357
50.62423396110535
58.91994786262512
50.4120659828186
44.55523729324341
42.48996162414551
57.11783790588379
10.451478719711304
30.96411418914795
54.02688789367676
52.74022912979126
6.031990051269531e-05
55.09368300437927
46.81955146789551
7.630105495452881
43.51138401031494
67.0078272819519
5.316734313964844e-05
58.951138973236084
43.3937349319458
0.00013566017150878906
72.26486349105835
266.7372262477875
3.361701965332031e-05
12.312671899795532
54.33677697181702
0.00011515617370605469
14.594101905822754
10.82377004623413
63.434672832489014
42.005120515823364
42.803207874298096
43.84683585166931
113.05065083503723
124.53583073616028
40.44666290283203
46.968311071395874
0.00013566017150878906
46.78014516830444
43.63192701339722
224.16632103919983
57.48124647140503
57.83784818649292
56.73722457885742
52.78082990646362
57.166409730911255
67.38514280319214
302.37542700767517
6.413459777832031e-05
16.856414794921875
51.97821879386902
53.075313091278076
152.73482751846313
0.00010967254638671875
46.608558177948
39.00815224647522
7.724761962890625e-05
53.84332847595215
103.31188774108887
115.34792280197144
43.94825839996338
87.783038854599
56.119484186172485
53.48734664916992
3.4332275390625e-05
34.62602496147156
0.0003590583801269531
39.00048279762268
4.100799560546875e-05
99.44283747673035
4.57763671875e-05
5.245208740234375e-05
14.892096757888794
0.00012254714965820312
74.7547619342804
23.19518542289734
3.838539123535156e-05
185.3782458305359
61.55181312561035
40.56359910964966
96.41890549659729
43.26684761047363
42.45204448699951
7.581710815429688e-05
41.29512357711792
11.021105289459229
4.076957702636719e-05
3.123283386230469e-05
51.372641801834106
7.319450378417969e-05
85.34299850463867
58.35970163345337
4.124641418457031e-05
49.207252979278564
50.467997550964355
4.935264587402344e-05
3.528594970703125e-05
3.552436828613281e-05
16.762872457504272
0.004746437072753906
4.029273986816406e-05
5.096921920776367
235.7622570991516
38.24347424507141
219.5175883769989
89.35348463058472
72.15108919143677
123.84319281578064
39.82219171524048
57.65950679779053
210.55650973320007
23.835761547088623
4.4345855712890625e-05
143.31998443603516
54.757354736328125
17.07134771347046
0.00019073486328125
46.65254592895508
22.044394731521606
146.93534541130066
58.43964338302612
60.026859521865845
177.207599401474
72.56708526611328
62.02914309501648
15.58791708946228
62.10754942893982
0.00013637542724609375
16.55171513557434
62.55074071884155
41.61977553367615
51.17846655845642
37.78637766838074
27.738818168640137
0.00013256072998046875
39.75249266624451
143.09802222251892
11.24113154411316
3.4332275390625e-05
4.410743713378906e-05
3.24249267578125e-05
59.10701322555542
43.42115616798401
3.743171691894531e-05
39.2882034778595
44.75072407722473
56.78378391265869
43.899006605148315
46.29687523841858
0.0004909038543701172
46.924574851989746
20.961753129959106
141.96478915214539
3.933906555175781e-05
57.46190547943115
49.64660620689392
121.0840094089508
70.86582612991333
64.78814554214478
56.87057042121887
16.407330989837646
148.28936290740967
22.535478115081787
98.28359603881836
19.341986179351807
61.3380982875824
59.39162731170654
24.674312353134155
0.0001163482666015625
26.22084379196167
136.21791577339172
61.23606491088867
5.4836273193359375e-05
56.20602083206177
6.937980651855469e-05
0.0002586841583251953
59.617714643478394
59.7655074596405
59.524168491363525
57.908045530319214
55.19368290901184
77.72835350036621
166.42182517051697
62.42585492134094
0.00011563301086425781
70.36848974227905
59.38580942153931
60.49341535568237
100.71583294868469
58.51564145088196
83.35050654411316
68.52228546142578
189.10281085968018
72.61324977874756
60.301016092300415
3.790855407714844e-05
57.57483100891113
58.43401908874512
14.332773923873901
209.58145093917847
5.602836608886719e-05
14.983869791030884
24.02041268348694
61.170827865600586
55.53807282447815
19.07045555114746
0.0001933574676513672
3.7670135498046875e-05
21.455442905426025
132.1621232032776
60.89106559753418
199.06215453147888
61.15216827392578
60.51036500930786
124.65073704719543
15.256660461425781
96.71936106681824
176.33449172973633
49.4292676448822
60.14740872383118
60.30854821205139
73.00225782394409
24.94293737411499
61.33706617355347
127.61793518066406
71.52863621711731
58.51711964607239
60.22947430610657
14.955554246902466
45.86843180656433
48.68350863456726
47.107507944107056
14.712419748306274
58.77267622947693
3.600120544433594e-05
8.654594421386719e-05
129.75012588500977
54.102097272872925
19.84078025817871
119.84218668937683
6.977795362472534
4.2438507080078125e-05
51.595274686813354
52.35131812095642
142.33082151412964
43.5837767124176
7.581710815429688e-05
51.30875039100647
4.696846008300781e-05
19.928056240081787
41.88904595375061
110.89510440826416
16.68200922012329
56.78377866744995
58.631948947906494
70.41382074356079
3.743171691894531e-05
58.316874980926514
81.1267204284668
3.314018249511719e-05
69.41329145431519
6.508827209472656e-05
59.7307665348053
59.597131967544556
6.008148193359375e-05
60.19551205635071
62.30308175086975
82.55145120620728
58.81280708312988
67.00648880004883
60.72438597679138
81.4058575630188
5.14984130859375e-05
62.59171724319458
57.97490477561951
49.37298822402954
81.97343730926514
14.101323366165161
77.03818655014038
84.28711414337158
58.74410343170166
21.895366430282593
59.811524391174316
201.6130976676941
0.0001232624053955078
58.43840432167053
0.00010776519775390625
24.849022388458252
0.00058746337890625
3.314018249511719e-05
59.988003969192505
60.09813618659973
6.461143493652344e-05
180.47816562652588
0.00010538101196289062
2.7179718017578125e-05
10.330897569656372
0.00013399124145507812
3.0517578125e-05
60.739089012145996
3.2901763916015625e-05
60.65392184257507
61.593759059906006
148.41915082931519
5.9604644775390625e-05
17.141519784927368
18.61387872695923
59.27627778053284
49.52362394332886
275.83802461624146
68.93942379951477
3.552436828613281e-05
196.92020463943481
72.5772693157196
139.31266117095947
10.661705255508423
5.0067901611328125e-05
60.18742346763611
7.295608520507812e-05
60.332387924194336
24.01207971572876
4.1484832763671875e-05
6.365776062011719e-05
23.552417039871216
47.81736516952515
303.13227105140686
6.031990051269531e-05
4.649162292480469e-05
59.853325843811035
60.104650259017944
15.530142068862915
63.69338846206665
61.20336961746216
72.40079665184021
60.31894135475159
60.46651649475098
24.44336462020874
127.79105257987976
0.00017786026000976562
60.717713356018066
61.765849351882935
15.989084482192993
70.93202042579651
25.271284818649292
124.91714882850647
61.66094374656677
7.033348083496094e-05
7.43865966796875e-05
3.7670135498046875e-05
62.94015169143677
3.075599670410156e-05
58.774839878082275
3.600120544433594e-05
2.8848648071289062e-05
52.60859251022339
47.50818204879761
52.762009143829346
145.30696940422058
124.96786189079285
3.1948089599609375e-05
246.0344910621643
263.5962870121002
0.00013589859008789062
4.00543212890625e-05
52.718621253967285
199.10451793670654
0.0001418590545654297
3.409385681152344e-05
58.85109543800354
49.530325174331665
5.173683166503906e-05
50.35377264022827
6.4849853515625e-05
0.00028777122497558594
48.443963289260864
49.21544313430786
119.7656352519989
0.009577035903930664
59.70756936073303
162.33869671821594
272.3771221637726
101.77703070640564
2.8133392333984375e-05
3.457069396972656e-05
27.805150985717773
5.364418029785156e-05
72.26602029800415
3.790855407714844e-05
255.9896640777588
16.062630891799927
196.2050244808197
22.040666341781616
50.67513418197632
169.29891276359558
52.147382497787476
69.29817414283752
0.0001289844512939453
7.843971252441406e-05
16.075913429260254
21.167330265045166
14.054055213928223
49.29527187347412
6.079673767089844e-05
60.669543981552124
3.4809112548828125e-05
58.61444354057312
81.45606994628906
74.95382642745972
60.20974850654602
72.4847514629364
62.55785322189331
62.05640888214111
14.940349102020264
60.11806845664978
103.04949164390564
3.075599670410156e-05
80.21975803375244
64.94056749343872
3.361701965332031e-05
3.4332275390625e-05
59.29046416282654
58.72818660736084
7.963180541992188e-05
50.57006573677063
4.7206878662109375e-05
51.35333871841431
22.81227207183838
5.793571472167969e-05
73.33524870872498
14.686452150344849
0.00013065338134765625
6.651878356933594e-05
15.518072843551636
3.3855438232421875e-05
0.00010156631469726562
9.441375732421875e-05
53.6431450843811
24.265885591506958
157.79139876365662
2.86102294921875e-05
119.23177766799927
50.49792838096619
44.36548352241516
53.977381467819214
0.00013518333435058594
14.636732339859009
122.66182851791382
3.075599670410156e-05
6.175041198730469e-05
54.368643045425415
51.38096308708191
60.438499450683594
13.726306915283203
3.8623809814453125e-05
61.715012073516846
61.70217943191528
14.714216470718384
139.84867644309998
4.57763671875e-05
3.457069396972656e-05
60.712555170059204
0.0003509521484375
72.82010817527771
17.043915271759033
0.00010466575622558594
63.81238031387329
82.95020318031311
9.533427715301514
63.41673707962036
112.65062665939331
0.00011897087097167969
4.506111145019531e-05
57.269086837768555
6.106705188751221
6.022686958312988
14.264327764511108
253.11443495750427
50.51280665397644
125.70738410949707
0.0001461505889892578
195.35543274879456
24.271713972091675
58.884596824645996
3.24249267578125e-05
59.61489510536194
24.98887276649475
61.23630380630493
4.076957702636719e-05
2.8133392333984375e-05
72.6195421218872
5.078315734863281e-05
55.0012788772583
51.3172345161438
0.00010895729064941406
54.0139582157135
68.34200143814087
52.43025493621826
15.099124908447266
49.10643124580383
0.0001544952392578125
2.9087066650390625e-05
2.9087066650390625e-05
49.43590593338013
4.3392181396484375e-05
15.919989824295044
63.3071346282959
61.62097215652466
47.89533829689026
4.029273986816406e-05
62.292325258255005
61.839534282684326
18.07444667816162
0.00010991096496582031
73.27006220817566
52.43376708030701
54.06638193130493
65.13198041915894
67.0980818271637
49.002320528030396
6.4849853515625e-05
13.919634103775024
12.61478853225708
18.008351802825928
4.291534423828125e-05
50.450016498565674
48.398210763931274
19.833862781524658
0.00022983551025390625
59.487030267715454
2.86102294921875e-05
23.270037412643433
0.00022721290588378906
60.57442283630371
3.647804260253906e-05
25.888222455978394
73.47717475891113
0.0002598762512207031
4.124641418457031e-05
17.211962938308716
58.891157388687134
230.93421959877014
63.47062087059021
8.058547973632812e-05
50.79314589500427
50.25548028945923
48.544697284698486
5.364418029785156e-05
49.61109685897827
50.81380558013916
87.00380277633667
20.1668643951416
3.600120544433594e-05
49.22290277481079
4.1961669921875e-05
22.176968097686768
23.712359189987183
59.78556799888611
7.414817810058594e-05
18.90778613090515
24.757230758666992
76.5845136642456
58.79336166381836
52.07332158088684
20.974307775497437
53.69654607772827
12.506234169006348
15.966516256332397
4.363059997558594e-05
168.94764947891235
11.853823900222778
19.29916214942932
14.192074060440063
49.38552474975586
48.166932582855225
33.22552537918091
61.586663246154785
8.58306884765625e-05
100.20163941383362
22.358688354492188
6.151199340820312e-05
77.78504633903503
64.48568081855774
60.79976558685303
3.790855407714844e-05
0.00021576881408691406
157.00327444076538
21.43659257888794
69.95139956474304
51.761245012283325
6.818771362304688e-05
51.00222873687744
53.17516827583313
38.226107358932495
40.18685960769653
0.00016546249389648438
4.673004150390625e-05
3.147125244140625e-05
50.12198281288147
67.4862368106842
0.00011610984802246094
3.0517578125e-05
3.8623809814453125e-05
49.905574321746826
19.24394392967224
49.17467737197876
0.00011539459228515625
4.482269287109375e-05
67.88209366798401
48.81824231147766
78.73878765106201
46.45916748046875
0.00013184547424316406
58.127503633499146
72.52503967285156
3.7670135498046875e-05
4.1484832763671875e-05
52.092573165893555
44.306968688964844
17.393146514892578
44.25123858451843
18.37149930000305
3.457069396972656e-05
45.13279342651367
3.5762786865234375e-05
58.322967290878296
44.8185977935791
43.58668112754822
6.413459777832031e-05
40.148900508880615
51.15783643722534
51.00972294807434
39.46924066543579
6.198883056640625e-05
3.337860107421875e-05
3.24249267578125e-05
49.54136824607849
4.601478576660156e-05
50.12931728363037
4.363059997558594e-05
47.873547315597534
51.37160921096802
56.142120361328125
49.027552127838135
3.838539123535156e-05
2.5272369384765625e-05
2.8371810913085938e-05
7.666118144989014
4.100799560546875e-05
2.8371810913085938e-05
51.91290879249573
5.793571472167969e-05
58.60350465774536
162.23741555213928
4.363059997558594e-05
81.37999725341797
3.337860107421875e-05
122.29796624183655
4.839897155761719e-05
121.95485806465149
55.88057351112366
49.12816119194031
158.44365620613098
92.22931218147278
4.8160552978515625e-05
3.266334533691406e-05
20.98581552505493
42.219629526138306
4.744529724121094e-05
99.79276919364929
30.47885227203369
40.865015268325806
70.0142285823822
39.51031017303467
15.647994756698608
45.74578905105591
32.251697063446045
124.23388886451721
39.82453370094299
2.9802322387695312e-05
5.626678466796875e-05
3.62396240234375e-05
2.8371810913085938e-05
48.199071407318115
94.14158487319946
44.098756551742554
11.57120943069458
42.71182346343994
4.863739013671875e-05
37.704888343811035
3.933906555175781e-05
3.1948089599609375e-05
3.170967102050781e-05
3.695487976074219e-05
3.0994415283203125e-05
45.65441942214966
68.60207509994507
102.01320934295654
142.03174090385437
6.437301635742188e-05
41.86805558204651
4.76837158203125e-05
43.573625564575195
42.28559350967407
48.18390488624573
13.766393423080444
62.62134265899658
0.000110626220703125
123.6870448589325
39.631086349487305
47.314045429229736
0.00017213821411132812
90.3177239894867
48.447936058044434
61.61073350906372
57.18758010864258
40.72068905830383
7.796287536621094e-05
7.033348083496094e-05
74.58693814277649
40.71177530288696
5.745887756347656e-05
8.082389831542969e-05
2.7179718017578125e-05
15.815044164657593
42.35411810874939
41.26111888885498
4.863739013671875e-05
55.489766120910645
57.51580238342285
160.5712354183197
4.029273986816406e-05
6.818771362304688e-05
56.43855595588684
39.8627188205719
6.532669067382812e-05
21.435516834259033
48.614173889160156
3.337860107421875e-05
9.202957153320312e-05
6.246566772460938e-05
11.49668264389038
5.3882598876953125e-05
45.17684030532837
58.10849213600159
11.207889318466187
16.372629165649414
16.88757014274597
42.43175435066223
30.745829105377197
16.55731225013733
4.482269287109375e-05
49.09680390357971
41.8044867515564
103.1592435836792
4.696846008300781e-05
48.31896138191223
49.759602069854736
122.9784483909607
4.00543212890625e-05
62.819032192230225
6.318092346191406e-05
0.0001418590545654297
83.26604437828064
4.57763671875e-05
41.727553606033325
4.526904344558716
40.1476194858551
49.69830083847046
2.6702880859375e-05
138.05450105667114
40.597243547439575
4.982948303222656e-05
4.3392181396484375e-05
203.9406394958496
35.78989553451538
2.9325485229492188e-05
38.66226124763489
40.22482514381409
0.00011682510375976562
0.00015163421630859375
48.22734022140503
49.27586531639099
3.743171691894531e-05
0.00013208389282226562
49.98862028121948
0.0001480579376220703
49.83572196960449
45.70227551460266
3.409385681152344e-05
46.97763204574585
42.90057682991028
4.506111145019531e-05
36.937299489974976
43.659361839294434
40.728322982788086
4.0531158447265625e-05
40.480690717697144
74.11110377311707
5.813137769699097
67.97663688659668
43.31568956375122
0.00016689300537109375
3.838539123535156e-05
50.16084027290344
141.8023612499237
53.6703941822052
3.2901763916015625e-05
3.0279159545898438e-05
43.40907621383667
40.4773006439209
121.60356378555298
0.0001442432403564453
10.25684380531311
10.581609010696411
0.00010633468627929688
52.95911884307861
41.9837486743927
39.26816511154175
43.127230167388916
40.758623123168945
41.54253792762756
39.224082708358765
40.95581364631653
4.315376281738281e-05
65.61461138725281
41.0710244178772
14.650922775268555
171.12737035751343
4.2438507080078125e-05
50.622480630874634
50.22859859466553
6.866455078125e-05
6.127357482910156e-05
3.981590270996094e-05
97.04149270057678
67.84968113899231
15.784902572631836
32.02361512184143
4.100799560546875e-05
42.48627734184265
48.500328540802
16.16367530822754
204.31761407852173
48.520090103149414
41.13301205635071
41.210718393325806
67.04694509506226
8.058547973632812e-05
53.665194272994995
42.25654721260071
4.57763671875e-05
37.79174327850342
40.06639218330383
44.84315633773804
43.033225536346436
3.3855438232421875e-05
41.525262117385864
11.06053638458252
40.133158922195435
41.40560340881348
131.29286408424377
4.8160552978515625e-05
166.62442755699158
51.1989369392395
5.221366882324219e-05
107.09134554862976
40.82626175880432
16.62847590446472
10.26554560661316
3.123283386230469e-05
3.4332275390625e-05
37.263370752334595
39.97766709327698
4.4345855712890625e-05
39.84619355201721
2.5033950805664062e-05
36.349100828170776
37.009854316711426
3.886222839355469e-05
4.267692565917969e-05
44.44327163696289
5.793571472167969e-05
54.20282530784607
42.07731366157532
16.310089588165283
76.82119679450989
34.335798025131226
40.69875431060791
40.48909068107605
40.038994789123535
32.885072231292725
49.959975719451904
39.965999603271484
67.10138440132141
40.05732774734497
54.406960010528564
38.470903635025024
38.54981017112732
39.42461562156677
68.53446555137634
133.5028953552246
4.076957702636719e-05
2.9325485229492188e-05
