
x disttype general-gaussian
x k 75260
x std 0.25
x N 100000
x alpha 0.001

o 0 0.6925297500236229 0.7021004028544473
o 50 0 0.0018984213292246109
o 100 0.9985452679415159 0.9992378909752331
o 150 0.9986964493040371 0.9993465975946715
o 200 1.2503125260320302e-07 0.002496859604380064
o 250 0.2988950657134853 0.3084746301124127
o 300 0.9995126784110874 0.999869096973979
o 350 0.3349186080218723 0.3447856158754413
o 400 0.999003715108361 0.9995590390215284
o 450 0.9998429101352648 0.9999964480564058
o 500 0.9990276955776715 0.9995750304676024
o 550 0.9998094654176469 0.9999903279212801
o 600 0.33189961023627834 0.3417450720205938
o 650 0.9986731000629289 0.9993299652120586
o 700 0.9998606673855076 0.9999985029476508
o 750 0.997390859221408 0.998352857711563
o 800 0.9977710024150601 0.9986525672280416
o 850 0.9989797919656069 0.9995429892428099
o 900 0.7112262437612719 0.7206210933555093
o 950 0.9998429101352648 0.9999964480564058
o 1000 0.9880190389851546 0.9901866048746546
o 1050 0.9833599181992408 0.9859264769186781
o 1100 0 0.0018984213292246109
o 1150 0.8850993233175519 0.891661887820089
o 1200 0.9998259044303537 0.9999936749830985
o 1250 0.9999239938640181 1
o 1300 0.9153217438167722 0.9210349365525373
o 1350 0.9968594038686109 0.9979244881339883
o 1400 0.5504404575035067 0.5607911306435098
o 1450 0.9994865835970232 0.9998552762881997
o 1500 0.9558524880731786 0.9600381083289691
o 1550 0.9982350270587194 0.999008321617958
o 1600 0 0.0018984213292246109
o 1650 0.15835778608485918 0.19836866760288008
o 1700 0.03694385907101422 0.059290676225664085
o 1750 0.9077573881724619 0.9137004261309226
o 1800 0 0.0018984213292246109
o 1850 0.9998259044303537 0.9999936749830985
o 1900 0.3136310897026255 0.3233363670264352
o 1950 0.9999239938640181 1
o 2000 0.06518502587925791 0.0934248116034253
o 2050 0.9997934737315558 0.9999865160465087
o 2100 1.2503125260320302e-07 0.002496859604380064
o 2150 0.008475317778145777 0.02090857829713111
o 2200 0.9910407931116761 0.9929043367817962
o 2250 0.9993840302011118 0.9997981063300013
o 2300 0.993164002035706 0.9947807390576213
o 2350 0 0.0018984213292246109
o 2400 0.47498795751167977 0.48539503848914967
o 2450 0.9982008159598506 0.9989825511496526
o 2500 0.9943516269583274 0.9958128773619825
o 2550 0.4910827983885031 0.5014977626994201
o 2600 0.8416373780406018 0.8491703530065334
o 2650 0.9866781222440422 0.9889677414462956
o 2700 0 0.0018984213292246109
o 2750 0.45650056495024305 0.46688522894826123
o 2800 0.22178828143653515 0.2666860757935873
o 2850 0.3755020495648831 0.3856160163856992
o 2900 0.29853669394331606 0.30811305634909436
o 2950 0 0.0018984213292246109
o 3000 1.2503125260320302e-07 0.002496859604380064
o 3050 0.9988964791760753 0.9994863897866425
o 3100 0.9537546215379852 0.9580362907408669
o 3150 0.5695451140776523 0.5798435883712225
o 3200 0.9866153505027625 0.9889105233912249
o 3250 0.6978232783415628 0.7073460771945601
o 3300 0.01472778940101976 0.030117304234747233
o 3350 0.3105440163119326 0.32022390940479173
o 3400 0.0073124777534387805 0.019079809559212957
o 3450 0.9204328729469498 0.9259830411886159
o 3500 0.9997035245559214 0.9999573086101283
o 3550 0.9998606673855076 0.9999985029476508
o 3600 0.999296181483583 0.9997461411602921
o 3650 0.05787392418934996 0.08476743666679887
o 3700 0.8748037082271499 0.8816190468048348
o 3750 0.9971798478130869 0.9981839421445896
o 3800 0.9800042335665321 0.9828226875309607
o 3850 0.9925357203004133 0.9942291394654819
o 3900 0.9905019911753147 0.9924232329099885
o 3950 0.3625781272218267 0.3726218990321818
o 4000 0.9999239938640181 1
o 4050 0.9924612965088898 0.9941635770795604
o 4100 0.9989321082177423 0.9995107243878806
o 4150 0.9921107544370883 0.9938541836664107
o 4200 0.83292423396651 0.8406248050243971
o 4250 0.9999239938640181 1
o 4300 0.9771457655581473 0.9801615980338789
o 4350 0.9976252286403242 0.9985384002643557
o 4400 0.8540428339196933 0.8613230354312724
o 4450 0.9984990110277941 0.9992041792094797
o 4500 0.9994478100027654 0.9998341637972972
o 4550 0.916693192519089 0.9223632822559656
o 4600 0.9484489118662658 0.9529627984225972
o 4650 0.5242291689847877 0.5346263801106512
o 4700 0.9999239938640181 1
o 4750 0.9869292809387955 0.989196541852993
o 4800 0.9999239938640181 1
o 4850 0.9998794920615223 0.9999996803882305
o 4900 0.9482854602099756 0.9528062746464221
o 4950 0.9998429101352648 0.9999964480564058
o 5000 0.9998606673855076 0.9999985029476508
o 5050 0.9998794920615223 0.9999996803882305
o 5100 0.9983494143722831 0.9990938694504349
o 5150 0.9803257669788655 0.9831211040708562
o 5200 0.5539744340741284 0.5643166201929204
o 5250 0.9621546287757881 0.9660350170410407
o 5300 0.8975324753018192 0.9037668717843216
o 5350 0.6324524749658128 0.6424667333974228
o 5400 0.0009324348934342627 0.007036589240053792
o 5450 0.9844433102995382 0.9869229128646752
o 5500 0.9988491397832107 0.9994537750504463
o 5550 0.8752995770625881 0.8821031036030773
o 5600 0.9963107184293682 0.9974733299800852
o 5650 0.9975916667458962 0.9985119752773413
o 5700 0 0.0018984213292246109
o 5750 0.9989083432846155 0.9994945137547379
o 5800 0.9998794920615223 0.9999996803882305
o 5850 0.035393236741671816 0.05734845741210115
o 5900 0.9909879285047208 0.9928572106934016
o 5950 0.9726741721534571 0.9759738771965382
o 6000 0 0.0018984213292246109
o 6050 0.4456013650799513 0.45596607883641704
o 6100 0.9983264919604223 0.9990768052820472
o 6150 0 0.0018984213292246109
o 6200 0.02060635146140078 0.03820707016614944
o 6250 0.19742354236907514 0.2406471410055122
o 6300 0.9830685014982016 0.9856579396651383
o 6350 0.9999239938640181 1
o 6400 0.9998094654176469 0.9999903279212801
o 6450 0.9996892172795872 0.9999517166583664
o 6500 0.9928869058736824 0.9945378880187086
o 6550 0.9765459545739272 0.9796015013978272
o 6600 0.9968483856780137 0.9979155096722022
o 6650 0.9991485556760993 0.9996540120142048
o 6700 1.2503125260320302e-07 0.002496859604380064
o 6750 0.9983838423236461 0.9991194209127192
o 6800 0.9999000177236425 0.9999999949987496
o 6850 0.9271955462284361 0.9325193539318954
o 6900 0.9998429101352648 0.9999964480564058
o 6950 0.9998259044303537 0.9999936749830985
o 7000 0.9989559237480858 0.9995268835988521
o 7050 0.9997035245559214 0.9999573086101283
o 7100 0.9934735224622836 0.9950511586885816
o 7150 0.9987432554791599 0.9993797532365777
o 7200 0.9868874131011409 0.9891584165165689
o 7250 0.02792906919063703 0.0478478851149049
o 7300 0.8293411609946459 0.8371084159426609
o 7350 0.990882226539752 0.9927629312202298
o 7400 0.9999239938640181 1
o 7450 0.9628112810375684 0.9666582655502857
o 7500 0.0006752903406776944 0.006301857709340886
o 7550 0.9980530778683915 0.9988703644308505
o 7600 0.9875786595891913 0.9897870568859541
o 7650 0.03274537814407118 0.05400865999364901
o 7700 0.9869920888118784 0.9892537237337946
o 7750 0.8014036958023618 0.8096500772502631
o 7800 0.999717988398479 0.9999627351752136
o 7850 0.9921956880174333 0.9939292345405517
o 7900 0.9822988368768405 0.9849477255213182
o 7950 0.9952781735271289 0.9966061292296615
o 8000 0.9884913315227052 0.990614233940144
o 8050 0.0021160690975945565 0.00982856282591027
o 8100 0.997413125655506 0.998370583251967
o 8150 0.574602946436391 0.5848849922290069
o 8200 0.8051132641201673 0.813299951594255
o 8250 0 0.0018984213292246109
o 8300 0.9830060690869028 0.9856003819305417
o 8350 0.0071206863685036636 0.018773043506264964
o 8400 0.02858266113604525 0.0486911429647765
o 8450 0.8911166186105361 0.8975236903343744
o 8500 0.00033728716014957494 0.005154702728076721
o 8550 0.9967933241891525 0.9978705877466331
o 8600 0.944293072782123 0.9489792619076675
o 8650 0.038721079664563125 0.06150530760601092
o 8700 0.9745106885848942 0.9776970798768077
o 8750 0.8433340320727751 0.850833444321194
o 8800 0.988680387617154 0.9907851463002276
o 8850 0.9944375526343755 0.9958869337381556
o 8900 0.9991242454921062 0.9996383565757581
o 8950 0.9992219613154416 0.9997004931760775
o 9000 0.14716118136168055 0.18611028684097775
o 9050 0.9999239938640181 1
o 9100 0.6177524591615909 0.6278489666669858
o 9150 0.00024191906793809685 0.004755907633505085
o 9200 0.040503422543431866 0.06371484921128712
o 9250 0.9909139333424066 0.9927912188555565
o 9300 0.036500390029184995 0.05873618774215705
o 9350 0.9417218564215494 0.946510864367683
o 9400 0.8744697658154813 0.8812930392989543
o 9450 0 0.0018984213292246109
o 9500 0.9998606673855076 0.9999985029476508
o 9550 0.9997326272886489 0.9999679765707885
o 9600 0 0.0018984213292246109
o 9650 0.006171472835002926 0.017229697517521014
o 9700 0.0013519994656032701 0.008106672415363447
o 9750 0.8993373062057436 0.9055217703156371
o 9800 0 0.0018984213292246109
o 9850 0.09340969652201765 0.12608124825725797
o 9900 0.2258998889684566 0.27105826597092175
o 9950 0.9817376333038749 0.9844290171769036
o 10000 0.987568179193668 0.9897775390043198
o 10050 0.9439562850691385 0.9486561002019143
o 10100 0.999296181483583 0.9997461411602921
o 10150 0.9518113884021341 0.9561798162813744
o 10200 0.9852569501523132 0.9876691429661688
o 10250 0.956436033791738 0.9605944747035191
o 10300 0.9960705698528428 0.9972735415563042
o 10350 0.991220602077338 0.993064496058174
o 10400 0.8169918860491442 0.8249795453360796
o 10450 0.3221267910267829 0.33189937526074187
o 10500 0.8690974197465111 0.8760461911276353
o 10550 0.9999000177236425 0.9999999949987496
o 10600 0.15907358016804377 0.199150002037927
o 10650 0.0019580104226581815 0.009489188433562501
o 10700 0.9285794121891507 0.933855280445976
o 10750 0.21550569332846517 0.2599934495976667
o 10800 0.995548843987182 0.9968353958324646
o 10850 0.9998429101352648 0.9999964480564058
o 10900 0.9999239938640181 1
o 10950 0.998884626993482 0.999478253704835
o 11000 0.9921638345210265 0.993901093873372
o 11050 0.9988019775638949 0.9994209804708137
o 11100 0.8221466319207698 0.8300440253220269
o 11150 0.9958202184816749 0.9970639558429264
o 11200 0.005796747293369788 0.016607520865584702
o 11250 0.10580663777424555 0.14013306535412418
o 11300 0.9936017472748059 0.995162908716481
o 11350 0.9990758390227437 0.9996068275359654
o 11400 0.9955163277239497 0.9968079197750871
o 11450 0.9997474636700737 0.9999730088185749
o 11500 0.3578223827871761 0.3678383649835102
o 11550 3.7434621427565704e-05 0.0034787482068516784
o 11600 0.9991974091936578 0.9996850848564172
o 11650 0.5661101075034909 0.5764191137102743
o 11700 0.6769849074465003 0.6866875874131683
o 11750 0.5913929099986088 0.6016124937724845
o 11800 0.015556791899112377 0.03128364191917998
o 11850 0.03186584966651997 0.05289232544708289
o 11900 0.9943838432774279 0.9958406543290366
o 11950 0.9998429101352648 0.9999964480564058
o 12000 7.991222603902014e-06 0.003009067182210501
o 12050 0.9521488222341428 0.9565023316864475
o 12100 0.9825171821608754 0.9851493458973637
o 12150 0.9951592846322085 0.9965050451054194
o 12200 0.999717988398479 0.9999627351752136
o 12250 0.9946525894466246 0.9960718514107427
o 12300 0 0.0018984213292246109
o 12350 0.9972020171381706 0.9982017653881007
o 12400 0.4675521673059749 0.47795195390051837
o 12450 0.9008077665005144 0.9069510895855765
o 12500 0.04363401647478295 0.06757012263740214
o 12550 0.9999239938640181 1
o 12600 0.960903340642017 0.9648464941526594
o 12650 0.9920152385345197 0.9937697169889079
o 12700 0.4386595547264064 0.4490089403088514
o 12750 0.9930573827335083 0.9946873787670379
o 12800 0.9998429101352648 0.9999964480564058
o 12850 0.7041825400553211 0.7136458577337013
o 12900 0.9091986815122302 0.9150989167366856
o 12950 0.07276938891862965 0.10230811796180095
o 13000 0.9262900849873239 0.9316449509492423
o 13050 0.9220695632041247 0.9275661055504286
o 13100 0.9989083432846155 0.9994945137547379
o 13150 0.9977260883623545 0.9986174999554572
o 13200 0.9806162737683635 0.9833905520074436
o 13250 0.2793888560664525 0.2887838053035674
o 13300 0.7642166751816666 0.7730026878335388
o 13350 0.9846935565330569 0.9871526267231369
o 13400 0.9987432554791599 0.9993797532365777
o 13450 0.19718287158545278 0.2403887661389118
o 13500 0.9988137522006917 0.999429195267528
o 13550 0.04745350723773285 0.07223357368565919
o 13600 0 0.0018984213292246109
o 13650 0.9985800372278933 0.9992630973009762
o 13700 0.9979399494540744 0.9987835461900604
o 13750 0.9983264919604223 0.9990768052820472
o 13800 0.9996059399519922 0.9999154644598418
o 13850 0.9992466035921717 0.9997158092851735
o 13900 0.9788537533415722 0.9817533463441717
o 13950 0.9936017472748059 0.995162908716481
o 14000 0.9922912733150302 0.9940136316833673
o 14050 0 0.0018984213292246109
o 14100 0.9973574798370872 0.9983262490058391
o 14150 0.9977822396736948 0.9986613252356356
o 14200 0.9999239938640181 1
o 14250 0.9137270891032239 0.9194898303170689
o 14300 0.9998259044303537 0.9999936749830985
o 14350 0.9953647155998915 0.9966795672709512
o 14400 0.9951160820202347 0.9964682574292913
o 14450 0.9169573502724921 0.9226190849021758
o 14500 0.9996059399519922 0.9999154644598418
o 14550 0.9975134629644082 0.9984502089331776
o 14600 0 0.0018984213292246109
o 14650 0.9997035245559214 0.9999573086101283
o 14700 0.9974688401759891 0.9984148483563065
o 14750 0.3234316869240693 0.33321428118704954
o 14800 0.929841430932774 0.9350730724371301
o 14850 0 0.0018984213292246109
o 14900 0.5742423698618501 0.584525623251667
o 14950 0.27806560787025175 0.28744725474489397
o 15000 0.9997035245559214 0.9999573086101283
o 15050 0.9999000177236425 0.9999999949987496
o 15100 0.5432231556387298 0.5535895229488583
o 15150 0 0.0018984213292246109
o 15200 0 0.0018984213292246109
o 15250 0.8406073426165611 0.8481605430354303
o 15300 0.9893322269492854 0.9913731974086024
o 15350 0.9962123907324228 0.9973916838135997
o 15400 0.9690998241999138 0.9726087695682561
o 15450 0.9999239938640181 1
o 15500 0.9997035245559214 0.9999573086101283
o 15550 0.8731138398748808 0.8799691685959983
o 15600 0.35306717083376066 0.36305429846311665
o 15650 0.975347159563461 0.9784804806374605
o 15700 0.9765873117625012 0.9796401378442036
o 15750 0.8347917255580609 0.8424570330758734
o 15800 0.9986847703136744 0.9993382858302795
o 15850 0.9999239938640181 1
o 15900 0.5818351032001271 0.5920917434723506
o 15950 0.62110113987955 0.6311797807490513
o 16000 0.9992219613154416 0.9997004931760775
o 16050 0.9876520285485941 0.9898536758590134
o 16100 0.9931746670479408 0.9947900719975374
o 16150 0.9997035245559214 0.9999573086101283
o 16200 0.9996892172795872 0.9999517166583664
o 16250 0.17006501303787233 0.21111456377678828
o 16300 0.9997778469385978 0.9999823205027085
o 16350 0.9999239938640181 1
o 16400 0.9999239938640181 1
o 16450 0.547717573657031 0.5580744258636876
o 16500 0.9347800475901874 0.9398337149937772
o 16550 0.01933307619856811 0.03648697123700817
o 16600 0.04677812366352054 0.0714119601266634
o 16650 0.9741803644935113 0.9773874545593346
o 16700 0.9909139333424066 0.9927912188555565
o 16750 0.6492744307706085 0.6591822408594363
o 16800 0.9992837483903975 0.9997385977610909
o 16850 0.6466659358782543 0.6565911290522332
o 16900 0 0.0018984213292246109
o 16950 0.9997934737315558 0.9999865160465087
o 17000 0.9999239938640181 1
o 17050 0.9721174492929892 0.9754506850332341
o 17100 0.2261418394532319 0.2713153624987622
o 17150 0.01472778940101976 0.030117304234747233
o 17200 0.9978835388815344 0.9987399821725043
o 17250 0.04430665734424618 0.06839446380468961
o 17300 0.27758805697327565 0.28696487827210204
o 17350 0.9572961909598265 0.961414187922428
o 17400 0.9736746975814149 0.9769131988563842
o 17450 0.7533177157670696 0.7622432865421518
o 17500 0.9990276955776715 0.9995750304676024
o 17550 0.9999239938640181 1
o 17600 0.9925676235524993 0.9942572302739004
o 17650 0.43370602564784616 0.4440432195426479
o 17700 0.9980530778683915 0.9988703644308505
o 17750 0.9922169259671977 0.9939479926952302
o 17800 0.00044226519601315694 0.005544357862371729
o 17850 0.9919940176552229 0.9937509417296164
o 17900 0.03186584966651997 0.05289232544708289
o 17950 0.9976588190754329 0.9985647965108426
o 18000 0.9973019003218457 0.9982818480415433
o 18050 0.5584798874677539 0.5688104862130668
o 18100 0.9999239938640181 1
o 18150 0.9995522439324256 0.9998893888980779
o 18200 0.9843599149127967 0.9868463215342241
o 18250 0.9986265038159704 0.9992965968956327
o 18300 0.9185932933538571 0.9242028965697228
o 18350 0.9966613703158965 0.9977625804435469
o 18400 0.9937835544594075 0.9953210655015124
o 18450 0.4625656389267607 0.47295923695596287
o 18500 0.9997934737315558 0.9999865160465087
o 18550 0.9991851653448052 0.9996773477700754
o 18600 0.9850690989133621 0.9874970243059624
o 18650 0.9963544590328723 0.9975095775873225
o 18700 0.26506467353045277 0.27431016682267206
o 18750 0.27012718444655714 0.27942688567354035
o 18800 0.9928443080619423 0.9945004938804054
o 18850 0.9998606673855076 0.9999985029476508
o 18900 0.6322920113020585 0.6423072212631351
o 18950 0.9997934737315558 0.9999865160465087
o 19000 0.9726947951693135 0.9759932510314016
o 19050 0 0.0018984213292246109
o 19100 0.9996892172795872 0.9999517166583664
o 19150 0.0014991176491168999 0.008456476299684712
o 19200 0.4882833078847305 0.49869767666584774
o 19250 0.0012082691108402533 0.007753650918513988
o 19300 0.6822160298704246 0.6918756767824636
o 19350 0.9997474636700737 0.9999730088185749
o 19400 0.9588327840932312 0.9628773631297127
o 19450 0 0.0018984213292246109
o 19500 0.9800872000965507 0.9828997080929193
o 19550 0.0034501362054804923 0.01247678829620591
o 19600 0 0.0018984213292246109
o 19650 0.5659398659374729 0.5762493809874807
o 19700 7.991222603902014e-06 0.003009067182210501
o 19750 0.0005553247091641557 0.005926367721586501
o 19800 0.9999239938640181 1
o 19850 0 0.0018984213292246109
o 19900 0.9998794920615223 0.9999996803882305
o 19950 0.9999000177236425 0.9999999949987496
o 20000 0.8587022559272244 0.8658829143320415
o 20050 0 0.0018984213292246109
o 20100 0.4351940268221756 0.4455349930188771
o 20150 0.5051427067021551 0.5155557279983256
o 20200 0.9995522439324256 0.9998893888980779
o 20250 0.7876690385458528 0.7961267985039958
o 20300 0.9683590390995336 0.9719096671964558
o 20350 0.9983264919604223 0.9990768052820472
o 20400 1.2503125260320302e-07 0.002496859604380064
o 20450 0.500912301569516 0.5113267728622023
o 20500 0.6230964336411513 0.633164185983323
o 20550 0.9911677058509709 0.9930174016450546
o 20600 0.7633611182613588 0.7721583734212811
o 20650 0.001802363746780083 0.009147509219049055
o 20700 0.9993336475888702 0.9997686002519833
o 20750 8.882678547898962e-05 0.003921732017860169
o 20800 0.9906498072632175 0.9925553911185063
o 20850 0.6652098959679188 0.6750043734288617
o 20900 0 0.0018984213292246109
o 20950 0.012674507456907217 0.02718250756287921
o 21000 0.5788599653857313 0.5891273304874375
o 21050 0.37183190236049024 0.38192672021316376
o 21100 0.9195079458889667 0.9250881069120734
o 21150 0.0009324348934342627 0.007036589240053792
o 21200 0.43392572754693937 0.44426348437045915
o 21250 0.9999239938640181 1
o 21300 0.9982692853817808 0.99903404440992
o 21350 0.705368117173844 0.7148201020743111
o 21400 0.9998606673855076 0.9999985029476508
o 21450 0.9999000177236425 0.9999999949987496
o 21500 0.9719628373442253 0.9753053205684157
o 21550 0.9957767482796838 0.9970274367139912
o 21600 0.9998094654176469 0.9999903279212801
o 21650 0.03296550912977362 0.05428749659680421
o 21700 0.7552999655822519 0.7642007385485254
o 21750 0 0.0018984213292246109
o 21800 0.9994349747337248 0.999827034081556
o 21850 0.99603787554133 0.997246244234574
o 21900 0.8746519152194246 0.8814708625774853
o 21950 0.9985105646110896 0.9992126179186841
o 22000 0.6139829917374336 0.6240990028142291
o 22050 0.9490721318240282 0.9535594847836026
o 22100 0.9970359738317937 0.9980678631245689
o 22150 0.001802363746780083 0.009147509219049055
o 22200 0.04296199540734457 0.06674516520909379
o 22250 0 0.0018984213292246109
o 22300 0.999308641751924 0.9997536566961236
o 22350 0.18804605180628864 0.2305618615844367
o 22400 0.999308641751924 0.9997536566961236
o 22450 0.6432550723583664 0.6532025068833422
o 22500 0.03827628268832144 0.060952138415978574
o 22550 0.9996332781059027 0.9999279902963232
o 22600 0.9888695262987942 0.9909559759593909
o 22650 0.9990156980202815 0.9995670421974359
o 22700 0.9717464045284232 0.9751017863924506
o 22750 0.950226879330087 0.9546645636629787
o 22800 8.882678547898962e-05 0.003921732017860169
o 22850 0.9637452522256384 0.9675441531534648
o 22900 0.978014975259794 0.98097225419529
o 22950 0.0006752903406776944 0.006301857709340886
o 23000 0.00433180405557086 0.014085775144778157
o 23050 0.9998794920615223 0.9999996803882305
o 23100 0.987138669346908 0.9893871192566973
o 23150 0 0.0018984213292246109
o 23200 0 0.0018984213292246109
o 23250 0.9974688401759891 0.9984148483563065
o 23300 0.997479991545747 0.9984236928564266
o 23350 0 0.0018984213292246109
o 23400 0.9925357203004133 0.9942291394654819
o 23450 0.0016493249080622365 0.008803341649747276
o 23500 0 0.0018984213292246109
o 23550 0.9999000177236425 0.9999999949987496
o 23600 0.9994221808168059 0.9998198616983294
o 23650 0.7399684943352671 0.7490545163819331
o 23700 0.08921599407445353 0.12129239844519124
o 23750 0.9999239938640181 1
o 23800 0.9912417632212324 0.9930833311653419
o 23850 0.9943086825783884 0.995775830663444
o 23900 0.9059408684672561 0.9119372181385462
o 23950 0.0008012396235490344 0.006671700522780322
o 24000 0 0.0018984213292246109
o 24050 0.9463960177468247 0.950996001042888
o 24100 0.0005553247091641557 0.005926367721586501
o 24150 0.9985452679415159 0.9992378909752331
o 24200 0 0.0018984213292246109
o 24250 0.8600568725393489 0.867208094490643
o 24300 0.5414114950563149 0.5517814572747898
o 24350 0.977342317934765 0.9803450153536306
o 24400 0.9666932595295861 0.9703356994918018
o 24450 0.9998606673855076 0.9999985029476508
o 24500 0.9172824795617903 0.9229339068718672
o 24550 0.9999239938640181 1
o 24600 0.9869816203214112 0.9892441939325636
o 24650 0 0.0018984213292246109
o 24700 0 0.0018984213292246109
o 24750 0.196942212321237 0.2401303797663883
o 24800 0.8845220640515936 0.8910992336414948
o 24850 0.4071996205895175 0.4174536401229182
o 24900 0.9985684399660495 0.9992547027814671
o 24950 0 0.0018984213292246109
o 25000 0.9913793480871742 0.9932057218636672
o 25050 0 0.0018984213292246109
o 25100 0.9999239938640181 1
o 25150 0.9941691962101549 0.9956553457951836
o 25200 0.5629256914069819 0.5732440107587885
o 25250 0.9997778469385978 0.9999823205027085
o 25300 0.6449504375328088 0.654886886066638
o 25350 0.9998259044303537 0.9999936749830985
o 25400 0.9999000177236425 0.9999999949987496
o 25450 0.04139642585520329 0.06481779939033883
o 25500 0.9965187124199525 0.9976452789682672
o 25550 0.9874214766493972 0.9896442656395198
o 25600 0 0.0018984213292246109
o 25650 0.9950621005105278 0.9964222510073004
o 25700 0.9998794920615223 0.9999996803882305
o 25750 0.00033728716014957494 0.005154702728076721
o 25800 0.0029371308414261844 0.011495946574351712
o 25850 0.999647091932423 0.9999341015602782
o 25900 0.9989321082177423 0.9995107243878806
o 25950 0.0005553247091641557 0.005926367721586501
o 26000 0.999565558673665 0.9998960216619766
o 26050 0 0.0018984213292246109
o 26100 0.9966394036696481 0.9977445534332144
o 26150 0.9998429101352648 0.9999964480564058
o 26200 7.991222603902014e-06 0.003009067182210501
o 26250 0.9823196292260448 0.9849669299037845
o 26300 0.7928476277334726 0.8012274310120142
o 26350 0 0.0018984213292246109
o 26400 0 0.0018984213292246109
o 26450 0.7933413611558213 0.8017136233904181
o 26500 1.2503125260320302e-07 0.002496859604380064
o 26550 0 0.0018984213292246109
o 26600 0.7174371119452949 0.7267692900489132
o 26650 0.9800457159824927 0.9828611986616247
o 26700 0.47193954352642536 0.4823439137478748
o 26750 0.9201482679329979 0.9257076888709778
o 26800 0.0013519994656032701 0.008106672415363447
o 26850 0.8833068690734506 0.8899146108315202
o 26900 0.9996892172795872 0.9999517166583664
o 26950 0.8973398431357787 0.9035795328284838
o 27000 0.9999239938640181 1
o 27050 0.025542090957775633 0.04474649522742191
o 27100 0.3442858995054974 0.3542169024476993
o 27150 0.972168989796264 0.9754991366660595
o 27200 0.00469239888240214 0.01472169144248825
o 27250 0.018487993928454884 0.035336512820786425
o 27300 0.9998606673855076 0.9999985029476508
o 27350 0.9996195632227871 0.999921775321969
o 27400 0.9929082079542215 0.9945565819061326
o 27450 0.3139099343397944 0.3236174800292744
o 27500 0.9569889649469825 0.9611214602348809
o 27550 0.9993587740222297 0.9997834199756218
o 27600 0.9999239938640181 1
o 27650 0.19092951705987793 0.23366693861416787
o 27700 0.9851212743809378 0.9875448404826985
o 27750 0.0031066310291481196 0.011824341251265746
o 27800 0 0.0018984213292246109
o 27850 0.9990758390227437 0.9996068275359654
o 27900 0 0.0018984213292246109
o 27950 0.998884626993482 0.999478253704835
o 28000 0.07576835281384402 0.10579645853367359
o 28050 0 0.0018984213292246109
o 28100 0.9999239938640181 1
o 28150 0.9597961224159341 0.963793879488807
o 28200 0.9612314907608632 0.9651582944876252
o 28250 0.9998794920615223 0.9999996803882305
o 28300 0.9902276488731481 0.9921776226625127
o 28350 0 0.0018984213292246109
o 28400 0.025974928248011304 0.045311532919699915
o 28450 0.999647091932423 0.9999341015602782
o 28500 0.018487993928454884 0.035336512820786425
o 28550 0.004874202103357291 0.015038188227976534
o 28600 0.008475317778145777 0.02090857829713111
o 28650 0.9686985310336151 0.9722301237036768
o 28700 0.9999000177236425 0.9999999949987496
o 28750 0.957449815357533 0.9615605403710068
o 28800 0.00260308669127485 0.010834387960955594
o 28850 0.9876625107164062 0.9898631919661571
o 28900 0.6464050953449574 0.6563320089153907
o 28950 0.9993461951853181 0.9997760261613108
o 29000 1.2503125260320302e-07 0.002496859604380064
o 29050 0.9997934737315558 0.9999865160465087
o 29100 0.267043835274628 0.2763107039429511
o 29150 0.9999239938640181 1
o 29200 0.0032776601474173448 0.012151262610203939
o 29250 0 0.0018984213292246109
o 29300 0.9959289819613767 0.9971551653479269
o 29350 0.0009324348934342627 0.007036589240053792
o 29400 0.9721174492929892 0.9754506850332341
o 29450 0.9999239938640181 1
o 29500 0.8391128823381615 0.846695227634578
o 29550 0.9993587740222297 0.9997834199756218
o 29600 0.9824859864935664 0.9851205464733813
o 29650 0.9916865087437386 0.9934785062543561
o 29700 0.19670156459071114 0.2398719818737094
o 29750 0.9996750511339219 0.9999459758541345
o 29800 0.0056105476602690794 0.016295299336843594
o 29850 0.00015818935869794096 0.004345911904070632
o 29900 0.4932925114664118 0.5037077153885205
o 29950 0.9775285545597964 0.9805187500003899
o 30000 0.7743443735765756 0.7829934665332159
o 30050 0.5842293772195128 0.5944771079735296
o 30100 0.9998794920615223 0.9999996803882305
o 30150 0.9999239938640181 1
o 30200 0.9103356391790709 0.916201788635986
o 30250 0.06610204647657884 0.09450386340453099
o 30300 0.9996332781059027 0.9999279902963232
o 30350 0.9998794920615223 0.9999996803882305
o 30400 0.7045944734801687 0.7140538622735391
o 30450 0 0.0018984213292246109
o 30500 0.3160511298523444 0.32577595925512726
o 30550 0.9994865835970232 0.9998552762881997
o 30600 0.9993336475888702 0.9997686002519833
o 30650 0.9685442093298023 0.9720844688467162
o 30700 0.996048772277534 0.9972553447150844
o 30750 0.993869175946752 0.9953954268925882
o 30800 0 0.0018984213292246109
o 30850 0.13505120340111396 0.17276917773452782
o 30900 0.1772488012520763 0.21890209863404242
o 30950 0.0347300138178389 0.05651475746742951
o 31000 0.009063820827199639 0.021816026451220605
o 31050 0.9991121178061971 0.9996305008963924
o 31100 0.9998606673855076 0.9999985029476508
o 31150 0.9645460825127594 0.9683032017142117
o 31200 0 0.0018984213292246109
o 31250 0.9975246259459578 0.9984590417445947
o 31300 0 0.0018984213292246109
o 31350 0.4415660012717954 0.45192205365399296
o 31400 0.00024191906793809685 0.004755907633505085
o 31450 0.9985221252268359 0.9992210495148895
o 31500 0 0.0018984213292246109
o 31550 0.8346403006915899 0.8423084806744686
o 31600 0.9924081511767356 0.9941167322545065
o 31650 0 0.0018984213292246109
o 31700 0 0.0018984213292246109
o 31750 0.9991485556760993 0.9996540120142048
o 31800 0.9996332781059027 0.9999279902963232
o 31850 0.989058749770861 0.9911267207093566
o 31900 0.9971576880058557 0.99816610932758
o 31950 1.2503125260320302e-07 0.002496859604380064
o 32000 0.9976812288951316 0.9985823776972912
o 32050 0.9999239938640181 1
o 32100 0.9908399558090225 0.9927252093583472
o 32150 0.08271092295510815 0.11382466486379894
o 32200 0.9997934737315558 0.9999865160465087
o 32250 0.9999239938640181 1
o 32300 0.9511059441993075 0.9555053665948173
o 32350 0.6716440601426746 0.6813892395472738
o 32400 0.008085509488830215 0.020301137019068105
o 32450 0.9981894224879377 0.9989739506694784
o 32500 0.001068276358234717 0.007397085257802805
o 32550 0.4941424281756981 0.5045576701281087
o 32600 0.9834119683809104 0.9859744185040615
o 32650 0.9993211301255228 0.999761143401458
o 32700 0.12086246860868986 0.15701556743439693
o 32750 0.2809609003115133 0.2903715219875179
o 32800 0.20079413497729778 0.2442631888961868
o 32850 0.9742319727553304 0.9774358383955396
o 32900 0.9999239938640181 1
o 32950 0.9851421457333019 0.9875639657868525
o 33000 0.6909227546513966 0.7005076402998875
o 33050 0.9999239938640181 1
o 33100 0.25479284722771023 0.2639235563735963
o 33150 0.7508124160534232 0.7597689631336236
o 33200 0.22372278944996762 0.2687439428153795
o 33250 0.8859500705803758 0.8924910129962614
o 33300 0.36491132725868825 0.37496834504698984
o 33350 0.6956334544942956 0.7051762308746915
o 33400 0.8664979620332202 0.8735060387507358
o 33450 0.9993461951853181 0.9997760261613108
o 33500 0.9993211301255228 0.999761143401458
o 33550 0.9720865257575597 0.9754216132865439
o 33600 0.8604713678136616 0.8676135370322346
o 33650 0 0.0018984213292246109
o 33700 0.9367566730162747 0.9417367929991864
o 33750 0.08526370347227079 0.11676119203148716
o 33800 0.00015818935869794096 0.004345911904070632
o 33850 0.9219780615933436 0.9274776208799196
o 33900 0.999717988398479 0.9999627351752136
o 33950 0.9999239938640181 1
o 34000 0.3557188583052553 0.3657222086298888
o 34050 0 0.0018984213292246109
o 34100 0.9792785606232266 0.9821484732045911
o 34150 0.015349159306899127 0.030992434315067374
o 34200 0.9939655515538413 0.9954790318899134
o 34250 0.9997326272886489 0.9999679765707885
o 34300 0.08271092295510815 0.11382466486379894
o 34350 0.9998606673855076 0.9999985029476508
o 34400 0.9998794920615223 0.9999996803882305
o 34450 0.8911672823356075 0.8975730190134846
o 34500 0.6879499932272389 0.6975608495542762
o 34550 0 0.0018984213292246109
o 34600 0.5427727363312601 0.553140010314287
o 34650 3.7434621427565704e-05 0.0034787482068516784
o 34700 0.9999239938640181 1
o 34750 0.7919911741437665 0.800384013313508
o 34800 0 0.0018984213292246109
o 34850 8.882678547898962e-05 0.003921732017860169
o 34900 0.2676803745176059 0.27695406785331467
o 34950 0.999717988398479 0.9999627351752136
o 35000 0.9566817690448899 0.960828702426237
o 35050 0.9998606673855076 0.9999985029476508
o 35100 8.882678547898962e-05 0.003921732017860169
o 35150 0.0005553247091641557 0.005926367721586501
o 35200 0.9942442886635058 0.9957202378970528
o 35250 0.9993967101316772 0.9998053961676073
o 35300 0.648281176955884 0.6581956444313415
o 35350 0.9998606673855076 0.9999985029476508
o 35400 0.005056954818928482 0.015353762737391086
o 35450 0.7565376795241903 0.765422838431541
o 35500 0.8454045675309171 0.8528625981087457
o 35550 0.1550191531710249 0.19472070348689996
o 35600 0.00044226519601315694 0.005544357862371729
o 35650 0.8547300411279307 0.8619957251106182
o 35700 0.9999239938640181 1
o 35750 0.6743244325017702 0.6840484632624153
o 35800 0.9726123046845639 0.975915754112361
o 35850 0.9043986242189801 0.9104396935755233
o 35900 0 0.0018984213292246109
o 35950 0.9999000177236425 0.9999999949987496
o 36000 0.9679990347180654 0.9715697262317231
o 36050 0.9888905469006076 0.9909749518326857
o 36100 0.9988373331200868 0.9994455927520963
o 36150 0.9994996047638228 0.999862213815235
o 36200 0 0.0018984213292246109
o 36250 0.5045226240218913 0.5149359044453286
o 36300 0.9936658933812573 0.9952187499467103
o 36350 0.9999239938640181 1
o 36400 0.8597232622534337 0.8668817548265119
o 36450 0 0.0018984213292246109
o 36500 0.0031066310291481196 0.011824341251265746
o 36550 0 0.0018984213292246109
o 36600 0.9994349747337248 0.999827034081556
o 36650 0.005796747293369788 0.016607520865584702
o 36700 0.9994478100027654 0.9998341637972972
o 36750 0.5066629432705148 0.517075261550024
o 36800 0.9999239938640181 1
o 36850 0.9798694273771783 0.9826975146848295
o 36900 0.9610879201982768 0.9650218867285217
o 36950 0.9916229303586075 0.9934220960611019
o 37000 0.0006752903406776944 0.006301857709340886
o 37050 0.7690686630143391 0.7777899703591934
o 37100 7.991222603902014e-06 0.003009067182210501
o 37150 0.9504108529510351 0.9548405623773398
o 37200 0.008475317778145777 0.02090857829713111
o 37250 0.00044226519601315694 0.005544357862371729
o 37300 0.9998794920615223 0.9999996803882305
o 37350 0.00044226519601315694 0.005544357862371729
o 37400 0.961641734640747 0.9655479886534457
o 37450 0.8930318643991213 0.8993881574052018
o 37500 1.2503125260320302e-07 0.002496859604380064
o 37550 0.9178413268067495 0.9234749758481408
o 37600 0.14549651152587512 0.18428166578347294
o 37650 0.913737245170827 0.9194996727269997
o 37700 0.0016493249080622365 0.008803341649747276
o 37750 0.9928443080619423 0.9945004938804054
o 37800 0.9872119749232254 0.9894538016909462
o 37850 0.9983608843737154 0.9991023926489613
o 37900 0.9543787287512016 0.9586320895790438
o 37950 0.9966284230221276 0.9977355372394189
o 38000 0 0.0018984213292246109
o 38050 0.007697854424170423 0.019691587766545893
o 38100 0.9493786689840432 0.9538529015407392
o 38150 0.9999239938640181 1
o 38200 0 0.0018984213292246109
o 38250 0.9888800364686805 0.9909654640272446
o 38300 0.9999239938640181 1
o 38350 0.9999000177236425 0.9999999949987496
o 38400 0.8000530708501807 0.8083209051380369
o 38450 0.9992713415924842 0.9997310274127916
o 38500 0.9383670315745541 0.9432861927860597
o 38550 0.9801286859141138 0.982938215819442
o 38600 0.9820597612934703 0.9847268386592745
o 38650 0.9833390991091717 0.9859072993010107
o 38700 0.9898165392903059 0.9918088027762161
o 38750 0.05537180556987563 0.08178043933044166
o 38800 0.06862720079531824 0.09746792116287639
o 38850 0.6783202327472835 0.6880120609019512
o 38900 0.009855042906880381 0.02301953307245419
o 38950 0.9999239938640181 1
o 39000 0.5823460047716854 0.5926007647650398
o 39050 0.9936552007796383 0.995209444662842
o 39100 0.1659995376454115 0.2066962969704016
o 39150 0.9999000177236425 0.9999999949987496
o 39200 0 0.0018984213292246109
o 39250 0.9886278638429394 0.9907376788482631
o 39300 0.002276367222972179 0.010165794313463095
o 39350 0 0.0018984213292246109
o 39400 0.010053943484575811 0.02331933510981521
o 39450 0 0.0018984213292246109
o 39500 0.006549125926640963 0.017849019642076414
o 39550 0.9994478100027654 0.9998341637972972
o 39600 0.7503999163425172 0.7593615248998423
o 39650 0.987180556988472 0.989425224765565
o 39700 0.9924612965088898 0.9941635770795604
o 39750 0.30076661898592094 0.3103627924057305
o 39800 0.9998259044303537 0.9999936749830985
o 39850 0.5482180920214921 0.5585738318790623
o 39900 0.9984298320990661 0.9991534027843956
o 39950 0.9962670022691712 0.9974370578216792
o 40000 0.9999000177236425 0.9999999949987496
o 40050 0.9387442116602936 0.943648956093908
o 40100 0.991093666914281 0.9929514536584148
o 40150 0.00033728716014957494 0.005154702728076721
o 40200 0.7659580626562354 0.7747210384794483
o 40250 0.703268265453755 0.7127402700229403
o 40300 0.9999239938640181 1
o 40350 0 0.0018984213292246109
o 40400 0.9340364455513236 0.9391174285883493
o 40450 0.987180556988472 0.989425224765565
o 40500 0.05787392418934996 0.08476743666679887
o 40550 0.9979399494540744 0.9987835461900604
o 40600 0.9998794920615223 0.9999996803882305
o 40650 7.991222603902014e-06 0.003009067182210501
o 40700 0.7218497094654585 0.7311360282369228
o 40750 0.967988749818257 0.9715600126926163
o 40800 0.9985800372278933 0.9992630973009762
o 40850 0.7298521332215281 0.7390523999293332
o 40900 0 0.0018984213292246109
o 40950 0 0.0018984213292246109
o 41000 0.575073703405618 0.5853541641746649
o 41050 0.9998429101352648 0.9999964480564058
o 41100 0.9996750511339219 0.9999459758541345
o 41150 0.8376690229357775 0.8452793037708075
o 41200 0.9929614724963005 0.994603307263001
o 41250 0.9977148684488135 0.9986087244743185
o 41300 0.17916645476561305 0.2209768006433811
o 41350 0.00024191906793809685 0.004755907633505085
o 41400 0.033626486120888616 0.055123426608710946
o 41450 0.9983494143722831 0.9990938694504349
o 41500 0.3768185905020318 0.38693927579122966
o 41550 8.882678547898962e-05 0.003921732017860169
o 41600 0.7659882610473883 0.7747508355468963
o 41650 0.9994736123112946 0.9998482871313812
o 41700 0.1868451203519725 0.22926756772509638
o 41750 1.2503125260320302e-07 0.002496859604380064
o 41800 0 0.0018984213292246109
o 41850 0.029674306615947527 0.05009426614869705
o 41900 0.0071206863685036636 0.018773043506264964
o 41950 0.9994736123112946 0.9998482871313812
o 42000 0.9923125195972131 0.9940323814886113
o 42050 0.4769770273155271 0.4873856677235343
o 42100 0.7943490102807943 0.8027058228366432
o 42150 0.9933240372930198 0.9949206729419205
o 42200 0.9984874643831768 0.9991957334827668
o 42250 0.9898692194580185 0.9918561136069488
o 42300 0.5982869949050574 0.6084773682684043
o 42350 0 0.0018984213292246109
o 42400 0.21333260225829997 0.25767512202132214
o 42450 0.998967851134707 0.9995349432565738
o 42500 0.9885438389433734 0.9906617177679512
o 42550 0.001802363746780083 0.009147509219049055
o 42600 0.9999239938640181 1
o 42650 0.9942550191117432 0.9957295052342232
o 42700 0.6554953490274814 0.665360384718864
o 42750 0.007697854424170423 0.019691587766545893
o 42800 0.8738828562715274 0.8807200368645818
o 42850 0 0.0018984213292246109
o 42900 0.8207947792248288 0.8287160810298859
o 42950 0.9990637794704803 0.9995989024000052
o 43000 0 0.0018984213292246109
o 43050 0.9974911457860921 0.9984325344670717
o 43100 0.41984692347076497 0.43014442096596894
o 43150 0.9998794920615223 0.9999996803882305
o 43200 0.278473521125266 0.28785927945180445
o 43250 0.04655312151984574 0.0711379638991173
o 43300 0.904692848959914 0.9107254247290074
o 43350 0.9989440095309458 0.9995188105517668
o 43400 0.0008012396235490344 0.006671700522780322
o 43450 0.02039368637728274 0.037920834621886
o 43500 0.9832558283368497 0.9858305832373024
o 43550 0.9950944865363048 0.9964498577499777
o 43600 0.08410289126586125 0.11542686296529647
o 43650 0.9835681401315705 0.9861182220348611
o 43700 0.9937086701803637 0.9952559646734348
o 43750 0.8870338466188127 0.8935470744592624
o 43800 0.0012082691108402533 0.007753650918513988
o 43850 0.9993967101316772 0.9998053961676073
o 43900 0.999308641751924 0.9997536566961236
o 43950 7.991222603902014e-06 0.003009067182210501
o 44000 0.0009324348934342627 0.007036589240053792
o 44050 0.9999239938640181 1
o 44100 0.5430229687523234 0.5533897400832852
o 44150 0.9999239938640181 1
o 44200 0.9990276955776715 0.9995750304676024
o 44250 0 0.0018984213292246109
o 44300 0.9986731000629289 0.9993299652120586
o 44350 0.9999000177236425 0.9999999949987496
o 44400 0 0.0018984213292246109
o 44450 0.9928869058736824 0.9945378880187086
o 44500 0.9923125195972131 0.9940323814886113
o 44550 0.9977036519182175 0.9985999455855752
o 44600 1.2503125260320302e-07 0.002496859604380064
o 44650 0.9975134629644082 0.9984502089331776
o 44700 0.9874109995272481 0.9896347444804561
o 44750 0.9093813970817978 0.9152761737775087
o 44800 0.8422029120146257 0.8497247341494718
o 44850 0.9997778469385978 0.9999823205027085
o 44900 0.022099803812841226 0.040205972668573065
o 44950 0 0.0018984213292246109
o 45000 0.9994865835970232 0.9998552762881997
o 45050 0.9820493682117978 0.9847172333724661
o 45100 0.9982350270587194 0.999008321617958
o 45150 0 0.0018984213292246109
o 45200 0.010853627969684755 0.024514534203403326
o 45250 0.9790195120867772 0.9819075619126436
o 45300 0.9963653980592071 0.997518635596431
o 45350 0.991919758368106 0.9936852145046222
o 45400 0.008670993356273561 0.02121154329653263
o 45450 0.5229685078581175 0.5333672317967664
o 45500 0.4297515677979154 0.4400782763094706
o 45550 0.07323037539979792 0.10284517694367235
o 45600 0.9621443699093523 0.966025277457454
o 45650 0.977342317934765 0.9803450153536306
o 45700 0.9955596849855485 0.9968445522661823
o 45750 0.9999000177236425 0.9999999949987496
o 45800 0.9999239938640181 1
o 45850 0.9997934737315558 0.9999865160465087
o 45900 0.9998259044303537 0.9999936749830985
o 45950 0.9967273137679054 0.9978166177471925
o 46000 0.0929432917204915 0.12554959045716252
o 46050 0.850627425177529 0.8579789566676453
o 46100 0.997390859221408 0.998352857711563
o 46150 0.9615904507088251 0.9654992803309552
o 46200 0.9686779541107213 0.9722107037521494
o 46250 0.0034501362054804923 0.01247678829620591
o 46300 0.9709942556088206 0.9743940499422814
o 46350 0.9841723112747981 0.9866739550230997
o 46400 7.991222603902014e-06 0.003009067182210501
o 46450 0.5495394859389471 0.5598922383244261
o 46500 0.19044881974175984 0.23314954540391675
o 46550 0.9441195729775079 0.9488127877700334
o 46600 0.9934948871113034 0.9950697898614275
o 46650 0.32519485898623324 0.3349908413611986
o 46700 0.8461924434311598 0.8536346039651289
o 46750 0.06977657629275688 0.09881364805281956
o 46800 0.997135537593538 0.9981482670612255
o 46850 0.5781287319157002 0.5883986743668196
o 46900 0.7320038627629623 0.7411803465398532
o 46950 0.8976541395299859 0.9038851893171849
o 47000 0.9579619521502529 0.9620483263799859
o 47050 0.9941906475250951 0.9956738900775584
o 47100 0.9999239938640181 1
o 47150 0.9975246259459578 0.9984590417445947
o 47200 0 0.0018984213292246109
o 47250 0.9936231267828686 0.9951815249936188
o 47300 0.9999239938640181 1
o 47350 0.002276367222972179 0.010165794313463095
o 47400 0.9957658838050885 0.9970183038440341
o 47450 0.9986381404199947 0.9993049515903288
o 47500 0.9460080201833494 0.9506240568993162
o 47550 0.9993211301255228 0.999761143401458
o 47600 0 0.0018984213292246109
o 47650 0.9999239938640181 1
o 47700 0.03938887369660105 0.06233446661392228
o 47750 0.9998606673855076 0.9999985029476508
o 47800 0.9979964608247334 0.9988270085895469
o 47850 0.989995682906782 0.9919696285064324
o 47900 7.991222603902014e-06 0.003009067182210501
o 47950 0.9557398860917683 0.9599307272708993
o 48000 0.9519443131832357 0.9563068715039418
o 48050 0 0.0018984213292246109
o 48100 0.965778661714791 0.9694704358997485
o 48150 0.999717988398479 0.9999627351752136
o 48200 0.38654425966628464 0.3967121319043888
o 48250 0.2562742556849356 0.2654219224260306
o 48300 0 0.0018984213292246109
o 48350 0 0.0018984213292246109
o 48400 0.9630986195855064 0.9669308835685236
o 48450 0.9999239938640181 1
o 48500 0 0.0018984213292246109
o 48550 0.9999239938640181 1
o 48600 3.7434621427565704e-05 0.0034787482068516784
o 48650 0.9999239938640181 1
o 48700 0.9939548404232341 0.9954697451827327
o 48750 0 0.0018984213292246109
o 48800 0.0032776601474173448 0.012151262610203939
o 48850 0.998406824694827 0.999136424498611
o 48900 0.05378274645808032 0.07987643932497501
o 48950 0.9866258119673869 0.9889200602265591
o 49000 0.999647091932423 0.9999341015602782
o 49050 0.4447523118596171 0.4551152606105614
o 49100 0.9974242629841317 0.9983794418843119
o 49150 0.34697689847448027 0.35692549505581195
o 49200 0.9999239938640181 1
o 49250 0.9999239938640181 1
o 49300 0.9999239938640181 1
o 49350 0.8518601267482674 0.8591860701205629
o 49400 0.9608213092952983 0.9647685378835582
o 49450 0.9995389947463791 0.9998826879485003
o 49500 0.9655937325902728 0.9692953930342234
o 49550 0.9997035245559214 0.9999573086101283
o 49600 0.9962670022691712 0.9974370578216792
o 49650 0.9996332781059027 0.9999279902963232
o 49700 0.9998429101352648 0.9999964480564058
o 49750 0.9946525894466246 0.9960718514107427
o 49800 0.9710560638002613 0.9744522323356105
o 49850 0.990692052739139 0.9925931382781218
o 49900 0.1705435616874367 0.21163410281436534
o 49950 0 0.0018984213292246109
