0 0.0
50 0.0
100 0.812945689506808
150 0.8291276653897592
200 0.0
250 0.0
300 0.3059616796297158
350 0.0
400 0.812945689506808
450 0.8291276653897592
500 0.812945689506808
550 0.8291276653897592
600 0.0
650 0.8291276653897592
700 0.8291276653897592
750 0.6611488691215359
800 0.8291276653897592
850 0.801668508779867
900 0.34360773635860054
950 0.8291276653897592
1000 0.768035397258058
1050 0.801668508779867
1100 0.0
1150 0.2408593300147065
1200 0.8291276653897592
1250 0.8291276653897592
1300 0.29765719177684036
1350 0.8291276653897592
1400 0.0
1450 0.8291276653897592
1500 0.5511187002705641
1550 0.5220676098538741
1600 0.0
1650 0.0
1700 0.0
1750 0.17813763077039815
1800 0.0
1850 0.8291276653897592
1900 0.0
1950 0.8291276653897592
2000 0.0
2050 0.8291276653897592
2100 0.0
2150 0.0
2200 0.5174125416197985
2250 0.8291276653897592
2300 0.4444097867112315
2350 0.0
2400 0.0
2450 0.8291276653897592
2500 0.27425459530058766
2550 0.021182331210963638
2600 0.0
2650 0.25070423349841753
2700 0.0
2750 0.31516968997028566
2800 0.0
2850 0.0
2900 0.0
2950 0.0
3000 0.0
3050 0.8291276653897592
3100 0.14671812750362884
3150 0.0
3200 0.8291276653897592
3250 0.09081061438740856
3300 0.0
3350 0.0
3400 0.0
3450 0.3889078751187463
3500 0.8291276653897592
3550 0.8291276653897592
3600 0.812945689506808
3650 0.0
3700 0.11183185631538597
3750 0.6430246436499216
3800 0.6161141755587975
3850 0.7513437876598841
3900 0.556614202003546
3950 0.47243364383059094
4000 0.8291276653897592
4050 0.7633579519109823
4100 0.8291276653897592
4150 0.7633579519109823
4200 0.578568776755213
4250 0.8291276653897592
4300 0.7024327110018177
4350 0.8291276653897592
4400 0.0
4450 0.8291276653897592
4500 0.8291276653897592
4550 0.47890625697464045
4600 0.4376994116022873
4650 0.11135445644374473
4700 0.8291276653897592
4750 0.7414465869730968
4800 0.8291276653897592
4850 0.8291276653897592
4900 0.2703142604432446
4950 0.8291276653897592
5000 0.8291276653897592
5050 0.8291276653897592
5100 0.8291276653897592
5150 0.7550660193874681
5200 0.0
5250 0.12768407915605828
5300 0.6576613919551932
5350 0.15774467827008096
5400 0.0
5450 0.2974075466562138
5500 0.7853187478564367
5550 0.49420645374397354
5600 0.7788744582318675
5650 0.801668508779867
5700 0.0
5750 0.8291276653897592
5800 0.8291276653897592
5850 0.0
5900 0.7853187478564367
5950 0.4867546215639213
6000 0.0
6050 0.0
6100 0.8291276653897592
6150 0.0
6200 0.0
6250 0.0
6300 0.4988163229060767
6350 0.8291276653897592
6400 0.8291276653897592
6450 0.8291276653897592
6500 0.5431290825295639
6550 0.3690263839905191
6600 0.8291276653897592
6650 0.8291276653897592
6700 0.0
6750 0.768035397258058
6800 0.8291276653897592
6850 0.44939408206795906
6900 0.8291276653897592
6950 0.8291276653897592
7000 0.8291276653897592
7050 0.8291276653897592
7100 0.654331002220176
7150 0.7513437876598841
7200 0.38681141263502694
7250 0.0
7300 0.14199523291714505
7350 0.812945689506808
7400 0.8291276653897592
7450 0.530237636729742
7500 0.0
7550 0.812945689506808
7600 0.768035397258058
7650 0.0
7700 0.5490555482437248
7750 0.12706762502833185
7800 0.812945689506808
7850 0.7927654955973501
7900 0.7057552234587638
7950 0.812945689506808
8000 0.6535219088181896
8050 0.0
8100 0.7788744582318675
8150 0.0
8200 0.0
8250 0.0
8300 0.7129585715194362
8350 0.0
8400 0.0
8450 0.3778846625683253
8500 0.0
8550 0.5704360618602835
8600 0.25552820743528226
8650 0.0
8700 0.5795210217307021
8750 0.2442197874323282
8800 0.8291276653897592
8850 0.67488235757119
8900 0.8291276653897592
8950 0.8291276653897592
9000 0.0
9050 0.8291276653897592
9100 0.01299098815868786
9150 0.0
9200 0.0
9250 0.7384899657380358
9300 0.0
9350 0.340191777530787
9400 0.3125670971110325
9450 0.0
9500 0.8291276653897592
9550 0.7414465869730968
9600 0.0
9650 0.0
9700 0.0
9750 0.323469657722107
9800 0.0
9850 0.0
9900 0.05154812061249818
9950 0.49241911134839417
10000 0.5253584872946979
10050 0.45914962358919253
10100 0.6841196629343631
10150 0.4635929129643097
10200 0.5563682995075542
10250 0.5004462268516526
10300 0.7384899657380358
10350 0.6576613919551932
10400 0.5459349554427775
10450 0.16978483999657262
10500 0.49078664749890877
10550 0.8291276653897592
10600 0.0
10650 0.0
10700 0.22641448246723
10750 0.4757293121836666
10800 0.6611488691215359
10850 0.8291276653897592
10900 0.8291276653897592
10950 0.6313643608049697
11000 0.8291276653897592
11050 0.8291276653897592
11100 0.0
11150 0.812945689506808
11200 0.0
11250 0.0
11300 0.5313563707493169
11350 0.7590555051314972
11400 0.7445608837750117
11450 0.8291276653897592
11500 0.29902231720551714
11550 0.0
11600 0.8291276653897592
11650 0.28454781292023884
11700 0.0
11750 0.0
11800 0.0
11850 0.0
11900 0.5416520628829299
11950 0.8291276653897592
12000 0.0
12050 0.8291276653897592
12100 0.3199634924614253
12150 0.7513437876598841
12200 0.8291276653897592
12250 0.7550660193874681
12300 0.0
12350 0.812945689506808
12400 0.29586348643195737
12450 0.10833457795913423
12500 0.0
12550 0.8291276653897592
12600 0.5878968656293286
12650 0.5811321774490954
12700 0.1190309294549207
12750 0.7356741078866392
12800 0.8291276653897592
12850 0.0
12900 0.28308787418275305
12950 0.0
13000 0.5834391988146722
13050 0.2849596673366567
13100 0.8291276653897592
13150 0.7927654955973501
13200 0.440493871034097
13250 0.0
13300 0.5798405382019067
13350 0.67488235757119
13400 0.8291276653897592
13450 0.0
13500 0.8291276653897592
13550 0.0
13600 0.0
13650 0.7927654955973501
13700 0.812945689506808
13750 0.8291276653897592
13800 0.8291276653897592
13850 0.8291276653897592
13900 0.7092565844970636
13950 0.7478521616088996
14000 0.8291276653897592
14050 0.0
14100 0.768035397258058
14150 0.7445608837750117
14200 0.8291276653897592
14250 0.5544237509083155
14300 0.8291276653897592
14350 0.7189477134419698
14400 0.768035397258058
14450 0.16981520984488602
14500 0.8291276653897592
14550 0.801668508779867
14600 0.0
14650 0.8291276653897592
14700 0.8291276653897592
14750 0.0
14800 0.6295815230320443
14850 0.0
14900 0.0
14950 0.18304785459581208
15000 0.812945689506808
15050 0.8291276653897592
15100 0.36103986353927187
15150 0.0
15200 0.0
15250 0.2574516207545874
15300 0.648089674439011
15350 0.7853187478564367
15400 0.5035036786624217
15450 0.8291276653897592
15500 0.8291276653897592
15550 0.20248595510344464
15600 0.0
15650 0.3150774158498761
15700 0.2285461291175555
15750 0.4130074888449262
15800 0.7788744582318675
15850 0.8291276653897592
15900 0.6473446572751265
15950 0.4496498440091361
16000 0.812945689506808
16050 0.6947894853096008
16100 0.6879278985203627
16150 0.8291276653897592
16200 0.8291276653897592
16250 0.36608008663805236
16300 0.6233715324688627
16350 0.8291276653897592
16400 0.8291276653897592
16450 0.0
16500 0.4929266006432774
16550 0.0
16600 0.0
16650 0.38630448903024406
16700 0.7853187478564367
16750 0.2058891049383753
16800 0.7304105542745021
16850 0.600806775912718
16900 0.0
16950 0.8291276653897592
17000 0.8291276653897592
17050 0.6686718239465945
17100 0.32672443586843564
17150 0.0
17200 0.7927654955973501
17250 0.0
17300 0.19603756088315144
17350 0.67488235757119
17400 0.46378679096005454
17450 0.0
17500 0.8291276653897592
17550 0.8291276653897592
17600 0.7232818821136336
17650 0.0
17700 0.5967990237207847
17750 0.643728154493334
17800 0.0
17850 0.7356741078866392
17900 0.0
17950 0.7445608837750117
18000 0.7788744582318675
18050 0.0
18100 0.8291276653897592
18150 0.8291276653897592
18200 0.7255677301346378
18250 0.8291276653897592
18300 0.4890571039036964
18350 0.6933604352240057
18400 0.7513437876598841
18450 0.0
18500 0.8291276653897592
18550 0.812945689506808
18600 0.37081533173246867
18650 0.7731688889928472
18700 0.0
18750 0.6919611304676483
18800 0.6559770900778752
18850 0.7853187478564367
18900 0.23463323065047825
18950 0.8291276653897592
19000 0.5014089893997504
19050 0.0
19100 0.8291276653897592
19150 0.0
19200 0.05825185184118495
19250 0.0
19300 0.0
19350 0.8291276653897592
19400 0.8291276653897592
19450 0.0
19500 0.7445608837750117
19550 0.0
19600 0.0
19650 0.36568944328405667
19700 0.0
19750 0.0
19800 0.8291276653897592
19850 0.0
19900 0.8291276653897592
19950 0.8291276653897592
20000 0.340155174545313
20050 0.0
20100 0.4711847963488713
20150 0.22980383129754828
20200 0.8291276653897592
20250 0.0
20300 0.266898825238547
20350 0.7927654955973501
20400 0.0
20450 0.1253699348400253
20500 0.16803670949393462
20550 0.69926933825219
20600 0.6947894853096008
20650 0.0
20700 0.8291276653897592
20750 0.0
20800 0.8291276653897592
20850 0.15283286827988807
20900 0.0
20950 0.0
21000 0.3168450446979495
21050 0.14140991090924135
21100 0.25025414192134643
21150 0.0
21200 0.0
21250 0.8291276653897592
21300 0.8291276653897592
21350 0.0
21400 0.8291276653897592
21450 0.8291276653897592
21500 0.618630923413516
21550 0.812945689506808
21600 0.8291276653897592
21650 0.0
21700 0.13513887392418625
21750 0.0
21800 0.8291276653897592
21850 0.768035397258058
21900 0.0
21950 0.801668508779867
22000 0.1970473497835894
22050 0.34077362442257086
22100 0.8291276653897592
22150 0.0
22200 0.0
22250 0.0
22300 0.7633579519109823
22350 0.0
22400 0.8291276653897592
22450 0.0698135316971479
22500 0.0
22550 0.8291276653897592
22600 0.7445608837750117
22650 0.8291276653897592
22700 0.6816931577357972
22750 0.7304105542745021
22800 0.0
22850 0.2962756137864895
22900 0.45961319013007473
22950 0.0
23000 0.0
23050 0.812945689506808
23100 0.5285836095362292
23150 0.0
23200 0.0
23250 0.8291276653897592
23300 0.8291276653897592
23350 0.0
23400 0.8291276653897592
23450 0.0
23500 0.0
23550 0.8291276653897592
23600 0.7853187478564367
23650 0.14609654904252467
23700 0.0
23750 0.8291276653897592
23800 0.7279411669333207
23850 0.7040730075950532
23900 0.3949231687384654
23950 0.0
24000 0.0
24050 0.39384732210859363
24100 0.0
24150 0.812945689506808
24200 0.0
24250 0.39077740742460076
24300 0.0
24350 0.5727678607860789
24400 0.39454586099396793
24450 0.7148929886187769
24500 0.5448457430226061
24550 0.8291276653897592
24600 0.7478521616088996
24650 0.0
24700 0.0
24750 0.0
24800 0.38365321282316034
24850 0.2043724925643991
24900 0.8291276653897592
24950 0.0
25000 0.8291276653897592
25050 0.0
25100 0.8291276653897592
25150 0.768035397258058
25200 0.26242416056730106
25250 0.8291276653897592
25300 0.812945689506808
25350 0.8291276653897592
25400 0.8291276653897592
25450 0.0
25500 0.8291276653897592
25550 0.7478521616088996
25600 0.0
25650 0.7633579519109823
25700 0.8291276653897592
25750 0.0
25800 0.0
25850 0.8291276653897592
25900 0.8291276653897592
25950 0.0
26000 0.7210769338776873
26050 0.0
26100 0.8291276653897592
26150 0.5414435690665561
26200 0.0
26250 0.7478521616088996
26300 0.0
26350 0.0
26400 0.0
26450 0.23644726966009405
26500 0.0
26550 0.0
26600 0.0
26650 0.8291276653897592
26700 0.3135423870991175
26750 0.2998914711548161
26800 0.0
26850 0.6295815230320443
26900 0.8291276653897592
26950 0.6416378282428057
27000 0.8291276653897592
27050 0.0
27100 0.0
27150 0.6706824281134092
27200 0.0
27250 0.0
27300 0.8291276653897592
27350 0.8291276653897592
27400 0.812945689506808
27450 0.0
27500 0.0
27550 0.8291276653897592
27600 0.8291276653897592
27650 0.0
27700 0.6356915852702375
27750 0.0
27800 0.0
27850 0.8291276653897592
27900 0.0
27950 0.812945689506808
28000 0.20506810049678242
28050 0.0
28100 0.8291276653897592
28150 0.307749853125197
28200 0.20964139168887008
28250 0.8291276653897592
28300 0.7853187478564367
28350 0.0
28400 0.0
28450 0.8291276653897592
28500 0.0
28550 0.0
28600 0.0
28650 0.7329853610984273
28700 0.8291276653897592
28750 0.27579121378803045
28800 0.0
28850 0.5766945645546542
28900 0.37095030139145013
28950 0.8291276653897592
29000 0.0
29050 0.8291276653897592
29100 0.14367501175567565
29150 0.8291276653897592
29200 0.0
29250 0.0
29300 0.7414465869730968
29350 0.0
29400 0.7024327110018177
29450 0.7853187478564367
29500 0.0
29550 0.8291276653897592
29600 0.5713034540337983
29650 0.6853660282182672
29700 0.0
29750 0.8291276653897592
29800 0.0
29850 0.0
29900 0.0
29950 0.711081160560417
30000 0.0
30050 0.0
30100 0.7788744582318675
30150 0.8291276653897592
30200 0.25979791447271183
30250 0.0
30300 0.8291276653897592
30350 0.8291276653897592
30400 0.0
30450 0.0
30500 0.0
30550 0.8291276653897592
30600 0.8291276653897592
30650 0.7232818821136336
30700 0.6503693062294793
30750 0.8291276653897592
30800 0.0
30850 0.0
30900 0.10096602105438104
30950 0.0
31000 0.0
31050 0.7513437876598841
31100 0.8291276653897592
31150 0.40462788570644814
31200 0.0
31250 0.812945689506808
31300 0.0
31350 0.013864228158328756
31400 0.0
31450 0.812945689506808
31500 0.0
31550 0.32269105141227306
31600 0.7168874692698459
31650 0.0
31700 0.0
31750 0.6648123762551942
31800 0.8291276653897592
31850 0.3673475745366358
31900 0.6905902931364363
31950 0.0
32000 0.801668508779867
32050 0.8291276653897592
32100 0.801668508779867
32150 0.0
32200 0.8291276653897592
32250 0.8291276653897592
32300 0.37907616913503017
32350 0.319043943430816
32400 0.0
32450 0.8291276653897592
32500 0.0
32550 0.0
32600 0.19002716983892898
32650 0.8291276653897592
32700 0.0
32750 0.27038556330022273
32800 0.0
32850 0.6363297321060677
32900 0.8291276653897592
32950 0.6793483264481055
33000 0.8291276653897592
33050 0.8291276653897592
33100 0.1680216152986463
33150 0.0
33200 0.0
33250 0.5317325407545681
33300 0.0
33350 0.11694779903433809
33400 0.2952058815571911
33450 0.8291276653897592
33500 0.8291276653897592
33550 0.8291276653897592
33600 0.0
33650 0.0
33700 0.13018895389211396
33750 0.13747408223956076
33800 0.0
33850 0.5393784450745964
33900 0.8291276653897592
33950 0.8291276653897592
34000 0.0
34050 0.0
34100 0.36037013752509295
34150 0.0
34200 0.7853187478564367
34250 0.8291276653897592
34300 0.0
34350 0.8291276653897592
34400 0.8291276653897592
34450 0.0
34500 0.47191229725509987
34550 0.0
34600 0.0
34650 0.0
34700 0.8291276653897592
34750 0.812945689506808
34800 0.0
34850 0.0
34900 0.0
34950 0.8291276653897592
35000 0.5656771124150946
35050 0.8291276653897592
35100 0.0
35150 0.0
35200 0.5088658625264402
35250 0.812945689506808
35300 0.3833066819503084
35350 0.8291276653897592
35400 0.0
35450 0.2209576151358853
35500 0.17859283871792217
35550 0.0
35600 0.0
35650 0.4707716572550655
35700 0.7853187478564367
35750 0.11309917841393938
35800 0.6933604352240057
35850 0.15869816285525518
35900 0.0
35950 0.8291276653897592
36000 0.0
36050 0.7590555051314972
36100 0.8291276653897592
36150 0.8291276653897592
36200 0.0
36250 0.514375907193435
36300 0.801668508779867
36350 0.8291276653897592
36400 0.6416378282428057
36450 0.0
36500 0.0
36550 0.0
36600 0.8291276653897592
36650 0.0
36700 0.8291276653897592
36750 0.0
36800 0.8291276653897592
36850 0.8291276653897592
36900 0.7927654955973501
36950 0.7731688889928472
37000 0.0
37050 0.0
37100 0.0
37150 0.25469405596061157
37200 0.0
37250 0.0
37300 0.8291276653897592
37350 0.0
37400 0.8291276653897592
37450 0.14153499876040732
37500 0.0
37550 0.22649046229277017
37600 0.0
37650 0.7590555051314972
37700 0.0
37750 0.6511452724470512
37800 0.8291276653897592
37850 0.8291276653897592
37900 0.49976340737424785
37950 0.3277912329325593
38000 0.0
38050 0.0
38100 0.7853187478564367
38150 0.8291276653897592
38200 0.0
38250 0.5039277992461085
38300 0.7633579519109823
38350 0.8291276653897592
38400 0.0
38450 0.7927654955973501
38500 0.6176145033859426
38550 0.6503693062294793
38600 0.2930587349039756
38650 0.6793483264481055
38700 0.801668508779867
38750 0.0
38800 0.0
38850 0.2367886261684128
38900 0.0
38950 0.8291276653897592
39000 0.12458334313760853
39050 0.7788744582318675
39100 0.0
39150 0.8291276653897592
39200 0.0
39250 0.6551495512330341
39300 0.0
39350 0.0
39400 0.0
39450 0.0
39500 0.0
39550 0.8291276653897592
39600 0.5527562273935938
39650 0.6181208077713918
39700 0.6919611304676483
39750 0.0
39800 0.8291276653897592
39850 0.0
39900 0.812945689506808
39950 0.801668508779867
40000 0.8291276653897592
40050 0.13078346162274096
40100 0.5911261300651138
40150 0.0
40200 0.07658819372104167
40250 0.13228850897552566
40300 0.8291276653897592
40350 0.0
40400 0.5012706754239098
40450 0.7590555051314972
40500 0.768035397258058
40550 0.8291276653897592
40600 0.8291276653897592
40650 0.0
40700 0.0
40750 0.7356741078866392
40800 0.8291276653897592
40850 0.06294052185540944
40900 0.0
40950 0.0
41000 0.0004033652052466617
41050 0.8291276653897592
41100 0.8291276653897592
41150 0.0
41200 0.6828963530422092
41250 0.8291276653897592
41300 0.5230951383809782
41350 0.0
41400 0.0
41450 0.812945689506808
41500 0.0
41550 0.0
41600 0.4050368241218706
41650 0.8291276653897592
41700 0.0
41750 0.0
41800 0.0
41850 0.0
41900 0.0
41950 0.8291276653897592
42000 0.6369737776899966
42050 0.14415210467329992
42100 0.28372694218808897
42150 0.32705681368212514
42200 0.812945689506808
42250 0.4970793840923034
42300 0.08771865488591589
42350 0.0
42400 0.3049726601176954
42450 0.8291276653897592
42500 0.46883140946619156
42550 0.0
42600 0.8291276653897592
42650 0.7550660193874681
42700 0.33820789249501215
42750 0.0
42800 0.3279250105814392
42850 0.0
42900 0.0
42950 0.7731688889928472
43000 0.0
43050 0.6313643608049697
43100 0.481953385649598
43150 0.8291276653897592
43200 0.15010489776775326
43250 0.0
43300 0.4051530572536942
43350 0.7927654955973501
43400 0.0
43450 0.0
43500 0.5532297739937697
43550 0.69926933825219
43600 0.0
43650 0.7414465869730968
43700 0.801668508779867
43750 0.44737372767904826
43800 0.0
43850 0.8291276653897592
43900 0.8291276653897592
43950 0.0
44000 0.0
44050 0.8291276653897592
44100 0.0
44150 0.8291276653897592
44200 0.8291276653897592
44250 0.0
44300 0.8291276653897592
44350 0.8291276653897592
44400 0.0
44450 0.7445608837750117
44500 0.5578542520471934
44550 0.7927654955973501
44600 0.0
44650 0.801668508779867
44700 0.7356741078866392
44750 0.10992534546091937
44800 0.6146408671636143
44850 0.8291276653897592
44900 0.0
44950 0.0
45000 0.8291276653897592
45050 0.3728569882835968
45100 0.7478521616088996
45150 0.0
45200 0.0
45250 0.801668508779867
45300 0.8291276653897592
45350 0.7633579519109823
45400 0.0
45450 0.0
45500 0.0
45550 0.0
45600 0.33742142807216535
45650 0.7788744582318675
45700 0.8291276653897592
45750 0.8291276653897592
45800 0.8291276653897592
45850 0.8291276653897592
45900 0.8291276653897592
45950 0.812945689506808
46000 0.0
46050 0.3113574240585977
46100 0.8291276653897592
46150 0.11785034986262093
46200 0.5477051751382469
46250 0.0
46300 0.7927654955973501
46350 0.8291276653897592
46400 0.0
46450 0.0
46500 0.0
46550 0.46563877959671574
46600 0.801668508779867
46650 0.0
46700 0.0
46750 0.0
46800 0.8291276653897592
46850 0.40727917910672573
46900 0.0
46950 0.09922977086861245
47000 0.5112770261225077
47050 0.7788744582318675
47100 0.8291276653897592
47150 0.7927654955973501
47200 0.0
47250 0.7445608837750117
47300 0.8291276653897592
47350 0.0
47400 0.8291276653897592
47450 0.812945689506808
47500 0.7008321561525189
47550 0.8291276653897592
47600 0.0
47650 0.8291276653897592
47700 0.0
47750 0.8291276653897592
47800 0.8291276653897592
47850 0.5588585994981411
47900 0.0
47950 0.585810679116648
48000 0.6551495512330341
48050 0.0
48100 0.5773150981915982
48150 0.8291276653897592
48200 0.0
48250 0.0
48300 0.0
48350 0.0
48400 0.801668508779867
48450 0.8291276653897592
48500 0.0
48550 0.8291276653897592
48600 0.0
48650 0.8291276653897592
48700 0.812945689506808
48750 0.0
48800 0.0
48850 0.812945689506808
48900 0.0
48950 0.768035397258058
49000 0.8291276653897592
49050 0.0
49100 0.6657582306985514
49150 0.0
49200 0.8291276653897592
49250 0.8291276653897592
49300 0.8291276653897592
49350 0.6458773147689605
49400 0.3408464245735318
49450 0.7414465869730968
49500 0.3052343800331839
49550 0.8291276653897592
49600 0.7008321561525189
49650 0.8291276653897592
49700 0.8291276653897592
49750 0.812945689506808
49800 0.689246015521609
49850 0.6108395286816634
49900 0.0
49950 0.0
