0 0.0
50 0.0
100 0.8155082443544285
150 0.8761623447542664
200 0.0
250 0.0
300 0.31084709685465994
350 0.0
400 0.8598823565569769
450 0.8761623447542664
500 0.8486461050386662
550 0.8598823565569769
600 0.0
650 0.8761623447542664
700 0.8761623447542664
750 0.6638860888172682
800 0.8761623447542664
850 0.8486461050386662
900 0.34587405338415556
950 0.8761623447542664
1000 0.7742293620682461
1050 0.8761623447542664
1100 0.0
1150 0.24345023896637474
1200 0.8761623447542664
1250 0.8761623447542664
1300 0.2984307533201903
1350 0.8761623447542664
1400 0.0
1450 0.8761623447542664
1500 0.5495038059508252
1550 0.5225524105050302
1600 0.0
1650 0.0
1700 0.0
1750 0.18327304197207075
1800 0.0
1850 0.8761623447542664
1900 0.0
1950 0.8761623447542664
2000 0.0
2050 0.8761623447542664
2100 0.0
2150 0.0
2200 0.5246603779003147
2250 0.8761623447542664
2300 0.44477703418319403
2350 0.0
2400 0.0
2450 0.8761623447542664
2500 0.275944946062722
2550 0.02355936513758353
2600 0.0
2650 0.25047993525780676
2700 0.0
2750 0.31584238150251354
2800 0.0
2850 0.0
2900 0.0
2950 0.0
3000 0.0
3050 0.8761623447542664
3100 0.14548781947350575
3150 0.0
3200 0.8598823565569769
3250 0.09130409992868818
3300 0.0
3350 0.0
3400 0.0
3450 0.38937286044749553
3500 0.8761623447542664
3550 0.8761623447542664
3600 0.8486461050386662
3650 0.0
3700 0.11281480481224251
3750 0.6592691524933487
3800 0.6173991442073336
3850 0.778912061853988
3900 0.5493937507219535
3950 0.46976685924571293
4000 0.8761623447542664
4050 0.7814031834606826
4100 0.8598823565569769
4150 0.806734565130815
4200 0.5788075023972565
4250 0.8761623447542664
4300 0.7000216157484528
4350 0.8761623447542664
4400 0.0
4450 0.8598823565569769
4500 0.8761623447542664
4550 0.47664530301057606
4600 0.44733293283259323
4650 0.11280836245827641
4700 0.8761623447542664
4750 0.7504012578383015
4800 0.8761623447542664
4850 0.8761623447542664
4900 0.2707463606192072
4950 0.8761623447542664
5000 0.8761623447542664
5050 0.8761623447542664
5100 0.8398251237073986
5150 0.7504012578383015
5200 0.0
5250 0.1301746962139847
5300 0.6564707891266812
5350 0.15643881749867422
5400 0.0
5450 0.3001830592610757
5500 0.7867366191825442
5550 0.5011639064137121
5600 0.7958253806012778
5650 0.8398251237073986
5700 0.0
5750 0.8598823565569769
5800 0.8761623447542664
5850 0.0
5900 0.8205365097392574
5950 0.48920894748621585
6000 0.0
6050 0.0
6100 0.8761623447542664
6150 0.0
6200 0.0
6250 0.0
6300 0.49969119861311617
6350 0.8761623447542664
6400 0.8761623447542664
6450 0.8761623447542664
6500 0.5613956357181494
6550 0.37168134004124576
6600 0.8761623447542664
6650 0.8761623447542664
6700 0.0
6750 0.8155082443544285
6800 0.8761623447542664
6850 0.4563345161998438
6900 0.8761623447542664
6950 0.8761623447542664
7000 0.8761623447542664
7050 0.8761623447542664
7100 0.6678862311322554
7150 0.7742293620682461
7200 0.3892199970825085
7250 0.0
7300 0.14493324319517553
7350 0.7840072442354376
7400 0.8761623447542664
7450 0.5375841686597735
7500 0.0
7550 0.8398251237073986
7600 0.778912061853988
7650 0.0
7700 0.5602714901459958
7750 0.129784005227322
7800 0.8761623447542664
7850 0.8324764272968286
7900 0.7141689626819625
7950 0.8486461050386662
8000 0.6730840973074874
8050 0.0
8100 0.8398251237073986
8150 0.0
8200 0.0
8250 0.0
8300 0.7320566033486359
8350 0.0
8400 0.0
8450 0.3808107530364132
8500 0.0
8550 0.5901943107465186
8600 0.2581413010933622
8650 0.0
8700 0.5788075023972565
8750 0.24614522134085084
8800 0.8398251237073986
8850 0.6858847631378369
8900 0.8598823565569769
8950 0.8761623447542664
9000 0.0
9050 0.8761623447542664
9100 0.017310035130207513
9150 0.0
9200 0.0
9250 0.7474344864406046
9300 0.0
9350 0.34414583749082284
9400 0.31385548730955554
9450 0.0
9500 0.8761623447542664
9550 0.7519393696374959
9600 0.0
9650 0.0
9700 0.0
9750 0.32791202745361503
9800 0.0
9850 0.0
9900 0.05355903921574025
9950 0.49758625154708447
10000 0.5421735164563751
10050 0.4621671394412834
10100 0.6858847631378369
10150 0.4695167721321376
10200 0.557099051476216
10250 0.5002242379414541
10300 0.7620657235154771
10350 0.6750684678797751
10400 0.5446586916697093
10450 0.17084529024408715
10500 0.4928769696330847
10550 0.8761623447542664
10600 0.0
10650 0.0
10700 0.2285706061437858
10750 0.48549037402628986
10800 0.6776265697548518
10850 0.8761623447542664
10900 0.8761623447542664
10950 0.6405622119134435
11000 0.826135455947546
11050 0.8598823565569769
11100 0.0
11150 0.8398251237073986
11200 0.0
11250 0.0
11300 0.5327414321907494
11350 0.7958253806012778
11400 0.7474344864406046
11450 0.8761623447542664
11500 0.30435808899885053
11550 0.0
11600 0.8598823565569769
11650 0.28900955551922825
11700 0.0
11750 0.0
11800 0.0
11850 0.0
11900 0.5414605384584232
11950 0.8761623447542664
12000 0.0
12050 0.8761623447542664
12100 0.31768246709449754
12150 0.8028459578443252
12200 0.8761623447542664
12250 0.769893308919193
12300 0.0
12350 0.8761623447542664
12400 0.30044881511978716
12450 0.10851073533330143
12500 0.0
12550 0.8761623447542664
12600 0.5889865962722955
12650 0.5805015274627026
12700 0.12309203004701044
12750 0.7958253806012778
12800 0.8761623447542664
12850 0.0
12900 0.2848287024849476
12950 0.0
13000 0.5926624138606518
13050 0.28911463051547837
13100 0.8324764272968286
13150 0.8398251237073986
13200 0.4446567491737662
13250 0.0
13300 0.5749266799182542
13350 0.6952115712142183
13400 0.8598823565569769
13450 0.0
13500 0.8761623447542664
13550 0.0
13600 0.0
13650 0.8486461050386662
13700 0.8761623447542664
13750 0.8761623447542664
13800 0.8761623447542664
13850 0.8598823565569769
13900 0.7418893208100552
13950 0.769893308919193
14000 0.8761623447542664
14050 0.0
14100 0.7678385615330513
14150 0.7519393696374959
14200 0.8761623447542664
14250 0.5541482603303135
14300 0.8761623447542664
14350 0.7298137142549251
14400 0.789604054931597
14450 0.17280361558811655
14500 0.8761623447542664
14550 0.8761623447542664
14600 0.0
14650 0.8761623447542664
14700 0.8761623447542664
14750 0.0
14800 0.6284254380440581
14850 0.0
14900 0.0
14950 0.1827073233937567
15000 0.8761623447542664
15050 0.8761623447542664
15100 0.36441291845324236
15150 0.0
15200 0.0
15250 0.26160729125020443
15300 0.6797392171472623
15350 0.7926272342106669
15400 0.5108441095992506
15450 0.8761623447542664
15500 0.8761623447542664
15550 0.2031629505716332
15600 0.0
15650 0.3192137757072282
15700 0.23005454070192632
15750 0.4133569745286646
15800 0.789604054931597
15850 0.8761623447542664
15900 0.6730840973074874
15950 0.4559798157262427
16000 0.8761623447542664
16050 0.7036709140523632
16100 0.701458471006339
16150 0.8761623447542664
16200 0.8761623447542664
16250 0.3672492278594427
16300 0.6249315321307274
16350 0.8761623447542664
16400 0.8761623447542664
16450 0.0
16500 0.49935955189865266
16550 0.0
16600 0.0
16650 0.39125241499971786
16700 0.7958253806012778
16750 0.20589774129274246
16800 0.7814031834606826
16850 0.6111637161666263
16900 0.0
16950 0.8761623447542664
17000 0.8761623447542664
17050 0.6745671134170181
17100 0.32991653691403966
17150 0.0
17200 0.8761623447542664
17250 0.0
17300 0.19944715916870187
17350 0.6958793003852548
17400 0.4654436726143242
17450 0.0
17500 0.8761623447542664
17550 0.8761623447542664
17600 0.7380241996086367
17650 0.0
17700 0.5905429560674209
17750 0.6692681677788646
17800 0.0
17850 0.7551333513283977
17900 0.0
17950 0.7551333513283977
18000 0.8398251237073986
18050 0.0
18100 0.8761623447542664
18150 0.8324764272968286
18200 0.7474344864406046
18250 0.8598823565569769
18300 0.4913941556467508
18350 0.7287204671781468
18400 0.760257727581739
18450 0.0
18500 0.8598823565569769
18550 0.8761623447542664
18600 0.37677278720210505
18650 0.7840072442354376
18700 0.0
18750 0.719617273969844
18800 0.6549165146981115
18850 0.8155082443544285
18900 0.2364418916505557
18950 0.8761623447542664
19000 0.5022479713338691
19050 0.0
19100 0.8761623447542664
19150 0.0
19200 0.0599295639292253
19250 0.0
19300 0.0
19350 0.8761623447542664
19400 0.8598823565569769
19450 0.0
19500 0.7432303696535395
19550 0.0
19600 0.0
19650 0.36486076704803877
19700 0.0
19750 0.0
19800 0.8761623447542664
19850 0.0
19900 0.8761623447542664
19950 0.8761623447542664
20000 0.3447758982137986
20050 0.0
20100 0.46763268934632907
20150 0.22923379033807398
20200 0.8761623447542664
20250 0.0
20300 0.26799659397327225
20350 0.8398251237073986
20400 0.0
20450 0.12666706860434185
20500 0.17019770189132344
20550 0.7116002695453321
20600 0.7116002695453321
20650 0.0
20700 0.8598823565569769
20750 0.0
20800 0.8761623447542664
20850 0.1539116736191818
20900 0.0
20950 0.0
21000 0.32087097585207364
21050 0.14295910806144962
21100 0.2529149203962322
21150 0.0
21200 0.0
21250 0.8761623447542664
21300 0.8598823565569769
21350 0.0
21400 0.8761623447542664
21450 0.8761623447542664
21500 0.6162086056582508
21550 0.8324764272968286
21600 0.8761623447542664
21650 0.0
21700 0.13479102520299993
21750 0.0
21800 0.8761623447542664
21850 0.8109350764465557
21900 0.0
21950 0.8486461050386662
22000 0.20289685676683716
22050 0.3456872700690223
22100 0.8598823565569769
22150 0.0
22200 0.0
22250 0.0
22300 0.7926272342106669
22350 0.0
22400 0.8598823565569769
22450 0.07477148521917494
22500 0.0
22550 0.8761623447542664
22600 0.760257727581739
22650 0.8761623447542664
22700 0.6913341047462258
22750 0.7742293620682461
22800 0.0
22850 0.3022787550835355
22900 0.4585771691729861
22950 0.0
23000 0.0
23050 0.8598823565569769
23100 0.5300020550976874
23150 0.0
23200 0.0
23250 0.8761623447542664
23300 0.8761623447542664
23350 0.0
23400 0.8761623447542664
23450 0.0
23500 0.0
23550 0.8761623447542664
23600 0.8324764272968286
23650 0.14792232793241494
23700 0.0
23750 0.8761623447542664
23800 0.7432303696535395
23850 0.7215357434774838
23900 0.4021494797594478
23950 0.0
24000 0.0
24050 0.3976037794578534
24100 0.0
24150 0.8486461050386662
24200 0.0
24250 0.3957645681872889
24300 0.0
24350 0.5856249182667193
24400 0.39395159067377855
24450 0.7432303696535395
24500 0.5511765167680932
24550 0.8761623447542664
24600 0.7535155020377673
24650 0.0
24700 0.0
24750 0.0
24800 0.38566759334351863
24850 0.2056459793230475
24900 0.8761623447542664
24950 0.0
25000 0.8761623447542664
25050 0.0
25100 0.8761623447542664
25150 0.789604054931597
25200 0.26417382155790414
25250 0.8761623447542664
25300 0.8398251237073986
25350 0.8761623447542664
25400 0.8761623447542664
25450 0.0
25500 0.8598823565569769
25550 0.7519393696374959
25600 0.0
25650 0.7658521910666259
25700 0.8761623447542664
25750 0.0
25800 0.0
25850 0.8761623447542664
25900 0.8761623447542664
25950 0.0
26000 0.7446011806811237
26050 0.0
26100 0.8598823565569769
26150 0.549063207347737
26200 0.0
26250 0.7742293620682461
26300 0.0
26350 0.0
26400 0.0
26450 0.2414717538921174
26500 0.0
26550 0.0
26600 0.0
26650 0.8761623447542664
26700 0.3174959123426904
26750 0.3021653970609238
26800 0.0
26850 0.6412041801027499
26900 0.8761623447542664
26950 0.6621749404557042
27000 0.8598823565569769
27050 0.0
27100 0.0
27150 0.6776265697548518
27200 0.0
27250 0.0
27300 0.8761623447542664
27350 0.8761623447542664
27400 0.8205365097392574
27450 0.0
27500 0.0
27550 0.8761623447542664
27600 0.8761623447542664
27650 0.0
27700 0.6472344323892923
27750 0.0
27800 0.0
27850 0.8761623447542664
27900 0.0
27950 0.7840072442354376
28000 0.20338734108798592
28050 0.0
28100 0.8761623447542664
28150 0.3093187190254312
28200 0.2103519967883838
28250 0.8761623447542664
28300 0.8398251237073986
28350 0.0
28400 0.0
28450 0.8598823565569769
28500 0.0
28550 0.0
28600 0.0
28650 0.7215357434774838
28700 0.8761623447542664
28750 0.27567723569653607
28800 0.0
28850 0.5703716117278208
28900 0.37012190715928805
28950 0.8761623447542664
29000 0.0
29050 0.8598823565569769
29100 0.1454177258513894
29150 0.8761623447542664
29200 0.0
29250 0.0
29300 0.7742293620682461
29350 0.0
29400 0.72658719317148
29450 0.8155082443544285
29500 0.0
29550 0.8761623447542664
29600 0.5746348369575028
29650 0.6894711135234837
29700 0.0
29750 0.8761623447542664
29800 0.0
29850 0.0
29900 0.0
29950 0.7083184709791737
30000 0.0
30050 0.0
30100 0.7926272342106669
30150 0.8761623447542664
30200 0.2621384183039984
30250 0.0
30300 0.8761623447542664
30350 0.8761623447542664
30400 0.0
30450 0.0
30500 0.0
30550 0.8398251237073986
30600 0.8761623447542664
30650 0.7367858804528128
30700 0.6511627496585173
30750 0.8324764272968286
30800 0.0
30850 0.0
30900 0.10388754387376435
30950 0.0
31000 0.0
31050 0.7926272342106669
31100 0.8761623447542664
31150 0.4107612670719623
31200 0.0
31250 0.8486461050386662
31300 0.0
31350 0.016696446971799193
31400 0.0
31450 0.8761623447542664
31500 0.0
31550 0.32431933084234743
31600 0.7489007523792139
31650 0.0
31700 0.0
31750 0.6841567175453951
31800 0.8761623447542664
31850 0.36912780455178873
31900 0.7133014427753537
31950 0.0
32000 0.8398251237073986
32050 0.8761623447542664
32100 0.8205365097392574
32150 0.0
32200 0.8761623447542664
32250 0.8761623447542664
32300 0.3814589227669367
32350 0.31957485664863705
32400 0.0
32450 0.8761623447542664
32500 0.0
32550 0.0
32600 0.18853473235285542
32650 0.8761623447542664
32700 0.0
32750 0.2702142715187904
32800 0.0
32850 0.6444968710438522
32900 0.8761623447542664
32950 0.6926032836855678
33000 0.8598823565569769
33050 0.8761623447542664
33100 0.16962786001012392
33150 0.0
33200 0.0
33250 0.5347058190581053
33300 0.0
33350 0.11983694471102413
33400 0.29800213697415306
33450 0.8761623447542664
33500 0.8598823565569769
33550 0.8205365097392574
33600 0.0
33650 0.0
33700 0.13152393737056509
33750 0.1382520773356819
33800 0.0
33850 0.5469963402152853
33900 0.8761623447542664
33950 0.8761623447542664
34000 0.0
34050 0.0
34100 0.3646682223004657
34150 0.0
34200 0.7926272342106669
34250 0.8761623447542664
34300 0.0
34350 0.8761623447542664
34400 0.8761623447542664
34450 0.0
34500 0.47563558066191514
34550 0.0
34600 0.0
34650 0.0
34700 0.8761623447542664
34750 0.8398251237073986
34800 0.0
34850 0.0
34900 0.0
34950 0.8761623447542664
35000 0.5825468857782915
35050 0.8761623447542664
35100 0.0
35150 0.0
35200 0.518228312104594
35250 0.806734565130815
35300 0.38614087523392937
35350 0.8761623447542664
35400 0.0
35450 0.22142646162515378
35500 0.1793800270531648
35550 0.0
35600 0.0
35650 0.4809488370403832
35700 0.8028459578443252
35750 0.11430194079300363
35800 0.7133014427753537
35850 0.16203520814180333
35900 0.0
35950 0.8761623447542664
36000 0.0
36050 0.7678385615330513
36100 0.8761623447542664
36150 0.8761623447542664
36200 0.0
36250 0.5183879238822457
36300 0.8598823565569769
36350 0.8761623447542664
36400 0.6455120487205188
36450 0.0
36500 0.0
36550 0.0
36600 0.8761623447542664
36650 0.0
36700 0.8761623447542664
36750 0.0
36800 0.8761623447542664
36850 0.8761623447542664
36900 0.8109350764465557
36950 0.7840072442354376
37000 0.0
37050 0.0
37100 0.0
37150 0.2568493491747997
37200 0.0
37250 0.0
37300 0.8761623447542664
37350 0.0
37400 0.8761623447542664
37450 0.14169814467223818
37500 0.0
37550 0.22823499357600385
37600 0.0
37650 0.7567944700270335
37700 0.0
37750 0.6438274097819098
37800 0.826135455947546
37850 0.8761623447542664
37900 0.4996248894081517
37950 0.33158957238836384
38000 0.0
38050 0.0
38100 0.8109350764465557
38150 0.8761623447542664
38200 0.0
38250 0.5118129709370729
38300 0.806734565130815
38350 0.8761623447542664
38400 0.0
38450 0.8324764272968286
38500 0.6210783785264479
38550 0.6660819000372433
38600 0.2967923658378596
38650 0.6932466273404269
38700 0.8598823565569769
38750 0.0
38800 0.0
38850 0.23711067835656074
38900 0.0
38950 0.8761623447542664
39000 0.125174799192471
39050 0.7658521910666259
39100 0.0
39150 0.8761623447542664
39200 0.0
39250 0.6617525025121018
39300 0.0
39350 0.0
39400 0.0
39450 0.0
39500 0.0
39550 0.8761623447542664
39600 0.5502806653204328
39650 0.6284254380440581
39700 0.7107645861253593
39750 0.0
39800 0.8761623447542664
39850 0.0
39900 0.8398251237073986
39950 0.8486461050386662
40000 0.8761623447542664
40050 0.13550095435932744
40100 0.6003261294725654
40150 0.0
40200 0.07742873806262032
40250 0.1309432604735849
40300 0.8761623447542664
40350 0.0
40400 0.5123386141460575
40450 0.778912061853988
40500 0.7958253806012778
40550 0.8598823565569769
40600 0.8761623447542664
40650 0.0
40700 0.0
40750 0.7446011806811237
40800 0.8761623447542664
40850 0.06676623806951827
40900 0.0
40950 0.0
41000 0.001244019708125865
41050 0.8761623447542664
41100 0.8761623447542664
41150 0.0
41200 0.6894711135234837
41250 0.8761623447542664
41300 0.5284840156431404
41350 0.0
41400 0.0
41450 0.8155082443544285
41500 0.0
41550 0.0
41600 0.404888196668312
41650 0.8761623447542664
41700 0.0
41750 0.0
41800 0.0
41850 0.0
41900 0.0
41950 0.8761623447542664
42000 0.6504335355316189
42050 0.1446807664103804
42100 0.2858292616996919
42150 0.3336600423327613
42200 0.8761623447542664
42250 0.5032061366992047
42300 0.09151988440779467
42350 0.0
42400 0.3053354230179853
42450 0.8324764272968286
42500 0.48257248418842114
42550 0.0
42600 0.8761623447542664
42650 0.7840072442354376
42700 0.33712805654176436
42750 0.0
42800 0.33097942886974574
42850 0.0
42900 0.0
42950 0.806734565130815
43000 0.0
43050 0.64283327810925
43100 0.48659799481900706
43150 0.8761623447542664
43200 0.15261575305766797
43250 0.0
43300 0.4086346289330034
43350 0.826135455947546
43400 0.0
43450 0.0
43500 0.5607691768086309
43550 0.7177515748639054
43600 0.0
43650 0.7620657235154771
43700 0.789604054931597
43750 0.4504937799058796
43800 0.0
43850 0.8761623447542664
43900 0.8598823565569769
43950 0.0
44000 0.0
44050 0.8761623447542664
44100 0.0
44150 0.8761623447542664
44200 0.8761623447542664
44250 0.0
44300 0.8761623447542664
44350 0.8761623447542664
44400 0.0
44450 0.7639295605016388
44500 0.5655092165465079
44550 0.8324764272968286
44600 0.0
44650 0.8398251237073986
44700 0.7551333513283977
44750 0.11119145001148871
44800 0.6320777430866082
44850 0.8598823565569769
44900 0.0
44950 0.0
45000 0.8761623447542664
45050 0.38102620025243567
45100 0.778912061853988
45150 0.0
45200 0.0
45250 0.8486461050386662
45300 0.8761623447542664
45350 0.7551333513283977
45400 0.0
45450 0.0
45500 0.0
45550 0.0
45600 0.33936559455846116
45650 0.7926272342106669
45700 0.8761623447542664
45750 0.8761623447542664
45800 0.8761623447542664
45850 0.8761623447542664
45900 0.8761623447542664
45950 0.8761623447542664
46000 0.0
46050 0.3140379145278728
46100 0.8598823565569769
46150 0.12290672669765534
46200 0.549283251364052
46250 0.0
46300 0.8324764272968286
46350 0.8486461050386662
46400 0.0
46450 0.0
46500 0.0
46550 0.471332269340868
46600 0.8398251237073986
46650 0.0
46700 0.0
46750 0.0
46800 0.8761623447542664
46850 0.4140678408540796
46900 0.0
46950 0.0990701675927052
47000 0.5165655732459287
47050 0.7867366191825442
47100 0.8761623447542664
47150 0.8486461050386662
47200 0.0
47250 0.7639295605016388
47300 0.8761623447542664
47350 0.0
47400 0.8598823565569769
47450 0.8598823565569769
47500 0.7133014427753537
47550 0.8761623447542664
47600 0.0
47650 0.8761623447542664
47700 0.0
47750 0.8761623447542664
47800 0.8486461050386662
47850 0.5669673461926565
47900 0.0
47950 0.5848043000891541
48000 0.6750684678797751
48050 0.0
48100 0.5746348369575028
48150 0.8761623447542664
48200 0.0
48250 0.0
48300 0.0
48350 0.0
48400 0.8486461050386662
48450 0.8761623447542664
48500 0.0
48550 0.8761623447542664
48600 0.0
48650 0.8761623447542664
48700 0.8398251237073986
48750 0.0
48800 0.0
48850 0.8761623447542664
48900 0.0
48950 0.7551333513283977
49000 0.8761623447542664
49050 0.0
49100 0.682468087695474
49150 0.0
49200 0.8761623447542664
49250 0.8761623447542664
49300 0.8761623447542664
49350 0.6507976380421815
49400 0.34488667991250366
49450 0.7867366191825442
49500 0.3074097508785556
49550 0.8761623447542664
49600 0.7418893208100552
49650 0.8761623447542664
49700 0.8761623447542664
49750 0.8761623447542664
49800 0.7051855150661381
49850 0.6152677764453691
49900 0.0
49950 0.0
