0 1.7945842136728265
10 1.7945842136728265
20 1.1077830829469986
30 1.7945842136728265
40 1.7177017111654094
50 1.688301430740037
60 1.7945842136728265
70 1.7945842136728265
80 1.1173643686073302
90 1.7365363452666953
100 1.7365363452666953
110 1.688301430740037
120 1.4586992074335243
130 1.7945842136728265
140 1.7177017111654094
150 1.5526600837076778
160 1.5568951093809416
170 1.2602104521837594
180 1.7603825830137287
190 1.6762215446380355
200 1.7603825830137287
210 1.4187786596431915
220 1.5704666217025558
230 1.6378721185137197
240 1.6762215446380355
250 0.8947654648508849
260 1.7945842136728265
270 1.7945842136728265
280 1.7945842136728265
290 0.9956996970505807
300 1.303715486346862
310 1.3382503263388177
320 0.6576429746065097
330 1.7177017111654094
340 0.04695733104334295
350 1.7365363452666953
360 1.7945842136728265
370 1.7603825830137287
380 1.7945842136728265
390 1.7945842136728265
400 1.5753173578964819
410 1.7945842136728265
420 0.9541962393601116
430 1.7603825830137287
440 1.7945842136728265
450 1.1840882967783266
460 1.0007309928340349
470 1.6554409906160008
480 1.7945842136728265
490 1.5704666217025558
500 1.7945842136728265
510 1.7019429838276445
520 1.7603825830137287
530 1.1509101436735016
540 1.6156043255000954
550 1.0599602849524632
560 1.3467114723618083
570 1.7945842136728265
580 1.5162339360152655
590 1.7365363452666953
600 1.7945842136728265
610 1.5803542840253075
620 1.629983393757555
630 1.5568951093809416
640 1.688301430740037
650 1.5803542840253075
660 1.7603825830137287
670 1.4899291136722204
680 1.7945842136728265
690 1.7945842136728265
700 1.7365363452666953
710 1.6027313439949988
720 0.8399230994194969
730 1.6027313439949988
740 0.0
750 1.7945842136728265
760 0.6243978200201653
770 1.7603825830137287
780 1.6090015157036535
790 1.7019429838276445
800 1.444221530961005
810 1.6463250823721007
820 1.7945842136728265
830 1.0689486055783657
840 1.7603825830137287
850 1.7945842136728265
860 1.7945842136728265
870 1.332166188389738
880 1.7945842136728265
890 1.3372213296013868
900 0.24947395307802617
910 1.7945842136728265
920 1.5910548326310534
930 1.629983393757555
940 0.9365084813158964
950 1.1599105484727794
960 1.3301846681115683
970 1.688301430740037
980 1.7945842136728265
990 1.3602447125435648
1000 1.6156043255000954
1010 1.7603825830137287
1020 1.7019429838276445
1030 1.7603825830137287
1040 1.7365363452666953
1050 1.1382814528882144
1060 1.7945842136728265
1070 1.7945842136728265
1080 1.17398331628838
1090 1.4523264140219725
1100 1.7945842136728265
1110 1.7945842136728265
1120 1.7177017111654094
1130 1.2995259890300737
1140 1.6653487101432274
1150 1.4676344421964025
1160 1.6554409906160008
1170 1.7945842136728265
1180 1.7945842136728265
1190 1.7945842136728265
1200 1.086944490749207
1210 1.7945842136728265
1220 1.7945842136728265
1230 1.6378721185137197
1240 1.5485533866503491
1250 1.7603825830137287
1260 0.0
1270 0.20109541943733675
1280 1.7603825830137287
1290 0.9340992772081935
1300 1.4676344421964025
1310 1.5261985059713747
1320 1.3062771545098242
1330 1.7365363452666953
1340 1.7603825830137287
1350 1.7945842136728265
1360 1.6225814611084937
1370 1.4899291136722204
1380 1.4256375316524659
1390 1.7945842136728265
1400 1.7945842136728265
1410 1.7177017111654094
1420 1.7945842136728265
1430 1.7603825830137287
1440 0.8973632035208919
1450 1.7945842136728265
1460 1.6225814611084937
1470 1.3567589552005364
1480 1.7945842136728265
1490 1.339285494159582
1500 0.0
1510 1.6653487101432274
1520 1.4953759490501901
1530 0.0
1540 1.7019429838276445
1550 1.7019429838276445
1560 1.7945842136728265
1570 1.2844400050845117
1580 1.4523264140219725
1590 1.7945842136728265
1600 1.2762465562202068
1610 1.7945842136728265
1620 1.4365204776838973
1630 1.7945842136728265
1640 1.2588793736123078
1650 1.6156043255000954
1660 1.3477990671918267
1670 0.9983958716126637
1680 1.359074791834792
1690 1.5612675712866155
1700 1.7945842136728265
1710 1.7945842136728265
1720 1.7945842136728265
1730 0.9705995250906527
1740 1.3711569378769461
1750 1.389694158977833
1760 1.7177017111654094
1770 1.7945842136728265
1780 1.7945842136728265
1790 0.0
1800 1.5704666217025558
1810 1.6463250823721007
1820 1.7945842136728265
1830 1.7603825830137287
1840 1.7603825830137287
1850 1.1062267454796162
1860 1.5910548326310534
1870 1.7945842136728265
1880 1.261551106063028
1890 1.7945842136728265
1900 1.4256375316524659
1910 1.503948285075237
1920 1.4821197431527857
1930 1.501034165343519
1940 1.6554409906160008
1950 1.7945842136728265
1960 1.7177017111654094
1970 1.3262880243830244
1980 1.7603825830137287
1990 1.629983393757555
2000 1.6762215446380355
2010 1.7945842136728265
2020 1.688301430740037
2030 1.7365363452666953
2040 1.4723086775531993
2050 1.7945842136728265
2060 1.7945842136728265
2070 0.0
2080 1.7945842136728265
2090 0.9172664882955309
2100 1.6090015157036535
2110 1.4221709613881435
2120 1.7019429838276445
2130 0.0
2140 1.7945842136728265
2150 1.7945842136728265
2160 1.7945842136728265
2170 1.7945842136728265
2180 1.5568951093809416
2190 1.7603825830137287
2200 1.7603825830137287
2210 1.6156043255000954
2220 1.7945842136728265
2230 1.7945842136728265
2240 1.7945842136728265
2250 1.5099594485431453
2260 1.7945842136728265
2270 1.7365363452666953
2280 0.6963129149605112
2290 1.3983265746621354
2300 1.7945842136728265
2310 1.6156043255000954
2320 1.4981775233450396
2330 1.4872797456505225
2340 1.7945842136728265
2350 1.7603825830137287
2360 1.7603825830137287
2370 1.6653487101432274
2380 1.4462081252137473
2390 1.7603825830137287
2400 1.4953759490501901
2410 1.7603825830137287
2420 1.7603825830137287
2430 1.0166969871050044
2440 1.7945842136728265
2450 1.2602104521837594
2460 1.4346533316899515
2470 1.7945842136728265
2480 1.205470226096216
2490 1.5526600837076778
2500 1.2510859360483046
2510 1.5099594485431453
2520 1.7603825830137287
2530 1.5162339360152655
2540 1.7945842136728265
2550 1.503948285075237
2560 1.175704773903029
2570 1.5526600837076778
2580 1.7603825830137287
2590 1.6762215446380355
2600 1.7945842136728265
2610 1.5332569973399421
2620 1.7945842136728265
2630 1.410601292063478
2640 1.7365363452666953
2650 1.2399692818698937
2660 1.7603825830137287
2670 1.4899291136722204
2680 1.6090015157036535
2690 1.5485533866503491
2700 1.5910548326310534
2710 0.9400114191713864
2720 0.25993190722558174
2730 1.2562453540693599
2740 1.2448295206727966
2750 1.6762215446380355
2760 1.0660850035592129
2770 1.4747015948409499
2780 1.6463250823721007
2790 1.7945842136728265
2800 1.7603825830137287
2810 0.3612882630634565
2820 1.7177017111654094
2830 1.7945842136728265
2840 1.7945842136728265
2850 1.629983393757555
2860 1.3361984245916403
2870 1.7945842136728265
2880 1.7365363452666953
2890 1.7945842136728265
2900 1.7945842136728265
2910 1.6090015157036535
2920 0.8924485291805662
2930 1.0924075752996876
2940 1.7945842136728265
2950 1.7945842136728265
2960 1.7945842136728265
2970 0.9794016118499204
2980 1.7945842136728265
2990 1.5753173578964819
3000 1.6554409906160008
3010 1.5227982344366398
3020 1.7945842136728265
3030 0.5022773600024355
3040 1.6463250823721007
3050 1.7945842136728265
3060 0.0
3070 1.7365363452666953
3080 1.7945842136728265
3090 1.7945842136728265
3100 1.1966392253927822
3110 1.4981775233450396
3120 1.7945842136728265
3130 1.2485584062970934
3140 1.7945842136728265
3150 1.7365363452666953
3160 0.6212309176963453
3170 1.7945842136728265
3180 1.7945842136728265
3190 1.6762215446380355
3200 1.7945842136728265
3210 1.7945842136728265
3220 1.7945842136728265
3230 1.7945842136728265
3240 0.8546483869808115
3250 1.2663210219885368
3260 1.6554409906160008
3270 1.7945842136728265
3280 1.4221709613881435
3290 1.7945842136728265
3300 1.6156043255000954
3310 1.7945842136728265
3320 1.7603825830137287
3330 0.5176460111579849
3340 1.7945842136728265
3350 1.7603825830137287
3360 1.6225814611084937
3370 1.5332569973399421
3380 1.7177017111654094
3390 1.7945842136728265
3400 1.7945842136728265
3410 1.0965216615192086
3420 1.5485533866503491
3430 1.5069224594926525
3440 1.5227982344366398
3450 1.6762215446380355
3460 1.1631356708178284
3470 1.7945842136728265
3480 1.7945842136728265
3490 0.5495632742788561
3500 1.7945842136728265
3510 1.7945842136728265
3520 0.0
3530 1.5369250496606188
3540 1.7945842136728265
3550 0.9353010851937387
3560 1.7945842136728265
3570 1.7945842136728265
3580 0.8317443931557345
3590 1.7945842136728265
3600 1.7945842136728265
3610 1.6762215446380355
3620 1.7945842136728265
3630 1.7945842136728265
3640 1.5704666217025558
3650 1.7945842136728265
3660 1.7945842136728265
3670 1.7945842136728265
3680 1.7945842136728265
3690 1.7365363452666953
3700 1.629983393757555
3710 1.1680706453769947
3720 1.7365363452666953
3730 0.6139386420708939
3740 1.7945842136728265
3750 1.7019429838276445
3760 1.688301430740037
3770 1.688301430740037
3780 0.3827985126304814
3790 1.7945842136728265
3800 1.5910548326310534
3810 1.1796324840677828
3820 1.7365363452666953
3830 1.7945842136728265
3840 1.6463250823721007
3850 0.8596161206089497
3860 1.7019429838276445
3870 1.7945842136728265
3880 1.6156043255000954
3890 1.7945842136728265
3900 1.6554409906160008
3910 1.7945842136728265
3920 1.7945842136728265
3930 1.7019429838276445
3940 1.7945842136728265
3950 1.0557197738496655
3960 1.7945842136728265
3970 1.0527732367672453
3980 1.7945842136728265
3990 1.5967589438245218
4000 0.9274404907170519
4010 1.7019429838276445
4020 1.7945842136728265
4030 1.190032869110953
4040 1.5612675712866155
4050 1.7177017111654094
4060 1.5099594485431453
4070 1.7945842136728265
4080 1.7945842136728265
4090 1.7177017111654094
4100 1.5855938384051291
4110 1.444221530961005
4120 1.4544212760981223
4130 1.7945842136728265
4140 1.0415835932965565
4150 1.7945842136728265
4160 1.7945842136728265
4170 1.7945842136728265
4180 1.7365363452666953
4190 1.7945842136728265
4200 1.7945842136728265
4210 1.7603825830137287
4220 1.7603825830137287
4230 1.7945842136728265
4240 1.7945842136728265
4250 1.7945842136728265
4260 1.7945842136728265
4270 1.6762215446380355
4280 1.4953759490501901
4290 1.7945842136728265
4300 0.8089644142337379
4310 1.7945842136728265
4320 1.7945842136728265
4330 1.1647674619092927
4340 1.5485533866503491
4350 1.169742513260784
4360 0.1783551215692068
4370 1.3331654894975116
4380 0.8939909604381442
4390 1.7019429838276445
4400 0.9380256761194788
4410 1.4291819903499081
4420 1.4171092979917945
4430 1.7945842136728265
4440 1.6378721185137197
4450 1.7945842136728265
4460 1.6027313439949988
4470 1.7603825830137287
4480 1.6554409906160008
4490 1.7019429838276445
4500 0.2393815658352821
4510 1.7945842136728265
4520 1.7365363452666953
4530 1.7945842136728265
4540 1.5099594485431453
4550 1.6653487101432274
4560 1.7019429838276445
4570 0.9705995250906527
4580 1.7177017111654094
4590 1.5261985059713747
4600 1.7945842136728265
4610 1.5261985059713747
4620 0.6294508534029173
4630 0.9353010851937387
4640 1.5296831913596665
4650 1.7945842136728265
4660 1.5526600837076778
4670 1.7945842136728265
4680 1.7945842136728265
4690 0.7961182618984564
4700 1.5332569973399421
4710 1.7945842136728265
4720 1.7945842136728265
4730 1.7945842136728265
4740 0.0
4750 1.5130622132330502
4760 1.7365363452666953
4770 1.7945842136728265
4780 1.7945842136728265
4790 1.7945842136728265
4800 1.7945842136728265
4810 1.7945842136728265
4820 1.6156043255000954
4830 1.4926271850363941
4840 1.5568951093809416
4850 1.7945842136728265
4860 0.15900639242146222
4870 1.7945842136728265
4880 1.3088761940883478
4890 1.1854445407380725
4900 1.1980839236519731
4910 1.5704666217025558
4920 1.7945842136728265
4930 1.7945842136728265
4940 1.7945842136728265
4950 1.1375618112551196
4960 1.7945842136728265
4970 1.7603825830137287
4980 1.7603825830137287
4990 0.7958429219296506
5000 1.7945842136728265
5010 1.7945842136728265
5020 1.308005621917584
5030 1.7945842136728265
5040 1.4365204776838973
5050 1.5612675712866155
5060 1.7177017111654094
5070 1.7019429838276445
5080 1.7945842136728265
5090 1.629983393757555
5100 1.6090015157036535
5110 1.6653487101432274
5120 1.7945842136728265
5130 1.5526600837076778
5140 1.320601259383822
5150 1.7945842136728265
5160 1.7945842136728265
5170 1.7945842136728265
5180 1.7177017111654094
5190 1.7603825830137287
5200 1.205470226096216
5210 1.1770055443491712
5220 1.5369250496606188
5230 1.7945842136728265
5240 1.7945842136728265
5250 1.7177017111654094
5260 1.6378721185137197
5270 1.7945842136728265
5280 1.7945842136728265
5290 1.7945842136728265
5300 1.7603825830137287
5310 1.7945842136728265
5320 1.7945842136728265
5330 1.7603825830137287
5340 1.7945842136728265
5350 1.7365363452666953
5360 1.5445668135700399
5370 1.7945842136728265
5380 1.7365363452666953
5390 1.7945842136728265
5400 1.7603825830137287
5410 1.4544212760981223
5420 1.4953759490501901
5430 1.7945842136728265
5440 1.249187115236591
5450 0.5155190612332022
5460 1.7019429838276445
5470 1.7945842136728265
5480 1.688301430740037
5490 1.7603825830137287
5500 1.7945842136728265
5510 1.7945842136728265
5520 1.7945842136728265
5530 1.5657876206255452
5540 1.7603825830137287
5550 1.7945842136728265
5560 1.367440128714053
5570 1.7945842136728265
5580 1.5967589438245218
5590 1.7945842136728265
5600 0.2322499615407373
5610 1.5704666217025558
5620 1.1099809326905687
5630 1.7603825830137287
5640 1.3968557063632854
5650 1.7945842136728265
5660 1.7945842136728265
5670 1.4699533804150562
5680 1.6027313439949988
5690 1.7945842136728265
5700 1.5803542840253075
5710 1.6653487101432274
5720 1.0863772186778446
5730 1.1680706453769947
5740 1.4747015948409499
5750 1.7945842136728265
5760 1.7365363452666953
5770 1.7365363452666953
5780 1.7603825830137287
5790 1.7603825830137287
5800 1.5753173578964819
5810 1.7945842136728265
5820 1.7945842136728265
5830 1.7945842136728265
5840 1.6653487101432274
5850 1.7945842136728265
5860 1.7945842136728265
5870 1.5657876206255452
5880 1.7945842136728265
5890 1.7177017111654094
5900 1.7945842136728265
5910 1.5526600837076778
5920 1.7945842136728265
5930 1.7945842136728265
5940 1.7365363452666953
5950 1.230605954208413
5960 1.5803542840253075
5970 1.7945842136728265
5980 1.7945842136728265
5990 1.7945842136728265
6000 1.4608841039641813
6010 1.7945842136728265
6020 1.6554409906160008
6030 1.2922227837179063
6040 1.7945842136728265
6050 1.7945842136728265
6060 1.7945842136728265
6070 1.7945842136728265
6080 1.7603825830137287
6090 1.7603825830137287
6100 1.7945842136728265
6110 1.6554409906160008
6120 1.7945842136728265
6130 1.7945842136728265
6140 1.7945842136728265
6150 1.7945842136728265
6160 1.7177017111654094
6170 1.7945842136728265
6180 1.7945842136728265
6190 1.7603825830137287
6200 1.7365363452666953
6210 1.7365363452666953
6220 1.7945842136728265
6230 1.7019429838276445
6240 1.7945842136728265
6250 1.7603825830137287
6260 1.7177017111654094
6270 1.7945842136728265
6280 1.7945842136728265
6290 1.5855938384051291
6300 1.7945842136728265
6310 1.7365363452666953
6320 1.7945842136728265
6330 1.7945842136728265
6340 1.7945842136728265
6350 1.7945842136728265
6360 1.7945842136728265
6370 1.5485533866503491
6380 1.7177017111654094
6390 1.503948285075237
6400 1.4482206348933429
6410 1.6027313439949988
6420 1.503948285075237
6430 1.7945842136728265
6440 1.7945842136728265
6450 1.7945842136728265
6460 1.5657876206255452
6470 1.7945842136728265
6480 1.7945842136728265
6490 1.688301430740037
6500 1.7945842136728265
6510 1.7945842136728265
6520 1.688301430740037
6530 1.6762215446380355
6540 1.7019429838276445
6550 1.7945842136728265
6560 0.2863424960434594
6570 1.018796276213738
6580 1.7177017111654094
6590 1.7945842136728265
6600 1.5162339360152655
6610 1.2064763295121077
6620 1.7945842136728265
6630 1.7945842136728265
6640 1.7945842136728265
6650 1.3814939417173355
6660 1.7945842136728265
6670 1.7365363452666953
6680 1.5967589438245218
6690 1.7019429838276445
6700 1.629983393757555
6710 1.7945842136728265
6720 1.7365363452666953
6730 1.5261985059713747
6740 1.5445668135700399
6750 1.7945842136728265
6760 1.7945842136728265
6770 1.7945842136728265
6780 1.4926271850363941
6790 1.7945842136728265
6800 1.7945842136728265
6810 1.7945842136728265
6820 1.7945842136728265
6830 1.6653487101432274
6840 1.7945842136728265
6850 1.7019429838276445
6860 1.7603825830137287
6870 1.1180185600895869
6880 1.688301430740037
6890 1.7603825830137287
6900 1.7945842136728265
6910 1.2029772584464464
6920 1.7945842136728265
6930 1.6378721185137197
6940 1.6762215446380355
6950 1.7945842136728265
6960 1.7945842136728265
6970 1.7945842136728265
6980 0.9744341012760569
6990 1.335181533513254
7000 1.7603825830137287
7010 1.7603825830137287
7020 1.7945842136728265
7030 1.3467114723618083
7040 1.7365363452666953
7050 1.7945842136728265
7060 1.7945842136728265
7070 1.7945842136728265
7080 1.7603825830137287
7090 1.7177017111654094
7100 1.5704666217025558
7110 1.7945842136728265
7120 1.7945842136728265
7130 1.6378721185137197
7140 1.7945842136728265
7150 1.7945842136728265
7160 1.7945842136728265
7170 1.7945842136728265
7180 1.7603825830137287
7190 1.7945842136728265
7200 1.5369250496606188
7210 1.3282254597043952
7220 1.5445668135700399
7230 1.5406929453554854
7240 1.5803542840253075
7250 1.7945842136728265
7260 1.6225814611084937
7270 1.7945842136728265
7280 1.7945842136728265
7290 1.7945842136728265
7300 1.4953759490501901
7310 1.7945842136728265
7320 1.39110157186539
7330 1.7945842136728265
7340 1.7945842136728265
7350 1.040193400455934
7360 1.7365363452666953
7370 1.335181533513254
7380 1.4291819903499081
7390 1.4676344421964025
7400 1.6554409906160008
7410 1.6378721185137197
7420 1.5296831913596665
7430 1.183189199555302
7440 1.7945842136728265
7450 1.7945842136728265
7460 1.6554409906160008
7470 1.7945842136728265
7480 1.7945842136728265
7490 1.6554409906160008
7500 1.7365363452666953
7510 1.7603825830137287
7520 1.7365363452666953
7530 1.7603825830137287
7540 1.7945842136728265
7550 1.7945842136728265
7560 1.7365363452666953
7570 1.7945842136728265
7580 1.047229485947921
7590 1.7945842136728265
7600 1.7603825830137287
7610 1.7945842136728265
7620 1.7945842136728265
7630 1.7365363452666953
7640 1.5227982344366398
7650 1.7945842136728265
7660 1.7945842136728265
7670 1.7945842136728265
7680 1.2663210219885368
7690 1.6554409906160008
7700 1.503948285075237
7710 1.7945842136728265
7720 1.4699533804150562
7730 1.7177017111654094
7740 1.7945842136728265
7750 1.7945842136728265
7760 1.7365363452666953
7770 1.7365363452666953
7780 1.7945842136728265
7790 1.7019429838276445
7800 1.5910548326310534
7810 1.7945842136728265
7820 1.7945842136728265
7830 1.7945842136728265
7840 1.7945842136728265
7850 1.291429284848148
7860 1.7945842136728265
7870 1.7603825830137287
7880 1.7945842136728265
7890 1.7603825830137287
7900 1.4872797456505225
7910 1.7945842136728265
7920 1.6090015157036535
7930 1.7945842136728265
7940 1.7945842136728265
7950 1.7945842136728265
7960 1.7945842136728265
7970 1.7945842136728265
7980 1.7945842136728265
7990 1.2044692460997146
8000 1.6225814611084937
8010 1.7603825830137287
8020 1.7365363452666953
8030 1.7945842136728265
8040 1.7945842136728265
8050 1.7945842136728265
8060 1.7945842136728265
8070 1.7945842136728265
8080 1.7945842136728265
8090 1.7365363452666953
8100 1.7945842136728265
8110 1.1415507426618323
8120 1.7945842136728265
8130 1.7945842136728265
8140 1.7945842136728265
8150 1.6225814611084937
8160 0.9255479899720936
8170 1.7945842136728265
8180 1.7945842136728265
8190 1.7945842136728265
8200 1.7945842136728265
8210 1.5704666217025558
8220 1.7945842136728265
8230 1.6090015157036535
8240 1.7945842136728265
8250 1.6762215446380355
8260 1.7945842136728265
8270 1.6762215446380355
8280 1.7177017111654094
8290 1.1761374351870937
8300 1.7945842136728265
8310 1.7945842136728265
8320 1.6653487101432274
8330 1.7945842136728265
8340 1.7945842136728265
8350 1.7945842136728265
8360 1.7603825830137287
8370 1.7945842136728265
8380 1.7945842136728265
8390 1.7365363452666953
8400 1.7945842136728265
8410 1.2755195686373086
8420 1.7945842136728265
8430 1.3467114723618083
8440 1.7945842136728265
8450 1.7945842136728265
8460 1.7945842136728265
8470 1.7945842136728265
8480 1.7945842136728265
8490 1.7945842136728265
8500 1.7945842136728265
8510 1.5612675712866155
8520 0.1861333962615446
8530 1.6463250823721007
8540 1.7945842136728265
8550 1.7019429838276445
8560 1.7945842136728265
8570 1.7945842136728265
8580 1.7945842136728265
8590 1.6653487101432274
8600 1.7945842136728265
8610 1.688301430740037
8620 1.7603825830137287
8630 1.7945842136728265
8640 1.6090015157036535
8650 1.7365363452666953
8660 1.7603825830137287
8670 1.6156043255000954
8680 1.7365363452666953
8690 1.6762215446380355
8700 1.5657876206255452
8710 1.5704666217025558
8720 1.7945842136728265
8730 1.7945842136728265
8740 1.7603825830137287
8750 1.688301430740037
8760 1.7945842136728265
8770 1.7365363452666953
8780 1.7945842136728265
8790 1.7945842136728265
8800 1.7945842136728265
8810 1.7945842136728265
8820 1.7945842136728265
8830 1.7945842136728265
8840 1.7945842136728265
8850 1.7945842136728265
8860 1.7945842136728265
8870 1.7945842136728265
8880 1.7945842136728265
8890 1.7945842136728265
8900 1.7603825830137287
8910 1.7945842136728265
8920 1.7945842136728265
8930 1.7945842136728265
8940 1.7945842136728265
8950 1.7945842136728265
8960 1.7945842136728265
8970 1.7945842136728265
8980 1.6653487101432274
8990 1.7945842136728265
9000 1.7945842136728265
9010 1.6090015157036535
9020 1.7945842136728265
9030 1.7177017111654094
9040 1.7945842136728265
9050 1.7603825830137287
9060 1.7945842136728265
9070 1.7945842136728265
9080 1.7945842136728265
9090 1.688301430740037
9100 1.7945842136728265
9110 1.629983393757555
9120 1.7945842136728265
9130 1.7945842136728265
9140 1.7945842136728265
9150 1.7945842136728265
9160 1.7945842136728265
9170 1.410601292063478
9180 1.7603825830137287
9190 1.7945842136728265
9200 1.7945842136728265
9210 1.7365363452666953
9220 1.7945842136728265
9230 1.7945842136728265
9240 1.7945842136728265
9250 1.7019429838276445
9260 1.7945842136728265
9270 1.7945842136728265
9280 0.21835148670355367
9290 1.7177017111654094
9300 1.7945842136728265
9310 1.7945842136728265
9320 1.5485533866503491
9330 1.4821197431527857
9340 1.7945842136728265
9350 1.3686699149778851
9360 1.7945842136728265
9370 1.7945842136728265
9380 1.7945842136728265
9390 1.7945842136728265
9400 1.5069224594926525
9410 1.7945842136728265
9420 1.7945842136728265
9430 1.7945842136728265
9440 1.7945842136728265
9450 1.5657876206255452
9460 1.7945842136728265
9470 1.7603825830137287
9480 1.7945842136728265
9490 1.7945842136728265
9500 1.688301430740037
9510 1.7945842136728265
9520 1.6156043255000954
9530 0.5505903951732554
9540 1.3331654894975116
9550 1.7365363452666953
9560 1.4796056838539078
9570 1.7945842136728265
9580 1.4981775233450396
9590 1.7945842136728265
9600 1.7603825830137287
9610 1.3124018076198758
9620 0.7668706368096161
9630 1.5130622132330502
9640 1.6554409906160008
9650 1.7945842136728265
9660 1.7945842136728265
9670 1.4187786596431915
9680 1.2906392537939502
9690 1.7603825830137287
9700 0.8555451843954719
9710 1.7945842136728265
9720 1.7945842136728265
9730 1.7945842136728265
9740 1.2244242047200458
9750 1.6554409906160008
9760 1.7945842136728265
9770 0.3544536849044291
9780 1.6463250823721007
9790 1.7603825830137287
9800 1.7365363452666953
9810 1.7945842136728265
9820 1.5704666217025558
9830 1.7365363452666953
9840 1.4586992074335243
9850 0.19765801794359258
9860 1.7019429838276445
9870 1.6653487101432274
9880 1.5332569973399421
9890 1.3071392902821324
9900 1.7603825830137287
9910 1.7945842136728265
9920 1.7365363452666953
9930 1.7945842136728265
9940 1.5855938384051291
9950 1.7945842136728265
9960 1.335181533513254
9970 1.5704666217025558
9980 1.28751315828743
9990 1.7945842136728265
