137.78617215156555
515.7806107997894
289.8021080493927
305.31101179122925
286.257963180542
4.091562271118164
553.7820098400116
143.6410026550293
385.6325476169586
153.42078256607056
135.4338412284851
141.2502932548523
505.8532946109772
4.601478576660156e-05
289.78059673309326
4.5653462409973145
465.4994170665741
604.6408476829529
237.53824925422668
145.22064924240112
156.03108501434326
2.2649765014648438e-05
126.57440638542175
282.25750494003296
3.824836492538452
146.05241346359253
285.7406029701233
143.54473423957825
238.72605419158936
4.509480714797974
284.6461691856384
127.91538548469543
5.1021575927734375e-05
383.082715511322
4.482269287109375e-05
375.4416546821594
143.00642681121826
138.2669861316681
156.07351279258728
124.22426676750183
140.86671614646912
595.2258915901184
429.5683870315552
150.5287549495697
415.09505105018616
410.75847578048706
456.9162287712097
6.532669067382812e-05
2.574920654296875e-05
4.180237531661987
4.982948303222656e-05
240.30076837539673
145.29947972297668
414.78960156440735
143.37081217765808
0.00010800361633300781
247.25952553749084
380.4188826084137
144.7986159324646
123.41257071495056
433.8333101272583
258.28814148902893
153.85785174369812
2.4080276489257812e-05
4.363059997558594e-05
560.5687546730042
130.56573867797852
247.1280643939972
157.476868391037
3.0994415283203125e-05
389.8197898864746
3.266334533691406e-05
2.288818359375e-05
3.6736347675323486
3.409385681152344e-05
117.26994395256042
142.08490347862244
140.61945009231567
289.0381398200989
3.457069396972656e-05
4.84811544418335
4.229530096054077
4.3392181396484375e-05
139.53619861602783
4.029688835144043
2.5033950805664062e-05
400.5148799419403
3.2585885524749756
4.860172748565674
4.095041751861572
0.00018453598022460938
3.0129384994506836
3.5474750995635986
562.9368925094604
399.2620861530304
2.6464462280273438e-05
305.09536385536194
251.93529963493347
2.765655517578125e-05
419.35599660873413
3.827714443206787
4.338092565536499
559.0804927349091
3.24249267578125e-05
5.5789947509765625e-05
2.6941299438476562e-05
361.255211353302
153.95448231697083
423.18584871292114
288.2040820121765
151.83643627166748
3.629488706588745
2.956390380859375e-05
3.910064697265625e-05
155.5581934452057
3.218650817871094e-05
139.09840512275696
710.3586513996124
654.1275277137756
562.6255233287811
295.94565057754517
450.3336613178253
2.956390380859375e-05
2.7894973754882812e-05
2.0742416381835938e-05
597.3360102176666
2.4318695068359375e-05
2.2411346435546875e-05
2.47955322265625e-05
563.7971305847168
4.935264587402344e-05
123.07816553115845
142.9314727783203
156.69810152053833
128.31545329093933
2.0265579223632812e-05
563.294504404068
265.84656500816345
0.0001647472381591797
272.8916349411011
279.0585696697235
252.67415261268616
5.6743621826171875e-05
271.915322303772
402.1744248867035
0.0001270771026611328
371.92168498039246
156.47232127189636
303.26196575164795
585.1098213195801
151.5310833454132
149.662424325943
584.2307250499725
2.7179718017578125e-05
124.3994083404541
281.82874965667725
3.3047707080841064
286.2224850654602
2.574920654296875e-05
2.002716064453125e-05
2.002716064453125e-05
1.5020370483398438e-05
3.614804983139038
282.7708055973053
3.0994415283203125e-05
4.8527984619140625
141.77460646629333
142.51979088783264
4.549606561660767
143.82310581207275
2.9802322387695312e-05
139.75885200500488
2.5272369384765625e-05
2.4557113647460938e-05
2.7179718017578125e-05
395.4163520336151
4.1424455642700195
150.32831048965454
148.14240956306458
5.125999450683594e-05
2.4318695068359375e-05
138.57376623153687
139.64015126228333
2.6702880859375e-05
5.650520324707031e-05
2.5272369384765625e-05
121.97960376739502
294.14726066589355
254.92930936813354
430.4014196395874
3.848033905029297
137.9561824798584
487.93127846717834
152.28538465499878
396.40035128593445
4.410743713378906e-05
2.7894973754882812e-05
655.6197941303253
3.7045693397521973
4.601478576660156e-05
144.45272278785706
3.0040740966796875e-05
4.521753311157227
3.218650817871094e-05
143.29590964317322
245.5035948753357
132.0307776927948
2.1457672119140625e-05
272.95282435417175
416.55333709716797
276.54100728034973
143.57028222084045
4.1484832763671875e-05
293.0266191959381
247.34307098388672
495.9244179725647
2.7179718017578125e-05
3.5859107971191406
282.25517773628235
158.6267352104187
236.1729543209076
4.673004150390625e-05
126.28434252738953
154.17391157150269
280.24164485931396
145.18415594100952
296.2720923423767
145.14957189559937
2.5272369384765625e-05
451.2310631275177
2.4080276489257812e-05
149.3449342250824
2.4557113647460938e-05
147.15789556503296
492.12149357795715
2.6702880859375e-05
286.8540418148041
451.3715989589691
396.31414914131165
153.282320022583
126.35523891448975
552.7432961463928
146.9768147468567
584.4096009731293
426.3312668800354
4.325334310531616
139.02527904510498
358.7142038345337
247.70964860916138
293.0101435184479
148.38077449798584
145.96669840812683
155.3108513355255
361.4606785774231
0.00010800361633300781
154.014310836792
299.829226732254
421.6619918346405
292.73684763908386
4.4345855712890625e-05
129.32869601249695
251.1906406879425
293.08548069000244
2.09808349609375e-05
244.28300976753235
5.340576171875e-05
5.5789947509765625e-05
144.2723205089569
4.019024133682251
2.193450927734375e-05
288.7594883441925
3.6057991981506348
144.80395007133484
253.99677419662476
413.0534563064575
616.1401200294495
138.9980411529541
2.5272369384765625e-05
123.81714081764221
4.425541877746582
3.8657233715057373
5.1975250244140625e-05
4.237990856170654
255.3238251209259
122.92756414413452
3.7161705493927
2.0742416381835938e-05
276.2122483253479
124.06092643737793
145.6912806034088
2.3126602172851562e-05
554.1971671581268
2.4080276489257812e-05
136.4472930431366
6.222724914550781e-05
145.941330909729
554.1339461803436
4.7206878662109375e-05
4.224413156509399
289.7422215938568
4.713929176330566
125.1500494480133
135.86520385742188
283.201637506485
3.659958839416504
139.10572791099548
122.21564507484436
128.4609718322754
134.23181319236755
396.35112047195435
130.98969316482544
2.4080276489257812e-05
3.361701965332031e-05
145.0905933380127
251.54471135139465
291.4019544124603
2.6226043701171875e-05
458.8075604438782
142.15688061714172
5.269050598144531e-05
167.53158974647522
249.55697917938232
146.08930468559265
3.075599670410156e-05
148.00932693481445
2.193450927734375e-05
569.9492063522339
142.13118815422058
6.198883056640625e-05
130.1710081100464
148.76686024665833
280.62452149391174
4.982948303222656e-05
278.3343427181244
288.8618414402008
133.06121182441711
6.270408630371094e-05
130.72541403770447
797.8304016590118
2.4080276489257812e-05
4.124641418457031e-05
302.8363425731659
5.364418029785156e-05
4.978036880493164
5.054473876953125e-05
5.888938903808594e-05
121.20224475860596
286.72048783302307
245.06585097312927
7.009506225585938e-05
413.2799000740051
150.18628025054932
3.9509687423706055
369.7229871749878
142.86939239501953
5.698204040527344e-05
2.3365020751953125e-05
2.0742416381835938e-05
137.09197235107422
513.4243566989899
3.457069396972656e-05
283.61438059806824
143.8265619277954
121.59301567077637
2.3365020751953125e-05
4.628971815109253
1.9788742065429688e-05
161.35712480545044
2.4318695068359375e-05
688.7762916088104
2.3365020751953125e-05
286.205463886261
375.6947946548462
544.1123156547546
380.43783688545227
141.825049161911
246.68369102478027
270.6834011077881
4.744529724121094e-05
138.94875597953796
395.36054253578186
4.792213439941406e-05
389.2197721004486
147.4442675113678
2.1219253540039062e-05
294.20131373405457
239.2978150844574
2.384185791015625e-05
2.288818359375e-05
531.2331094741821
2.6941299438476562e-05
146.80288982391357
138.20044779777527
390.99449944496155
136.31062388420105
371.4314908981323
604.6679170131683
2.6464462280273438e-05
147.69586658477783
138.28193998336792
2.1696090698242188e-05
150.7392933368683
395.80993008613586
410.968626499176
118.4357419013977
2.4557113647460938e-05
151.7836799621582
246.27407455444336
603.4022486209869
5.459785461425781e-05
3.6504299640655518
559.0142843723297
136.67343091964722
244.55644726753235
3.9285202026367188
507.8977584838867
140.2421464920044
158.78919553756714
139.87285900115967
3.170967102050781e-05
149.82423996925354
136.55190992355347
5.888938903808594e-05
147.51603889465332
2.6226043701171875e-05
4.553794860839844e-05
379.7890830039978
121.01239061355591
145.26273369789124
158.13846397399902
239.20284843444824
4.482269287109375e-05
2.5033950805664062e-05
4.650660276412964
373.4811017513275
456.8102695941925
423.50553369522095
4.175463914871216
263.5159487724304
130.02625942230225
2.47955322265625e-05
304.2433748245239
141.74459385871887
707.2553856372833
148.973375082016
147.5902316570282
276.39612197875977
272.4173278808594
512.3332507610321
304.53462624549866
5.3882598876953125e-05
141.46483206748962
4.0531158447265625e-05
392.84177589416504
4.575921535491943
3.337860107421875e-05
245.2397985458374
141.8010756969452
158.83822107315063
4.57763671875e-05
4.458427429199219e-05
202.54742431640625
2.574920654296875e-05
154.46029710769653
145.9647557735443
156.01739764213562
4.2438507080078125e-05
710.6876425743103
141.30245876312256
433.98537707328796
149.02107787132263
138.41461730003357
152.51282858848572
2.384185791015625e-05
2.765655517578125e-05
2.1219253540039062e-05
157.6493434906006
151.29154253005981
398.7355070114136
136.13457775115967
4.787360906600952
598.0177731513977
149.4533019065857
5.1975250244140625e-05
121.94290661811829
2.6702880859375e-05
122.7678472995758
287.8407611846924
152.7898485660553
135.6021761894226
2.002716064453125e-05
149.84149193763733
401.16862201690674
300.29432129859924
268.9687542915344
361.2533860206604
159.4535448551178
156.0444049835205
2.8133392333984375e-05
288.88986253738403
4.342314004898071
616.9324915409088
517.4536950588226
356.9931392669678
282.1386048793793
4.1484832763671875e-05
375.7237141132355
4.1961669921875e-05
131.24345874786377
272.24987387657166
409.9017436504364
238.37649059295654
282.7371141910553
4.9114227294921875e-05
531.787868976593
6.0558319091796875e-05
140.13222813606262
3.92319393157959
3.0040740966796875e-05
145.56837630271912
3.9627416133880615
407.84474992752075
382.8703553676605
146.44684553146362
311.76040530204773
247.15316605567932
4.637325048446655
130.27278327941895
3.719329833984375e-05
2.5033950805664062e-05
439.86393690109253
405.9675762653351
3.393450975418091
2.7418136596679688e-05
2.4318695068359375e-05
374.7489809989929
375.4548125267029
163.1325807571411
3.528594970703125e-05
249.04298520088196
283.0805592536926
5.4836273193359375e-05
271.33736872673035
403.1334080696106
3.7254815101623535
2.86102294921875e-05
663.1885607242584
242.84192419052124
434.33104038238525
142.8099184036255
136.14675664901733
151.50823378562927
140.34607410430908
0.00012731552124023438
0.00012803077697753906
142.2376685142517
4.410743713378906e-05
341.40483260154724
4.9114227294921875e-05
2.0742416381835938e-05
2.384185791015625e-05
141.748468875885
2.9087066650390625e-05
0.0001251697540283203
1.8835067749023438e-05
152.93295788764954
158.92378759384155
2.6464462280273438e-05
2.5033950805664062e-05
287.90118646621704
283.35832500457764
2.7418136596679688e-05
123.19576597213745
2.4080276489257812e-05
139.3324213027954
2.7179718017578125e-05
283.71613073349
250.45296573638916
129.81210279464722
255.3198013305664
4.0714662075042725
569.2634978294373
4.111892461776733
0.00012373924255371094
132.65091753005981
2.1219253540039062e-05
150.50812077522278
397.64662170410156
678.1950485706329
0.0001399517059326172
147.33553791046143
2.765655517578125e-05
4.483911037445068
2.0265579223632812e-05
2.1457672119140625e-05
2.0742416381835938e-05
2.0265579223632812e-05
119.41275358200073
133.83046650886536
157.18888473510742
278.97373628616333
2.9087066650390625e-05
407.38685488700867
146.79291772842407
3.0279159545898438e-05
2.002716064453125e-05
2.1457672119140625e-05
156.710143327713
402.18297004699707
361.03756070137024
342.59865283966064
4.461552858352661
369.98219180107117
283.5542621612549
3.685149908065796
148.47177696228027
0.00012564659118652344
300.50785851478577
277.75899744033813
269.52960085868835
408.4148836135864
5.125999450683594e-05
1.52587890625e-05
2.2649765014648438e-05
141.97249460220337
2.5272369384765625e-05
2.0265579223632812e-05
2.0265579223632812e-05
4.363059997558594e-05
144.0447816848755
442.95384788513184
4.015772342681885
4.026676893234253
425.87564492225647
289.1294615268707
3.5473239421844482
564.5949959754944
147.04939365386963
5.793571472167969e-05
127.3099012374878
154.0189983844757
242.62014842033386
598.2358822822571
257.0714056491852
0.00019097328186035156
212.79996490478516
2.7179718017578125e-05
127.65727281570435
268.1368420124054
6.580352783203125e-05
2.86102294921875e-05
5.1021575927734375e-05
147.70063638687134
2.7418136596679688e-05
368.1532151699066
270.2383601665497
124.02276372909546
2.6702880859375e-05
157.32620215415955
137.08767676353455
4.332744598388672
509.21851325035095
305.78986048698425
133.78141450881958
0.00018405914306640625
579.0624284744263
231.87088298797607
4.363059997558594e-05
152.88605499267578
268.2429325580597
133.61130356788635
644.4137606620789
587.6359286308289
3.300210952758789
3.528594970703125e-05
117.69491744041443
142.05978798866272
567.5024268627167
3.6982569694519043
3.790855407714844e-05
145.58175373077393
502.1622054576874
3.3398215770721436
242.26899242401123
257.00132417678833
326.30261421203613
114.13644218444824
242.13428258895874
522.0173943042755
146.71338939666748
159.69790482521057
164.05635476112366
0.00010848045349121094
2.0265579223632812e-05
4.076162815093994
3.2901763916015625e-05
1.7881393432617188e-05
140.29033756256104
5.3882598876953125e-05
244.91758060455322
2.7894973754882812e-05
110.98270511627197
371.0318419933319
501.11179423332214
2.6702880859375e-05
3.0040740966796875e-05
495.87459897994995
132.11731624603271
0.000118255615234375
131.86369013786316
4.553794860839844e-05
126.82177400588989
438.93010091781616
3.2589080333709717
258.7202043533325
2.1457672119140625e-05
407.02305603027344
480.2257218360901
3.41607928276062
129.46454167366028
2.6702880859375e-05
139.6776523590088
259.86533403396606
242.27428460121155
5.245208740234375e-05
219.51023840904236
251.5461893081665
362.7485179901123
274.0391228199005
2.0742416381835938e-05
3.743171691894531e-05
2.9087066650390625e-05
131.73694491386414
142.08387064933777
2.6464462280273438e-05
3.4010121822357178
135.3081111907959
9.989738464355469e-05
425.2569913864136
2.8133392333984375e-05
131.51745176315308
2.4080276489257812e-05
3.695487976074219e-05
128.73191595077515
158.14022302627563
4.241852283477783
3.424609899520874
7.152557373046875e-05
142.8121702671051
539.8564956188202
3.5198631286621094
107.32402014732361
245.41825151443481
126.82618594169617
3.991555690765381
229.10093116760254
399.2292923927307
225.01961612701416
537.3179767131805
2.47955322265625e-05
0.00014972686767578125
346.14265036582947
2.8848648071289062e-05
111.49221634864807
127.659921169281
2.47955322265625e-05
126.15103077888489
271.6882917881012
136.35367250442505
3.8642208576202393
3.5840210914611816
393.52828311920166
251.76666712760925
4.649162292480469e-05
125.31026482582092
6.747245788574219e-05
124.61079216003418
112.33525514602661
2.9325485229492188e-05
126.54431128501892
225.8979856967926
118.94370532035828
147.40038895606995
2.2649765014648438e-05
4.087737798690796
5.53131103515625e-05
246.0867030620575
3.9760966300964355
131.13575196266174
229.16118788719177
2.4080276489257812e-05
2.956390380859375e-05
1.9311904907226562e-05
2.4557113647460938e-05
4.7206878662109375e-05
4.308822393417358
257.00004959106445
6.794929504394531e-05
134.28422284126282
138.07172226905823
439.1453547477722
130.24576950073242
166.93731260299683
386.5404932498932
366.4062168598175
114.78310298919678
369.81120109558105
348.1862452030182
4.267692565917969e-05
119.8879771232605
6.794929504394531e-05
5.507469177246094e-05
132.52092695236206
358.2426314353943
8.511543273925781e-05
3.3634750843048096
12.271965026855469
353.87589383125305
102.7846257686615
4.839897155761719e-05
3.075599670410156e-05
3.5592141151428223
281.85673427581787
4.087536573410034
4.619300603866577
334.43081498146057
111.65025615692139
429.6147918701172
2.7894973754882812e-05
0.0001735687255859375
1.5497207641601562e-05
121.82353115081787
146.95342111587524
4.362486362457275
541.8866145610809
210.27812933921814
518.6514205932617
2.8371810913085938e-05
520.7524683475494
289.41159415245056
112.07824754714966
214.92953419685364
3.6716461181640625e-05
182.8367462158203
108.95422840118408
2.6702880859375e-05
4.233649730682373
3.54937744140625
366.90824365615845
263.85184383392334
123.70415687561035
109.47103118896484
130.46204686164856
126.8376054763794
120.60657715797424
99.9625654220581
226.27404832839966
422.9143636226654
2.956390380859375e-05
272.4261338710785
129.03973722457886
234.27925944328308
2.7921996116638184
323.0721056461334
107.68963980674744
519.9476599693298
116.81159019470215
1.9073486328125e-05
0.0003457069396972656
220.03844475746155
223.01326203346252
127.45834970474243
5.650520324707031e-05
4.9591064453125e-05
2.8848648071289062e-05
459.5866131782532
207.67717599868774
3.267082691192627
355.6916286945343
127.17473459243774
3.518946886062622
3.4809112548828125e-05
313.20847606658936
3.8831305503845215
1.8835067749023438e-05
344.9951696395874
583.0044987201691
3.2410101890563965
439.8302195072174
112.18068432807922
118.2735538482666
117.78533601760864
3.1451916694641113
218.52736473083496
4.2438507080078125e-05
193.484721660614
97.55670738220215
384.825231552124
4.5236992835998535
4.505897283554077
3.3029403686523438
130.671222448349
577.7175562381744
124.91421389579773
5.078315734863281e-05
2.956390380859375e-05
120.98676586151123
329.2769184112549
208.500559091568
110.9195191860199
3.3365464210510254
109.69840335845947
3.714085340499878
122.80807089805603
385.9651961326599
206.94966435432434
526.2803931236267
112.24172377586365
3.1001784801483154
427.5364553928375
91.03728985786438
196.2795925140381
2.9858157634735107
1.9550323486328125e-05
323.04039454460144
5.8650970458984375e-05
328.4947717189789
127.13184022903442
122.78691625595093
2.6702880859375e-05
125.06698703765869
6.031990051269531e-05
296.82986974716187
325.547221660614
3.001060962677002
203.71589589118958
2.0503997802734375e-05
3.600120544433594e-05
0.00010228157043457031
3.2363064289093018
125.01826000213623
3.2819466590881348
373.0343918800354
215.15590405464172
4.573244571685791
234.89294409751892
2.6226043701171875e-05
106.87123894691467
4.38690185546875e-05
235.98142170906067
232.0497007369995
342.575558423996
290.2251479625702
3.1111955642700195
428.84130597114563
303.3158438205719
2.86102294921875e-05
93.94930148124695
199.1687889099121
190.46090579032898
102.12212061882019
103.51968574523926
123.04571342468262
111.54848217964172
244.95515394210815
3.1822774410247803
3.2258007526397705
349.4366178512573
311.7797291278839
114.75949335098267
3.159998893737793
324.1823310852051
110.32850122451782
3.0518317222595215
4.9114227294921875e-05
366.73774814605713
113.84944534301758
3.528594970703125e-05
1.5497207641601562e-05
135.3214304447174
3.449866533279419
113.70436000823975
110.09073281288147
237.6845245361328
4.38690185546875e-05
3.361701965332031e-05
112.24947190284729
287.95831513404846
457.6796295642853
398.81291460990906
121.87778043746948
4.553794860839844e-05
184.15402126312256
1.9788742065429688e-05
116.34709453582764
2.2411346435546875e-05
5.984306335449219e-05
2.5033950805664062e-05
3.1185882091522217
3.3644330501556396
