
x disttype L1-general-gaussian
x k 380
x std 0.6
x N 50000
x alpha 0.0005

o 0 0.9998341327646891 1
o 10 0.9998341327646891 1
o 20 0.9696341014023335 0.9747661488741167
o 30 0.9997041638433971 0.9999976422569008
o 40 0.999297246851899 0.9998877222821806
o 50 0.9994730802517786 0.9999506585660503
o 60 0.999784848241918 0.9999999949993749
o 70 0.9998341327646891 1
o 80 0.9807682196803689 0.9848282130563318
o 90 0.9990496341945716 0.9997764839702489
o 100 0.9990496341945716 0.9997764839702489
o 110 0.997894911366256 0.9990936226399529
o 120 0.9960516027518843 0.9977785547768216
o 130 0.9998341327646891 1
o 140 0.9989171466500022 0.9997094220119266
o 150 0.996833423718342 0.9983561661753741
o 160 0.9973004383367889 0.9986887437647816
o 170 0.9868750277206217 0.9901992141519543
o 180 0.9992689677678922 0.9998761603306536
o 190 0.9982351769925596 0.9993128775364343
o 200 0.9982597477012427 0.9993282676995614
o 210 0.9955065793665261 0.9973639193559748
o 220 0.9970661424168645 0.9985232526257974
o 230 0.996879851396403 0.9983897007921845
o 240 0.9988130027235841 0.999653867701341
o 250 0.9366713758177999 0.9440598915606645
o 260 0.999442873695936 0.9999411111022777
o 270 0.999297246851899 0.9998877222821806
o 280 0.9997427320109885 0.9999995494141014
o 290 0.9457163279921187 0.9525719297075066
o 300 0.9726044592000694 0.9774747838061669
o 310 0.985762399054934 0.9892322524004082
o 320 0.8183723344532788 0.8302382897604521
o 330 0.999599491460172 0.9999830535762632
o 340 0.6104273150194223 0.62557290867351
o 350 0.9993257723589525 0.9998990270247117
o 360 0.9998341327646891 1
o 370 0.9991579479265237 0.999827728109528
o 380 0.9998341327646891 1
o 390 0.999784848241918 0.9999999949993749
o 400 0.9992409148798167 0.9998643624923798
o 410 0.999784848241918 0.9999999949993749
o 420 0.9204696768117591 0.9287069755241837
o 430 0.9996678275924519 0.9999940967944916
o 440 0.9998341327646891 1
o 450 0.9708255132053811 0.9758543337041029
o 460 0.9762767273906853 0.9808012611465695
o 470 0.9979672929505882 0.9991411475683059
o 480 0.9989171466500022 0.9997094220119266
o 490 0.993142719033892 0.9954889975318352
o 500 0.9998341327646891 1
o 510 0.9984329360206239 0.9994347812916474
o 520 0.9986592401095487 0.9995680130057608
o 530 0.9616761530313443 0.9674467756616582
o 540 0.9983337061651681 0.9993741869624272
o 550 0.9574627370085699 0.9635416023046467
o 560 0.9887015770536661 0.9917719760749888
o 570 0.9995668564461039 0.999976016692425
o 580 0.9985580909074143 0.9995093820155696
o 590 0.9995037605889281 0.9999597116202779
o 600 0.9997427320109885 0.9999995494141014
o 610 0.9955291951801475 0.9973812900439158
o 620 0.9978227858521463 0.9990458375033571
o 630 0.9961657922277294 0.9978642890092243
o 640 0.9990496341945716 0.9997764839702489
o 650 0.9975365616713056 0.998852384613813
o 660 0.9992130705901301 0.9998523473218889
o 670 0.9965790200213357 0.9981707674489865
o 680 0.9998341327646891 1
o 690 0.9997427320109885 0.9999995494141014
o 700 0.9997427320109885 0.9999995494141014
o 710 0.9984080584682806 0.9994197042904669
o 720 0.7977191962301838 0.8100983171166192
o 730 0.9987357880946652 0.999611282711117
o 740 0.23172230437842584 0.2450059128912938
o 750 0.999784848241918 0.9999999949993749
o 760 0.8089130137983557 0.8210207649775807
o 770 0.9988648919050572 0.999681833128126
o 780 0.9948537648378093 0.9968571040220039
o 790 0.999103496509203 0.9998024115070666
o 800 0.9912798280218552 0.9939526992962495
o 810 0.9992409148798167 0.9998643624923798
o 820 0.999784848241918 0.9999999949993749
o 830 0.9713275190737773 0.9763121576265689
o 840 0.9992409148798167 0.9998643624923798
o 850 0.999784848241918 0.9999999949993749
o 860 0.9998341327646891 1
o 870 0.9930765723074023 0.9954351745937398
o 880 0.9997427320109885 0.9999995494141014
o 890 0.982229649464357 0.9861262693599148
o 900 0.718848314830137 0.7327555575408922
o 910 0.9992409148798167 0.9998643624923798
o 920 0.9984578626277146 0.999449808165806
o 930 0.99678705109857 0.9983225759189072
o 940 0.9786561302124286 0.9829410378674259
o 950 0.9840140206023189 0.9877012633420493
o 960 0.9826963964510842 0.9865393571717801
o 970 0.9992689677678922 0.9998761603306536
o 980 0.9998341327646891 1
o 990 0.964983357173436 0.9704984611775319
o 1000 0.9963490151246003 0.9980009395209813
o 1010 0.999442873695936 0.9999411111022777
o 1020 0.9988389036516672 0.9996678953600677
o 1030 0.9995037605889281 0.9999597116202779
o 1040 0.9996678275924519 0.9999940967944916
o 1050 0.9229915063187348 0.9311043080652939
o 1060 0.9998341327646891 1
o 1070 0.9997427320109885 0.9999995494141014
o 1080 0.9886369238706351 0.9917166540624034
o 1090 0.9928343125026933 0.995237544341956
o 1100 0.9998341327646891 1
o 1110 0.999784848241918 0.9999999949993749
o 1120 0.9988648919050572 0.999681833128126
o 1130 0.9879051864494105 0.9910886698738385
o 1140 0.9989171466500022 0.9997094220119266
o 1150 0.9940947906981642 0.9962564714166792
o 1160 0.9985832870189011 0.9995241331856756
o 1170 0.9997427320109885 0.9999995494141014
o 1180 0.9998341327646891 1
o 1190 0.9993257723589525 0.9998990270247117
o 1200 0.9550176489080109 0.9612675074633061
o 1210 0.9998341327646891 1
o 1220 0.9998341327646891 1
o 1230 0.9990229026390082 0.9997633135035773
o 1240 0.9979914799067023 0.9991569284568658
o 1250 0.9982843587370567 0.9993436167432374
o 1260 0.02850500988783125 0.0339335361582368
o 1270 0.4597691906507751 0.4753217488125474
o 1280 0.9997041638433971 0.9999976422569008
o 1290 0.9082263582022032 0.9170343621933932
o 1300 0.9946522487902374 0.9966987278221023
o 1310 0.994451188639037 0.9965398929401226
o 1320 0.9862969060507 0.9896975494321776
o 1330 0.9989434220919977 0.9997230637730928
o 1340 0.9994130827814863 0.9999311292217226
o 1350 0.9996678275924519 0.9999940967944916
o 1360 0.9991579479265237 0.999827728109528
o 1370 0.9960287934415504 0.997761379103869
o 1380 0.9884645870495095 0.9915690568296796
o 1390 0.999784848241918 0.9999999949993749
o 1400 0.9996330653686861 0.9999891487861118
o 1410 0.9990496341945716 0.9997764839702489
o 1420 0.999784848241918 0.9999999949993749
o 1430 0.9997041638433971 0.9999976422569008
o 1440 0.9359512935928948 0.9433802132372038
o 1450 0.9998341327646891 1
o 1460 0.9977509012387209 0.9989978077068434
o 1470 0.9877332682027935 0.9909406529467978
o 1480 0.9996678275924519 0.9999940967944916
o 1490 0.9900629575646296 0.9929300639610011
o 1500 0.09456523146812765 0.10389002157445937
o 1510 0.997894911366256 0.9990936226399529
o 1520 0.9784452703647603 0.9827519707285557
o 1530 0.4475260292223507 0.46304904208091535
o 1540 0.999297246851899 0.9998877222821806
o 1550 0.9990764961900899 0.99978951939873
o 1560 0.999784848241918 0.9999999949993749
o 1570 0.9459226694705023 0.9527655195153116
o 1580 0.9946075303645595 0.9966634698045075
o 1590 0.9998341327646891 1
o 1600 0.9760034318723428 0.9805546504645335
o 1610 0.9998341327646891 1
o 1620 0.9961429349554335 0.9978471617053387
o 1630 0.999599491460172 0.9999830535762632
o 1640 0.9557425946540686 0.961942319566888
o 1650 0.998532952220799 0.9994945720557045
o 1660 0.9893273455096673 0.9923059655978558
o 1670 0.9700729060626804 0.9751671957437259
o 1680 0.990866160144025 0.9936065376155375
o 1690 0.9943619676638918 0.9964691597439114
o 1700 0.9998341327646891 1
o 1710 0.9995668564461039 0.999976016692425
o 1720 0.9998341327646891 1
o 1730 0.9098218023300747 0.9185583879338595
o 1740 0.9862755115086126 0.9896789518453747
o 1750 0.9882493095669861 0.9913844163520101
o 1760 0.9990496341945716 0.9997764839702489
o 1770 0.9997427320109885 0.9999995494141014
o 1780 0.9996678275924519 0.9999940967944916
o 1790 0.7251171314155527 0.7389246431227856
o 1800 0.9553697353514823 0.9615953034239277
o 1810 0.9992409148798167 0.9998643624923798
o 1820 0.9997427320109885 0.9999995494141014
o 1830 0.9995668564461039 0.999976016692425
o 1840 0.999784848241918 0.9999999949993749
o 1850 0.9628817860860656 0.968560738202773
o 1860 0.995937648394377 0.9976925834541458
o 1870 0.9998341327646891 1
o 1880 0.9799014666988194 0.9840552687457147
o 1890 0.9998341327646891 1
o 1900 0.9939614630105198 0.9961498650097489
o 1910 0.9958239179842938 0.9976063863609007
o 1920 0.9937839489956886 0.9960074655232721
o 1930 0.995937648394377 0.9976925834541458
o 1940 0.999442873695936 0.9999411111022777
o 1950 0.9997427320109885 0.9999995494141014
o 1960 0.9988389036516672 0.9996678953600677
o 1970 0.9808105302465105 0.9848658876764647
o 1980 0.9990496341945716 0.9997764839702489
o 1990 0.9990764961900899 0.99978951939873
o 2000 0.9988909714709572 0.9996956768430979
o 2010 0.9994130827814863 0.9999311292217226
o 2020 0.9965329270499892 0.9981368947272495
o 2030 0.9993257723589525 0.9998990270247117
o 2040 0.9939614630105198 0.9961498650097489
o 2050 0.9992409148798167 0.9998643624923798
o 2060 0.999784848241918 0.9999999949993749
o 2070 0.4555944014218326 0.4711379467716684
o 2080 0.999784848241918 0.9999999949993749
o 2090 0.8681306002132702 0.8785034509657816
o 2100 0.9982106455758747 0.9992974473203111
o 2110 0.9810009632809082 0.9850353879229906
o 2120 0.999103496509203 0.9998024115070666
o 2130 0.20888070600547726 0.22169529947693278
o 2140 0.9998341327646891 1
o 2150 0.9995349878824064 0.9999681957182619
o 2160 0.9994130827814863 0.9999311292217226
o 2170 0.9998341327646891 1
o 2180 0.9988130027235841 0.999653867701341
o 2190 0.999599491460172 0.9999830535762632
o 2200 0.9988389036516672 0.9996678953600677
o 2210 0.9979914799067023 0.9991569284568658
o 2220 0.9998341327646891 1
o 2230 0.999297246851899 0.9998877222821806
o 2240 0.9998341327646891 1
o 2250 0.9976792437995069 0.9989495473086407
o 2260 0.9996330653686861 0.9999891487861118
o 2270 0.9992130705901301 0.9998523473218889
o 2280 0.862231972950828 0.87280404105932
o 2290 0.990171327453822 0.9930216508854749
o 2300 0.9998341327646891 1
o 2310 0.9972769311337085 0.9986722731996572
o 2320 0.9901279733461981 0.9929850222874228
o 2330 0.9965098982706061 0.9981199404896446
o 2340 0.9998341327646891 1
o 2350 0.9996678275924519 0.9999940967944916
o 2360 0.999442873695936 0.9999411111022777
o 2370 0.999297246851899 0.9998877222821806
o 2380 0.9853566537347771 0.9888781455992719
o 2390 0.999784848241918 0.9999999949993749
o 2400 0.996234423774403 0.9979156106725443
o 2410 0.9995349878824064 0.9999681957182619
o 2420 0.9997041638433971 0.9999976422569008
o 2430 0.9420046184681715 0.9490848747971476
o 2440 0.9995668564461039 0.999976016692425
o 2450 0.9881847567826662 0.9913289936660207
o 2460 0.9937839489956886 0.9960074655232721
o 2470 0.9998341327646891 1
o 2480 0.9852712845206837 0.9888035458361721
o 2490 0.9961657922277294 0.9978642890092243
o 2500 0.98874468742759 0.9918088491417385
o 2510 0.9953484763535602 0.9972421153525199
o 2520 0.9987871854159925 0.9996397540167659
o 2530 0.9958466466570662 0.997623643328015
o 2540 0.9995349878824064 0.9999681957182619
o 2550 0.9946969897174516 0.99673396320075
o 2560 0.9750790555754257 0.9797193434476966
o 2570 0.9958921299523205 0.9976581311058543
o 2580 0.9988389036516672 0.9996678953600677
o 2590 0.9990229026390082 0.9997633135035773
o 2600 0.9997427320109885 0.9999995494141014
o 2610 0.9947193687185263 0.9967515723000848
o 2620 0.999784848241918 0.9999999949993749
o 2630 0.9949883769998344 0.9969624183275306
o 2640 0.9986846867396864 0.9995825074237993
o 2650 0.9749110877091087 0.9795673687685631
o 2660 0.9992409148798167 0.9998643624923798
o 2670 0.9973475076700078 0.9987216292808397
o 2680 0.9971128682824996 0.998556485750206
o 2690 0.9950108340448901 0.9969799488864464
o 2700 0.99678705109857 0.9983225759189072
o 2710 0.9764028929559837 0.9809150522515003
o 2720 0.6309483096810454 0.6459250241258983
o 2730 0.9634433237541704 0.9690790120410402
o 2740 0.9847167999285377 0.9883182312035966
o 2750 0.9983090111814502 0.9993589235528282
o 2760 0.9574420039212233 0.9635223423244426
o 2770 0.9899762982625859 0.9928567576948434
o 2780 0.9986846867396864 0.9995825074237993
o 2790 0.9997427320109885 0.9999995494141014
o 2800 0.9989698028369101 0.9997365968529978
o 2810 0.7365506191840334 0.7501673303708828
o 2820 0.9977269908240753 0.9989817458746678
o 2830 0.9998341327646891 1
o 2840 0.9990764961900899 0.99978951939873
o 2850 0.9913016245268479 0.9939708937321148
o 2860 0.9727510891936527 0.977608103939315
o 2870 0.9992689677678922 0.9998761603306536
o 2880 0.9993257723589525 0.9998990270247117
o 2890 0.9996330653686861 0.9999891487861118
o 2900 0.999784848241918 0.9999999949993749
o 2910 0.9986846867396864 0.9995825074237993
o 2920 0.9470784572767781 0.953849346761809
o 2930 0.9699475172915105 0.9750526269510125
o 2940 0.9993257723589525 0.9998990270247117
o 2950 0.9995668564461039 0.999976016692425
o 2960 0.9996678275924519 0.9999940967944916
o 2970 0.9237708762348856 0.9318446791719602
o 2980 0.9998341327646891 1
o 2990 0.9877117849820002 0.9909221442539575
o 3000 0.9984329360206239 0.9994347812916474
o 3010 0.9939836726426157 0.9961676444566422
o 3020 0.9994730802517786 0.9999506585660503
o 3030 0.7820847956096575 0.794817936606826
o 3040 0.9982843587370567 0.9993436167432374
o 3050 0.9995037605889281 0.9999597116202779
o 3060 0.18624682759784453 0.19853690831189474
o 3070 0.999103496509203 0.9998024115070666
o 3080 0.9996678275924519 0.9999940967944916
o 3090 0.9997427320109885 0.9999995494141014
o 3100 0.9669627141669654 0.9723184379230468
o 3110 0.9942282900275515 0.9963629052366167
o 3120 0.9998341327646891 1
o 3130 0.9443135915862462 0.9512551331613015
o 3140 0.999784848241918 0.9999999949993749
o 3150 0.9980156978384686 0.999172677844584
o 3160 0.8702061253512381 0.8805072352892034
o 3170 0.9998341327646891 1
o 3180 0.9997427320109885 0.9999995494141014
o 3190 0.9979431363013752 0.9991253358653104
o 3200 0.9998341327646891 1
o 3210 0.9995668564461039 0.999976016692425
o 3220 0.9998341327646891 1
o 3230 0.9996330653686861 0.9999891487861118
o 3240 0.9573590736792199 0.9634453002947276
o 3250 0.9596824293018654 0.9656011673488005
o 3260 0.9986846867396864 0.9995825074237993
o 3270 0.9998341327646891 1
o 3280 0.9883138763132345 0.9914398250385499
o 3290 0.9995037605889281 0.9999597116202779
o 3300 0.9950332974105176 0.9969974730832851
o 3310 0.9998341327646891 1
o 3320 0.9992130705901301 0.9998523473218889
o 3330 0.8997650459513962 0.9089384862156207
o 3340 0.9995349878824064 0.9999681957182619
o 3350 0.9994730802517786 0.9999506585660503
o 3360 0.9993257723589525 0.9998990270247117
o 3370 0.9964868811160671 0.9981029745163161
o 3380 0.9995349878824064 0.9999681957182619
o 3390 0.9995037605889281 0.9999597116202779
o 3400 0.9998341327646891 1
o 3410 0.983992740802096 0.9876825507704775
o 3420 0.9975128585703185 0.9988361124990678
o 3430 0.9958239179842938 0.9976063863609007
o 3440 0.9975840325399995 0.9988848632863743
o 3450 0.9989434220919977 0.9997230637730928
o 3460 0.9535891614895454 0.9599364718111961
o 3470 0.9995037605889281 0.9999597116202779
o 3480 0.9997041638433971 0.9999976422569008
o 3490 0.7937333890207334 0.8062054545092447
o 3500 0.9997427320109885 0.9999995494141014
o 3510 0.9993257723589525 0.9998990270247117
o 3520 0.01891429612827227 0.023407823704396646
o 3530 0.9975128585703185 0.9988361124990678
o 3540 0.9998341327646891 1
o 3550 0.9423549774159031 0.9494143992555797
o 3560 0.9998341327646891 1
o 3570 0.9997427320109885 0.9999995494141014
o 3580 0.9273207298344462 0.9352136459153633
o 3590 0.9993257723589525 0.9998990270247117
o 3600 0.9991579479265237 0.999827728109528
o 3610 0.9989698028369101 0.9997365968529978
o 3620 0.999784848241918 0.9999999949993749
o 3630 0.9998341327646891 1
o 3640 0.9934297489189166 0.9957218343152169
o 3650 0.9998341327646891 1
o 3660 0.9998341327646891 1
o 3670 0.999297246851899 0.9998877222821806
o 3680 0.9988648919050572 0.999681833128126
o 3690 0.9986085425177087 0.999538823531834
o 3700 0.997894911366256 0.9990936226399529
o 3710 0.9547484442270573 0.9610168020455985
o 3720 0.999297246851899 0.9998877222821806
o 3730 0.8081233162811432 0.8202507259042532
o 3740 0.999599491460172 0.9999830535762632
o 3750 0.9979914799067023 0.9991569284568658
o 3760 0.9988389036516672 0.9996678953600677
o 3770 0.9995037605889281 0.9999597116202779
o 3780 0.7116342183690065 0.725652068730164
o 3790 0.9998341327646891 1
o 3800 0.996717592406219 0.9982720892569996
o 3810 0.9850366080266678 0.9885983074547733
o 3820 0.999297246851899 0.9998877222821806
o 3830 0.9998341327646891 1
o 3840 0.9989434220919977 0.9997230637730928
o 3850 0.9575664056140989 0.9636378990347192
o 3860 0.9972065160734749 0.9986227536460907
o 3870 0.9996678275924519 0.9999940967944916
o 3880 0.9979672929505882 0.9991411475683059
o 3890 0.9996330653686861 0.9999891487861118
o 3900 0.998532952220799 0.9994945720557045
o 3910 0.999784848241918 0.9999999949993749
o 3920 0.9998341327646891 1
o 3930 0.999297246851899 0.9998877222821806
o 3940 0.9998341327646891 1
o 3950 0.9676300606922003 0.9729308664183006
o 3960 0.9998341327646891 1
o 3970 0.9575456714699716 0.9636186401120055
o 3980 0.9998341327646891 1
o 3990 0.998532952220799 0.9994945720557045
o 4000 0.9161670432964505 0.9246110386580706
o 4010 0.9994130827814863 0.9999311292217226
o 4020 0.999599491460172 0.9999830535762632
o 4030 0.9782977039699254 0.982619588182082
o 4040 0.9984080584682806 0.9994197042904669
o 4050 0.9988389036516672 0.9996678953600677
o 4060 0.9970661424168645 0.9985232526257974
o 4070 0.9998341327646891 1
o 4080 0.999599491460172 0.9999830535762632
o 4090 0.9993545677321735 0.9999100498624319
o 4100 0.9985580909074143 0.9995093820155696
o 4110 0.9949883769998344 0.9969624183275306
o 4120 0.9957557829105036 0.997554564113653
o 4130 0.9997427320109885 0.9999995494141014
o 4140 0.9749110877091087 0.9795673687685631
o 4150 0.9998341327646891 1
o 4160 0.9996330653686861 0.9999891487861118
o 4170 0.9992409148798167 0.9998643624923798
o 4180 0.9979914799067023 0.9991569284568658
o 4190 0.9995037605889281 0.9999597116202779
o 4200 0.9998341327646891 1
o 4210 0.9983337061651681 0.9993741869624272
o 4220 0.9990496341945716 0.9997764839702489
o 4230 0.999599491460172 0.9999830535762632
o 4240 0.9997427320109885 0.9999995494141014
o 4250 0.9996330653686861 0.9999891487861118
o 4260 0.9990764961900899 0.99978951939873
o 4270 0.9990496341945716 0.9997764839702489
o 4280 0.9954839710957356 0.9973465410699824
o 4290 0.9992689677678922 0.9998761603306536
o 4300 0.8798980139355039 0.8898521229289442
o 4310 0.9995349878824064 0.9999681957182619
o 4320 0.9998341327646891 1
o 4330 0.9793101843654335 0.9835267568075947
o 4340 0.9961429349554335 0.9978471617053387
o 4350 0.9911491013581167 0.993843480123594
o 4360 0.7227787226868494 0.7366238343366014
o 4370 0.9687987088383779 0.9740018238152359
o 4380 0.9392442885908903 0.9464861230548648
o 4390 0.9975840325399995 0.9988848632863743
o 4400 0.9389766169306868 0.9462338837528246
o 4410 0.9924387808549068 0.99491325190303
o 4420 0.9939614630105198 0.9961498650097489
o 4430 0.9998341327646891 1
o 4440 0.9977987982532164 0.9990298540327246
o 4450 0.9996678275924519 0.9999940967944916
o 4460 0.9867464766032598 0.9900878129255956
o 4470 0.999784848241918 0.9999999949993749
o 4480 0.9965329270499892 0.9981368947272495
o 4490 0.9992689677678922 0.9998761603306536
o 4500 0.5660199763661717 0.5814351718415147
o 4510 0.9998341327646891 1
o 4520 0.9989698028369101 0.9997365968529978
o 4530 0.9995668564461039 0.999976016692425
o 4540 0.9963260758000116 0.9979838949949381
o 4550 0.9981372773655336 0.9992509263546009
o 4560 0.9989962943624112 0.9997500155155598
o 4570 0.9759824126902625 0.9805356768574014
o 4580 0.9982351769925596 0.9993128775364343
o 4590 0.9971596588721757 0.9985896533979276
o 4600 0.9998341327646891 1
o 4610 0.9962802289563542 0.9979497738504909
o 4620 0.8150700064248879 0.8270217189328737
o 4630 0.9583544614804992 0.964369579595793
o 4640 0.9967407321599208 0.9982889314230393
o 4650 0.999784848241918 0.9999999949993749
o 4660 0.9955291951801475 0.9973812900439158
o 4670 0.9995668564461039 0.999976016692425
o 4680 0.9998341327646891 1
o 4690 0.7767888407090031 0.7896356600571093
o 4700 0.9956423896922855 0.9974680271834279
o 4710 0.999442873695936 0.9999411111022777
o 4720 0.9996678275924519 0.9999940967944916
o 4730 0.9998341327646891 1
o 4740 0.3349708790082556 0.34976225956650575
o 4750 0.9941837707771213 0.996327446879261
o 4760 0.9995037605889281 0.9999597116202779
o 4770 0.9993545677321735 0.9999100498624319
o 4780 0.9996678275924519 0.9999940967944916
o 4790 0.9997427320109885 0.9999995494141014
o 4800 0.9998341327646891 1
o 4810 0.9996678275924519 0.9999940967944916
o 4820 0.9990764961900899 0.99978951939873
o 4830 0.9888093654679451 0.9918641462272642
o 4840 0.9969961710612005 0.998473284157013
o 4850 0.9992689677678922 0.9998761603306536
o 4860 0.5615907770531016 0.5770258608347919
o 4870 0.9998341327646891 1
o 4880 0.9581885291359282 0.9642155674476452
o 4890 0.9494534680334069 0.9560735446414649
o 4900 0.968736076415463 0.9739444773948834
o 4910 0.9957104012102794 0.9975199739418538
o 4920 0.9998341327646891 1
o 4930 0.999599491460172 0.9999830535762632
o 4940 0.999784848241918 0.9999999949993749
o 4950 0.9399856435406703 0.9471845214861547
o 4960 0.999784848241918 0.9999999949993749
o 4970 0.9992689677678922 0.9998761603306536
o 4980 0.9985580909074143 0.9995093820155696
o 4990 0.9232171001638684 0.9313186392579806
o 5000 0.9997427320109885 0.9999995494141014
o 5010 0.999784848241918 0.9999999949993749
o 5020 0.9939170574978193 0.9961142922905799
o 5030 0.9998341327646891 1
o 5040 0.9949210433152184 0.9969097889562678
o 5050 0.9974891765373674 0.9988198190301265
o 5060 0.9985078691024893 0.9994797052294327
o 5070 0.9992689677678922 0.9998761603306536
o 5080 0.9994730802517786 0.9999506585660503
o 5090 0.9990764961900899 0.99978951939873
o 5100 0.9958693839527202 0.9976408916037288
o 5110 0.9992409148798167 0.9998643624923798
o 5120 0.9998341327646891 1
o 5130 0.9960744214638696 0.9977957209692991
o 5140 0.9874326330868017 0.9906814009407237
o 5150 0.9998341327646891 1
o 5160 0.9998341327646891 1
o 5170 0.9996678275924519 0.9999940967944916
o 5180 0.9993257723589525 0.9998990270247117
o 5190 0.9989698028369101 0.9997365968529978
o 5200 0.9827600748778752 0.9865956561620418
o 5210 0.9803241287342757 0.9844324592747428
o 5220 0.9952808258303961 0.9971898049580897
o 5230 0.9998341327646891 1
o 5240 0.9990229026390082 0.9997633135035773
o 5250 0.9975602862033369 0.9988686350034939
o 5260 0.9973946521725114 0.9987544386726732
o 5270 0.9997427320109885 0.9999995494141014
o 5280 0.9998341327646891 1
o 5290 0.9998341327646891 1
o 5300 0.9996678275924519 0.9999940967944916
o 5310 0.9995668564461039 0.999976016692425
o 5320 0.9998341327646891 1
o 5330 0.9977509012387209 0.9989978077068434
o 5340 0.9998341327646891 1
o 5350 0.9995349878824064 0.9999681957182619
o 5360 0.9945628341288062 0.9966281894626924
o 5370 0.9994730802517786 0.9999506585660503
o 5380 0.9981616966934683 0.9992664707710186
o 5390 0.9998341327646891 1
o 5400 0.9996330653686861 0.9999891487861118
o 5410 0.9957557829105036 0.997554564113653
o 5420 0.9970428031898161 0.9985066120860036
o 5430 0.9998341327646891 1
o 5440 0.990323132354739 0.9931497852413586
o 5450 0.6010149189426515 0.6162284664009692
o 5460 0.9980399474396386 0.9991883950191714
o 5470 0.9998341327646891 1
o 5480 0.9993545677321735 0.9999100498624319
o 5490 0.9994130827814863 0.9999311292217226
o 5500 0.999784848241918 0.9999999949993749
o 5510 0.9995037605889281 0.9999597116202779
o 5520 0.999599491460172 0.9999830535762632
o 5530 0.998064229430307 0.9992040792410983
o 5540 0.9995037605889281 0.9999597116202779
o 5550 0.9998341327646891 1
o 5560 0.9925265848321886 0.9949854092341149
o 5570 0.999784848241918 0.9999999949993749
o 5580 0.9987102018538886 0.9995969315746592
o 5590 0.9994730802517786 0.9999506585660503
o 5600 0.6327360495063659 0.6476966842775329
o 5610 0.9980399474396386 0.9991883950191714
o 5620 0.9602637071322265 0.9661396948677374
o 5630 0.9988130027235841 0.999653867701341
o 5640 0.9946298867843653 0.9966811016233338
o 5650 0.9998341327646891 1
o 5660 0.9998341327646891 1
o 5670 0.9963949261562345 0.9980349958952714
o 5680 0.9969030863289797 0.9984064467814524
o 5690 0.999442873695936 0.9999411111022777
o 5700 0.9992130705901301 0.9998523473218889
o 5710 0.9984828397939801 0.999464783357556
o 5720 0.9543964563612255 0.960688907442632
o 5730 0.9737990474934105 0.978559788721901
o 5740 0.9968566305867083 0.998372940528608
o 5750 0.9998341327646891 1
o 5760 0.9993836603972324 0.9999207619417313
o 5770 0.9991306438647708 0.9998151511351715
o 5780 0.9993257723589525 0.9998990270247117
o 5790 0.9995668564461039 0.999976016692425
o 5800 0.9986592401095487 0.9995680130057608
o 5810 0.999784848241918 0.9999999949993749
o 5820 0.999784848241918 0.9999999949993749
o 5830 0.9992409148798167 0.9998643624923798
o 5840 0.99863385948088 0.9995534508999322
o 5850 0.999784848241918 0.9999999949993749
o 5860 0.999784848241918 0.9999999949993749
o 5870 0.9963490151246003 0.9980009395209813
o 5880 0.9998341327646891 1
o 5890 0.9987102018538886 0.9995969315746592
o 5900 0.9997041638433971 0.9999976422569008
o 5910 0.9966020844888756 0.998187685653262
o 5920 0.9998341327646891 1
o 5930 0.9998341327646891 1
o 5940 0.9988648919050572 0.999681833128126
o 5950 0.9901496493698395 0.9930033376199513
o 5960 0.9969961710612005 0.998473284157013
o 5970 0.9995668564461039 0.999976016692425
o 5980 0.999784848241918 0.9999999949993749
o 5990 0.999784848241918 0.9999999949993749
o 6000 0.9899329806584066 0.99282009247666
o 6010 0.9997041638433971 0.9999976422569008
o 6020 0.9971830790248064 0.9986062120708106
o 6030 0.9951682130791031 0.9971024818886722
o 6040 0.9997041638433971 0.9999976422569008
o 6050 0.9992130705901301 0.9998523473218889
o 6060 0.9997427320109885 0.9999995494141014
o 6070 0.9992130705901301 0.9998523473218889
o 6080 0.9965098982706061 0.9981199404896446
o 6090 0.9990764961900899 0.99978951939873
o 6100 0.9998341327646891 1
o 6110 0.9982597477012427 0.9993282676995614
o 6120 0.9998341327646891 1
o 6130 0.9998341327646891 1
o 6140 0.9998341327646891 1
o 6150 0.9997041638433971 0.9999976422569008
o 6160 0.9977509012387209 0.9989978077068434
o 6170 0.9996330653686861 0.9999891487861118
o 6180 0.9998341327646891 1
o 6190 0.9989698028369101 0.9997365968529978
o 6200 0.999442873695936 0.9999411111022777
o 6210 0.9989171466500022 0.9997094220119266
o 6220 0.9995349878824064 0.9999681957182619
o 6230 0.9988648919050572 0.999681833128126
o 6240 0.9998341327646891 1
o 6250 0.9990496341945716 0.9997764839702489
o 6260 0.9986592401095487 0.9995680130057608
o 6270 0.9998341327646891 1
o 6280 0.9998341327646891 1
o 6290 0.9972534418677634 0.9986557844757022
o 6300 0.9991854194751913 0.9998401310800589
o 6310 0.9992409148798167 0.9998643624923798
o 6320 0.9997041638433971 0.9999976422569008
o 6330 0.9998341327646891 1
o 6340 0.9998341327646891 1
o 6350 0.9998341327646891 1
o 6360 0.9998341327646891 1
o 6370 0.9968566305867083 0.998372940528608
o 6380 0.9993836603972324 0.9999207619417313
o 6390 0.99678705109857 0.9983225759189072
o 6400 0.992922357265093 0.9953094598274574
o 6410 0.9986592401095487 0.9995680130057608
o 6420 0.9960972496712833 0.9978128775862452
o 6430 0.9996678275924519 0.9999940967944916
o 6440 0.999784848241918 0.9999999949993749
o 6450 0.9998341327646891 1
o 6460 0.9960059934406409 0.9977441940439223
o 6470 0.999784848241918 0.9999999949993749
o 6480 0.9996330653686861 0.9999891487861118
o 6490 0.9988389036516672 0.9996678953600677
o 6500 0.9997041638433971 0.9999976422569008
o 6510 0.9998341327646891 1
o 6520 0.9991306438647708 0.9998151511351715
o 6530 0.9972065160734749 0.9986227536460907
o 6540 0.9992689677678922 0.9998761603306536
o 6550 0.9998341327646891 1
o 6560 0.5593263153951833 0.5747710841803155
o 6570 0.9546242068985555 0.9609010808598275
o 6580 0.9993545677321735 0.9999100498624319
o 6590 0.9992689677678922 0.9998761603306536
o 6600 0.9948313507369801 0.9968395302420648
o 6610 0.9756251631140553 0.9802130489201911
o 6620 0.9993545677321735 0.9999100498624319
o 6630 0.9998341327646891 1
o 6640 0.999784848241918 0.9999999949993749
o 6650 0.9876473439686809 0.9908666095041936
o 6660 0.999442873695936 0.9999411111022777
o 6670 0.9990764961900899 0.99978951939873
o 6680 0.9982106455758747 0.9992974473203111
o 6690 0.9990496341945716 0.9997764839702489
o 6700 0.9935403221669237 0.9958112089209974
o 6710 0.9991306438647708 0.9998151511351715
o 6720 0.9993545677321735 0.9999100498624319
o 6730 0.9970894973736582 0.998539877255987
o 6740 0.9714112080385526 0.9763884402711503
o 6750 0.9998341327646891 1
o 6760 0.9998341327646891 1
o 6770 0.9998341327646891 1
o 6780 0.9920442769644893 0.9945879273285018
o 6790 0.9998341327646891 1
o 6800 0.9997041638433971 0.9999976422569008
o 6810 0.9996678275924519 0.9999940967944916
o 6820 0.9996330653686861 0.9999891487861118
o 6830 0.9990764961900899 0.99978951939873
o 6840 0.9995668564461039 0.999976016692425
o 6850 0.9994730802517786 0.9999506585660503
o 6860 0.9997427320109885 0.9999995494141014
o 6870 0.9720181391267911 0.9769413031515434
o 6880 0.999442873695936 0.9999411111022777
o 6890 0.9997427320109885 0.9999995494141014
o 6900 0.9996330653686861 0.9999891487861118
o 6910 0.9799648488503196 0.9841118645054967
o 6920 0.999784848241918 0.9999999949993749
o 6930 0.9987871854159925 0.9996397540167659
o 6940 0.9989962943624112 0.9997500155155598
o 6950 0.9996330653686861 0.9999891487861118
o 6960 0.9998341327646891 1
o 6970 0.9998341327646891 1
o 6980 0.982611503629992 0.9864642800822936
o 6990 0.9799014666988194 0.9840552687457147
o 7000 0.9996330653686861 0.9999891487861118
o 7010 0.9992689677678922 0.9998761603306536
o 7020 0.9998341327646891 1
o 7030 0.9869607544237587 0.9902734556158375
o 7040 0.999599491460172 0.9999830535762632
o 7050 0.9997041638433971 0.9999976422569008
o 7060 0.9989962943624112 0.9997500155155598
o 7070 0.9997041638433971 0.9999976422569008
o 7080 0.999784848241918 0.9999999949993749
o 7090 0.9991579479265237 0.999827728109528
o 7100 0.9978708418570428 0.999077722372286
o 7110 0.9998341327646891 1
o 7120 0.9998341327646891 1
o 7130 0.9972769311337085 0.9986722731996572
o 7140 0.999784848241918 0.9999999949993749
o 7150 0.999784848241918 0.9999999949993749
o 7160 0.9996678275924519 0.9999940967944916
o 7170 0.9990229026390082 0.9997633135035773
o 7180 0.9995349878824064 0.9999681957182619
o 7190 0.9992689677678922 0.9998761603306536
o 7200 0.9942951061238854 0.9964160553418016
o 7210 0.9910837712416973 0.9937888372015838
o 7220 0.9971596588721757 0.9985896533979276
o 7230 0.9976792437995069 0.9989495473086407
o 7240 0.9969263355699712 0.9984231783076815
o 7250 0.9998341327646891 1
o 7260 0.998064229430307 0.9992040792410983
o 7270 0.9997427320109885 0.9999995494141014
o 7280 0.9995349878824064 0.9999681957182619
o 7290 0.9995668564461039 0.999976016692425
o 7300 0.9965559675880834 0.9981538370932204
o 7310 0.9998341327646891 1
o 7320 0.9909966982747094 0.9937159459961112
o 7330 0.9998341327646891 1
o 7340 0.9997427320109885 0.9999995494141014
o 7350 0.9728139368301115 0.9776652349216496
o 7360 0.9993836603972324 0.9999207619417313
o 7370 0.9869607544237587 0.9902734556158375
o 7380 0.9961886593866747 0.9978814063409817
o 7390 0.9967407321599208 0.9982889314230393
o 7400 0.996833423718342 0.9983561661753741
o 7410 0.9996678275924519 0.9999940967944916
o 7420 0.9970661424168645 0.9985232526257974
o 7430 0.9690283870810166 0.9742120679725658
o 7440 0.9995668564461039 0.999976016692425
o 7450 0.9998341327646891 1
o 7460 0.9988909714709572 0.9996956768430979
o 7470 0.999784848241918 0.9999999949993749
o 7480 0.9997041638433971 0.9999976422569008
o 7490 0.9986846867396864 0.9995825074237993
o 7500 0.999297246851899 0.9998877222821806
o 7510 0.9993836603972324 0.9999207619417313
o 7520 0.9994130827814863 0.9999311292217226
o 7530 0.9990496341945716 0.9997764839702489
o 7540 0.9996678275924519 0.9999940967944916
o 7550 0.9997427320109885 0.9999995494141014
o 7560 0.9990496341945716 0.9997764839702489
o 7570 0.9998341327646891 1
o 7580 0.962549112404758 0.9682535235116833
o 7590 0.9995668564461039 0.999976016692425
o 7600 0.9997427320109885 0.9999995494141014
o 7610 0.9995668564461039 0.999976016692425
o 7620 0.9990764961900899 0.99978951939873
o 7630 0.9992130705901301 0.9998523473218889
o 7640 0.9968566305867083 0.998372940528608
o 7650 0.999599491460172 0.9999830535762632
o 7660 0.9993836603972324 0.9999207619417313
o 7670 0.9998341327646891 1
o 7680 0.986853599303661 0.990180650519338
o 7690 0.9985580909074143 0.9995093820155696
o 7700 0.9943396753794747 0.9964514634102983
o 7710 0.9998341327646891 1
o 7720 0.9914106450698426 0.9940618277531692
o 7730 0.9982597477012427 0.9993282676995614
o 7740 0.9998341327646891 1
o 7750 0.9998341327646891 1
o 7760 0.9992409148798167 0.9998643624923798
o 7770 0.9989698028369101 0.9997365968529978
o 7780 0.9998341327646891 1
o 7790 0.9985580909074143 0.9995093820155696
o 7800 0.9764028929559837 0.9809150522515003
o 7810 0.9998341327646891 1
o 7820 0.9998341327646891 1
o 7830 0.9998341327646891 1
o 7840 0.9998341327646891 1
o 7850 0.9892841417648939 0.9922691861713484
o 7860 0.9991579479265237 0.999827728109528
o 7870 0.998532952220799 0.9994945720557045
o 7880 0.9998341327646891 1
o 7890 0.9993836603972324 0.9999207619417313
o 7900 0.9923729611989206 0.9948591004358006
o 7910 0.9998341327646891 1
o 7920 0.9951907220735846 0.9971199601512736
o 7930 0.999784848241918 0.9999999949993749
o 7940 0.9998341327646891 1
o 7950 0.9998341327646891 1
o 7960 0.999784848241918 0.9999999949993749
o 7970 0.9998341327646891 1
o 7980 0.9995668564461039 0.999976016692425
o 7990 0.9811491184303252 0.9851671808149262
o 8000 0.9951682130791031 0.9971024818886722
o 8010 0.9990229026390082 0.9997633135035773
o 8020 0.9987102018538886 0.9995969315746592
o 8030 0.9996330653686861 0.9999891487861118
o 8040 0.9998341327646891 1
o 8050 0.9998341327646891 1
o 8060 0.9995668564461039 0.999976016692425
o 8070 0.9998341327646891 1
o 8080 0.999784848241918 0.9999999949993749
o 8090 0.9990229026390082 0.9997633135035773
o 8100 0.9994730802517786 0.9999506585660503
o 8110 0.952926976556711 0.9593188777352145
o 8120 0.9995668564461039 0.999976016692425
o 8130 0.9996678275924519 0.9999940967944916
o 8140 0.9998341327646891 1
o 8150 0.9978468002059815 0.9990617938017794
o 8160 0.9514584117309268 0.9579479324749443
o 8170 0.9995668564461039 0.999976016692425
o 8180 0.999442873695936 0.9999411111022777
o 8190 0.9998341327646891 1
o 8200 0.9998341327646891 1
o 8210 0.9978468002059815 0.9990617938017794
o 8220 0.999784848241918 0.9999999949993749
o 8230 0.9965098982706061 0.9981199404896446
o 8240 0.999784848241918 0.9999999949993749
o 8250 0.9992689677678922 0.9998761603306536
o 8260 0.9997427320109885 0.9999995494141014
o 8270 0.9990496341945716 0.9997764839702489
o 8280 0.9991579479265237 0.999827728109528
o 8290 0.9778341104976679 0.9822033418610521
o 8300 0.999784848241918 0.9999999949993749
o 8310 0.999442873695936 0.9999411111022777
o 8320 0.999103496509203 0.9998024115070666
o 8330 0.9996678275924519 0.9999940967944916
o 8340 0.999784848241918 0.9999999949993749
o 8350 0.9995668564461039 0.999976016692425
o 8360 0.999599491460172 0.9999830535762632
o 8370 0.9996678275924519 0.9999940967944916
o 8380 0.9998341327646891 1
o 8390 0.9989434220919977 0.9997230637730928
o 8400 0.9994730802517786 0.9999506585660503
o 8410 0.9572968782061833 0.9633875165624532
o 8420 0.999784848241918 0.9999999949993749
o 8430 0.991891118296528 0.9944611516456663
o 8440 0.9994730802517786 0.9999506585660503
o 8450 0.9998341327646891 1
o 8460 0.9998341327646891 1
o 8470 0.9998341327646891 1
o 8480 0.9998341327646891 1
o 8490 0.999784848241918 0.9999999949993749
o 8500 0.9998341327646891 1
o 8510 0.9926144404943138 0.9950575146577324
o 8520 0.5766446042048439 0.5920069714194065
o 8530 0.9981128936006963 0.9992353457234481
o 8540 0.9996678275924519 0.9999940967944916
o 8550 0.9995037605889281 0.9999597116202779
o 8560 0.9998341327646891 1
o 8570 0.9994730802517786 0.9999506585660503
o 8580 0.999784848241918 0.9999999949993749
o 8590 0.9987102018538886 0.9995969315746592
o 8600 0.9995349878824064 0.9999681957182619
o 8610 0.9984578626277146 0.999449808165806
o 8620 0.999599491460172 0.9999830535762632
o 8630 0.9997041638433971 0.9999976422569008
o 8640 0.9969961710612005 0.998473284157013
o 8650 0.9994730802517786 0.9999506585660503
o 8660 0.9993836603972324 0.9999207619417313
o 8670 0.9972065160734749 0.9986227536460907
o 8680 0.9993836603972324 0.9999207619417313
o 8690 0.9989698028369101 0.9997365968529978
o 8700 0.9976078010658749 0.9989010690693881
o 8710 0.9981616966934683 0.9992664707710186
o 8720 0.9996678275924519 0.9999940967944916
o 8730 0.9998341327646891 1
o 8740 0.9998341327646891 1
o 8750 0.9991579479265237 0.999827728109528
o 8760 0.9998341327646891 1
o 8770 0.9992130705901301 0.9998523473218889
o 8780 0.9998341327646891 1
o 8790 0.9997427320109885 0.9999995494141014
o 8800 0.9998341327646891 1
o 8810 0.9998341327646891 1
o 8820 0.9998341327646891 1
o 8830 0.9998341327646891 1
o 8840 0.999784848241918 0.9999999949993749
o 8850 0.9997427320109885 0.9999995494141014
o 8860 0.9998341327646891 1
o 8870 0.9998341327646891 1
o 8880 0.9998341327646891 1
o 8890 0.9998341327646891 1
o 8900 0.9993545677321735 0.9999100498624319
o 8910 0.9995037605889281 0.9999597116202779
o 8920 0.9992689677678922 0.9998761603306536
o 8930 0.9996678275924519 0.9999940967944916
o 8940 0.9998341327646891 1
o 8950 0.9998341327646891 1
o 8960 0.9997041638433971 0.9999976422569008
o 8970 0.9998341327646891 1
o 8980 0.9987871854159925 0.9996397540167659
o 8990 0.9998341327646891 1
o 9000 0.9998341327646891 1
o 9010 0.9940725576711883 0.9962387154919856
o 9020 0.9996678275924519 0.9999940967944916
o 9030 0.9991854194751913 0.9998401310800589
o 9040 0.9997427320109885 0.9999995494141014
o 9050 0.9995037605889281 0.9999597116202779
o 9060 0.9998341327646891 1
o 9070 0.9998341327646891 1
o 9080 0.9998341327646891 1
o 9090 0.9991306438647708 0.9998151511351715
o 9100 0.9998341327646891 1
o 9110 0.9996330653686861 0.9999891487861118
o 9120 0.9994730802517786 0.9999506585660503
o 9130 0.9997427320109885 0.9999995494141014
o 9140 0.9995349878824064 0.9999681957182619
o 9150 0.9995037605889281 0.9999597116202779
o 9160 0.999784848241918 0.9999999949993749
o 9170 0.987346787962391 0.9906072781883117
o 9180 0.999784848241918 0.9999999949993749
o 9190 0.9996330653686861 0.9999891487861118
o 9200 0.9997041638433971 0.9999976422569008
o 9210 0.9988648919050572 0.999681833128126
o 9220 0.9998341327646891 1
o 9230 0.9998341327646891 1
o 9240 0.9997041638433971 0.9999976422569008
o 9250 0.9995349878824064 0.9999681957182619
o 9260 0.999784848241918 0.9999999949993749
o 9270 0.9997427320109885 0.9999995494141014
o 9280 0.6017573672047198 0.6169657687152763
o 9290 0.9991854194751913 0.9998401310800589
o 9300 0.9998341327646891 1
o 9310 0.9998341327646891 1
o 9320 0.9968566305867083 0.998372940528608
o 9330 0.99612008746949 0.9978300245310231
o 9340 0.9996678275924519 0.9999940967944916
o 9350 0.9936952978991156 0.9959361593135826
o 9360 0.9997041638433971 0.9999976422569008
o 9370 0.9996330653686861 0.9999891487861118
o 9380 0.9996678275924519 0.9999940967944916
o 9390 0.9998341327646891 1
o 9400 0.9949210433152184 0.9969097889562678
o 9410 0.9992130705901301 0.9998523473218889
o 9420 0.9996330653686861 0.9999891487861118
o 9430 0.9997041638433971 0.9999976422569008
o 9440 0.9998341327646891 1
o 9450 0.9976078010658749 0.9989010690693881
o 9460 0.9998341327646891 1
o 9470 0.999784848241918 0.9999999949993749
o 9480 0.9998341327646891 1
o 9490 0.9991306438647708 0.9998151511351715
o 9500 0.9979431363013752 0.9991253358653104
o 9510 0.9997041638433971 0.9999976422569008
o 9520 0.9982597477012427 0.9993282676995614
o 9530 0.8789202072150801 0.8889102548373372
o 9540 0.9927463231219569 0.9951655732255644
o 9550 0.9989434220919977 0.9997230637730928
o 9560 0.9964638754550494 0.998085996940606
o 9570 0.9996330653686861 0.9999891487861118
o 9580 0.9940947906981642 0.9962564714166792
o 9590 0.9998341327646891 1
o 9600 0.9996330653686861 0.9999891487861118
o 9610 0.9782766254211627 0.982600674021567
o 9620 0.9401504113142743 0.9473396988975926
o 9630 0.9970428031898161 0.9985066120860036
o 9640 0.9989171466500022 0.9997094220119266
o 9650 0.9997041638433971 0.9999976422569008
o 9660 0.999297246851899 0.9998877222821806
o 9670 0.9964638754550494 0.998085996940606
o 9680 0.9923510275816232 0.9948410436522112
o 9690 0.9993836603972324 0.9999207619417313
o 9700 0.8159005835960926 0.8278308647958558
o 9710 0.999297246851899 0.9998877222821806
o 9720 0.999442873695936 0.9999411111022777
o 9730 0.9997041638433971 0.9999976422569008
o 9740 0.9778341104976679 0.9822033418610521
o 9750 0.9988648919050572 0.999681833128126
o 9760 0.9995037605889281 0.9999597116202779
o 9770 0.5705099419720226 0.58590369632209
o 9780 0.9981128936006963 0.9992353457234481
o 9790 0.9996330653686861 0.9999891487861118
o 9800 0.9994730802517786 0.9999506585660503
o 9810 0.9993836603972324 0.9999207619417313
o 9820 0.9980156978384686 0.999172677844584
o 9830 0.9984080584682806 0.9994197042904669
o 9840 0.9922633240622374 0.9947687854383376
o 9850 0.7637171247167095 0.7768317427965545
o 9860 0.9977748368846215 0.9990138439272586
o 9870 0.9979914799067023 0.9991569284568658
o 9880 0.9957784861890406 0.9975718466746825
o 9890 0.9793312928864982 0.9835456409521565
o 9900 0.9987871854159925 0.9996397540167659
o 9910 0.9993836603972324 0.9999207619417313
o 9920 0.999297246851899 0.9998877222821806
o 9930 0.9998341327646891 1
o 9940 0.9923729611989206 0.9948591004358006
o 9950 0.9997041638433971 0.9999976422569008
o 9960 0.9862755115086126 0.9896789518453747
o 9970 0.9975602862033369 0.9988686350034939
o 9980 0.982866222502286 0.9866894708689273
o 9990 0.9997041638433971 0.9999976422569008
