
x disttype infty-general-gaussian
x k 1530
x std 0.5
x N 50000
x alpha 0.0005

o 0 0.7136692557787444 0.7276563500850051
o 10 0.7269315800270982 0.740709587399107
o 20 0.7056107211513668 0.7197175826101228
o 30 0.7236858355096573 0.7375164179654915
o 40 0.7387896160142837 0.75236758468307
o 50 0.5886568376384773 0.6039507002014053
o 60 0.9751210522877285 0.9797573323659328
o 70 0.19954663729836544 0.21215255447107706
o 80 0.9240170199228411 0.9320784536917558
o 90 0.7607686319810609 0.7739412208052554
o 100 0.37809278763170784 0.39326574827354255
o 110 0.6298837534051529 0.644869937716952
o 120 0.8174808352105585 0.8293700862540752
o 130 0.19810348276140152 0.210676201850587
o 140 0.6976354199560717 0.7118555545615237
o 150 0.9871537167015321 0.9904404215271245
o 160 0.7120573305401738 0.7260688149169852
o 170 0.8743381744624251 0.8844938115972419
o 180 0.9605128820686647 0.966370436467678
o 190 0.15085300510699484 0.1621828513595055
o 200 0.6306671023082038 0.6456463258840126
o 210 0.028370922238976713 0.03378767291365359
o 220 0.9539410241658969 0.9602644916843859
o 230 0.9979190093140644 0.999109494009705
o 240 0.9994730802517786 0.9999506585660503
o 250 0.4120019058756787 0.4273851636063737
o 260 0.26688734268757597 0.2807889063561718
o 270 0.3448197845067768 0.359710016683057
o 280 0.9746382040678317 0.9793203456954273
o 290 0.9984080584682806 0.9994197042904669
o 300 0.9589560837221578 0.9649277560560298
o 310 0.951872001819003 0.9583342044384167
o 320 0.4569126967261904 0.4724592066046691
o 330 0.9234016849496214 0.931493993136562
o 340 0.06918797901329367 0.07731610438782466
o 350 0.9651707621841 0.970670993146669
o 360 0.5260794635908834 0.5416291251227421
o 370 0.24469910438855383 0.2582246934186193
o 380 0.7399192879765203 0.7534775349120802
o 390 0.9909314186088312 0.9936612524436703
o 400 0.9854633898561419 0.9889713706467704
o 410 0.7460326561606629 0.7594821224320296
o 420 0.9639842463062939 0.9695779078267477
o 430 0.1658949272942599 0.17765577269851873
o 440 0.9643172125461923 0.9698848297192151
o 450 0.9402945898036066 0.9474754724420079
o 460 0.5753213390442516 0.5906906814716243
o 470 0.5016671030702006 0.5172497087918378
o 480 0.18383707360339596 0.19606748619562708
o 490 0.9690701511794361 0.9742502897607295
o 500 0.04746679002139999 0.05432493853718434
o 510 0.8378171486404946 0.8491469948930075
o 520 0.789890103900016 0.8024500224488873
o 530 0.9560326408483352 0.962212176467168
o 540 0.7026901696647773 0.7168391120431905
o 550 0.4060984682650882 0.42145059648700023
o 560 0.9971596588721757 0.9985896533979276
o 570 0.9450355049523292 0.9519329794471536
o 580 0.8090952574221452 0.8211984605662592
o 590 0.9640674813221791 0.96965464484945
o 600 0.8089332629834844 0.8210405090382873
o 610 0.9338124463470088 0.9413597716278561
o 620 0.8786554033959677 0.8886551467240934
o 630 0.06293755641353801 0.07072871609675968
o 640 0.1917985931258191 0.20422324530286373
o 650 0.9738200176710567 0.9785788113932643
o 660 0.9553075983435279 0.9615374611868005
o 670 0.9754570951018898 0.980061174510845
o 680 0.0992070922372523 0.10872655314259083
o 690 0.22710818741972855 0.24030160213600837
o 700 0.9545620908232146 0.9608432176763297
o 710 0.09760068967636248 0.10705351185008971
o 720 0.16031374117204647 0.17191887108207016
o 730 0.2050831801073831 0.21781412142853684
o 740 0.01883846457840137 0.02332368417880004
o 750 0.9947193687185263 0.9967515723000848
o 760 0.53723130332259 0.5527535310084963
o 770 0.17469540274038567 0.18669228421365647
o 780 0.8487182193780093 0.8597222933248231
o 790 0 0.00016586723531085122
o 800 0.9983090111814502 0.9993589235528282
o 810 0.7902743934308063 0.8028256046404441
o 820 0.4822305361988144 0.4978128271857585
o 830 0.8967020110215752 0.9060025391606481
o 840 0.999442873695936 0.9999411111022777
o 850 0.04731191463783227 0.05415986888987678
o 860 0.7885350461425723 0.8011255325465787
o 870 0.14130132538961637 0.15233781024878312
o 880 0.977960517320353 0.9823168913845264
o 890 0.6277748429421646 0.6427795560643685
o 900 0.44357247856063536 0.45908392734379255
o 910 0.10722487005699768 0.11706600267400102
o 920 0.7026096077026363 0.7167597009828395
o 930 0.7172360331777347 0.7311683788100654
o 940 0.9206131606556379 0.9288434440045106
o 950 0.5362300810798589 0.5517550902710417
o 960 0.9792257566198349 0.9834512138810432
o 970 0.9799648488503196 0.9841118645054967
o 980 0.04500928211438966 0.05170331970312181
o 990 0.9010110709347688 0.9101320471333194
o 1000 0.9932751135042507 0.9955965419130944
o 1010 0.9995668564461039 0.999976016692425
o 1020 0.9912798280218552 0.9939526992962495
o 1030 0.6038844827812719 0.6190779385710272
o 1040 0.0010827480523211961 0.002368407822981977
o 1050 0.3221428257477033 0.33679466176500095
o 1060 0.9957330879426143 0.9975372731773589
o 1070 0.6791771382610212 0.6936400202545632
o 1080 0.9493914844331844 0.9560155489012869
o 1090 0.9613229369736594 0.967120110126409
o 1100 0.18373832134546053 0.195966272220517
o 1110 0.9980156978384686 0.999172677844584
o 1120 0.4847694194103192 0.5003530879621624
o 1130 0.018781596455206218 0.023260574002673118
o 1140 0.7505128850115137 0.7638803956901792
o 1150 4.5058589854506926e-07 0.0002572679890114893
o 1160 0.24024048057127406 0.2536848352953064
o 1170 0.933750766769976 0.9413014717107975
o 1180 0.9719344048345503 0.9768650658830975
o 1190 0.9648584332404356 0.970383427113091
o 1200 0.8550361191088097 0.8658422900595781
o 1210 0.9037694971611389 0.9127727042272121
o 1220 0.017626341621900965 0.02197627151101378
o 1230 0.12888678370607715 0.1395166203272421
o 1240 0.017872369255968357 0.022250149298562172
o 1250 0.97610853536249 0.9806495109106531
o 1260 0.42349292284598333 0.43893026401030155
o 1270 0.5007470003073698 0.5163301216062874
o 1280 0.1615559901523464 0.17319619637529104
o 1290 0.93702118176251 0.9443899692873863
o 1300 0.0055388483543337445 0.008108881703472015
o 1310 0.9895867217362898 0.99252648793873
o 1320 0.02888819730703009 0.03435020850514103
o 1330 0.20027814718263856 0.21290079479506507
o 1340 0.9620917927372407 0.9678309965819649
o 1350 0.18836061199994855 0.20070240135472583
o 1360 0.8597311676494199 0.8703856786772488
o 1370 0.8582269035728953 0.8689304434444751
o 1380 0.05176819031159714 0.05890201473976975
o 1390 0.9844611192616602 0.9880940040514578
o 1400 0.24721617704259682 0.2607867639377912
o 1410 0.9990764961900899 0.99978951939873
o 1420 0.3719370704256296 0.38706354855345204
o 1430 0.6579371379902315 0.6726471410748677
o 1440 0.38072280791104696 0.3959148381488832
o 1450 0.8347535783381969 0.8461715858859341
o 1460 0.984141719448559 0.9878135186873485
o 1470 0.21313412413415894 0.22604043013549524
o 1480 0.7913464045489716 0.8038732356902338
o 1490 0.9722275027916009 0.9771318683580508
o 1500 0.8964978562898924 0.9058067617473075
o 1510 0.29463851617345177 0.30894830402517215
o 1520 0.948379291373077 0.9550680792826501
o 1530 0.23059342718241785 0.24385517471496398
o 1540 0.9922414058479189 0.9947507131873994
o 1550 0.9462322094275784 0.9530558764725261
o 1560 0.9997427320109885 0.9999995494141014
o 1570 0.4993268934344319 0.5149107070370844
o 1580 0.004331838789331963 0.006636546926323317
o 1590 0.15993911813159908 0.1715336225194839
o 1600 0.03276458806541621 0.038552406618981294
o 1610 0.0004030684253407234 0.0012897981461114094
o 1620 0.33833303690820465 0.35315896222011434
o 1630 0.9800071069537101 0.984149591671136
o 1640 0.7068596162895942 0.7209482693088719
o 1650 0.9992689677678922 0.9998761603306536
o 1660 0.40456296353764204 0.4199066202580999
o 1670 0.12251825617846065 0.13292734063701517
o 1680 0.9836736566002813 0.9874017491770309
o 1690 0.07583777913847407 0.08430398240293435
o 1700 0.48580902011422045 0.5013931367652287
o 1710 0.6935682051131187 0.7078441317014998
o 1720 0.5247983527013602 0.5403506673933312
o 1730 0.049054797419844705 0.05601636798962928
o 1740 0.7711913426668227 0.7841550277383942
o 1750 0.919690836589178 0.9279660745326802
o 1760 0.7968693500033522 0.8092684469447935
o 1770 0.7665448651233651 0.7796030575697538
o 1780 0.7500284893485833 0.7634049532910934
o 1790 0.16325195015009464 0.17493965525408917
o 1800 0.3153832500776518 0.3299565300108187
o 1810 0.9403151872415135 0.9474948681514995
o 1820 0.12450304837063507 0.13498186480473162
o 1830 0.05351387694513491 0.06075571140910985
o 1840 0.002135710990775583 0.0038342077722706147
o 1850 2.357743099213211e-06 0.0002958361566028911
o 1860 0.9932309668614464 0.9955607090108873
o 1870 0.9937839489956886 0.9960074655232721
o 1880 0.933750766769976 0.9413014717107975
o 1890 0.55137193374105 0.5668481418316865
o 1900 0.9988648919050572 0.999681833128126
o 1910 0.8164678338612834 0.8283834253798235
o 1920 0.9305242187440117 0.9382490923038611
o 1930 0.859100977118184 0.8697760789620157
o 1940 0.8336987422097595 0.8451467734852851
o 1950 0.14622388066949107 0.1574135645164918
o 1960 0.023325554997387393 0.02827490321665782
o 1970 0.9935403221669237 0.9958112089209974
o 1980 0.9954387769278694 0.997311761961519
o 1990 0.22374236668945918 0.2368685700891947
o 2000 0.788332807835787 0.8009278383658083
o 2010 0.029156498003900924 0.0346418097055079
o 2020 0.9953936121760423 0.9972769532249312
o 2030 0.2813742096480462 0.2954971156428159
o 2040 0.8699415728390176 0.8802518758161899
o 2050 0.9561362382960986 0.9623085444039163
o 2060 0.23562436390673613 0.24898252407797583
o 2070 0.34647156157939646 0.36137768002199144
o 2080 0.45317766873429716 0.4687154950420206
o 2090 0.9690283870810166 0.9742120679725658
o 2100 0.8894783974186133 0.8990685539400116
o 2110 0.8221820876116636 0.8339472664477806
o 2120 0.00876340825533869 0.011922800495111519
o 2130 0.7952102520657872 0.8076480985661507
o 2140 0.9964178981004407 0.998052007502891
o 2150 0.7587493706027875 0.7719611570056315
o 2160 0.6451930825955662 0.6600354711374732
o 2170 0.9896948746063506 0.9926182925641336
o 2180 0.874073505634178 0.8842385684641492
o 2190 0.44361241094207576 0.45912398148147593
o 2200 0.6910516959748272 0.7053614838265503
o 2210 0.8449007129715036 0.8560210710393862
o 2220 0.9939836726426157 0.9961676444566422
o 2230 0.6562483125227171 0.670976532916536
o 2240 0.7809729206709204 0.7937301828189247
o 2250 0.3135942442501055 0.3281461427106952
o 2260 0.6072159296694044 0.6223853726345361
o 2270 0.5626729669556815 0.5781033069389592
o 2280 0.3406410295905259 0.3554901874424419
o 2290 0.9767183887436428 0.9811994480327534
o 2300 0.3106923431089757 0.3252090283463085
o 2310 0.3262988384846272 0.3409972398078306
o 2320 0.001115136713625694 0.002415967460000501
o 2330 0.8639808618024477 0.8744945701957383
o 2340 0.9979672929505882 0.9991411475683059
o 2350 0.10989280673988133 0.11983714447158555
o 2360 0.38785691856074084 0.4030983141628893
o 2370 0.9321063388682697 0.9397464462816846
o 2380 0.877087112911879 0.8871439588038255
o 2390 0.4848094034300142 0.5003930904619502
o 2400 0.9958921299523205 0.9976581311058543
o 2410 0.946252846614033 0.9530752324130267
o 2420 0.2096126163788921 0.2224431393527232
o 2430 0.7950281660199975 0.8074702453809639
o 2440 0.9590598305066332 0.9650239745513494
o 2450 0.9989434220919977 0.9997230637730928
o 2460 0.29453920541870404 0.30884764849913116
o 2470 0.9970661424168645 0.9985232526257974
o 2480 0.9890250687825238 0.9920483596867744
o 2490 0.8104722790978734 0.822540979598438
o 2500 0.6521674134627996 0.6669388006953595
o 2510 0.668494681044066 0.6830860580756103
o 2520 0.8225469045250803 0.8343023279166458
o 2530 0.8397043504942978 0.8509791643458386
o 2540 0.14665716763109665 0.1578601288115392
o 2550 0.46985885756524703 0.485428678044879
o 2560 0.7491202780571736 0.762513468213652
o 2570 0.048376871397484096 0.05529453431814568
o 2580 0.8069084755300984 0.8190659718911681
o 2590 0.08321968330643977 0.09203950795516125
o 2600 0.9970661424168645 0.9985232526257974
o 2610 0.9884645870495095 0.9915690568296796
o 2620 0.625846830892277 0.6408682153182916
o 2630 0.7240890083443272 0.7379131102197083
o 2640 0.894089268612397 0.9034961499991772
o 2650 0 0.00016586723531085122
o 2660 0.48716854877217214 0.502753149770284
o 2670 0.7792547035529921 0.7920489737092722
o 2680 0.9882277904269419 0.9913659436727514
o 2690 0.04564760955441063 0.05238476522157531
o 2700 0.8720581984930482 0.8822945460021877
o 2710 0.9961657922277294 0.9978642890092243
o 2720 0.6805052059519502 0.6949515075015212
o 2730 0.9476565296723769 0.9543910817942575
o 2740 0.7864318828250207 0.7990693979816855
o 2750 0.9988909714709572 0.9996956768430979
o 2760 0.874236377858555 0.8843956420622991
o 2770 0.4907675790531166 0.5063529062446442
o 2780 0.9946746164213873 0.9967163483612492
o 2790 0.9979914799067023 0.9991569284568658
o 2800 0.4554346117665695 0.47097779034973
o 2810 1.694642373683569e-05 0.00040050853982798174
o 2820 0.9931647753590979 0.9955069310599574
o 2830 0.9835886027104966 0.9873268334538046
o 2840 0.9998341327646891 1
o 2850 0.9996678275924519 0.9999940967944916
o 2860 0.19243094704883357 0.20487067531075986
o 2870 0.8557270378698333 0.8665111412926897
o 2880 0.9942060279421857 0.9963451785319084
o 2890 0.6753140538116429 0.6898243994104278
o 2900 0.05945651679842816 0.06705097818261263
o 2910 0.9432207375914835 0.9502283509397962
o 2920 0.055843023220836785 0.06322574361339262
o 2930 0.5434395852352681 0.5589431595656735
o 2940 0.20672471644430165 0.21949202480814378
o 2950 0.8236008730110326 0.8353280080834943
o 2960 0.9256993529243878 0.933675561644665
o 2970 0.7541664036039284 0.767465655784969
o 2980 0.7105059561289498 0.7245407086801625
o 2990 0.7285042202636606 0.7422564209903821
o 3000 0.9962802289563542 0.9979497738504909
o 3010 0.9594541194276478 0.9653895536564202
o 3020 0.9780658721568503 0.9824115001477269
o 3030 0.6574143951474283 0.6721300592244218
o 3040 0.999784848241918 0.9999999949993749
o 3050 0.6838659244745492 0.6982696628211056
o 3060 0.947924961634827 0.9546425604003794
o 3070 0.8846052740154435 0.8943832975312122
o 3080 0.5056678563767815 0.5212476074338803
o 3090 0.9308734649372599 0.9385797300253745
o 3100 0.9603882903731477 0.9662550698981869
o 3110 0.48157085927740834 0.4971527265355923
o 3120 0.05873739545053767 0.0662903523983116
o 3130 0.37402867371329973 0.3891712374208681
o 3140 0.9208591426360437 0.9290773802907706
o 3150 0.2824660525488939 0.2966049017972928
o 3160 0.03931109255736724 0.04560354363877461
o 3170 0.9838863559990058 0.9875889736869883
o 3180 0.6875692617687986 0.7019250847032007
o 3190 0.2378629485430587 0.2512631769871979
o 3200 0.580694949860152 0.5960352641187707
o 3210 0.9899329806584066 0.99282009247666
o 3220 0.27807913705248943 0.29215330783551063
o 3230 0.05864022837214354 0.06618755365299123
o 3240 0.043288599852169644 0.049864614785299355
o 3250 0.015831545751605246 0.019971762990576458
o 3260 0.6400287765453787 0.6549215099114551
o 3270 0.7990345210091986 0.8113825534209151
o 3280 0.31041409584136426 0.3249273700183336
o 3290 0.882444906506655 0.8923043833982697
o 3300 0.48414967347627175 0.4997330428440089
o 3310 0.7974561439100704 0.8098414572186553
o 3320 0.008283345937596536 0.011363076129364935
o 3330 0.885542967823758 0.8952852919418687
o 3340 0.7468196537123506 0.7602548617430129
o 3350 0.9806413050203419 0.9847151721300834
o 3360 0.5332866700302786 0.5488194921567522
o 3370 0.9738829308521623 0.9786358767560325
o 3380 0.9749950678555318 0.9796433598995078
o 3390 0.006211162798416296 0.008916228758302669
o 3400 0.0031956352553275443 0.005213459639783036
o 3410 0.9610528780992549 0.9668702595105976
o 3420 0.04564760955441063 0.05238476522157531
o 3430 0.9828874545789383 0.9867082312539202
o 3440 0.005865471454330474 0.00850209224358811
o 3450 0.0034424369708212694 0.005526492984021303
o 3460 0.9019712808447022 0.9110515181198813
o 3470 0.6917361614910105 0.7060367890194207
o 3480 0.9990764961900899 0.99978951939873
o 3490 0.009114877471376232 0.012331177131053583
o 3500 0.7602032180721159 0.7733868236662063
o 3510 0.5741585163559746 0.5895338951243079
o 3520 0.9957784861890406 0.9975718466746825
o 3530 0.9961429349554335 0.9978471617053387
o 3540 0.8659944900008342 0.8764402719357319
o 3550 0.010842262667725167 0.014323054671358415
o 3560 0.11621303414754032 0.12639473599726847
o 3570 0.6776680528281087 0.6921496114356089
o 3580 0.700233149346438 0.7144169551690728
o 3590 0.9521615566153605 0.9586045530526336
o 3600 0.020793691462291337 0.02548771575153752
o 3610 0.4995069035065339 0.5150906363028234
o 3620 0.6102868096559975 0.6254334612263857
o 3630 0.9852286064193986 0.9887662394350276
o 3640 0.01586927157686285 0.020014022432291778
o 3650 0.9952132377921347 0.9971374316439408
o 3660 0.897804548480118 0.9070596352581872
o 3670 0.8188991551440078 0.830751293418109
o 3680 0.1623447813857577 0.17400713484807673
o 3690 0.9164537749120216 0.9248842117723919
o 3700 0.9319213836695953 0.939571462962362
o 3710 0.442634082143567 0.4581426405609841
o 3720 0.9919786202999914 0.9945336121972732
o 3730 0.9002348316850093 0.9093885443537342
o 3740 0.9729186912208496 0.9777604448862726
o 3750 0.1823756062511605 0.194569453306076
o 3760 0.9958011978544946 0.9975891207832343
o 3770 0.9165152194109577 0.9249427468577958
o 3780 0.5720936111540136 0.5874794946231112
o 3790 0.5365504687702214 0.5520745947344015
o 3800 0.9295998861468152 0.9373737321270962
o 3810 0.2843719355331275 0.29853837135327355
o 3820 0.671954437990515 0.6865051413334007
o 3830 0.5138709598426972 0.5294417404571177
o 3840 0.20733786050865888 0.22011867148533426
o 3850 0.9131982150158002 0.9217808533703034
o 3860 0.9969495993090236 0.9984398951779412
o 3870 0.5675031970218506 0.5829114523764259
o 3880 0.41493410270873743 0.4303319758874524
o 3890 0.9047301128077192 0.9136917693621903
o 3900 0.11003015129542115 0.1199797524903432
o 3910 0.0388289138278356 0.045085895220860595
o 3920 0.6109291253175221 0.6260709298415357
o 3930 0.9378443899226677 0.9451664873506886
o 3940 0.48990777403018915 0.5054930010982055
o 3950 0.933771326518999 0.9413209051265324
o 3960 0.9691119166442396 0.9742885101812045
o 3970 0.04479654437353226 0.05147613314601707
o 3980 0.6798009191614446 0.6942560303102954
o 3990 0.6344636343838393 0.6494085195988384
o 4000 0.1383291597097285 0.1492709971361681
o 4010 0.14573152892359656 0.15690608529208538
o 4020 0.8330699381109329 0.8445357871087961
o 4030 0.9430558123426408 0.9500733310819508
o 4040 0.9984080584682806 0.9994197042904669
o 4050 0.008744924814131555 0.011901292088400739
o 4060 0.2939036261226378 0.308203443598593
o 4070 0.9971830790248064 0.9986062120708106
o 4080 0.8564180001510668 0.8671799489978245
o 4090 0.4307368441970832 0.4462038958331851
o 4100 0.9996330653686861 0.9999891487861118
o 4110 0.9384413362667745 0.9457293424626783
o 4120 0.9715367530521459 0.9765028526592406
o 4130 0.9838863559990058 0.9875889736869883
o 4140 0.7075042326746183 0.7215834370962093
o 4150 0.919117031524421 0.9274200702546387
o 4160 0.5348884926475681 0.5504171303092322
o 4170 0.4409370531495621 0.4564402424921665
o 4180 0.48922794449768764 0.5048130597991572
o 4190 0.014663424191834733 0.018660343453934303
o 4200 0.5182534773295576 0.5338177468468752
o 4210 0.164731163626627 0.17645993500852597
o 4220 0.0015601048220589995 0.003050400690976396
o 4230 0.42910032917360263 0.4445609635809148
o 4240 0.05134162582511377 0.058448730052035436
o 4250 0.06786310470812312 0.07592144212608176
o 4260 0.9447054656818542 0.9516231286025155
o 4270 0.7368128321007743 0.7504250297510231
o 4280 0.17437959465372538 0.1863682003788697
o 4290 0.49308716789747414 0.5086725355316621
o 4300 0.9875614426497399 0.9907925430879243
o 4310 0.13634161228037953 0.1472192277023331
o 4320 0.025577729158645094 0.03074189342810929
o 4330 0.9987614482791993 0.999625557902435
o 4340 0.9403975782730218 0.947572449709089
o 4350 0.924283690258222 0.9323316947426357
o 4360 0.7844300680632499 0.7971118810807927
o 4370 0.9996330653686861 0.9999891487861118
o 4380 0.7383054889898897 0.7518918736240522
o 4390 0.9881202178383257 0.9912735571030566
o 4400 0.11805895926876196 0.1283081743553084
o 4410 0.5816775396650579 0.5970123440121047
o 4420 0.3369204822015921 0.35173199562701973
o 4430 0.979078032315462 0.9833189894732489
o 4440 0.8377156941637128 0.8490484831692411
o 4450 0.3481632421471007 0.3630854263856331
o 4460 0.9296204246412679 0.9373931868063303
o 4470 0.6745897889833576 0.6891089069929832
o 4480 0.9807047591647817 0.9847716957838963
o 4490 0.8767205394293082 0.8867906542091573
o 4500 0.31222275702589963 0.32675809520772936
o 4510 0.9919786202999914 0.9945336121972732
o 4520 0.06811635750743059 0.07618810071744975
o 4530 0.19717439535955442 0.20972560656919315
o 4540 0.9979431363013752 0.9991253358653104
o 4550 0.00061059424850451 0.0016415551285525742
o 4560 0.9679221268295012 0.9731987017576725
o 4570 0.5658997183218437 0.5813154703298324
o 4580 0.6395666473963665 0.6544637941273268
o 4590 5.903205508420937e-06 0.0003321724075481258
o 4600 0.39792329670249765 0.41322853180829044
o 4610 0.4510207404043122 0.46655315133168695
o 4620 0.08945710828568397 0.09855991621961413
o 4630 0.5814970616345392 0.5968328827103346
o 4640 0.8423428529410386 0.853539783006046
o 4650 0.8310214617965768 0.8425449460376362
o 4660 0.5193942308774451 0.534956609101934
o 4670 0.9624243766878535 0.9681383010754072
o 4680 0.437423495560137 0.45291498640215666
o 4690 0.37402867371329973 0.3891712374208681
o 4700 0.06949977374552752 0.07764420063444089
o 4710 0.4185847783782485 0.4340000666733418
o 4720 0.8192436251825261 0.8310867085290481
o 4730 0.5613903756187504 0.5768263296752705
o 4740 0.3064195944171497 0.32088322683730053
o 4750 0.12405102886709667 0.134514039981519
o 4760 0.09865852272444929 0.10815531254864852
o 4770 0.6319727312397879 0.6469402587342545
o 4780 0.9264176115948706 0.9343570642849884
o 4790 0.39010910189576603 0.40536536908588716
o 4800 0.999784848241918 0.9999999949993749
o 4810 0.9300517563632523 0.9378017117217873
o 4820 0.959205085396683 0.9651586710462312
o 4830 0.11375896048767599 0.1238496562224648
o 4840 0.9974418742737955 0.998787169461314
o 4850 0.0402951039299559 0.046659179883705604
o 4860 0.9467481840269952 0.9535397300228936
o 4870 0.7607484383487905 0.7739214211858247
o 4880 0.3582955573065732 0.3733096796340434
o 4890 0.9561362382960986 0.9623085444039163
o 4900 0.0959163303983166 0.10529845450628117
o 4910 0.8338001650533688 0.8452453168469575
o 4920 0.9942951061238854 0.9964160553418016
o 4930 0.964608615706002 0.9701533286266691
o 4940 0.5934510147632083 0.6087149119771222
o 4950 0.9920661683332538 0.9946060265349213
o 4960 0.4377628561596269 0.4532555112146964
o 4970 0.012429744560993059 0.01613491813580714
o 4980 0.037094087639737525 0.04322134435324965
o 4990 0.4156721826322805 0.4310736465580485
o 5000 0.9988389036516672 0.9996678953600677
o 5010 0.9899546384624376 0.992838426086989
o 5020 0.9597862156513453 0.9656973462501398
o 5030 0.9149793183401788 0.9234791582505953
o 5040 0.5098691839843745 0.52544486437054
o 5050 0.2589929360632141 0.2727659976968936
o 5060 0.6144018855067602 0.6295170033908183
o 5070 0.43085659256344383 0.4463241070236881
o 5080 0.9954161909056825 0.9972943612656486
o 5090 0.4538567320696847 0.46939620253449055
o 5100 0.9659622847155936 0.9713992043065427
o 5110 0.9390177958204639 0.946272691165603
o 5120 0.9228069375104014 0.930928938203389
o 5130 0.08370826504135148 0.09255075634016463
o 5140 0.9663373643669475 0.9717439983786849
o 5150 0.4852492309348954 0.5008331146714955
o 5160 0.9222532738911431 0.9304027857963308
o 5170 0.9992689677678922 0.9998761603306536
o 5180 0.03570742473946032 0.041728506429374534
o 5190 0.7126013430134516 0.7266046203316567
o 5200 0.937515083714201 0.9448559030803468
o 5210 0.8613983047033836 0.8719979867579439
o 5220 0.7770313698443342 0.7898730499228226
o 5230 0.43600620561850584 0.4514927549178065
o 5240 0.3719370704256296 0.38706354855345204
o 5250 0.8839530284141562 0.8937557600089755
o 5260 0.9993836603972324 0.9999207619417313
o 5270 0.9826539483676309 0.9865018203029313
o 5280 5.000625091698381e-09 0.00021515175808195508
o 5290 0.32013465196952057 0.3347635165645708
o 5300 0.8817724529530344 0.8916570605658352
o 5310 0.7763846326014767 0.7892400031621087
o 5320 0.9857837653357585 0.9892508783119285
o 5330 0.10793100053255102 0.11779962824690071
o 5340 0.00839403415105412 0.011492338429597071
o 5350 0.8608290086244487 0.8714474723086145
o 5360 0.849835278064239 0.8608048626743772
o 5370 0.7918925493173065 0.8044069086272598
o 5380 0.29420155186335784 0.30850541669993614
o 5390 0.9713902852205394 0.9763693701874286
o 5400 0.9236067876362868 0.9316888222960469
o 5410 0.004063840686417587 0.006304702100884407
o 5420 0.9315309507669439 0.9392020256485542
o 5430 0.9301750022139973 0.9379184249069762
o 5440 0.9994130827814863 0.9999311292217226
o 5450 0.05118652726232853 0.0582838834683721
o 5460 0.8994178338442785 0.9086058137161312
o 5470 0.9925705061400958 0.9950214684973474
o 5480 0.8277769930177504 0.8393904960931651
o 5490 0.7295123809656757 0.7432479229943907
o 5500 0.734735385405438 0.7483831713185591
o 5510 0.5903417343791537 0.6056252372186306
o 5520 0.5380723543573325 0.5535921968769899
o 5530 0.23752615426925516 0.2509200859652645
o 5540 0.19727323194388116 0.2098267362274968
o 5550 0.5584245841323624 0.5738731187692857
o 5560 0.4380822577176171 0.45357600180913105
o 5570 0.8675405807041875 0.8779336667884083
o 5580 0.1966604547457946 0.2091997227222857
o 5590 0.4085514477061134 0.4239167879275455
o 5600 0.2769081088225784 0.2909647340015591
o 5610 0.3643089750816224 0.3793742258852213
o 5620 1.694642373683569e-05 0.00040050853982798174
o 5630 0.03191931358099224 0.037637987735095524
o 5640 0.4546955950624809 0.4702370564467728
o 5650 0.1792753991216379 0.1913907207905029
o 5660 0.6864219748476265 0.7007927560130576
o 5670 0.2739510299681965 0.28796281782979727
o 5680 0.03788419649470342 0.04407095157768737
o 5690 0.4479054363437005 0.46342950689204765
o 5700 0.20571604300183818 0.21846104251934206
o 5710 0.24315333796048272 0.2566509860985581
o 5720 0.9985832870189011 0.9995241331856756
o 5730 1.694642373683569e-05 0.00040050853982798174
o 5740 0.3091023994793595 0.3235995114318587
o 5750 0.5226966413197996 0.5382530865086192
o 5760 0.7103246332635048 0.724362092248669
o 5770 0.9580226106508875 0.9640615414300734
o 5780 0.9860830147663482 0.9895115193044451
o 5790 0.9184818228710699 0.9268154899665321
o 5800 0.5809556338941683 0.5962944924537759
o 5810 0.9492262019966616 0.955860886425904
o 5820 0.7504725182721345 0.7638407759243973
o 5830 0.0016438338246257576 0.0031665762816579512
o 5840 0.7624245802249022 0.7755647191937407
o 5850 0.004081678046702368 0.006326854122682191
o 5860 0.7090957035332149 0.7231514334085258
o 5870 0.6998102444828314 0.7140000016620505
o 5880 0.9430145824019788 0.9500345747452049
o 5890 0.24569004134943298 0.25923341912154463
o 5900 0.2614125293419307 0.27522558144415354
o 5910 0.004403458086905679 0.006724886495749316
o 5920 0.9998341327646891 1
o 5930 0.43486842759616884 0.4503509171479667
o 5940 0.21174917789971323 0.22462584884678005
o 5950 0.930442047488002 0.9381712908723102
o 5960 0.0034424369708212694 0.005526492984021303
o 5970 0.9807259119604405 0.9847905355853821
o 5980 0.9990764961900899 0.99978951939873
o 5990 0.7380029151017 0.7515945487097392
o 6000 0.628377373063717 0.6433768236906816
o 6010 0.018137429362841257 0.022544987486083135
o 6020 0.9129935270785299 0.9215856093182259
o 6030 0.7938750003903448 0.8063437958760598
o 6040 0.0010021922931565453 0.0022490987612791002
o 6050 0.01736149824765321 0.021681216891914712
o 6060 0.24838562949771067 0.2619769134372799
o 6070 0.281533020017599 0.29565825131744083
o 6080 0.8958037739259631 0.9051410748066749
o 6090 0.8476621897512169 0.8586986746103844
o 6100 0.9641299104396038 0.9697121947585526
o 6110 0.9998341327646891 1
o 6120 0.7992773617534985 0.811619631644461
o 6130 0.7259638559853876 0.739757635235254
o 6140 0.9934076463397341 0.9957039472638908
o 6150 0.7063358781929888 0.7204321827646127
o 6160 0.28089778497016005 0.29501370218837797
o 6170 0.6707877253559414 0.6853522450643529
o 6180 0.7929039748989163 0.8053951454579842
o 6190 0.9193424471820372 0.927634579698718
o 6200 0.7416946067740685 0.7552216224058367
o 6210 0.035091488312179266 0.041064664966123154
o 6220 0.13642031995603535 0.1473004929705526
o 6230 0.3842697212156917 0.3994867249115599
o 6240 0.7327589683896797 0.7464402494613329
o 6250 0.1055186543962567 0.11529280794513808
o 6260 0.05949539245964274 0.06709208885470175
o 6270 0.02770070562144404 0.033058135262641675
o 6280 0.13400032927788233 0.14480131567209642
o 6290 0.2114128501266266 0.22428229136584876
o 6300 0.8146040932502655 0.8265677874759221
o 6310 0.9994730802517786 0.9999506585660503
o 6320 0.9723740812934887 0.977265240039881
o 6330 0.9090444814520425 0.9178159670973983
o 6340 0.7365506191840334 0.7501673303708828
o 6350 0.999784848241918 0.9999999949993749
o 6360 0.6500166406497048 0.6648102949412905
o 6370 0.18042062305368423 0.19256510512583147
o 6380 0.4503217673258482 0.46585236032322774
o 6390 0.9948986110824958 0.9968922334240068
o 6400 0.7844300680632499 0.7971118810807927
o 6410 0.9928123100090981 0.9952195567343155
o 6420 0.997136255370979 0.9985730778766523
o 6430 0.7885552701031625 0.8011453018346318
o 6440 0.2917388082532332 0.3060089965553394
o 6450 0.9969495993090236 0.9984398951779412
o 6460 0.795817219908058 0.8082409281588162
o 6470 0.23821956041969064 0.2516264436595791
o 6480 0.9317980849618342 0.9394548026561128
o 6490 0.00931859905927629 0.012567366913198263
o 6500 0.12924071422441555 0.13988256801088783
o 6510 0.17495200196386898 0.18695559717696175
o 6520 0.1993687073325142 0.2119705451976568
o 6530 0.6271924090972032 0.6422021854193833
o 6540 0.9375356644524023 0.9448753154974834
o 6550 0.8743381744624251 0.8844938115972419
o 6560 0.6931454139289539 0.7074270645084427
o 6570 0.07560360816654128 0.08405823502741383
o 6580 0.5227767039852788 0.5383329968818777
o 6590 0.05390194609156044 0.06116750528558845
o 6600 0.9778551768705808 0.9822222682145008
o 6610 0.996879851396403 0.9983897007921845
o 6620 0.9809374791208401 0.9849788943332791
o 6630 0.9407065629394554 0.947863362242803
o 6640 2.357743099213211e-06 0.0002958361566028911
o 6650 0.8373301745409171 0.8486741312289079
o 6660 0.9409125688469624 0.9480572877941371
o 6670 0.458530679285544 0.4740806780781799
o 6680 0.26613348407919346 0.2800230212858974
o 6690 0.9496187648255017 0.956228192752981
o 6700 0.6262484894842204 0.6412664218925621
o 6710 0.9306885661856112 0.9384046902354817
o 6720 0.8891316745986753 0.898735392027185
o 6730 0.8035479065762303 0.8157876619382951
o 6740 0.772242008494476 0.7851840109438845
o 6750 0.19760928078873546 0.21017057260805783
o 6760 0.8754376498697172 0.8855539704735746
o 6770 0.9982843587370567 0.9993436167432374
o 6780 0.9958693839527202 0.9976408916037288
o 6790 0.022011094067773407 0.02682985542055505
o 6800 0.5241778330680613 0.5397313959766775
o 6810 0.9812549655366919 0.9852612965590837
o 6820 0.9942728290862174 0.9963983436740477
o 6830 0.833272774848147 0.8447328827834508
o 6840 0.8713661728239286 0.8816268018880251
o 6850 0.9121339188518588 0.9207655031634738
o 6860 0.9193834329241667 0.9276735803383622
o 6870 0.693105148474335 0.7073873434509405
o 6880 0.8589993369830455 0.8696777529277336
o 6890 0.31937914117704763 0.33399928358467323
o 6900 0.829054409529988 0.8406326538415209
o 6910 0.9237708762348856 0.9318446791719602
o 6920 4.934143394975716e-05 0.0005269197482213883
o 6930 0.01013512740649202 0.013510488077244975
o 6940 0.997323963754113 0.9987051958885018
o 6950 0.11780364847738821 0.12804357317131965
o 6960 0.2638918970589565 0.2777453705352587
o 6970 0.11112899204404852 0.1211205323545721
o 6980 0.22611817811495163 0.23929194885381588
o 6990 0.9979914799067023 0.9991569284568658
o 7000 0.03274537195306691 0.03853162969603796
o 7010 0.925309488997354 0.9333055551274914
o 7020 0.998064229430307 0.9992040792410983
o 7030 0.8222428897778992 0.834006444011998
o 7040 0.0006410764471717533 0.0016909888185497879
o 7050 0.8481089598786542 0.8591317557062073
o 7060 0.8645299933077406 0.8750252559540167
o 7070 0.8495103044235734 0.8604899445246972
o 7080 0.002949992988831858 0.004899274084113947
o 7090 0.5610296562667186 0.5764671703582105
o 7100 0.08417734372479138 0.09304151458386067
o 7110 0.6895217814451339 0.7038519108853352
o 7120 0.22859329759316113 0.24181598585150144
o 7130 0.9762557015975276 0.9807822941589767
o 7140 0.38349255218841155 0.3987041568444102
o 7150 0.11222798133515659 0.12226116370888951
o 7160 0.92571987300844 0.933695034741583
o 7170 0.7739393623411333 0.7868460901388374
o 7180 0.9375356644524023 0.9448753154974834
o 7190 0.803325243480956 0.8155703993199567
o 7200 0.45315769650316956 0.46869547401354117
o 7210 0.5614104157044862 0.5768462828488963
o 7220 0.6547807273530609 0.6695246102885763
o 7230 0.9454687376121839 0.952339602533588
o 7240 0.44421140272570836 0.4597247874852357
o 7250 0.9683186037768906 0.9735620910043894
o 7260 0.8340435830905196 0.8454818177019201
o 7270 0.832522294548098 0.844003613157275
o 7280 0.5100292454350797 0.5256047489977327
o 7290 0.0013442155242978542 0.002746558132236565
o 7300 0.005556970617227345 0.008130750107464335
o 7310 0.02969326789840958 0.035224843751198054
o 7320 0.19648255599269696 0.2090176822394404
o 7330 0.06862290864710308 0.07672137237598542
o 7340 0.20241354845686604 0.21508466441806873
o 7350 0.817622660990836 0.8295082131843535
o 7360 0.055571200282178296 0.06293766235472076
o 7370 4.934143394975716e-05 0.0005269197482213883
o 7380 0.9784874375395989 0.9827897889579362
o 7390 0.005974538181741946 0.008632970792561534
o 7400 0.7603041836567588 0.7734858243402389
o 7410 0.1198266977955857 0.13013982646801847
o 7420 0.015021105666721032 0.01906252087915994
o 7430 0.4948269694847193 0.5104121475428764
o 7440 0.875111865579635 0.8852398631269845
o 7450 0.9993257723589525 0.9998990270247117
o 7460 0.9962573212126038 0.9979326974599837
o 7470 0.4345490587257092 0.4500303938663731
o 7480 0.020489629532273693 0.0251518924541142
o 7490 0.8540810966947086 0.8649176304103773
o 7500 0.9995349878824064 0.9999681957182619
o 7510 0.8836676871349746 0.8934811961679071
o 7520 0.6603097122965175 0.6749937711399421
o 7530 0.07072768217764056 0.07893586301002142
o 7540 0.9992409148798167 0.9998643624923798
o 7550 0.9664832548623604 0.9718780587523643
o 7560 0.8260334109426125 0.8376946593090508
o 7570 0.9880341872339348 0.991199620307723
o 7580 0.9043213225775087 0.9133006954351282
o 7590 0.06895414775903057 0.07707001741337738
o 7600 0.037190424020581855 0.04332497333543517
o 7610 0.9092285745788785 0.9179918128004824
o 7620 0.01235487722374677 0.01604981595281607
o 7630 0.9900412897098091 0.9929117404334288
o 7640 0.7186669275539648 0.7325770055243934
o 7650 0.6722964152372086 0.6868430494545006
o 7660 0.3518454890847803 0.3668019321941117
o 7670 0.8572512776390265 0.8679863941302456
o 7680 0.13165957702845305 0.14238287298234953
o 7690 0.9889387669872588 0.9919746948309158
o 7700 0.9773076343941818 0.9817299995536841
o 7710 0.6290803407644391 0.6440736200285568
o 7720 0.42073947781138854 0.43616463925047133
o 7730 0.079722716966877 0.08837769102629334
o 7740 0.5831414561688131 0.5984679354247189
o 7750 5.903205508420937e-06 0.0003321724075481258
o 7760 0.0507600500440156 0.057830511555923225
o 7770 0.9979914799067023 0.9991569284568658
o 7780 0.0002499844844402703 0.001003705637588781
o 7790 0.8060581432946945 0.8182365877848219
o 7800 0.8825060413032805 0.8923632282725208
o 7810 0.9856769453286417 0.9891577373322747
o 7820 0.7280203192389232 0.7417804839151385
o 7830 0.07289196132254591 0.08121082796149504
o 7840 0.996717592406219 0.9982720892569996
o 7850 0.6485493866938321 0.6633580410855531
o 7860 0.7797196167710058 0.7925039052368275
o 7870 0.9584374328759975 0.9644465804429626
o 7880 0.7216499214143203 0.735513013354637
o 7890 0.9459020346588888 0.9527461611986385
o 7900 0.03605398713549103 0.04210181916688982
o 7910 0.3057837118214886 0.3202393252200847
o 7920 0.5906827367164695 0.6059641202844105
o 7930 0.000780270257940891 0.001911455441719001
o 7940 0.5311243371824139 0.5466625529641596
o 7950 0.9994130827814863 0.9999311292217226
o 7960 0.8223036922050284 0.8340656213152822
o 7970 0.5351888433557698 0.5507166784953295
o 7980 0.5360899124794536 0.5516153060541984
o 7990 0.25314339520533286 0.2668175286126302
o 8000 0.9798380905254493 0.9839986669986661
o 8010 0.155681021750352 0.1671531786834879
o 8020 0.02123098626715515 0.025970256207052067
o 8030 0.8955996448519812 0.9049452717289279
o 8040 0.9799648488503196 0.9841118645054967
o 8050 0.9162080040116386 0.9246500643332124
o 8060 0.9209616387459914 0.9291748501239522
o 8070 0.9659831199491551 0.971418362059874
o 8080 0.44351258008318384 0.4590238460425691
o 8090 0.4298786609955464 0.4453423688778023
o 8100 0.2777218679504882 0.2917906983413887
o 8110 3.180428173812004e-05 0.0004650121175936439
o 8120 0.12806099544881766 0.13866269278903443
o 8130 0.7800632559550122 0.792840151298752
o 8140 0.04357851188876065 0.05017459941186597
o 8150 0.9937174541966857 0.9959539923760775
o 8160 0.9709719091065646 0.9759878881821614
o 8170 0.9606582497860058 0.9665050200514173
o 8180 0.6776076912294859 0.692089993264061
o 8190 0.05615370624137681 0.06355495111695708
o 8200 0.02315399442703492 0.028086527746582934
o 8210 0.9997041638433971 0.9999976422569008
o 8220 0.44405167047212735 0.45956457366214987
o 8230 0.98738970775309 0.9906443423429357
o 8240 0.9887231314120704 0.991790413439243
o 8250 0.9825266241409605 0.9863891896369715
o 8260 0.995100725915886 0.9970500070111683
o 8270 0.9776234780014634 0.9820140470505986
o 8280 0.02835176805386242 0.03376683411505943
o 8290 0.27226427604715486 0.28625014506890367
o 8300 0.034091080416949915 0.03998543414480582
o 8310 0.9144674481128315 0.9229911985533206
o 8320 0.09256846474180545 0.10180748046481947
o 8330 0.9698848277296087 0.974995337726114
o 8340 0.4791321715080281 0.4947122366163641
o 8350 0.9268896730968026 0.93480484590589
o 8360 0.9973946521725114 0.9987544386726732
o 8370 0.6484287939222344 0.663238674310834
o 8380 0.9943173882106121 0.9964337619316739
o 8390 0.9916944029342062 0.9942979506127954
o 8400 0.7403025830050558 0.7538541116973213
o 8410 0.1874716020250309 0.19979171520391736
o 8420 0.001576821692318539 0.0030736644300288773
o 8430 0.9441898525149841 0.9511389134259156
o 8440 0.8645503320825443 0.8750449104111384
o 8450 0.027203074752752684 0.032515948897007485
o 8460 0.9862755115086126 0.9896789518453747
o 8470 0.9528442165849577 0.9592416653225679
o 8480 0.6562483125227171 0.670976532916536
o 8490 0.12827726659060945 0.13888634721146065
o 8500 0.7786685256067137 0.7914753474094929
o 8510 0.9963031471150466 0.9979668397331242
o 8520 0.3603264377724142 0.37535811151665466
o 8530 0.38482770127351956 0.40004855610130663
o 8540 0.4416158537841426 0.4571212126825942
o 8550 0.9705954994247931 0.975644425421785
o 8560 0.9868107463566297 0.9901435193579085
o 8570 0.8167312074847269 0.8286399639353356
o 8580 0.002862568356059224 0.004786762207865447
o 8590 0.9548933965343093 0.9611518013325698
o 8600 0.40314717709276754 0.4184828853032475
o 8610 0.8941300854772871 0.9035353195669855
o 8620 0.12619339985939484 0.13673093127028957
o 8630 0.9176623147028562 0.9260352704284237
o 8640 0.9250632763740427 0.9330718495689901
o 8650 0.5262396060623404 0.5417889287285929
o 8660 0.9851645973439471 0.9887102717397279
o 8670 0.18132896715827063 0.193496450344404
o 8680 0.22411851690180729 0.23725229165517148
o 8690 0.9049140769723315 0.9138677440659161
o 8700 0.9370623376452792 0.9444287997178213
o 8710 0.5038474518195348 0.5194286253546796
o 8720 0.00011227771781942915 0.0007027531481009763
o 8730 0.021611435099385647 0.02638966434917922
o 8740 0.44686706977248863 0.46238822396393164
o 8750 0.9966251611325634 0.998204591561967
o 8760 0.9990764961900899 0.99978951939873
o 8770 0.020926755740648263 0.025634601304823645
o 8780 0.7170546584868173 0.7309898142074329
o 8790 0.5310242327310648 0.5465626911172814
o 8800 0.9589145865681031 0.9648892670970034
o 8810 0.015058771675128316 0.019104840043146276
o 8820 0.9897381491185213 0.9926550010090676
o 8830 0.9881847567826662 0.9913289936660207
o 8840 0.023611559728849832 0.02858879196144737
o 8850 0.5022671842916225 0.5178494253627497
o 8860 0.9370417596447193 0.9444093845618298
o 8870 0.8970082541376783 0.9062961942591443
o 8880 0.9712647563788931 0.9762549416102156
o 8890 0.9953259191424008 0.9972246856405348
o 8900 0.5620917862477905 0.5775246831246976
o 8910 0.4350680347915145 0.4505512425477025
o 8920 0.9671920783506996 0.9725289964359727
o 8930 0.8651605143603895 0.8756345250858496
o 8940 0.0016942396343189931 0.0032361149970713265
o 8950 0.9958011978544946 0.9975891207832343
o 8960 0.8599954522509452 0.8706413061124831
o 8970 0.9694878677820751 0.9746324319497729
o 8980 0.9942282900275515 0.9963629052366167
o 8990 0.996879851396403 0.9983897007921845
o 9000 0.9995037605889281 0.9999597116202779
o 9010 0.29314889715963693 0.3074384288293166
o 9020 0.8597514969997111 0.8704053425605726
o 9030 0.7043417486825592 0.7184669799824035
o 9040 0.02994255760726868 0.03549546307881102
o 9050 0.01065600940044201 0.014109386028226867
o 9060 0.38307408499496953 0.3982827656026954
o 9070 0.6596260679751589 0.674317644711099
o 9080 0.8026572728359948 0.8149185928216236
o 9090 0.4395794957603334 0.45507825823191916
o 9100 0.1460663258152087 0.15725117345992767
o 9110 0.9927903109592581 0.9952015656674685
o 9120 0.31134822361787856 0.3258729253133056
o 9130 0.7981239003174233 0.8104934779793503
o 9140 0.5244580662501344 0.5400110684300897
o 9150 0.9287578941028247 0.9365760040159659
o 9160 0.20037700233590355 0.2130019058864
o 9170 0.03497602544865127 0.04094016949336676
o 9180 0.9983337061651681 0.9993741869624272
o 9190 0.20526117043316838 0.2179960703483732
o 9200 0.9149793183401788 0.9234791582505953
o 9210 0.907203859633461 0.9160572005229052
o 9220 0.9983337061651681 0.9993741869624272
o 9230 0.25078420235844046 0.2644175242617377
o 9240 0.9479869112150535 0.9547005901800062
o 9250 0.036458397695353036 0.042537262991430125
o 9260 0.7921352859555171 0.8046440909686248
o 9270 0.9982843587370567 0.9993436167432374
o 9280 0.5574026533330686 0.5728553933378205
o 9290 0.7849759949602568 0.797645771912331
o 9300 0.04696347961713038 0.05378842760982161
o 9310 0.47969185393971486 0.4952723654574269
o 9320 0.9925265848321886 0.9949854092341149
o 9330 0.3692281694665874 0.3843333663468863
o 9340 0.9979914799067023 0.9991569284568658
o 9350 0.7795579064723286 0.7923456695371964
o 9360 0.26940700107358734 0.28334839132936707
o 9370 0.2303755812424972 0.24363309488198803
o 9380 0.448604356105101 0.4641303512169801
o 9390 0.9987102018538886 0.9995969315746592
o 9400 0.9127069764830849 0.921312255124507
o 9410 0.9675883420778317 0.972892599102659
o 9420 0.8928240578363063 0.9022817813341077
o 9430 0.834631862114196 0.8460533426649381
o 9440 0.9991579479265237 0.999827728109528
o 9450 0.6266099869770851 0.6416248030491511
o 9460 0.18642461138821295 0.19871906374456172
o 9470 0.9941615185010257 0.9963097103102978
o 9480 0.5208352408113823 0.5363951138660669
o 9490 0.8900902990240953 0.8996564489125273
o 9500 0.978424187671335 0.9827330607186132
o 9510 0.96825599430769 0.9735047216082736
o 9520 0.9582922352218955 0.9643118266707952
o 9530 0.9983090111814502 0.9993589235528282
o 9540 0.797860841527884 0.8102366245515723
o 9550 0.9671086688422942 0.9724524340586743
o 9560 0.03859751089229109 0.04483738115372771
o 9570 0.9991579479265237 0.999827728109528
o 9580 0.8233373734937133 0.8350715954386525
o 9590 0.15558247179955814 0.16705176242803588
o 9600 0.8603817262625656 0.8710149035370913
o 9610 0.7110700805500624 0.725096395404496
o 9620 0.6111499245370385 0.6262900564669662
o 9630 0.7723834487662182 0.7853225234261635
o 9640 0.48830819804234843 0.5038931163059204
o 9650 0.9973475076700078 0.9987216292808397
o 9660 0.994741753465212 0.996769175618257
o 9670 0.9903448271899391 0.9931680817010069
o 9680 0.9944065677150438 0.9965045368392506
o 9690 0.6125349753373238 0.627664540511593
o 9700 0.9647335194360583 0.9702683829113566
o 9710 0.7750710175026014 0.7879540569968396
o 9720 0.386641208807963 0.40187443512336307
o 9730 0.9906270565796824 0.9934057384895714
o 9740 0.02214435562699383 0.026976543922299756
o 9750 0.7442771523599587 0.757758213222989
o 9760 0.324290349052769 0.3389664102467178
o 9770 0.30071709584781164 0.3151076607776301
o 9780 0.15108943460622404 0.16242634074178874
o 9790 0.3393079411556762 0.35414372760382995
o 9800 0.9996678275924519 0.9999940967944916
o 9810 0.8573732260559019 0.868104405120208
o 9820 0.08615180841575612 0.09510636375358417
o 9830 0.7768494726923258 0.7896950078240781
o 9840 0.0005054279442954438 0.0014670477792010361
o 9850 0.002775314359465145 0.004674080857599239
o 9860 0.08593673474365333 0.09488151214403362
o 9870 0.7399999810986941 0.7535568148033609
o 9880 0.7746668470223281 0.7875583624708846
o 9890 0.9922852453284942 0.9947868546246592
o 9900 0.7658378913043659 0.7789102675973004
o 9910 0.5299231044950861 0.5454641900728362
o 9920 0.7527533632637395 0.7660791684625248
o 9930 0.019843900303949925 0.024437866065283087
o 9940 0.4838697921394666 0.49945301854430546
o 9950 0.3774950885142302 0.39266364962960154
o 9960 4.934143394975716e-05 0.0005269197482213883
o 9970 0.0018631052727506577 0.0034670729500109188
o 9980 0.9990229026390082 0.9997633135035773
o 9990 0.9942060279421857 0.9963451785319084
