o 500 0.0 1.0
o 500 20.0 1.0
o 500 40.0 1.0
o 500 60.0 1.0
o 500 80.0 1.0
o 500 100.0 1.0
o 500 120.0 1.0
o 500 140.0 1.0
o 500 160.0 1.0
o 500 180.0 1.0
o 500 200.0 1.0
o 500 220.0 1.0
o 500 240.0 1.0
o 500 260.0 1.0
o 500 280.0 1.0
o 500 300.0 1.0
o 500 320.0 1.0
o 500 340.0 0.99
o 500 360.0 0.97
o 500 380.0 0.95
o 500 400.0 0.93
o 500 420.0 0.91
o 500 440.0 0.87
o 500 460.0 0.77
o 500 480.0 0.7
o 500 500.0 0.65
o 500 520.0 0.64
o 500 540.0 0.53
o 500 560.0 0.55
o 500 580.0 0.43
o 500 600.0 0.32
o 1000 0.0 1.0
o 1000 20.0 1.0
o 1000 40.0 1.0
o 1000 60.0 1.0
o 1000 80.0 1.0
o 1000 100.0 1.0
o 1000 120.0 1.0
o 1000 140.0 1.0
o 1000 160.0 1.0
o 1000 180.0 1.0
o 1000 200.0 1.0
o 1000 220.0 1.0
o 1000 240.0 1.0
o 1000 260.0 1.0
o 1000 280.0 0.99
o 1000 300.0 0.97
o 1000 320.0 0.94
o 1000 340.0 0.95
o 1000 360.0 0.81
o 1000 380.0 0.8
o 1000 400.0 0.7
o 1000 420.0 0.44
o 1000 440.0 0.47
o 1000 460.0 0.29
o 1000 480.0 0.15
o 1000 500.0 0.15
o 1000 520.0 0.04
o 1000 540.0 0.01
o 1000 560.0 0.0
o 1000 580.0 0.0
o 1000 600.0 0.0
o 1500 0.0 1.0
o 1500 20.0 1.0
o 1500 40.0 1.0
o 1500 60.0 1.0
o 1500 80.0 1.0
o 1500 100.0 1.0
o 1500 120.0 1.0
o 1500 140.0 1.0
o 1500 160.0 1.0
o 1500 180.0 0.99
o 1500 200.0 0.98
o 1500 220.0 0.96
o 1500 240.0 0.95
o 1500 260.0 0.92
o 1500 280.0 0.85
o 1500 300.0 0.88
o 1500 320.0 0.76
o 1500 340.0 0.7
o 1500 360.0 0.64
o 1500 380.0 0.64
o 1500 400.0 0.54
o 1500 420.0 0.47
o 1500 440.0 0.38
o 1500 460.0 0.42
o 1500 480.0 0.34
o 1500 500.0 0.23
o 1500 520.0 0.22
o 1500 540.0 0.15
o 1500 560.0 0.07
o 1500 580.0 0.03
o 1500 600.0 0.08
o 2500 0.0 1.0
o 2500 20.0 1.0
o 2500 40.0 1.0
o 2500 60.0 1.0
o 2500 80.0 1.0
o 2500 100.0 0.98
o 2500 120.0 0.96
o 2500 140.0 0.84
o 2500 160.0 0.77
o 2500 180.0 0.73
o 2500 200.0 0.43
o 2500 220.0 0.38
o 2500 240.0 0.37
o 2500 260.0 0.35
o 2500 280.0 0.17
o 2500 300.0 0.29
o 2500 320.0 0.19
o 2500 340.0 0.13
o 2500 360.0 0.24
o 2500 380.0 0.21
o 2500 400.0 0.1
o 2500 420.0 0.16
o 2500 440.0 0.17
o 2500 460.0 0.15
o 2500 480.0 0.13
o 2500 500.0 0.1
o 2500 520.0 0.04
o 2500 540.0 0.08
o 2500 560.0 0.04
o 2500 580.0 0.04
o 2500 600.0 0.03
o 3500 0.0 1.0
o 3500 20.0 1.0
o 3500 40.0 1.0
o 3500 60.0 1.0
o 3500 80.0 1.0
o 3500 100.0 1.0
o 3500 120.0 1.0
o 3500 140.0 1.0
o 3500 160.0 1.0
o 3500 180.0 1.0
o 3500 200.0 1.0
o 3500 220.0 1.0
o 3500 240.0 1.0
o 3500 260.0 1.0
o 3500 280.0 1.0
o 3500 300.0 1.0
o 3500 320.0 1.0
o 3500 340.0 1.0
o 3500 360.0 1.0
o 3500 380.0 1.0
o 3500 400.0 1.0
o 3500 420.0 1.0
o 3500 440.0 1.0
o 3500 460.0 0.97
o 3500 480.0 0.96
o 3500 500.0 0.99
o 3500 520.0 0.83
o 3500 540.0 0.84
o 3500 560.0 0.69
o 3500 580.0 0.61
o 3500 600.0 0.53
o 4000 0.0 1.0
o 4000 20.0 1.0
o 4000 40.0 1.0
o 4000 60.0 1.0
o 4000 80.0 1.0
o 4000 100.0 1.0
o 4000 120.0 1.0
o 4000 140.0 1.0
o 4000 160.0 1.0
o 4000 180.0 1.0
o 4000 200.0 1.0
o 4000 220.0 1.0
o 4000 240.0 1.0
o 4000 260.0 1.0
o 4000 280.0 1.0
o 4000 300.0 1.0
o 4000 320.0 1.0
o 4000 340.0 1.0
o 4000 360.0 1.0
o 4000 380.0 1.0
o 4000 400.0 0.99
o 4000 420.0 1.0
o 4000 440.0 1.0
o 4000 460.0 0.99
o 4000 480.0 0.99
o 4000 500.0 0.99
o 4000 520.0 0.99
o 4000 540.0 0.99
o 4000 560.0 0.97
o 4000 580.0 1.0
o 4000 600.0 0.94
o 4500 0.0 1.0
o 4500 20.0 1.0
o 4500 40.0 1.0
o 4500 60.0 1.0
o 4500 80.0 1.0
o 4500 100.0 1.0
o 4500 120.0 1.0
o 4500 140.0 1.0
o 4500 160.0 1.0
o 4500 180.0 1.0
o 4500 200.0 1.0
o 4500 220.0 1.0
o 4500 240.0 1.0
o 4500 260.0 1.0
o 4500 280.0 1.0
o 4500 300.0 1.0
o 4500 320.0 0.98
o 4500 340.0 0.98
o 4500 360.0 0.98
o 4500 380.0 0.9
o 4500 400.0 0.83
o 4500 420.0 0.86
o 4500 440.0 0.75
o 4500 460.0 0.57
o 4500 480.0 0.49
o 4500 500.0 0.38
o 4500 520.0 0.24
o 4500 540.0 0.11
o 4500 560.0 0.11
o 4500 580.0 0.01
o 4500 600.0 0.04
o 5000 0.0 1.0
o 5000 20.0 1.0
o 5000 40.0 1.0
o 5000 60.0 1.0
o 5000 80.0 1.0
o 5000 100.0 1.0
o 5000 120.0 1.0
o 5000 140.0 1.0
o 5000 160.0 1.0
o 5000 180.0 1.0
o 5000 200.0 1.0
o 5000 220.0 1.0
o 5000 240.0 1.0
o 5000 260.0 1.0
o 5000 280.0 1.0
o 5000 300.0 1.0
o 5000 320.0 1.0
o 5000 340.0 1.0
o 5000 360.0 1.0
o 5000 380.0 1.0
o 5000 400.0 1.0
o 5000 420.0 0.99
o 5000 440.0 1.0
o 5000 460.0 1.0
o 5000 480.0 1.0
o 5000 500.0 0.99
o 5000 520.0 0.94
o 5000 540.0 0.93
o 5000 560.0 0.88
o 5000 580.0 0.81
o 5000 600.0 0.46
o 5500 0.0 1.0
o 5500 20.0 1.0
o 5500 40.0 1.0
o 5500 60.0 1.0
o 5500 80.0 1.0
o 5500 100.0 1.0
o 5500 120.0 1.0
o 5500 140.0 1.0
o 5500 160.0 1.0
o 5500 180.0 1.0
o 5500 200.0 1.0
o 5500 220.0 1.0
o 5500 240.0 1.0
o 5500 260.0 0.99
o 5500 280.0 1.0
o 5500 300.0 0.99
o 5500 320.0 0.99
o 5500 340.0 0.98
o 5500 360.0 0.98
o 5500 380.0 0.94
o 5500 400.0 0.91
o 5500 420.0 0.9
o 5500 440.0 0.74
o 5500 460.0 0.67
o 5500 480.0 0.58
o 5500 500.0 0.36
o 5500 520.0 0.31
o 5500 540.0 0.28
o 5500 560.0 0.14
o 5500 580.0 0.09
o 5500 600.0 0.01
o 6500 0.0 1.0
o 6500 20.0 1.0
o 6500 40.0 1.0
o 6500 60.0 1.0
o 6500 80.0 1.0
o 6500 100.0 1.0
o 6500 120.0 1.0
o 6500 140.0 1.0
o 6500 160.0 1.0
o 6500 180.0 1.0
o 6500 200.0 0.98
o 6500 220.0 0.99
o 6500 240.0 0.92
o 6500 260.0 0.95
o 6500 280.0 0.87
o 6500 300.0 0.86
o 6500 320.0 0.73
o 6500 340.0 0.65
o 6500 360.0 0.6
o 6500 380.0 0.51
o 6500 400.0 0.47
o 6500 420.0 0.31
o 6500 440.0 0.24
o 6500 460.0 0.19
o 6500 480.0 0.09
o 6500 500.0 0.09
o 6500 520.0 0.04
o 6500 540.0 0.0
o 6500 560.0 0.01
o 6500 580.0 0.0
o 6500 600.0 0.0
o 7000 0.0 1.0
o 7000 20.0 1.0
o 7000 40.0 1.0
o 7000 60.0 1.0
o 7000 80.0 1.0
o 7000 100.0 1.0
o 7000 120.0 1.0
o 7000 140.0 1.0
o 7000 160.0 1.0
o 7000 180.0 1.0
o 7000 200.0 1.0
o 7000 220.0 1.0
o 7000 240.0 1.0
o 7000 260.0 1.0
o 7000 280.0 1.0
o 7000 300.0 1.0
o 7000 320.0 1.0
o 7000 340.0 1.0
o 7000 360.0 1.0
o 7000 380.0 1.0
o 7000 400.0 0.99
o 7000 420.0 0.98
o 7000 440.0 0.96
o 7000 460.0 0.89
o 7000 480.0 0.87
o 7000 500.0 0.64
o 7000 520.0 0.53
o 7000 540.0 0.36
o 7000 560.0 0.12
o 7000 580.0 0.04
o 7000 600.0 0.0
o 8000 0.0 1.0
o 8000 20.0 1.0
o 8000 40.0 1.0
o 8000 60.0 1.0
o 8000 80.0 1.0
o 8000 100.0 1.0
o 8000 120.0 1.0
o 8000 140.0 1.0
o 8000 160.0 1.0
o 8000 180.0 1.0
o 8000 200.0 0.99
o 8000 220.0 1.0
o 8000 240.0 1.0
o 8000 260.0 1.0
o 8000 280.0 0.99
o 8000 300.0 0.95
o 8000 320.0 0.95
o 8000 340.0 0.97
o 8000 360.0 0.95
o 8000 380.0 0.96
o 8000 400.0 0.91
o 8000 420.0 0.91
o 8000 440.0 0.81
o 8000 460.0 0.91
o 8000 480.0 0.83
o 8000 500.0 0.75
o 8000 520.0 0.61
o 8000 540.0 0.58
o 8000 560.0 0.27
o 8000 580.0 0.17
o 8000 600.0 0.11
o 9500 0.0 1.0
o 9500 20.0 1.0
o 9500 40.0 1.0
o 9500 60.0 1.0
o 9500 80.0 1.0
o 9500 100.0 1.0
o 9500 120.0 1.0
o 9500 140.0 1.0
o 9500 160.0 1.0
o 9500 180.0 1.0
o 9500 200.0 1.0
o 9500 220.0 1.0
o 9500 240.0 1.0
o 9500 260.0 1.0
o 9500 280.0 1.0
o 9500 300.0 1.0
o 9500 320.0 1.0
o 9500 340.0 1.0
o 9500 360.0 1.0
o 9500 380.0 1.0
o 9500 400.0 1.0
o 9500 420.0 1.0
o 9500 440.0 1.0
o 9500 460.0 0.99
o 9500 480.0 0.97
o 9500 500.0 0.97
o 9500 520.0 0.97
o 9500 540.0 0.98
o 9500 560.0 0.85
o 9500 580.0 0.82
o 9500 600.0 0.49
o 11000 0.0 1.0
o 11000 20.0 1.0
o 11000 40.0 1.0
o 11000 60.0 1.0
o 11000 80.0 1.0
o 11000 100.0 1.0
o 11000 120.0 1.0
o 11000 140.0 1.0
o 11000 160.0 1.0
o 11000 180.0 1.0
o 11000 200.0 1.0
o 11000 220.0 1.0
o 11000 240.0 0.99
o 11000 260.0 0.99
o 11000 280.0 0.89
o 11000 300.0 0.93
o 11000 320.0 0.9
o 11000 340.0 0.74
o 11000 360.0 0.73
o 11000 380.0 0.75
o 11000 400.0 0.53
o 11000 420.0 0.58
o 11000 440.0 0.36
o 11000 460.0 0.28
o 11000 480.0 0.24
o 11000 500.0 0.1
o 11000 520.0 0.06
o 11000 540.0 0.02
o 11000 560.0 0.01
o 11000 580.0 0.0
o 11000 600.0 0.0
o 13500 0.0 1.0
o 13500 20.0 1.0
o 13500 40.0 1.0
o 13500 60.0 1.0
o 13500 80.0 1.0
o 13500 100.0 1.0
o 13500 120.0 1.0
o 13500 140.0 1.0
o 13500 160.0 1.0
o 13500 180.0 1.0
o 13500 200.0 1.0
o 13500 220.0 1.0
o 13500 240.0 0.99
o 13500 260.0 0.99
o 13500 280.0 0.99
o 13500 300.0 0.99
o 13500 320.0 0.99
o 13500 340.0 0.99
o 13500 360.0 0.98
o 13500 380.0 0.92
o 13500 400.0 0.95
o 13500 420.0 0.79
o 13500 440.0 0.6
o 13500 460.0 0.68
o 13500 480.0 0.48
o 13500 500.0 0.42
o 13500 520.0 0.32
o 13500 540.0 0.19
o 13500 560.0 0.05
o 13500 580.0 0.0
o 13500 600.0 0.0
o 14000 0.0 1.0
o 14000 20.0 1.0
o 14000 40.0 1.0
o 14000 60.0 1.0
o 14000 80.0 1.0
o 14000 100.0 1.0
o 14000 120.0 1.0
o 14000 140.0 1.0
o 14000 160.0 1.0
o 14000 180.0 1.0
o 14000 200.0 1.0
o 14000 220.0 1.0
o 14000 240.0 1.0
o 14000 260.0 1.0
o 14000 280.0 0.98
o 14000 300.0 0.93
o 14000 320.0 0.94
o 14000 340.0 0.93
o 14000 360.0 0.88
o 14000 380.0 0.75
o 14000 400.0 0.65
o 14000 420.0 0.51
o 14000 440.0 0.43
o 14000 460.0 0.35
o 14000 480.0 0.2
o 14000 500.0 0.11
o 14000 520.0 0.07
o 14000 540.0 0.01
o 14000 560.0 0.01
o 14000 580.0 0.0
o 14000 600.0 0.0
o 14500 0.0 1.0
o 14500 20.0 1.0
o 14500 40.0 1.0
o 14500 60.0 1.0
o 14500 80.0 1.0
o 14500 100.0 1.0
o 14500 120.0 1.0
o 14500 140.0 1.0
o 14500 160.0 1.0
o 14500 180.0 1.0
o 14500 200.0 1.0
o 14500 220.0 1.0
o 14500 240.0 1.0
o 14500 260.0 1.0
o 14500 280.0 1.0
o 14500 300.0 1.0
o 14500 320.0 1.0
o 14500 340.0 1.0
o 14500 360.0 1.0
o 14500 380.0 1.0
o 14500 400.0 1.0
o 14500 420.0 1.0
o 14500 440.0 0.98
o 14500 460.0 1.0
o 14500 480.0 0.96
o 14500 500.0 0.95
o 14500 520.0 0.92
o 14500 540.0 0.77
o 14500 560.0 0.5
o 14500 580.0 0.2
o 14500 600.0 0.02
o 15000 0.0 1.0
o 15000 20.0 1.0
o 15000 40.0 1.0
o 15000 60.0 1.0
o 15000 80.0 1.0
o 15000 100.0 1.0
o 15000 120.0 1.0
o 15000 140.0 1.0
o 15000 160.0 1.0
o 15000 180.0 1.0
o 15000 200.0 1.0
o 15000 220.0 1.0
o 15000 240.0 1.0
o 15000 260.0 1.0
o 15000 280.0 1.0
o 15000 300.0 0.99
o 15000 320.0 1.0
o 15000 340.0 0.99
o 15000 360.0 0.94
o 15000 380.0 0.93
o 15000 400.0 0.84
o 15000 420.0 0.88
o 15000 440.0 0.68
o 15000 460.0 0.71
o 15000 480.0 0.39
o 15000 500.0 0.27
o 15000 520.0 0.15
o 15000 540.0 0.04
o 15000 560.0 0.0
o 15000 580.0 0.01
o 15000 600.0 0.0
o 15500 0.0 1.0
o 15500 20.0 1.0
o 15500 40.0 1.0
o 15500 60.0 1.0
o 15500 80.0 1.0
o 15500 100.0 1.0
o 15500 120.0 1.0
o 15500 140.0 1.0
o 15500 160.0 1.0
o 15500 180.0 1.0
o 15500 200.0 1.0
o 15500 220.0 0.99
o 15500 240.0 1.0
o 15500 260.0 1.0
o 15500 280.0 0.99
o 15500 300.0 0.93
o 15500 320.0 0.94
o 15500 340.0 0.91
o 15500 360.0 0.82
o 15500 380.0 0.78
o 15500 400.0 0.7
o 15500 420.0 0.59
o 15500 440.0 0.51
o 15500 460.0 0.47
o 15500 480.0 0.47
o 15500 500.0 0.5
o 15500 520.0 0.46
o 15500 540.0 0.35
o 15500 560.0 0.33
o 15500 580.0 0.24
o 15500 600.0 0.11
o 16000 0.0 1.0
o 16000 20.0 1.0
o 16000 40.0 1.0
o 16000 60.0 1.0
o 16000 80.0 1.0
o 16000 100.0 1.0
o 16000 120.0 1.0
o 16000 140.0 1.0
o 16000 160.0 1.0
o 16000 180.0 1.0
o 16000 200.0 1.0
o 16000 220.0 1.0
o 16000 240.0 1.0
o 16000 260.0 1.0
o 16000 280.0 1.0
o 16000 300.0 1.0
o 16000 320.0 1.0
o 16000 340.0 1.0
o 16000 360.0 1.0
o 16000 380.0 0.99
o 16000 400.0 0.99
o 16000 420.0 0.98
o 16000 440.0 0.94
o 16000 460.0 0.87
o 16000 480.0 0.86
o 16000 500.0 0.71
o 16000 520.0 0.48
o 16000 540.0 0.32
o 16000 560.0 0.11
o 16000 580.0 0.0
o 16000 600.0 0.0
o 16500 0.0 1.0
o 16500 20.0 1.0
o 16500 40.0 1.0
o 16500 60.0 1.0
o 16500 80.0 1.0
o 16500 100.0 0.98
o 16500 120.0 0.91
o 16500 140.0 0.83
o 16500 160.0 0.68
o 16500 180.0 0.64
o 16500 200.0 0.49
o 16500 220.0 0.54
o 16500 240.0 0.4
o 16500 260.0 0.35
o 16500 280.0 0.31
o 16500 300.0 0.27
o 16500 320.0 0.23
o 16500 340.0 0.22
o 16500 360.0 0.2
o 16500 380.0 0.22
o 16500 400.0 0.14
o 16500 420.0 0.18
o 16500 440.0 0.12
o 16500 460.0 0.07
o 16500 480.0 0.08
o 16500 500.0 0.06
o 16500 520.0 0.08
o 16500 540.0 0.09
o 16500 560.0 0.02
o 16500 580.0 0.01
o 16500 600.0 0.0
o 17000 0.0 1.0
o 17000 20.0 1.0
o 17000 40.0 1.0
o 17000 60.0 1.0
o 17000 80.0 1.0
o 17000 100.0 1.0
o 17000 120.0 1.0
o 17000 140.0 1.0
o 17000 160.0 1.0
o 17000 180.0 1.0
o 17000 200.0 1.0
o 17000 220.0 1.0
o 17000 240.0 1.0
o 17000 260.0 1.0
o 17000 280.0 1.0
o 17000 300.0 1.0
o 17000 320.0 1.0
o 17000 340.0 1.0
o 17000 360.0 1.0
o 17000 380.0 1.0
o 17000 400.0 1.0
o 17000 420.0 1.0
o 17000 440.0 1.0
o 17000 460.0 1.0
o 17000 480.0 1.0
o 17000 500.0 1.0
o 17000 520.0 1.0
o 17000 540.0 1.0
o 17000 560.0 0.96
o 17000 580.0 0.63
o 17000 600.0 0.1
o 17500 0.0 1.0
o 17500 20.0 1.0
o 17500 40.0 1.0
o 17500 60.0 1.0
o 17500 80.0 1.0
o 17500 100.0 1.0
o 17500 120.0 1.0
o 17500 140.0 1.0
o 17500 160.0 1.0
o 17500 180.0 1.0
o 17500 200.0 1.0
o 17500 220.0 1.0
o 17500 240.0 1.0
o 17500 260.0 1.0
o 17500 280.0 1.0
o 17500 300.0 1.0
o 17500 320.0 1.0
o 17500 340.0 1.0
o 17500 360.0 1.0
o 17500 380.0 1.0
o 17500 400.0 1.0
o 17500 420.0 1.0
o 17500 440.0 1.0
o 17500 460.0 1.0
o 17500 480.0 1.0
o 17500 500.0 0.97
o 17500 520.0 0.94
o 17500 540.0 0.75
o 17500 560.0 0.59
o 17500 580.0 0.25
o 17500 600.0 0.13
o 18000 0.0 1.0
o 18000 20.0 1.0
o 18000 40.0 1.0
o 18000 60.0 1.0
o 18000 80.0 1.0
o 18000 100.0 1.0
o 18000 120.0 1.0
o 18000 140.0 1.0
o 18000 160.0 1.0
o 18000 180.0 1.0
o 18000 200.0 1.0
o 18000 220.0 0.99
o 18000 240.0 0.97
o 18000 260.0 0.98
o 18000 280.0 0.98
o 18000 300.0 0.92
o 18000 320.0 0.9
o 18000 340.0 0.84
o 18000 360.0 0.79
o 18000 380.0 0.77
o 18000 400.0 0.72
o 18000 420.0 0.6
o 18000 440.0 0.47
o 18000 460.0 0.5
o 18000 480.0 0.25
o 18000 500.0 0.2
o 18000 520.0 0.1
o 18000 540.0 0.0
o 18000 560.0 0.02
o 18000 580.0 0.0
o 18000 600.0 0.0
o 18500 0.0 1.0
o 18500 20.0 1.0
o 18500 40.0 1.0
o 18500 60.0 1.0
o 18500 80.0 1.0
o 18500 100.0 1.0
o 18500 120.0 1.0
o 18500 140.0 1.0
o 18500 160.0 1.0
o 18500 180.0 1.0
o 18500 200.0 1.0
o 18500 220.0 1.0
o 18500 240.0 1.0
o 18500 260.0 1.0
o 18500 280.0 0.99
o 18500 300.0 0.99
o 18500 320.0 0.99
o 18500 340.0 0.99
o 18500 360.0 0.98
o 18500 380.0 1.0
o 18500 400.0 0.99
o 18500 420.0 0.97
o 18500 440.0 0.94
o 18500 460.0 0.89
o 18500 480.0 0.8
o 18500 500.0 0.6
o 18500 520.0 0.34
o 18500 540.0 0.15
o 18500 560.0 0.02
o 18500 580.0 0.0
o 18500 600.0 0.0
o 19000 0.0 1.0
o 19000 20.0 1.0
o 19000 40.0 1.0
o 19000 60.0 1.0
o 19000 80.0 1.0
o 19000 100.0 1.0
o 19000 120.0 0.99
o 19000 140.0 0.99
o 19000 160.0 0.99
o 19000 180.0 0.93
o 19000 200.0 0.86
o 19000 220.0 0.82
o 19000 240.0 0.8
o 19000 260.0 0.68
o 19000 280.0 0.59
o 19000 300.0 0.48
o 19000 320.0 0.37
o 19000 340.0 0.42
o 19000 360.0 0.31
o 19000 380.0 0.26
o 19000 400.0 0.15
o 19000 420.0 0.16
o 19000 440.0 0.12
o 19000 460.0 0.09
o 19000 480.0 0.08
o 19000 500.0 0.07
o 19000 520.0 0.05
o 19000 540.0 0.02
o 19000 560.0 0.01
o 19000 580.0 0.01
o 19000 600.0 0.0
o 19500 0.0 1.0
o 19500 20.0 1.0
o 19500 40.0 1.0
o 19500 60.0 1.0
o 19500 80.0 1.0
o 19500 100.0 1.0
o 19500 120.0 1.0
o 19500 140.0 1.0
o 19500 160.0 1.0
o 19500 180.0 1.0
o 19500 200.0 1.0
o 19500 220.0 1.0
o 19500 240.0 1.0
o 19500 260.0 1.0
o 19500 280.0 1.0
o 19500 300.0 0.97
o 19500 320.0 0.97
o 19500 340.0 0.94
o 19500 360.0 0.93
o 19500 380.0 0.9
o 19500 400.0 0.77
o 19500 420.0 0.65
o 19500 440.0 0.61
o 19500 460.0 0.37
o 19500 480.0 0.29
o 19500 500.0 0.19
o 19500 520.0 0.11
o 19500 540.0 0.05
o 19500 560.0 0.03
o 19500 580.0 0.0
o 19500 600.0 0.0
o 20000 0.0 1.0
o 20000 20.0 0.85
o 20000 40.0 0.84
o 20000 60.0 0.79
o 20000 80.0 0.87
o 20000 100.0 0.78
o 20000 120.0 0.76
o 20000 140.0 0.74
o 20000 160.0 0.63
o 20000 180.0 0.62
o 20000 200.0 0.62
o 20000 220.0 0.6
o 20000 240.0 0.51
o 20000 260.0 0.62
o 20000 280.0 0.58
o 20000 300.0 0.53
o 20000 320.0 0.48
o 20000 340.0 0.36
o 20000 360.0 0.21
o 20000 380.0 0.13
o 20000 400.0 0.05
o 20000 420.0 0.06
o 20000 440.0 0.02
o 20000 460.0 0.01
o 20000 480.0 0.01
o 20000 500.0 0.01
o 20000 520.0 0.01
o 20000 540.0 0.0
o 20000 560.0 0.0
o 20000 580.0 0.0
o 20000 600.0 0.0
o 20500 0.0 1.0
o 20500 20.0 1.0
o 20500 40.0 1.0
o 20500 60.0 0.98
o 20500 80.0 0.76
o 20500 100.0 0.5
o 20500 120.0 0.24
o 20500 140.0 0.15
o 20500 160.0 0.03
o 20500 180.0 0.05
o 20500 200.0 0.04
o 20500 220.0 0.05
o 20500 240.0 0.03
o 20500 260.0 0.01
o 20500 280.0 0.02
o 20500 300.0 0.05
o 20500 320.0 0.0
o 20500 340.0 0.03
o 20500 360.0 0.02
o 20500 380.0 0.01
o 20500 400.0 0.05
o 20500 420.0 0.01
o 20500 440.0 0.0
o 20500 460.0 0.05
o 20500 480.0 0.02
o 20500 500.0 0.03
o 20500 520.0 0.02
o 20500 540.0 0.0
o 20500 560.0 0.0
o 20500 580.0 0.0
o 20500 600.0 0.0
o 21000 0.0 1.0
o 21000 20.0 0.89
o 21000 40.0 0.96
o 21000 60.0 0.93
o 21000 80.0 0.94
o 21000 100.0 0.95
o 21000 120.0 0.85
o 21000 140.0 0.86
o 21000 160.0 0.89
o 21000 180.0 0.81
o 21000 200.0 0.8
o 21000 220.0 0.66
o 21000 240.0 0.5
o 21000 260.0 0.48
o 21000 280.0 0.31
o 21000 300.0 0.21
o 21000 320.0 0.22
o 21000 340.0 0.17
o 21000 360.0 0.08
o 21000 380.0 0.07
o 21000 400.0 0.04
o 21000 420.0 0.04
o 21000 440.0 0.02
o 21000 460.0 0.01
o 21000 480.0 0.0
o 21000 500.0 0.01
o 21000 520.0 0.0
o 21000 540.0 0.0
o 21000 560.0 0.0
o 21000 580.0 0.0
o 21000 600.0 0.0
