0 0.0
50 0.0
100 0.4657857389608231
150 0.9151533851737976
200 0.0
250 0.0
300 0.0
350 0.0
400 0.9151533851737976
450 0.643692064088195
500 0.8984437615644959
550 0.9151533851737976
600 0.0
650 0.9151533851737976
700 0.9151533851737976
750 0.6006639194860866
800 0.7290697360615482
850 0.0
900 0.0
950 0.9151533851737976
1000 0.9151533851737976
1050 0.9151533851737976
1100 0.0
1150 0.0
1200 0.9151533851737976
1250 0.9151533851737976
1300 0.0
1350 0.9151533851737976
1400 0.04736495325378402
1450 0.9151533851737976
1500 0.8778488914767046
1550 0.8869073419568896
1600 0.0
1650 0.0
1700 0.0
1750 0.0
1800 0.0
1850 0.9151533851737976
1900 0.0
1950 0.9151533851737976
2000 0.0
2050 0.020043498993253576
2100 0.27310067749851596
2150 0.0
2200 0.9151533851737976
2250 0.9151533851737976
2300 0.0
2350 0.0
2400 0.0
2450 0.9151533851737976
2500 0.0
2550 0.0
2600 0.0
2650 0.7785360135757746
2700 0.0
2750 0.0
2800 0.9151533851737976
2850 0.0
2900 0.0
2950 0.0
3000 0.0
3050 0.9151533851737976
3100 0.0
3150 0.0
3200 0.9151533851737976
3250 0.0
3300 0.0
3350 0.0
3400 0.0
3450 0.0
3500 0.9151533851737976
3550 0.9151533851737976
3600 0.9151533851737976
3650 0.0
3700 0.0
3750 0.35396912982141926
3800 0.17658290305347746
3850 0.3631312099876737
3900 0.9151533851737976
3950 0.0
4000 0.9151533851737976
4050 0.9151533851737976
4100 0.8869073419568896
4150 0.9151533851737976
4200 0.38608427668974765
4250 0.9151533851737976
4300 0.9151533851737976
4350 0.9151533851737976
4400 0.0
4450 0.9151533851737976
4500 0.9151533851737976
4550 0.0
4600 0.0
4650 0.0
4700 0.9151533851737976
4750 0.8778488914767046
4800 0.9151533851737976
4850 0.9151533851737976
4900 0.0
4950 0.9151533851737976
5000 0.9151533851737976
5050 0.9151533851737976
5100 0.9151533851737976
5150 0.6386961749449158
5200 0.41538014356256214
5250 0.8984437615644959
5300 0.3147988996320941
5350 0.0
5400 0.0
5450 0.0
5500 0.0
5550 0.815248673074656
5600 0.8869073419568896
5650 0.0
5700 0.0
5750 0.9151533851737976
5800 0.9151533851737976
5850 0.0
5900 0.7532524273190662
5950 0.0
6000 0.0
6050 0.0
6100 0.4418955640532094
6150 0.0
6200 0.0
6250 0.0
6300 0.0
6350 0.9151533851737976
6400 0.9151533851737976
6450 0.9151533851737976
6500 0.0
6550 0.15991309400160908
6600 0.9151533851737976
6650 0.9151533851737976
6700 0.0
6750 0.14701957728709747
6800 0.9151533851737976
6850 0.0
6900 0.9151533851737976
6950 0.9151533851737976
7000 0.9151533851737976
7050 0.9151533851737976
7100 0.0
7150 0.6346010049709232
7200 0.0
7250 0.0
7300 0.0
7350 0.5493865459456027
7400 0.9151533851737976
7450 0.5307723485794453
7500 0.0
7550 0.9151533851737976
7600 0.0
7650 0.0
7700 0.0
7750 0.0
7800 0.9151533851737976
7850 0.0
7900 0.0
7950 0.6207898764472994
8000 0.6015358118773051
8050 0.0
8100 0.8580353413952007
8150 0.0
8200 0.0
8250 0.0
8300 0.0
8350 0.0
8400 0.0
8450 0.0
8500 0.0
8550 0.5896237294902448
8600 0.0
8650 0.0
8700 0.004664820933028949
8750 0.0
8800 0.9151533851737976
8850 0.0
8900 0.9151533851737976
8950 0.0
9000 0.0
9050 0.9151533851737976
9100 0.0
9150 0.0
9200 0.0
9250 0.7572055592050828
9300 0.0
9350 0.57322326015297
9400 0.0
9450 0.0
9500 0.9151533851737976
9550 0.10318639950765401
9600 0.0
9650 0.0
9700 0.0
9750 0.0
9800 0.0
9850 0.0
9900 0.0
9950 0.6197147937151131
10000 0.0
10050 0.0
10100 0.0
10150 0.39066639093054495
10200 0.1142637868152249
10250 0.0
10300 0.5035237254776334
10350 0.9151533851737976
10400 0.863787726140943
10450 0.0
10500 0.0
10550 0.9151533851737976
10600 0.0
10650 0.0
10700 0.0
10750 0.9151533851737976
10800 0.6810226787935597
10850 0.9151533851737976
10900 0.9151533851737976
10950 0.0
11000 0.9151533851737976
11050 0.9151533851737976
11100 0.0
11150 0.0
11200 0.0
11250 0.14669090321173003
11300 0.6008086721883605
11350 0.9151533851737976
11400 0.5265551868969216
11450 0.8398562460040762
11500 0.9151533851737976
11550 0.06172766767643903
11600 0.5508530702507912
11650 0.4105014783523735
11700 0.0
11750 0.0
11800 0.0
11850 0.0
11900 0.0
11950 0.7603264073686249
12000 0.0
12050 0.7942528260696867
12100 0.0
12150 0.0
12200 0.9151533851737976
12250 0.9151533851737976
12300 0.0
12350 0.9151533851737976
12400 0.0
12450 0.0
12500 0.0
12550 0.9151533851737976
12600 0.35333528537367664
12650 0.3908052002256228
12700 0.0
12750 0.0
12800 0.9151533851737976
12850 0.0
12900 0.0
12950 0.9151533851737976
13000 0.0
13050 0.0
13100 0.9151533851737976
13150 0.9151533851737976
13200 0.8984437615644959
13250 0.0
13300 0.3204963136048598
13350 0.9151533851737976
13400 0.8984437615644959
13450 0.0
13500 0.9151533851737976
13550 0.0
13600 0.0
13650 0.0
13700 0.0
13750 0.9151533851737976
13800 0.9151533851737976
13850 0.9151533851737976
13900 0.9151533851737976
13950 0.9151533851737976
14000 0.8984437615644959
14050 0.0
14100 0.0
14150 0.694993631959246
14200 0.9151533851737976
14250 0.0
14300 0.9151533851737976
14350 0.6730121409746967
14400 0.49470689338949425
14450 0.9151533851737976
14500 0.8778488914767046
14550 0.9151533851737976
14600 0.0
14650 0.9151533851737976
14700 0.9151533851737976
14750 0.0
14800 0.0
14850 0.0
14900 0.0
14950 0.28257481815507063
15000 0.9151533851737976
15050 0.9151533851737976
15100 0.0
15150 0.0
15200 0.0
15250 0.6123656246387288
15300 0.0
15350 0.9151533851737976
15400 0.0
15450 0.9151533851737976
15500 0.6924169045919291
15550 0.0
15600 0.0
15650 0.0
15700 0.0
15750 0.0
15800 0.8984437615644959
15850 0.9151533851737976
15900 0.0
15950 0.0
16000 0.9151533851737976
16050 0.8703008011343298
16100 0.0
16150 0.0
16200 0.9151533851737976
16250 0.0
16300 0.0
16350 0.9151533851737976
16400 0.9151533851737976
16450 0.0
16500 0.16496693092167122
16550 0.0
16600 0.0
16650 0.43855577423012027
16700 0.0
16750 0.0
16800 0.2875449430743089
16850 0.5796165128138294
16900 0.0
16950 0.9151533851737976
17000 0.9151533851737976
17050 0.5985196050605138
17100 0.3737024721262339
17150 0.0
17200 0.20176331535079944
17250 0.0
17300 0.42581241182885743
17350 0.3410539434268787
17400 0.0
17450 0.0
17500 0.9151533851737976
17550 0.0
17600 0.9151533851737976
17650 0.0
17700 0.9151533851737976
17750 0.0
17800 0.0
17850 0.6895131343023093
17900 0.0
17950 0.8703008011343298
18000 0.30722923063950747
18050 0.0
18100 0.9151533851737976
18150 0.47986559678506235
18200 0.0
18250 0.5942369444785098
18300 0.5433976392803735
18350 0.6384754996944855
18400 0.0
18450 0.0
18500 0.9151533851737976
18550 0.9151533851737976
18600 0.0
18650 0.8778488914767046
18700 0.0
18750 0.0
18800 0.6404793807462461
18850 0.09718075806864745
18900 0.0
18950 0.9151533851737976
19000 0.0
19050 0.0
19100 0.9151533851737976
19150 0.0
19200 0.0
19250 0.0
19300 0.0
19350 0.9151533851737976
19400 0.9151533851737976
19450 0.0
19500 0.0
19550 0.0
19600 0.0
19650 0.9151533851737976
19700 0.0
19750 0.0
19800 0.9151533851737976
19850 0.0
19900 0.9151533851737976
19950 0.9151533851737976
20000 0.9151533851737976
20050 0.0
20100 0.0
20150 0.0
20200 0.6678702251114021
20250 0.0
20300 0.0
20350 0.9151533851737976
20400 0.0
20450 0.0
20500 0.0
20550 0.9151533851737976
20600 0.34659431239005717
20650 0.0
20700 0.409366487256106
20750 0.0
20800 0.9151533851737976
20850 0.11907270659488367
20900 0.0
20950 0.0
21000 0.0
21050 0.8580353413952007
21100 0.0
21150 0.0
21200 0.0
21250 0.9151533851737976
21300 0.9151533851737976
21350 0.0
21400 0.011337735107618808
21450 0.9151533851737976
21500 0.2608730160769087
21550 0.9151533851737976
21600 0.3975320069808438
21650 0.6615743478981286
21700 0.0
21750 0.0
21800 0.9151533851737976
21850 0.9151533851737976
21900 0.0
21950 0.4431740888037215
22000 0.0
22050 0.0
22100 0.8293519051624478
22150 0.0
22200 0.0
22250 0.0
22300 0.4695717197991449
22350 0.06665525337918127
22400 0.8293519051624478
22450 0.0
22500 0.0
22550 0.9151533851737976
22600 0.5892389320420249
22650 0.9151533851737976
22700 0.0
22750 0.8038586690169565
22800 0.0
22850 0.0
22900 0.37717663117732914
22950 0.0
23000 0.0
23050 0.8984437615644959
23100 0.0
23150 0.0
23200 0.0
23250 0.9151533851737976
23300 0.9151533851737976
23350 0.0
23400 0.9151533851737976
23450 0.0
23500 0.0
23550 0.9151533851737976
23600 0.9151533851737976
23650 0.0
23700 0.0
23750 0.9151533851737976
23800 0.9151533851737976
23850 0.9151533851737976
23900 0.11752747614407524
23950 0.0
24000 0.0
24050 0.0
24100 0.0
24150 0.9151533851737976
24200 0.0
24250 0.0
24300 0.0
24350 0.0
24400 0.0
24450 0.8984437615644959
24500 0.0
24550 0.9151533851737976
24600 0.6021216211641722
24650 0.0
24700 0.0
24750 0.0
24800 0.0
24850 0.4243974496654316
24900 0.9151533851737976
24950 0.0
25000 0.9151533851737976
25050 0.0
25100 0.9151533851737976
25150 0.9151533851737976
25200 0.0
25250 0.9151533851737976
25300 0.0
25350 0.9151533851737976
25400 0.9151533851737976
25450 0.0
25500 0.9151533851737976
25550 0.0
25600 0.0
25650 0.3812938830568753
25700 0.9151533851737976
25750 0.0
25800 0.0
25850 0.9151533851737976
25900 0.9151533851737976
25950 0.0
26000 0.9151533851737976
26050 0.0
26100 0.9151533851737976
26150 0.0
26200 0.0
26250 0.815248673074656
26300 0.0
26350 0.0
26400 0.0
26450 0.8984437615644959
26500 0.0
26550 0.0
26600 0.0
26650 0.9151533851737976
26700 0.0
26750 0.2434626662345889
26800 0.0
26850 0.7744761127913432
26900 0.9151533851737976
26950 0.7450995920834028
27000 0.9151533851737976
27050 0.0
27100 0.0
27150 0.0
27200 0.0
27250 0.0
27300 0.9151533851737976
27350 0.9151533851737976
27400 0.9151533851737976
27450 0.46016222895001546
27500 0.0
27550 0.9151533851737976
27600 0.9151533851737976
27650 0.0
27700 0.7603264073686249
27750 0.0
27800 0.0
27850 0.9151533851737976
27900 0.0
27950 0.0
28000 0.0
28050 0.0
28100 0.9151533851737976
28150 0.8984437615644959
28200 0.25248721037495203
28250 0.9151533851737976
28300 0.14583036473262895
28350 0.0
28400 0.0
28450 0.9151533851737976
28500 0.0
28550 0.0
28600 0.0
28650 0.5185854773315055
28700 0.9151533851737976
28750 0.0
28800 0.0
28850 0.7125647557364321
28900 0.7799465586455108
28950 0.9151533851737976
29000 0.0
29050 0.9151533851737976
29100 0.03955798543931985
29150 0.9151533851737976
29200 0.0
29250 0.0
29300 0.9151533851737976
29350 0.0
29400 0.9151533851737976
29450 0.0
29500 0.0
29550 0.9151533851737976
29600 0.4793660424096513
29650 0.0
29700 0.0
29750 0.0
29800 0.0
29850 0.0
29900 0.42581241182885743
29950 0.0
30000 0.0
30050 0.0
30100 0.9151533851737976
30150 0.9151533851737976
30200 0.0
30250 0.0
30300 0.7257236467562583
30350 0.746830907784742
30400 0.0
30450 0.0
30500 0.7552006055542759
30550 0.9151533851737976
30600 0.9151533851737976
30650 0.0
30700 0.0
30750 0.9151533851737976
30800 0.0
30850 0.0
30900 0.0
30950 0.0
31000 0.0
31050 0.9151533851737976
31100 0.9151533851737976
31150 0.0
31200 0.0
31250 0.8984437615644959
31300 0.0
31350 0.0
31400 0.0
31450 0.40095505226786704
31500 0.0
31550 0.0
31600 0.0
31650 0.0
31700 0.0
31750 0.2752173560144397
31800 0.9151533851737976
31850 0.0
31900 0.0
31950 0.0
32000 0.9151533851737976
32050 0.9151533851737976
32100 0.848169579816718
32150 0.0
32200 0.9151533851737976
32250 0.9151533851737976
32300 0.9151533851737976
32350 0.0
32400 0.0
32450 0.9151533851737976
32500 0.0
32550 0.0
32600 0.5015289559373424
32650 0.9151533851737976
32700 0.0
32750 0.0
32800 0.35841926682584735
32850 0.848169579816718
32900 0.9151533851737976
32950 0.8703008011343298
33000 0.8293519051624478
33050 0.9151533851737976
33100 0.0
33150 0.6954314017691419
33200 0.0
33250 0.0
33300 0.0
33350 0.0
33400 0.0
33450 0.9151533851737976
33500 0.8018153219573283
33550 0.0
33600 0.0
33650 0.0
33700 0.0
33750 0.0
33800 0.0
33850 0.0
33900 0.9151533851737976
33950 0.9151533851737976
34000 0.0
34050 0.0
34100 0.9151533851737976
34150 0.0
34200 0.1884925061535965
34250 0.9151533851737976
34300 0.0
34350 0.9151533851737976
34400 0.9151533851737976
34450 0.0
34500 0.9151533851737976
34550 0.0
34600 0.0
34650 0.0
34700 0.9151533851737976
34750 0.0
34800 0.0
34850 0.0
34900 0.0
34950 0.8869073419568896
35000 0.0
35050 0.9151533851737976
35100 0.0
35150 0.0
35200 0.0
35250 0.8703008011343298
35300 0.0
35350 0.0
35400 0.0
35450 0.5543882644708353
35500 0.0
35550 0.0
35600 0.0
35650 0.0
35700 0.9151533851737976
35750 0.0
35800 0.9151533851737976
35850 0.1901157587197198
35900 0.0
35950 0.9151533851737976
36000 0.0
36050 0.8984437615644959
36100 0.9151533851737976
36150 0.0
36200 0.0
36250 0.30340790939040074
36300 0.9151533851737976
36350 0.9151533851737976
36400 0.38045219653720097
36450 0.0
36500 0.0
36550 0.0
36600 0.9151533851737976
36650 0.0
36700 0.0
36750 0.0
36800 0.9151533851737976
36850 0.0
36900 0.9151533851737976
36950 0.7891214965183353
37000 0.0
37050 0.0
37100 0.0
37150 0.0
37200 0.0
37250 0.0
37300 0.9151533851737976
37350 0.0
37400 0.0
37450 0.7561954877784491
37500 0.0
37550 0.0
37600 0.0
37650 0.02590458472455554
37700 0.0
37750 0.6770925894330894
37800 0.9151533851737976
37850 0.9151533851737976
37900 0.0
37950 0.9151533851737976
38000 0.0
38050 0.0
38100 0.7257236467562583
38150 0.9151533851737976
38200 0.0
38250 0.8398562460040762
38300 0.0
38350 0.9151533851737976
38400 0.0
38450 0.2588829960102269
38500 0.008047413442526682
38550 0.5039155467827287
38600 0.0
38650 0.0
38700 0.6034532856728898
38750 0.0
38800 0.0
38850 0.0
38900 0.0
38950 0.9151533851737976
39000 0.4905902598661904
39050 0.9151533851737976
39100 0.0
39150 0.9151533851737976
39200 0.0
39250 0.8262433422425919
39300 0.0
39350 0.0
39400 0.0
39450 0.0
39500 0.0
39550 0.9151533851737976
39600 0.0
39650 0.0
39700 0.9151533851737976
39750 0.0
39800 0.9151533851737976
39850 0.863787726140943
39900 0.0
39950 0.848169579816718
40000 0.9151533851737976
40050 0.0
40100 0.21329823989680954
40150 0.0
40200 0.0
40250 0.0
40300 0.0
40350 0.0
40400 0.4011032945164338
40450 0.10357132323164978
40500 0.08178361499554967
40550 0.0
40600 0.9151533851737976
40650 0.0
40700 0.0
40750 0.0
40800 0.9151533851737976
40850 0.0
40900 0.0
40950 0.0
41000 0.5099673786816619
41050 0.7670306069674292
41100 0.9151533851737976
41150 0.0
41200 0.709869815935481
41250 0.0864767907887953
41300 0.0
41350 0.0
41400 0.0
41450 0.9151533851737976
41500 0.0
41550 0.0
41600 0.9151533851737976
41650 0.7874990241153376
41700 0.0
41750 0.0
41800 0.0
41850 0.0
41900 0.0
41950 0.632932348934162
42000 0.04976927631720224
42050 0.0
42100 0.0
42150 0.0
42200 0.6487469971002562
42250 0.0
42300 0.0
42350 0.0
42400 0.0
42450 0.8869073419568896
42500 0.9151533851737976
42550 0.0
42600 0.9151533851737976
42650 0.9151533851737976
42700 0.0
42750 0.0
42800 0.0
42850 0.0
42900 0.0
42950 0.8438532365471343
43000 0.0
43050 0.0
43100 0.0
43150 0.9151533851737976
43200 0.0
43250 0.0
43300 0.11592011048712356
43350 0.9151533851737976
43400 0.0
43450 0.0
43500 0.576199529658789
43550 0.0
43600 0.0
43650 0.0
43700 0.9151533851737976
43750 0.38419786012825397
43800 0.0
43850 0.9151533851737976
43900 0.8580353413952007
43950 0.0
44000 0.0
44050 0.9151533851737976
44100 0.0
44150 0.9151533851737976
44200 0.9151533851737976
44250 0.0
44300 0.9151533851737976
44350 0.9151533851737976
44400 0.0
44450 0.0
44500 0.47783329783218154
44550 0.9151533851737976
44600 0.0
44650 0.8984437615644959
44700 0.8778488914767046
44750 0.5178196475349043
44800 0.0
44850 0.9151533851737976
44900 0.0
44950 0.0
45000 0.9151533851737976
45050 0.0
45100 0.9151533851737976
45150 0.0
45200 0.0
45250 0.0
45300 0.8703008011343298
45350 0.0
45400 0.0
45450 0.0
45500 0.0
45550 0.0
45600 0.03140018656452371
45650 0.0
45700 0.6218772968310881
45750 0.9151533851737976
45800 0.9151533851737976
45850 0.9151533851737976
45900 0.9151533851737976
45950 0.9151533851737976
46000 0.007094734920784577
46050 0.0
46100 0.9151533851737976
46150 0.0
46200 0.8984437615644959
46250 0.0
46300 0.9151533851737976
46350 0.9151533851737976
46400 0.0
46450 0.03974218890343975
46500 0.0
46550 0.0
46600 0.0
46650 0.0
46700 0.0
46750 0.0
46800 0.9151533851737976
46850 0.0
46900 0.45530400844443275
46950 0.0
47000 0.0
47050 0.8984437615644959
47100 0.9151533851737976
47150 0.7442487409853416
47200 0.0
47250 0.8178104914075293
47300 0.9151533851737976
47350 0.0
47400 0.8293519051624478
47450 0.9151533851737976
47500 0.9151533851737976
47550 0.9151533851737976
47600 0.0
47650 0.47864168223574044
47700 0.6448688008287862
47750 0.9151533851737976
47800 0.9151533851737976
47850 0.0
47900 0.0
47950 0.49149261017252155
48000 0.43706311505985784
48050 0.0
48100 0.0
48150 0.9151533851737976
48200 0.0
48250 0.0
48300 0.0
48350 0.0
48400 0.8778488914767046
48450 0.9151533851737976
48500 0.0
48550 0.9151533851737976
48600 0.0
48650 0.9151533851737976
48700 0.9151533851737976
48750 0.0
48800 0.0
48850 0.9151533851737976
48900 0.0
48950 0.0
49000 0.0
49050 0.0
49100 0.0
49150 0.5379649524599805
49200 0.9151533851737976
49250 0.9151533851737976
49300 0.9151533851737976
49350 0.3361635918898144
49400 0.0
49450 0.9151533851737976
49500 0.0
49550 0.9151533851737976
49600 0.9151533851737976
49650 0.9151533851737976
49700 0.9151533851737976
49750 0.9151533851737976
49800 0.9151533851737976
49850 0.0
49900 0.9151533851737976
49950 0.0
