
x disttype general-gaussian
x k 1530
x std 0.5
x N 50000
x alpha 0.0005

o 0 0.6775875707277459 0.6920701205091865
o 10 0.9932971925796634 0.9956144525825571
o 20 0.6233566716562652 0.6383992105197465
o 30 0.9931647753590979 0.9955069310599574
o 40 0.8509727580779277 0.8619070039146667
o 50 0.9998341327646891 1
o 60 0.9948089425921502 0.9968219504684411
o 70 0.21018993371582378 0.25694030276728097
o 80 0.9963031471150466 0.9979668397331242
o 90 0.6129565253950571 0.6280828488845427
o 100 0.2890578792148015 0.3032908360381794
o 110 0.4026686162884308 0.41800160788825647
o 120 0.9973946521725114 0.9987544386726732
o 130 0.024023425594572333 0.043972189671995565
o 140 0.9583752040021853 0.9643888301349788
o 150 0.9998341327646891 1
o 160 0.9366919516966621 0.944079308839384
o 170 0.9712438362456824 0.9762358688388468
o 180 0.9995668564461039 0.999976016692425
o 190 0.2988893921186053 0.3132559849189911
o 200 0.5566211992615352 0.5720771102912794
o 210 0.003297792448364081 0.012842632138303833
o 220 0.9997427320109885 0.9999995494141014
o 230 0.9949659262277791 0.9969448814546384
o 240 0.9998341327646891 1
o 250 0.5010670330611792 0.516649981008492
o 260 0.7659792839961278 0.779048827664045
o 270 0.6438868455603061 0.6587421464136896
o 280 0.9995668564461039 0.999976016692425
o 290 0.9998341327646891 1
o 300 0.9727301408115164 0.9775890594475588
o 310 0.9997427320109885 0.9999995494141014
o 320 0.0009913927362594883 0.00768846370096099
o 330 0.9970661424168645 0.9985232526257974
o 340 0.003297792448364081 0.012842632138303833
o 350 0.9984080584682806 0.9994197042904669
o 360 0.7603041836567588 0.7734858243402389
o 370 0.10958099695597041 0.14649993694475472
o 380 0.9752470538936852 0.9798712876375016
o 390 0.9995668564461039 0.999976016692425
o 400 0.9962802289563542 0.9979497738504909
o 410 0.9103332533962567 0.9190467669258577
o 420 0.944210475340291 0.9511582837352328
o 430 0.28971318998780937 0.3039553027105205
o 440 0.997371070376275 0.9987380436441108
o 450 0.8936607052175842 0.9030848558475011
o 460 0.9457988628150837 0.9526493673999353
o 470 0.0006172318585809055 0.00657412054291362
o 480 0.0417104420504143 0.06669247105462306
o 490 0.9998341327646891 1
o 500 0.05020269529352591 0.07715797344359066
o 510 0.999442873695936 0.9999411111022777
o 520 0.5924680465974023 0.6077382104535476
o 530 0.968068183594477 0.9733325957087605
o 540 0.6099656570356213 0.6251147217083461
o 550 0.09720747339195769 0.13243037432349547
o 560 0.9994730802517786 0.9999506585660503
o 570 0.998532952220799 0.9994945720557045
o 580 0.5232971161948256 0.5388524094240184
o 590 0.9997427320109885 0.9999995494141014
o 600 0.9682977336249514 0.9735429682015432
o 610 0.9980156978384686 0.999172677844584
o 620 0.2556218202327286 0.2693382603263943
o 630 0.0372832782970069 0.061142107644554855
o 640 0.0008616339156202599 0.00732183525492236
o 650 0.9861043985165414 0.9895301277076679
o 660 0.999784848241918 0.9999999949993749
o 670 0.999442873695936 0.9999411111022777
o 680 0.5715323014497129 0.586920993067717
o 690 0 0.0020713641682286897
o 700 0.9902797490379132 0.9931131859476482
o 710 5.632956977929134e-06 0.003211834795377788
o 720 0.01521027467399438 0.03183658518552912
o 730 0.4210786571171539 0.43650534535386354
o 740 5.632956977929134e-06 0.003211834795377788
o 750 0.9997427320109885 0.9999995494141014
o 760 0.2524098365624528 0.26607133686419204
o 770 0.40388497308154137 0.4192248399029247
o 780 0.9085944998846612 0.9173860981843714
o 790 0 0.0020713641682286897
o 800 0.9998341327646891 1
o 810 0.8691276107000392 0.8794661087607495
o 820 0.038166078993849065 0.06225479636025244
o 830 0.9785506927854138 0.9828465118119456
o 840 0.9998341327646891 1
o 850 0 0.0020713641682286897
o 860 0.9975365616713056 0.998852384613813
o 870 0.12484443020027405 0.16366690676037843
o 880 0.9998341327646891 1
o 890 0.538993531013893 0.5545107101617257
o 900 0.0007367092911671631 0.006950583915315112
o 910 0.11708397034007446 0.15496267608252567
o 920 0.6294820442853135 0.6444717816723919
o 930 0.9923290970738091 0.9948229837460756
o 940 0.9907574424854098 0.993515299623861
o 950 0.029406342437761204 0.05106009746035134
o 960 0.8885402418008591 0.8981670214486823
o 970 0.9982843587370567 0.9993436167432374
o 980 0 0.0020713641682286897
o 990 0.93996504814061 0.9471651237377349
o 1000 0.9998341327646891 1
o 1010 0.9998341327646891 1
o 1020 0.9967638850029287 0.998305760365681
o 1030 0.046615244441851694 0.07276314934239092
o 1040 0 0.0020713641682286897
o 1050 0.0048682594885886095 0.015754969810489183
o 1060 0.9991306438647708 0.9998151511351715
o 1070 0.884890647714203 0.8946578289452032
o 1080 0.9771181878019142 0.9815595114026443
o 1090 0.5825197844784273 0.5978498160823287
o 1100 0.5437800745237765 0.5592825556895993
o 1110 0.9998341327646891 1
o 1120 0.041044332476828496 0.06586193942123797
o 1130 0 0.0020713641682286897
o 1140 0.9725835137071536 0.9774557364219748
o 1150 0 0.0020713641682286897
o 1160 0.6362515938463932 0.6511799601052907
o 1170 0.9686734470169225 0.9738871279472359
o 1180 0.9933855477319553 0.9956860562216858
o 1190 0.9865537361173743 0.9899206246918228
o 1200 0.8305753009321842 0.8421112555842745
o 1210 0.8829747561807654 0.8928143575349635
o 1220 0.00938785368160696 0.02319777590041794
o 1230 0.06949188756521539 0.10027566464293836
o 1240 0 0.0020713641682286897
o 1250 0.9744703146583027 0.9791682924644183
o 1260 0.0023137429626986735 0.010840119172526475
o 1270 6.250781184823253e-08 0.0026863809835053765
o 1280 0.022319621642764815 0.041685493698159104
o 1290 0.9864038970311344 0.9897905190541766
o 1300 0.05200228236893167 0.07934955281572542
o 1310 0.9997041638433971 0.9999976422569008
o 1320 0.38618283932101094 0.40141295965624324
o 1330 0.4389007390181924 0.45439724414963234
o 1340 0.999784848241918 0.9999999949993749
o 1350 0 0.0020713641682286897
o 1360 0.9822932734648216 0.9861826228731442
o 1370 0.9867250559167671 0.9900692415441031
o 1380 0 0.0020713641682286897
o 1390 0.9962802289563542 0.9979497738504909
o 1400 0.7302382848337139 0.7439617762726471
o 1410 0.9990229026390082 0.9997633135035773
o 1420 0.02445091157197568 0.04454234277422964
o 1430 0.7984881425213115 0.8108491142294331
o 1440 0.9852712845206837 0.9888035458361721
o 1450 0.011761670323974282 0.02680737775650488
o 1460 0.998088544558281 0.9992197297420591
o 1470 0.3156019148191878 0.33017779109646583
o 1480 0.8933750101272261 0.9028106459033475
o 1490 0.9972299702688214 0.9986392778683405
o 1500 0.6543384567953742 0.6690870291805404
o 1510 0.47423536717354575 0.4898106923158332
o 1520 0.9749740721104482 0.9796243628261111
o 1530 0.0006172318585809055 0.00657412054291362
o 1540 0.9995037605889281 0.9999597116202779
o 1550 0.6646934890098639 0.6793285245120015
o 1560 0.9998341327646891 1
o 1570 0.8886218160834125 0.898245420046243
o 1580 0.0026347926915500906 0.011514351585064753
o 1590 0 0.0020713641682286897
o 1600 2.9478169837018796e-05 0.0036929403504111225
o 1610 0 0.0020713641682286897
o 1620 0.43598624424501076 0.4514727230316553
o 1630 0.9487510726431405 0.9554161741243464
o 1640 0.03949280527130636 0.06392131981056914
o 1650 0.9998341327646891 1
o 1660 0.15608972859344009 0.19828075512908716
o 1670 0.2017691759342369 0.24789821485166363
o 1680 0.9998341327646891 1
o 1690 0.29457892967231336 0.30888791075782684
o 1700 0.0036382898523222565 0.0134980645085363
o 1710 0.6173128951162027 0.6324050162693564
o 1720 0.010172570958339 0.024407422471894202
o 1730 0 0.0020713641682286897
o 1740 0.005776654061127185 0.01733799708540984
o 1750 0.9934297489189166 0.9957218343152169
o 1760 0.1288508129154882 0.1681423517034627
o 1770 0.2559589081551545 0.2696810577223393
o 1780 0.5266399657519225 0.5421884342323569
o 1790 0.055838444871420895 0.08399467540983518
o 1800 0.002798082592816579 0.011848799571119395
o 1810 0.12531547457215264 0.1641937238828277
o 1820 0.8366606155512111 0.8480239132891129
o 1830 2.9478169837018796e-05 0.0036929403504111225
o 1840 0.013779735679159286 0.02977611419085635
o 1850 5.632956977929134e-06 0.003211834795377788
o 1860 0.9997427320109885 0.9999995494141014
o 1870 0.9081854549566651 0.9169952790303222
o 1880 0.99863385948088 0.9995534508999322
o 1890 0.976739425997327 0.9812184035447944
o 1900 0.9998341327646891 1
o 1910 0.7069804805453851 0.7210673645854437
o 1920 0.9986592401095487 0.9995680130057608
o 1930 0.33206662782006946 0.34682749514226907
o 1940 0.9886800243473388 0.9917535370540629
o 1950 0.021260025591115506 0.04025107760061708
o 1960 0.04482775277826778 0.07055953571776097
o 1970 0.9934297489189166 0.9957218343152169
o 1980 0.9998341327646891 1
o 1990 0 0.0020713641682286897
o 2000 0.6448715416791962 0.6597171199287319
o 2010 0.026381692746174308 0.04710099982143978
o 2020 0.9998341327646891 1
o 2030 0.0009913927362594883 0.00768846370096099
o 2040 0.2386554279916396 0.2520704276482201
o 2050 0.999599491460172 0.9999830535762632
o 2060 0.9993836603972324 0.9999207619417313
o 2070 0.008224892334377263 0.021369445153626043
o 2080 0.9859333615192634 0.9893812274035807
o 2090 0.9439630107331086 0.9509258307220041
o 2100 0.7374381218146303 0.7510395308979352
o 2110 0.7449833719452971 0.7584517574935893
o 2120 0 0.0020713641682286897
o 2130 0.9603259976983404 0.9661973834380662
o 2140 0.999599491460172 0.9999830535762632
o 2150 0.9973475076700078 0.9987216292808397
o 2160 0.0001356941374873465 0.004579646877598709
o 2170 0.9998341327646891 1
o 2180 0.8073539061250462 0.8195003927110889
o 2190 0.700756755942269 0.7149331732220865
o 2200 0.9994130827814863 0.9999311292217226
o 2210 0.0002119315321278825 0.004998286201970181
o 2220 0.9995037605889281 0.9999597116202779
o 2230 0.40422396642311287 0.41956573196696656
o 2240 0.9869393207858841 0.9902548972166832
o 2250 0.6164897528728089 0.6315884349135585
o 2260 0.7362682395734869 0.7498898044307128
o 2270 0.7909620909444545 0.8034976775749795
o 2280 0.02020479072619822 0.03881234374794573
o 2290 0.9132800922832996 0.9218589488979057
o 2300 0.023596539963144834 0.04340144165789395
o 2310 0.5880551113467912 0.6033526287219309
o 2320 6.250781184823253e-08 0.0026863809835053765
o 2330 0.1401923087812134 0.18074960141438068
o 2340 0.9984578626277146 0.999449808165806
o 2350 0.0008616339156202599 0.00732183525492236
o 2360 0.9706164079152908 0.9756635098480126
o 2370 0.857576476474798 0.8683010870456277
o 2380 0.9976554062814149 0.9989334115040904
o 2390 0.6563488349296726 0.6710759767968498
o 2400 0.9997427320109885 0.9999995494141014
o 2410 0.9965329270499892 0.9981368947272495
o 2420 0.6349658588725932 0.6499061265624324
o 2430 0.9714739788058347 0.9764456482065549
o 2440 0.8771482099534432 0.8872028414414597
o 2450 0.9998341327646891 1
o 2460 0.2478108056932801 0.26139193289054274
o 2470 0.999442873695936 0.9999411111022777
o 2480 0.9993257723589525 0.9998990270247117
o 2490 0.736833002455983 0.7504448526493706
o 2500 0.1782702715893788 0.22250124300346197
o 2510 0.7492010063376419 0.762592712943861
o 2520 0.21790111266780346 0.2651951670360262
o 2530 0.9990496341945716 0.9997764839702489
o 2540 0.001549745385653557 0.009117358764871297
o 2550 0.35120852529535174 0.36615911172339244
o 2560 0.8969470044545852 0.9062374642996285
o 2570 0.9712647563788931 0.9762549416102156
o 2580 0.9585411520377851 0.9645428265809111
o 2590 0.004158684424563058 0.014471854702198694
o 2600 0.999784848241918 0.9999999949993749
o 2610 0.9996330653686861 0.9999891487861118
o 2620 0.8701043735219437 0.8804090209705018
o 2630 0.06606340648525796 0.09622047807386058
o 2640 0.9996330653686861 0.9999891487861118
o 2650 0 0.0020713641682286897
o 2660 0.0003978010923757274 0.005802461929785063
o 2670 0.3238727614238827 0.3385441394720361
o 2680 0.9998341327646891 1
o 2690 2.9478169837018796e-05 0.0036929403504111225
o 2700 0.9242426630565675 0.9322927355775594
o 2710 0.9998341327646891 1
o 2720 0.3344138752001789 0.3491994521602234
o 2730 0.9984080584682806 0.9994197042904669
o 2740 0.996717592406219 0.9982720892569996
o 2750 0.9972065160734749 0.9986227536460907
o 2760 0.6112302155698744 0.6263697384687306
o 2770 0.022744623805884528 0.042258107636330755
o 2780 0.9997427320109885 0.9999995494141014
o 2790 0.9998341327646891 1
o 2800 0.18904555229584327 0.23417813207928273
o 2810 6.250781184823253e-08 0.0026863809835053765
o 2820 0.9998341327646891 1
o 2830 0.9995668564461039 0.999976016692425
o 2840 0.9997041638433971 0.9999976422569008
o 2850 0.9998341327646891 1
o 2860 0 0.0020713641682286897
o 2870 0.9369182941246595 0.9442928911411457
o 2880 0.9997427320109885 0.9999995494141014
o 2890 0.7639594863299167 0.7770693002002458
o 2900 0 0.0020713641682286897
o 2910 0.9875614426497399 0.9907925430879243
o 2920 0.09162845030585381 0.12603523128559568
o 2930 0.1394822470943605 0.17996286428474395
o 2940 0.015005091288335756 0.03154304209009595
o 2950 0.29618781597002547 0.3105184782120015
o 2960 0.984610248667745 0.9882248209089121
o 2970 0.06629167907179603 0.09649111556889
o 2980 0.11168888727389671 0.14888239808101655
o 2990 0.8763539809329625 0.8864373346252337
o 3000 0.9998341327646891 1
o 3010 0.9997041638433971 0.9999976422569008
o 3020 0.9990496341945716 0.9997764839702489
o 3030 0.698763082793496 0.7129675140507886
o 3040 0.9998341327646891 1
o 3050 0.2876877415577117 0.30190143904020816
o 3060 0.9996678275924519 0.9999940967944916
o 3070 0.999784848241918 0.9999999949993749
o 3080 0.6325954367199643 0.6475573442569217
o 3090 0.9853993448876318 0.9889154389210214
o 3100 0.999784848241918 0.9999999949993749
o 3110 0.000503951780243514 0.006191718166968396
o 3120 0 0.0020713641682286897
o 3130 0.4851892541019583 0.5007731117252188
o 3140 0.9987102018538886 0.9995969315746592
o 3150 0.9604921161972618 0.9663512092953669
o 3160 0.0377245070463201 0.061698622527010194
o 3170 0.921740679206245 0.9299155508065412
o 3180 0.28669493702057486 0.3008945807866017
o 3190 0.002798082592816579 0.011848799571119395
o 3200 0.2820293093223966 0.29616179340117954
o 3210 0.999297246851899 0.9998877222821806
o 3220 0.24771169974027799 0.26129107257623174
o 3230 0.005960847644840063 0.017652149387964
o 3240 0.33131077799972064 0.3460636011752265
o 3250 0.0034673555456151933 0.013171012725498032
o 3260 0.9829723914467748 0.9867832642170127
o 3270 0.9988648919050572 0.999681833128126
o 3280 0 0.0020713641682286897
o 3290 0.999784848241918 0.9999999949993749
o 3300 0.5410963169010955 0.5566072165306333
o 3310 0.9950557671449217 0.9970149908693551
o 3320 0 0.0020713641682286897
o 3330 0.7658984880455099 0.7789696506097437
o 3340 0.9720809440248751 0.9769984769194535
o 3350 0.999784848241918 0.9999999949993749
o 3360 0.013170967890618548 0.028888793313934458
o 3370 0.9997427320109885 0.9999995494141014
o 3380 0.9941615185010257 0.9963097103102978
o 3390 2.9478169837018796e-05 0.0036929403504111225
o 3400 2.9478169837018796e-05 0.0036929403504111225
o 3410 0.8909878426824339 0.9005186068803382
o 3420 0 0.0020713641682286897
o 3430 0.9998341327646891 1
o 3440 0.0011254779614789693 0.00805095465353356
o 3450 0 0.0020713641682286897
o 3460 0.9996678275924519 0.9999940967944916
o 3470 0.8614186372801684 0.8720176474142376
o 3480 0.9994130827814863 0.9999311292217226
o 3490 0.00029995700032200127 0.005405172829997085
o 3500 0.9957784861890406 0.9975718466746825
o 3510 0.3150055607756495 0.3295743474299132
o 3520 0.9998341327646891 1
o 3530 0.9989698028369101 0.9997365968529978
o 3540 0.9559704847912482 0.9621543532919462
o 3550 0.006331522703297043 0.018278219395506223
o 3560 0.0006172318585809055 0.00657412054291362
o 3570 0.02168335538424171 0.040825347693091096
o 3580 0.10396925921937918 0.14013742583916544
o 3590 0.99561973517329 0.9974506954889379
o 3600 2.9478169837018796e-05 0.0036929403504111225
o 3610 0.9334423836983685 0.9410099573055758
o 3620 0.2863375374610884 0.30053210174200995
o 3630 0.9997427320109885 0.9999995494141014
o 3640 0.025522169559738392 0.045965205035538914
o 3650 0.9998341327646891 1
o 3660 0.07775617669573688 0.10997230569811367
o 3670 0.9413658276287029 0.9484838781994175
o 3680 0.017691765615132745 0.03534005038344834
o 3690 0.992307169660904 0.9948049207320403
o 3700 0.017068221506662786 0.0344673174812794
o 3710 0.9260482070607969 0.9340065915790561
o 3720 0.9979190093140644 0.999109494009705
o 3730 0.9913888358574415 0.9940436460716633
o 3740 0.9987357880946652 0.999611282711117
o 3750 0.2832402990171626 0.29739039229736375
o 3760 0.9996330653686861 0.9999891487861118
o 3770 0.8385679370291932 0.8498759563841473
o 3780 0.07775617669573688 0.10997230569811367
o 3790 0.6374972049534463 0.6524139309966719
o 3800 0.9859333615192634 0.9893812274035807
o 3810 0.039050232861005015 0.06336614029652254
o 3820 0.9983584448714474 0.9993894057514955
o 3830 0.5304035921433935 0.5459435406560433
o 3840 0.012363657020590167 0.02770138152192947
o 3850 0.9744283469018178 0.979130274555247
o 3860 0.9995349878824064 0.9999681957182619
o 3870 0.0315810346981563 0.05387390684096249
o 3880 0.0713241450182528 0.10243471025071649
o 3890 0.9870465021475909 0.9903476760083296
o 3900 0.029406342437761204 0.05106009746035134
o 3910 0.3139917904085576 0.32854846169118257
o 3920 0.15466312143154498 0.19671375388480694
o 3930 0.9954613703038478 0.997329155250577
o 3940 0.302982044887893 0.3174019429757081
o 3950 0.9972534418677634 0.9986557844757022
o 3960 0.9422313168932708 0.9492981009311879
o 3970 0.001263463787865113 0.00840971372163124
o 3980 0.6874887487183879 0.701845624728372
o 3990 0.42447065409447465 0.4399122024725106
o 4000 7.381303257416497e-05 0.0041461380378710055
o 4010 0.7510174759220251 0.764375636093266
o 4020 0.9976554062814149 0.9989334115040904
o 4030 0.9781712414875204 0.9825060943964207
o 4040 0.9996678275924519 0.9999940967944916
o 4050 0 0.0020713641682286897
o 4060 0.7141327046723582 0.7281127460569632
o 4070 0.9993836603972324 0.9999207619417313
o 4080 0.9756671850276466 0.980251012605819
o 4090 0.035741754659557146 0.0591915462846927
o 4100 0.9998341327646891 1
o 4110 0.9893921647201072 0.9923611211038946
o 4120 0.25250896463049843 0.26617217506513724
o 4130 0.9994130827814863 0.9999311292217226
o 4140 0.8816094419467917 0.8915001257796998
o 4150 0.9988648919050572 0.999681833128126
o 4160 0.13451629114292082 0.1744512365380535
o 4170 0.42959925759717027 0.4450618666437509
o 4180 0.5045876038590947 0.5201682239255605
o 4190 0.012363657020590167 0.02770138152192947
o 4200 0.3203533565228163 0.3349847378402786
o 4210 0.2652804642040643 0.2791563312110108
o 4220 0 0.0020713641682286897
o 4230 0.9229915063187348 0.9311043080652939
o 4240 0.026596911263800756 0.04738461365407187
o 4250 0.05200228236893167 0.07934955281572542
o 4260 0.996234423774403 0.9979156106725443
o 4270 0.9995349878824064 0.9999681957182619
o 4280 0.335468213489602 0.3502647565268491
o 4290 0.5622120296471655 0.5776443992817518
o 4300 0.999442873695936 0.9999411111022777
o 4310 0.01196198656025287 0.027105719794108585
o 4320 0 0.0020713641682286897
o 4330 0.9998341327646891 1
o 4340 0.9971128682824996 0.998556485750206
o 4350 0.946810107302445 0.9535977861219518
o 4360 0.9270949329412609 0.9349995178478113
o 4370 0.9998341327646891 1
o 4380 0.9826751719903334 0.9865205891571315
o 4390 0.999784848241918 0.9999999949993749
o 4400 5.632956977929134e-06 0.003211834795377788
o 4410 0.8006332891358131 0.8129432518252803
o 4420 0.34883994309775157 0.3637684962085771
o 4430 0.9925485438632544 0.9950034404956384
o 4440 0.4764938002544275 0.49207149758465163
o 4450 0.6393657240327834 0.6542647849112082
o 4460 0.7592945509416147 0.7724957944666091
o 4470 0.9820600207869667 0.9859759579391704
o 4480 0.9975602862033369 0.9988686350034939
o 4490 0.5411964530348933 0.5567070466947798
o 4500 0.03838699211953199 0.06253275691460436
o 4510 0.9967407321599208 0.9982889314230393
o 4520 0 0.0020713641682286897
o 4530 0.9164537749120216 0.9248842117723919
o 4540 0.9998341327646891 1
o 4550 0 0.0020713641682286897
o 4560 0.999442873695936 0.9999411111022777
o 4570 0.6514035684655138 0.6661829019032727
o 4580 0.7501092211701996 0.7634841944798975
o 4590 0 0.0020713641682286897
o 4600 0.003984012913461825 0.014148429407502605
o 4610 0.8804888255584467 0.8904211148264768
o 4620 2.9478169837018796e-05 0.0036929403504111225
o 4630 0.6594249993882229 0.6741187807244158
o 4640 0.31136809904651236 0.3258930431414828
o 4650 0.9118883403990428 0.9205311632139783
o 4660 0.09720747339195769 0.13243037432349547
o 4670 0.9888524925412426 0.991901002547524
o 4680 0.3251852018287013 0.33987125405093954
o 4690 0.8277972685333082 0.8394102138199205
o 4700 0.5771458557940995 0.5925055513103331
o 4710 0.15038670345185737 0.19200935202598368
o 4720 0.7559025591670067 0.7691689199102912
o 4730 0.03993570185289925 0.06447617710557563
o 4740 0.009779330690053581 0.023803465552905356
o 4750 0.010172570958339 0.024407422471894202
o 4760 0.7853803961542469 0.7980412357013125
o 4770 0.8342261495985752 0.8456591903626163
o 4780 0.988206272833671 0.9913474694425795
o 4790 0.11614486194988102 0.1539060676787407
o 4800 0.9998341327646891 1
o 4810 0.9764659827176314 0.9809719408159061
o 4820 0.341377240472748 0.35623372710029955
o 4830 0 0.0020713641682286897
o 4840 0.9995668564461039 0.999976016692425
o 4850 0.005776654061127185 0.01733799708540984
o 4860 0.9997427320109885 0.9999995494141014
o 4870 0.9492055424230057 0.9558415528851135
o 4880 0.5742186612866905 0.5895937299713292
o 4890 0.999784848241918 0.9999999949993749
o 4900 0.01665365886400684 0.033884375389683585
o 4910 0.9005208041639164 0.9096624768358579
o 4920 0.9843972216233586 0.9880379246895418
o 4930 0.903217718959583 0.9122446657909502
o 4940 0.8893968141883752 0.8989901642923207
o 4950 0.999442873695936 0.9999411111022777
o 4960 0.49726685000377335 0.5128514447135128
o 4970 0.5637151111127813 0.5791408122692365
o 4980 0.001263463787865113 0.00840971372163124
o 4990 0.8538575926717227 0.8647012088420812
o 5000 0.9998341327646891 1
o 5010 0.9983832285394911 0.9994045786411975
o 5020 0.9983832285394911 0.9994045786411975
o 5030 0.9975365616713056 0.998852384613813
o 5040 0.8734627603838383 0.8836495168746613
o 5050 0.0002119315321278825 0.004998286201970181
o 5060 0.9935403221669237 0.9958112089209974
o 5070 0.02530763345767879 0.04568091459939083
o 5080 0.999784848241918 0.9999999949993749
o 5090 0.9783609431562436 0.982676327118553
o 5100 0.9880771995048885 0.9912365917446615
o 5110 0.9995037605889281 0.9999597116202779
o 5120 0.857576476474798 0.8683010870456277
o 5130 6.250781184823253e-08 0.0026863809835053765
o 5140 0.9917599498345655 0.994352375941256
o 5150 0.006145812368990528 0.01796554861443722
o 5160 0.6746702618665911 0.689188407137133
o 5170 0.9998341327646891 1
o 5180 0.002473307911623104 0.011178161154966837
o 5190 0.7279195078383189 0.7416813290447557
o 5200 0.9998341327646891 1
o 5210 0.9169248676093025 0.9253329625486321
o 5220 0.9989171466500022 0.9997094220119266
o 5230 0.49348711394264927 0.5090724546815067
o 5240 0.8964774411391495 0.9057871836834315
o 5250 0.9990229026390082 0.9997633135035773
o 5260 0.9998341327646891 1
o 5270 0.9979672929505882 0.9991411475683059
o 5280 0 0.0020713641682286897
o 5290 0.008610537935771684 0.02198085951972173
o 5300 0.966775080388058 0.9721461349247447
o 5310 0.9051593708245768 0.9141023687022621
o 5320 0.9998341327646891 1
o 5330 5.632956977929134e-06 0.003211834795377788
o 5340 6.250781184823253e-08 0.0026863809835053765
o 5350 0.9993545677321735 0.9999100498624319
o 5360 0.9988389036516672 0.9996678953600677
o 5370 0.5018871315494212 0.5174696061697682
o 5380 0 0.0020713641682286897
o 5390 0.9989434220919977 0.9997230637730928
o 5400 0.7907598241003968 0.8033000119346128
o 5410 0.028107075654712297 0.049366305685734635
o 5420 0.9825478427689124 0.9864079634948152
o 5430 0.9839714619510453 0.9876638372478805
o 5440 0.9998341327646891 1
o 5450 0.041044332476828496 0.06586193942123797
o 5460 0.9849726276547562 0.988542310995679
o 5470 0.9996330653686861 0.9999891487861118
o 5480 0.9787404910361509 0.983016647813986
o 5490 0.1773137609071506 0.22146200692220375
o 5500 0.7457703302008978 0.7592245361037286
o 5510 0.5027672605417953 0.5183491806062952
o 5520 0.3435063934244608 0.3583838527419517
o 5530 0 0.0020713641682286897
o 5540 0.008610537935771684 0.02198085951972173
o 5550 0.5329462930972197 0.5484799836760965
o 5560 0.0007367092911671631 0.006950583915315112
o 5570 0.9992130705901301 0.9998523473218889
o 5580 0.02062634406793118 0.039388372400076865
o 5590 0.003297792448364081 0.012842632138303833
o 5600 0.006331522703297043 0.018278219395506223
o 5610 0.6679717336872949 0.6825691807484835
o 5620 0 0.0020713641682286897
o 5630 0 0.0020713641682286897
o 5640 6.250781184823253e-08 0.0026863809835053765
o 5650 0.3398650448667846 0.35470643511116995
o 5660 0.8899271205282357 0.8994996816554134
o 5670 0.0007367092911671631 0.006950583915315112
o 5680 0.01894466235111654 0.03707977355811087
o 5690 0.9235862769649976 0.9316693397828486
o 5700 0.6602694974484382 0.674953999473337
o 5710 0.002473307911623104 0.011178161154966837
o 5720 0.9995668564461039 0.999976016692425
o 5730 0 0.0020713641682286897
o 5740 0.27946856893850613 0.2935634038267382
o 5750 0.07844700293884417 0.1107782308289944
o 5760 0.9465005045089798 0.9533074920354313
o 5770 0.999442873695936 0.9999411111022777
o 5780 0.999784848241918 0.9999999949993749
o 5790 0.9989962943624112 0.9997500155155598
o 5800 0.15632755082934457 0.1985418677121853
o 5810 0.9640882907556239 0.9696738284250513
o 5820 0.12154937042182251 0.15997694062743562
o 5830 0 0.0020713641682286897
o 5840 0.7057517222029669 0.7198565343467218
o 5850 0 0.0020713641682286897
o 5860 0.5705099419720226 0.58590369632209
o 5870 0.9792679692268675 0.983488986611942
o 5880 0.985591509708457 0.9890832041184415
o 5890 0.01196198656025287 0.027105719794108585
o 5900 0.7217708617488925 0.7356320325475454
o 5910 0.0026347926915500906 0.011514351585064753
o 5920 0.9998341327646891 1
o 5930 2.9478169837018796e-05 0.0036929403504111225
o 5940 0.056064588716824404 0.08426743289549965
o 5950 0.000503951780243514 0.006191718166968396
o 5960 0 0.0020713641682286897
o 5970 0.9997041638433971 0.9999976422569008
o 5980 0.999784848241918 0.9999999949993749
o 5990 0.4324333221424825 0.4479068449432583
o 6000 0.8483729684237723 0.85938765924618
o 6010 0.008032869078572426 0.021062953810688456
o 6020 0.9874970315467146 0.9907369783518111
o 6030 0.5683450563466478 0.5837493099430213
o 6040 0 0.0020713641682286897
o 6050 6.250781184823253e-08 0.0026863809835053765
o 6060 7.381303257416497e-05 0.0041461380378710055
o 6070 0.5569417934538092 0.5723964082499902
o 6080 0.9576493443102816 0.9637149326043044
o 6090 0.9989962943624112 0.9997500155155598
o 6100 0.9940281057994044 0.9962031893827343
o 6110 0.9998341327646891 1
o 6120 0.9991306438647708 0.9998151511351715
o 6130 0.9580640889773308 0.9641000492302065
o 6140 0.9997041638433971 0.9999976422569008
o 6150 0.5115098517074054 0.5270836439452443
o 6160 2.9478169837018796e-05 0.0036929403504111225
o 6170 0.8897027557237304 0.8992841210482139
o 6180 0.7329203019066575 0.7465988619752899
o 6190 0.8425661367531405 0.853756424822032
o 6200 0.8980087410826436 0.9072553747906125
o 6210 0.00029995700032200127 0.005405172829997085
o 6220 0.017275846163830016 0.03475844923536786
o 6230 0.0006172318585809055 0.00657412054291362
o 6240 0.36751531849075675 0.3826067970896321
o 6250 0 0.0020713641682286897
o 6260 0 0.0020713641682286897
o 6270 0 0.0020713641682286897
o 6280 0.049978013966806005 0.07688376025721366
o 6290 0.17803112372081206 0.2222414541544787
o 6300 0.8745621309607555 0.8847097806034034
o 6310 0.9998341327646891 1
o 6320 0.9998341327646891 1
o 6330 0.964005054653064 0.9695970924899829
o 6340 0.9633809212196152 0.9690214355270406
o 6350 0.9998341327646891 1
o 6360 0.9204491794585007 0.9286874796881739
o 6370 0.148725055443608 0.19017846124718696
o 6380 0.007650494951945984 0.02044833171916527
o 6390 0.9997041638433971 0.9999976422569008
o 6400 0.43648528238728246 0.45197351637743133
o 6410 0.999599491460172 0.9999830535762632
o 6420 0.9886153760902718 0.9916982101017467
o 6430 0.9540445234692249 0.9603609578302097
o 6440 0 0.0020713641682286897
o 6450 0.9995349878824064 0.9999681957182619
o 6460 0.00746017548263115 0.020140170534743485
o 6470 0.8634520964988921 0.8739835114623478
o 6480 0.913955625603733 0.9225031911221133
o 6490 0 0.0020713641682286897
o 6500 0.0002119315321278825 0.004998286201970181
o 6510 0 0.0020713641682286897
o 6520 0.5538161394097754 0.5692831138193875
o 6530 0.03070982003216269 0.05274971086549807
o 6540 0.9994730802517786 0.9999506585660503
o 6550 0.9960744214638696 0.9977957209692991
o 6560 0.9985580909074143 0.9995093820155696
o 6570 0.016240034821316397 0.03330050592278666
o 6580 0.31558203613021035 0.33015767652849026
o 6590 0.3771563977434048 0.3923224550023674
o 6600 0.9998341327646891 1
o 6610 0.9850152801833149 0.9885796430233155
o 6620 0.9993836603972324 0.9999207619417313
o 6630 0.6364926756118159 0.6514187974365249
o 6640 0 0.0020713641682286897
o 6650 0.9584789198840452 0.9644850795552364
o 6660 0.9995037605889281 0.9999597116202779
o 6670 0.005048157084681375 0.016073311665877
o 6680 0.9570481151569129 0.9631563627773673
o 6690 0.8538169560582483 0.8646618589842702
o 6700 0.9733168538910473 0.9781221466579665
o 6710 0.970574591303289 0.9756253406261539
o 6720 0.9969728777400151 0.998456597194961
o 6730 0.9998341327646891 1
o 6740 0.05290346697461295 0.08044395805508198
o 6750 0.1897648315712261 0.23495566528038658
o 6760 0.4358265537147727 0.4513124674858654
o 6770 0.9883784571451635 0.9914952196013018
o 6780 0.9998341327646891 1
o 6790 0.0002119315321278825 0.004998286201970181
o 6800 0.9885507425216068 0.9916428684202374
o 6810 0.9943396753794747 0.9964514634102983
o 6820 0.9998341327646891 1
o 6830 0.9173345476278147 0.925723146408532
o 6840 0.9501147184105616 0.9566920738417332
o 6850 0.9914542712242681 0.9940981833577129
o 6860 0.999784848241918 0.9999999949993749
o 6870 0.9400680264103042 0.947262111209515
o 6880 0.9905401774134504 0.9933326528099155
o 6890 0.2871119099178284 0.30131746626121103
o 6900 0.3708216100466899 0.3859393864514914
o 6910 0.8638791740382262 0.8743962917994296
o 6920 0 0.0020713641682286897
o 6930 0 0.0020713641682286897
o 6940 0.9998341327646891 1
o 6950 0.08954051614080105 0.12363286465125578
o 6960 0.0007367092911671631 0.006950583915315112
o 6970 0.5378320517923042 0.553352580326811
o 6980 0.0026347926915500906 0.011514351585064753
o 6990 0.9989171466500022 0.9997094220119266
o 7000 0.04594442956955675 0.07193729705307539
o 7010 0.9996678275924519 0.9999940967944916
o 7020 0.9986846867396864 0.9995825074237993
o 7030 0.9899113248435923 0.9928017568708557
o 7040 0 0.0020713641682286897
o 7050 0.049753393088345865 0.07660948691908409
o 7060 0.9965559675880834 0.9981538370932204
o 7070 0.7780217304804466 0.7908423585377963
o 7080 5.632956977929134e-06 0.003211834795377788
o 7090 0.6919576102055256 0.7062552661222403
o 7100 0.047510585395945576 0.07386336940236748
o 7110 0.4314952582616242 0.44696522562862884
o 7120 0.9955744496960323 0.9974160083623181
o 7130 0.9998341327646891 1
o 7140 0.9124818397917576 0.9210974666210733
o 7150 0 0.0020713641682286897
o 7160 0.8644486386169484 0.8749466377172304
o 7170 0.9982106455758747 0.9992974473203111
o 7180 0.9998341327646891 1
o 7190 0.2648638849590081 0.27873305210919574
o 7200 0.012766667437473081 0.02829572310762063
o 7210 0.25655378205965684 0.27028598143949145
o 7220 0.9764239223578929 0.9809340156256009
o 7230 0.9285936224658796 0.9364203302489982
o 7240 0.00746017548263115 0.020140170534743485
o 7250 0.9981861524596591 0.9992819780723441
o 7260 0.7269920641575897 0.7407690830313413
o 7270 0.9563848927655936 0.9625398068432541
o 7280 0.9692581065718907 0.9744222708413548
o 7290 5.632956977929134e-06 0.003211834795377788
o 7300 0.06127985591593416 0.09052695649861087
o 7310 0 0.0020713641682286897
o 7320 0.13003022640003936 0.16945759549214723
o 7330 0.18305602527259196 0.2276942273109338
o 7340 6.250781184823253e-08 0.0026863809835053765
o 7350 0.9996678275924519 0.9999940967944916
o 7360 0.23493104812707483 0.24827607602025492
o 7370 0 0.0020713641682286897
o 7380 0.9971128682824996 0.998556485750206
o 7390 2.9478169837018796e-05 0.0036929403504111225
o 7400 0.5283415504049654 0.5438862766505115
o 7410 0.0009913927362594883 0.00768846370096099
o 7420 0 0.0020713641682286897
o 7430 0.7142133054115604 0.7281921183377851
o 7440 0.4759741466782959 0.4915513264076913
o 7450 0.9998341327646891 1
o 7460 0.9998341327646891 1
o 7470 0.013576511529961468 0.029480637926485143
o 7480 0.39106583287036156 0.40632831454083196
o 7490 0.9509621950860276 0.9574843146025172
o 7500 0.9998341327646891 1
o 7510 0.9997041638433971 0.9999976422569008
o 7520 0.6130368213250403 0.6281625259888794
o 7530 0.18257721231494942 0.2271751661635688
o 7540 0.9998341327646891 1
o 7550 0.9996330653686861 0.9999891487861118
o 7560 0.8535528216775339 0.8644060813013056
o 7570 0.9996330653686861 0.9999891487861118
o 7580 0.9963719652041643 0.9980179731941595
o 7590 0.05200228236893167 0.07934955281572542
o 7600 0.013170967890618548 0.028888793313934458
o 7610 0.9817209150253847 0.9856751832430379
o 7620 0 0.0020713641682286897
o 7630 0.999784848241918 0.9999999949993749
o 7640 0.8873778999380427 0.8970497497474914
o 7650 0.017691765615132745 0.03534005038344834
o 7660 0.5222963309972184 0.5378535316374972
o 7670 0.5840639599337993 0.5993851215789157
o 7680 0.24721617704259682 0.2607867639377912
o 7690 0.9998341327646891 1
o 7700 0.9998341327646891 1
o 7710 0.8100875105910396 0.822165876438441
o 7720 0.9352724884876302 0.9427392440528415
o 7730 0.008417453289398746 0.02167540919288291
o 7740 0.16847644911403725 0.21183867522064803
o 7750 0 0.0020713641682286897
o 7760 0.19792447953580006 0.24375990136508485
o 7770 0.999784848241918 0.9999999949993749
o 7780 0 0.0020713641682286897
o 7790 0.561350295485719 0.5767864232895172
o 7800 0.9992689677678922 0.9998761603306536
o 7810 0.9997427320109885 0.9999995494141014
o 7820 0.33761680285843093 0.35243543899085805
o 7830 5.632956977929134e-06 0.003211834795377788
o 7840 0.9998341327646891 1
o 7850 0.04930433403815748 0.07606075843705218
o 7860 0.6953198448279625 0.70957190525945
o 7870 0.9998341327646891 1
o 7880 0.4925472486369504 0.5081326367788399
o 7890 0.9879696801186054 0.9911441518314862
o 7900 7.381303257416497e-05 0.0041461380378710055
o 7910 0 0.0020713641682286897
o 7920 0.028972774147081392 0.050495975813406035
o 7930 2.9478169837018796e-05 0.0036929403504111225
o 7940 0.00029995700032200127 0.005405172829997085
o 7950 0.9998341327646891 1
o 7960 0.9882493095669861 0.9913844163520101
o 7970 0.009975735489535932 0.02410565566821532
o 7980 0.4962868757203793 0.511871749269123
o 7990 0.8430736151335465 0.8542487774120251
o 8000 0.996833423718342 0.9983561661753741
o 8010 0.3490986860269419 0.36402966563417305
o 8020 0.8165691308504309 0.8284820946134315
o 8030 0.9556804469833219 0.9618844879996717
o 8040 0.8598734739217118 0.8705233250403401
o 8050 0.7894855978907965 0.8020546634861936
o 8060 0.986489511922755 0.9898648725935079
o 8070 0.985079266883367 0.9886356331410749
o 8080 0.030057569148635943 0.05190541237527946
o 8090 0.6671471067471717 0.6817540841475738
o 8100 5.632956977929134e-06 0.003211834795377788
o 8110 0 0.0020713641682286897
o 8120 0.5265398753593125 0.5420885583266395
o 8130 0.9709719091065646 0.9759878881821614
o 8140 0 0.0020713641682286897
o 8150 0.9998341327646891 1
o 8160 0.9930986175276119 0.9954531192790149
o 8170 0.9300928379064514 0.9378406165240654
o 8180 0.08537188805243055 0.11882091184064092
o 8190 0.010765566517950766 0.025310275367285473
o 8200 0 0.0020713641682286897
o 8210 0.9998341327646891 1
o 8220 0.8781461877004975 0.8881645317753576
o 8230 0.9998341327646891 1
o 8240 0.9998341327646891 1
o 8250 0.9955065793665261 0.9973639193559748
o 8260 0.999784848241918 0.9999999949993749
o 8270 0.9981861524596591 0.9992819780723441
o 8280 5.632956977929134e-06 0.003211834795377788
o 8290 2.9478169837018796e-05 0.0036929403504111225
o 8300 0.0008616339156202599 0.00732183525492236
o 8310 0.16537602893140158 0.20845292975288032
o 8320 0.5438601901818814 0.5593624130697546
o 8330 0.9998341327646891 1
o 8340 0.9441486072875861 0.9511001723838193
o 8350 0.9996330653686861 0.9999891487861118
o 8360 0.9974655152195606 0.9988035045674075
o 8370 0.01096403153110673 0.025610439608071855
o 8380 0.9953710406785294 0.9972595379004648
o 8390 0.9992409148798167 0.9998643624923798
o 8400 0.24731528063921332 0.2608876266083272
o 8410 0.7571542988240573 0.7703967618811658
o 8420 0 0.0020713641682286897
o 8430 0.9990496341945716 0.9997764839702489
o 8440 0.4233133428991025 0.43874990462265917
o 8450 0.010567495605676278 0.025009723427008024
o 8460 0.9998341327646891 1
o 8470 0.9998341327646891 1
o 8480 0.8187167919706037 0.8305737173942311
o 8490 0.9003573898372444 0.9095059454709253
o 8500 0.19624339247592754 0.2419484227029517
o 8510 0.999784848241918 0.9999999949993749
o 8520 0.3339762373730739 0.34875723831923133
o 8530 0.3564439984727349 0.3714418654485967
o 8540 0.12602218978177473 0.16498380121114087
o 8550 0.9995349878824064 0.9999681957182619
o 8560 0.9915633822032628 0.9941890266049113
o 8570 0.9944065677150438 0.9965045368392506
o 8580 0.054031212822785515 0.08181070540403124
o 8590 0.9914106450698426 0.9940618277531692
o 8600 0.5299831650555296 0.5455241092913047
o 8610 0.7835000091978784 0.7962022504786993
o 8620 0.13380751960893106 0.17366321158726095
o 8630 0.9965790200213357 0.9981707674489865
o 8640 0.9997427320109885 0.9999995494141014
o 8650 0.9061815313662669 0.9150798685000792
o 8660 0.8152725819286907 0.8272190758769866
o 8670 0.030274873667237953 0.052186956804006535
o 8680 5.632956977929134e-06 0.003211834795377788
o 8690 0.942829054435678 0.9498601644598785
o 8700 0.941819149948086 0.9489104050355421
o 8710 0.644328949746539 0.6591798939001035
o 8720 0 0.0020713641682286897
o 8730 5.632956977929134e-06 0.003211834795377788
o 8740 0.02745909615330625 0.04851776904139704
o 8750 0.9966944655818283 0.9982552340301704
o 8760 0.9996330653686861 0.9999891487861118
o 8770 0.2972406009678805 0.3115853357956214
o 8780 0.944066118523751 0.9510226886078311
o 8790 0.36516529276578086 0.3802376183141538
o 8800 0.9998341327646891 1
o 8810 0 0.0020713641682286897
o 8820 0.9992130705901301 0.9998523473218889
o 8830 0.9998341327646891 1
o 8840 0 0.0020713641682286897
o 8850 0.9892409452150474 0.9922323995286322
o 8860 0.9842055818486868 0.9878696333575213
o 8870 0.9997427320109885 0.9999995494141014
o 8880 0.9934518554915925 0.9957397173533522
o 8890 0.999784848241918 0.9999999949993749
o 8900 0.3399446320345799 0.3547868209746564
o 8910 0.47479496406716115 0.4903709066946388
o 8920 0.9998341327646891 1
o 8930 0.8753969261955757 0.8855147076932511
o 8940 0.0008616339156202599 0.00732183525492236
o 8950 0.9988389036516672 0.9996678953600677
o 8960 0.999784848241918 0.9999999949993749
o 8970 0.963942630425787 0.9695395376866272
o 8980 0.9998341327646891 1
o 8990 0.9998341327646891 1
o 9000 0.9998341327646891 1
o 9010 0.2683951358874307 0.28232060051864816
o 9020 0.9803241287342757 0.9844324592747428
o 9030 0.5896597411517264 0.604947459639656
o 9040 0 0.0020713641682286897
o 9050 0 0.0020713641682286897
o 9060 0.5656792464434378 0.581096016355412
o 9070 0.8899067234587732 0.8994800855056926
o 9080 0.7218514889927533 0.7357113783219721
o 9090 0.5026472415315418 0.5182292400580444
o 9100 0.09000429729225573 0.12416692754823178
o 9110 0.999784848241918 0.9999999949993749
o 9120 0.12272572165524565 0.1612952405769854
o 9130 0.46240618171418163 0.47796386802703206
o 9140 0.896334536723088 0.9056501355969825
o 9150 0.9991854194751913 0.9998401310800589
o 9160 0.9925046290312628 0.9949673747285386
o 9170 0.20393315266540554 0.2502246826754264
o 9180 0.9998341327646891 1
o 9190 0.9889819144447517 0.992011530708872
o 9200 0.9997427320109885 0.9999995494141014
o 9210 0.6467606474678548 0.6615873803727192
o 9220 0.9998341327646891 1
o 9230 0.003984012913461825 0.014148429407502605
o 9240 0.999103496509203 0.9998024115070666
o 9250 0.011162882316064705 0.025910224266911586
o 9260 0.9942060279421857 0.9963451785319084
o 9270 0.7726259202864483 0.7855599709125936
o 9280 0.5635146960788819 0.5789412947094457
o 9290 5.632956977929134e-06 0.003211834795377788
o 9300 0.8494696833609939 0.8604505791133471
o 9310 0.002798082592816579 0.011848799571119395
o 9320 0.9988648919050572 0.999681833128126
o 9330 0.9276697115855116 0.935544548185555
o 9340 0.9998341327646891 1
o 9350 0.9929003408208814 0.9952914862335147
o 9360 0.0072704566109117125 0.019831421084042122
o 9370 0.0515520340623852 0.07880200782418434
o 9380 0.08838158127188543 0.12229719087181701
o 9390 0.9998341327646891 1
o 9400 0.9673380570242696 0.9726629685512921
o 9410 0.9998341327646891 1
o 9420 0.9652332356449367 0.9707284986746647
o 9430 0.9990764961900899 0.99978951939873
o 9440 0.9998341327646891 1
o 9450 0.7338479925380721 0.7475108610201173
o 9460 0 0.0020713641682286897
o 9470 0.999784848241918 0.9999999949993749
o 9480 0.020837393278331312 0.03967611697011808
o 9490 0.9908444119912284 0.9935882946543282
o 9500 0.8214930145966942 0.8332765691815522
o 9510 0.9848446951647288 0.9884302897649665
o 9520 0.9993545677321735 0.9999100498624319
o 9530 0.9998341327646891 1
o 9540 0.9886800243473388 0.9917535370540629
o 9550 0.9923729611989206 0.9948591004358006
o 9560 0 0.0020713641682286897
o 9570 0.999784848241918 0.9999999949993749
o 9580 0.9029111957784658 0.9119512908342191
o 9590 0.9976078010658749 0.9989010690693881
o 9600 0.9932971925796634 0.9956144525825571
o 9610 0.6674085710700144 0.6820125321671248
o 9620 0.16275451522737408 0.20558615221739263
o 9630 0.999784848241918 0.9999999949993749
o 9640 0.8818947132617064 0.8917747596009734
o 9650 0.9998341327646891 1
o 9660 0.9998341327646891 1
o 9670 0.9535063780772024 0.9598592828538935
o 9680 0.9978227858521463 0.9990458375033571
o 9690 0.37408843600908365 0.3892314549009446
o 9700 0.9997427320109885 0.9999995494141014
o 9710 0.9628817860860656 0.968560738202773
o 9720 0.17396768390882744 0.21782297252796534
o 9730 0.9998341327646891 1
o 9740 0 0.0020713641682286897
o 9750 0.7744849731807465 0.7873802970594863
o 9760 0.4394796776742194 0.45497811002028266
o 9770 0.0034673555456151933 0.013171012725498032
o 9780 0 0.0020713641682286897
o 9790 0.4345889796566795 0.4500704594544125
o 9800 0.9998341327646891 1
o 9810 0.6124948280258793 0.6276247013057454
o 9820 0.12979430552184693 0.16919458484224237
o 9830 0.8018274087321707 0.8141087338034727
o 9840 0 0.0020713641682286897
o 9850 0 0.0020713641682286897
o 9860 0.5870522605270364 0.6023558165890389
o 9870 0.998532952220799 0.9994945720557045
o 9880 0.9966944655818283 0.9982552340301704
o 9890 0.9966482500970695 0.9982214850281281
o 9900 0.4070955906309875 0.4224531370806226
o 9910 0.006145812368990528 0.01796554861443722
o 9920 0.999442873695936 0.9999411111022777
o 9930 0.008610537935771684 0.02198085951972173
o 9940 0.32440966101239843 0.33908705783103443
o 9950 0.014391154795105983 0.03066082009453608
o 9960 0 0.0020713641682286897
o 9970 0 0.0020713641682286897
o 9980 0.9998341327646891 1
o 9990 0.9998341327646891 1
