0 74.87073564529419
10 82.44812726974487
20 98.44029140472412
30 107.28978323936462
40 78.31162405014038
50 112.08698153495789
60 123.4991226196289
70 4.1961669921875e-05
80 122.16367316246033
90 104.18836498260498
100 2.4080276489257812e-05
110 4.9114227294921875e-05
120 102.51260161399841
130 5.173683166503906e-05
140 98.72926616668701
150 101.16527342796326
160 108.72807765007019
170 98.89878988265991
180 97.27439498901367
190 2.4080276489257812e-05
200 79.51211738586426
210 1.7881393432617188e-05
220 83.78727388381958
230 94.7931170463562
240 3.24249267578125e-05
250 56.48833990097046
260 105.1417646408081
270 71.9133095741272
280 81.17662787437439
290 88.89494204521179
300 77.36676073074341
310 87.81182551383972
320 1.9788742065429688e-05
330 80.45284414291382
340 3.5762786865234375e-05
350 79.69884705543518
360 82.39317989349365
370 1.5735626220703125e-05
380 77.73489236831665
390 98.60515427589417
400 93.08054971694946
410 90.01525807380676
420 96.60352563858032
430 3.4809112548828125e-05
440 93.34383296966553
450 80.2359504699707
460 84.04636216163635
470 3.6716461181640625e-05
480 1.5020370483398438e-05
490 108.58697819709778
500 3.695487976074219e-05
510 123.90105152130127
520 93.54405379295349
530 82.89461016654968
540 67.3337574005127
550 1.71661376953125e-05
560 78.7026858329773
570 79.88991069793701
580 56.88481044769287
590 81.48990893363953
600 77.24509000778198
610 92.30059933662415
620 1.9788742065429688e-05
630 1.2874603271484375e-05
640 1.2874603271484375e-05
650 80.96501731872559
660 96.9409589767456
670 78.91827988624573
680 64.60710430145264
690 1.6927719116210938e-05
700 87.71977424621582
710 2.5033950805664062e-05
720 1.4066696166992188e-05
730 1.3113021850585938e-05
740 1.2636184692382812e-05
750 93.1720244884491
760 4.363059997558594e-05
770 9.298324584960938e-06
780 114.51261496543884
790 2.1457672119140625e-05
800 112.20583891868591
810 113.25630617141724
820 2.1219253540039062e-05
830 120.12648248672485
840 3.528594970703125e-05
850 1.52587890625e-05
860 125.5550947189331
870 4.100799560546875e-05
880 2.002716064453125e-05
890 91.58429861068726
900 4.887580871582031e-05
910 5.817413330078125e-05
920 68.66785454750061
930 95.47275590896606
940 119.23831248283386
950 2.7418136596679688e-05
960 103.93703103065491
970 91.03873682022095
980 2.384185791015625e-05
990 103.48046159744263
1000 117.33784651756287
1010 2.002716064453125e-05
1020 81.05499291419983
1030 1.811981201171875e-05
1040 6.628036499023438e-05
1050 1.8596649169921875e-05
1060 114.12734198570251
1070 90.61861443519592
1080 78.07178044319153
1090 75.67772936820984
1100 59.820395708084106
1110 90.76777625083923
1120 2.4557113647460938e-05
1130 1.2874603271484375e-05
1140 109.65936541557312
1150 2.4080276489257812e-05
1160 96.14969754219055
1170 109.90624356269836
1180 91.23935389518738
1190 100.38449621200562
1200 78.15620923042297
1210 107.33292508125305
1220 3.9577484130859375e-05
1230 1.4543533325195312e-05
1240 2.4080276489257812e-05
1250 75.30070924758911
1260 1.811981201171875e-05
1270 9.298324584960938e-06
1280 8.58306884765625e-06
1290 80.30010175704956
1300 5.936622619628906e-05
1310 81.56152200698853
1320 2.1696090698242188e-05
1330 1.4543533325195312e-05
1340 120.68698787689209
1350 2.6941299438476562e-05
1360 116.27883982658386
1370 96.98122549057007
1380 2.002716064453125e-05
1390 98.41183352470398
1400 71.51395845413208
1410 81.02883315086365
1420 2.0742416381835938e-05
1430 91.55370473861694
1440 90.96024203300476
1450 2.09808349609375e-05
1460 101.16589450836182
1470 2.5510787963867188e-05
1480 92.09758710861206
1490 109.20028901100159
1500 93.8934075832367
1510 4.9591064453125e-05
1520 93.82624697685242
1530 2.288818359375e-05
1540 97.9375069141388
1550 70.85504102706909
1560 89.13786554336548
1570 78.18576741218567
1580 2.0503997802734375e-05
1590 9.298324584960938e-06
1600 8.821487426757812e-06
1610 8.821487426757812e-06
1620 8.106231689453125e-06
1630 108.32594585418701
1640 1.9073486328125e-05
1650 3.337860107421875e-05
1660 8.106231689453125e-06
1670 8.344650268554688e-06
1680 8.821487426757812e-06
1690 5.793571472167969e-05
1700 1.52587890625e-05
1710 99.19691777229309
1720 2.4318695068359375e-05
1730 1.0967254638671875e-05
1740 1.9311904907226562e-05
1750 119.5895516872406
1760 2.3365020751953125e-05
1770 1.430511474609375e-05
1780 73.38711905479431
1790 4.172325134277344e-05
1800 3.0517578125e-05
1810 1.3589859008789062e-05
1820 97.21518611907959
1830 1.811981201171875e-05
1840 2.2649765014648438e-05
1850 9.775161743164062e-06
1860 100.68268966674805
1870 92.4866235256195
1880 122.98689770698547
1890 109.13711714744568
1900 80.0814197063446
1910 98.64063954353333
1920 87.6854465007782
1930 2.7179718017578125e-05
1940 119.43336534500122
1950 6.389617919921875e-05
1960 1.621246337890625e-05
1970 95.36905455589294
1980 109.37702703475952
1990 3.695487976074219e-05
2000 79.17008543014526
2010 3.457069396972656e-05
2020 3.4332275390625e-05
2030 1.3589859008789062e-05
2040 7.152557373046875e-06
2050 78.76577568054199
2060 94.40576386451721
2070 3.814697265625e-05
2080 121.94561696052551
2090 80.58673739433289
2100 83.08101177215576
2110 104.44959330558777
2120 2.6702880859375e-05
2130 114.26297283172607
2140 81.42387533187866
2150 90.14730763435364
2160 2.86102294921875e-05
2170 117.17931151390076
2180 111.77105760574341
2190 97.83456635475159
2200 109.05630922317505
2210 6.318092346191406e-05
2220 114.06096029281616
2230 3.647804260253906e-05
2240 82.5046455860138
2250 84.17490601539612
2260 106.45690178871155
2270 79.08497476577759
2280 4.00543212890625e-05
2290 108.97286581993103
2300 4.38690185546875e-05
2310 73.0593523979187
2320 1.71661376953125e-05
2330 3.24249267578125e-05
2340 96.57717847824097
2350 2.288818359375e-05
2360 83.58655405044556
2370 75.56439733505249
2380 100.2781629562378
2390 67.78135585784912
2400 85.95274066925049
2410 79.0991005897522
2420 77.49157118797302
2430 85.29693388938904
2440 112.08202075958252
2450 117.6382405757904
2460 2.3603439331054688e-05
2470 109.90242838859558
2480 108.12801384925842
2490 71.19852566719055
2500 1.4066696166992188e-05
2510 70.79763627052307
2520 3.933906555175781e-05
2530 79.52111196517944
2540 1.811981201171875e-05
2550 9.298324584960938e-06
2560 75.16045928001404
2570 75.49653387069702
2580 76.46417784690857
2590 1.2874603271484375e-05
2600 119.74654459953308
2610 120.9021053314209
2620 113.62765955924988
2630 3.504753112792969e-05
2640 1.9073486328125e-05
2650 1.2636184692382812e-05
2660 1.3113021850585938e-05
2670 1.3113021850585938e-05
2680 1.430511474609375e-05
2690 1.2636184692382812e-05
2700 92.34873366355896
2710 3.8623809814453125e-05
2720 9.059906005859375e-06
2730 120.17890906333923
2740 104.50690650939941
2750 122.89994406700134
2760 103.04369020462036
2770 2.7894973754882812e-05
2780 96.41853618621826
2790 82.56386256217957
2800 1.9788742065429688e-05
2810 7.867813110351562e-06
2820 1.0967254638671875e-05
2830 84.64297032356262
2840 81.81728601455688
2850 1.9311904907226562e-05
2860 3.695487976074219e-05
2870 95.90257596969604
2880 108.92368268966675
2890 78.74187302589417
2900 4.172325134277344e-05
2910 114.58511972427368
2920 3.981590270996094e-05
2930 1.5497207641601562e-05
2940 1.3828277587890625e-05
2950 1.239776611328125e-05
2960 118.77540922164917
2970 3.695487976074219e-05
2980 1.52587890625e-05
2990 81.064373254776
3000 80.56055545806885
3010 84.78832483291626
3020 79.86216449737549
3030 68.69865942001343
3040 1.9788742065429688e-05
3050 1.0251998901367188e-05
3060 83.08090090751648
3070 2.0503997802734375e-05
3080 69.73197150230408
3090 80.67311501502991
3100 2.1696090698242188e-05
3110 8.106231689453125e-06
3120 2.2649765014648438e-05
3130 1.3828277587890625e-05
3140 92.28822469711304
3150 103.19322395324707
3160 1.8596649169921875e-05
3170 89.47857809066772
3180 4.291534423828125e-05
3190 1.430511474609375e-05
3200 1.049041748046875e-05
3210 83.00267434120178
3220 1.9788742065429688e-05
3230 7.62939453125e-06
3240 8.58306884765625e-06
3250 1.9788742065429688e-05
3260 112.88827395439148
3270 85.9290337562561
3280 4.887580871582031e-05
3290 115.65148591995239
3300 90.21710681915283
3310 92.91064500808716
3320 3.838539123535156e-05
3330 111.70659947395325
3340 87.14673066139221
3350 2.3126602172851562e-05
3360 7.867813110351562e-06
3370 80.72842025756836
3380 84.12382197380066
3390 1.9311904907226562e-05
3400 2.6941299438476562e-05
3410 81.6145031452179
3420 1.7404556274414062e-05
3430 104.36697959899902
3440 3.528594970703125e-05
3450 1.4066696166992188e-05
3460 84.2272732257843
3470 77.9884192943573
3480 80.20796990394592
3490 2.956390380859375e-05
3500 83.55422115325928
3510 2.2411346435546875e-05
3520 104.41524028778076
3530 83.09638690948486
3540 76.61646795272827
3550 3.790855407714844e-05
3560 1.0013580322265625e-05
3570 8.821487426757812e-06
3580 8.344650268554688e-06
3590 91.90691995620728
3600 1.5735626220703125e-05
3610 77.22246789932251
3620 1.6689300537109375e-05
3630 81.81344103813171
3640 0.00029087066650390625
3650 2.6226043701171875e-05
3660 1.621246337890625e-05
3670 93.79679012298584
3680 2.6702880859375e-05
3690 123.12547707557678
3700 2.2649765014648438e-05
3710 111.4118287563324
3720 80.6631908416748
3730 102.96113276481628
3740 96.62878608703613
3750 3.814697265625e-05
3760 120.38412261009216
3770 111.01971626281738
3780 3.886222839355469e-05
3790 103.56488370895386
3800 123.85447573661804
3810 2.6702880859375e-05
3820 120.36846876144409
3830 60.64703679084778
3840 2.5510787963867188e-05
3850 80.05504536628723
3860 121.75675868988037
3870 2.2649765014648438e-05
3880 1.3113021850585938e-05
3890 83.05611634254456
3900 2.3126602172851562e-05
3910 1.430511474609375e-05
3920 1.2874603271484375e-05
3930 108.51333022117615
3940 3.790855407714844e-05
3950 114.17063069343567
3960 77.33125257492065
3970 3.8623809814453125e-05
3980 69.69116449356079
3990 1.6927719116210938e-05
4000 7.867813110351562e-06
4010 98.28988003730774
4020 100.44191861152649
4030 75.54356670379639
4040 81.9374611377716
4050 3.4809112548828125e-05
4060 71.95630741119385
4070 80.47321319580078
4080 76.18089842796326
4090 2.1696090698242188e-05
4100 1.2874603271484375e-05
4110 98.00342774391174
4120 3.719329833984375e-05
4130 91.2672827243805
4140 75.2919270992279
4150 94.15942692756653
4160 1.5020370483398438e-05
4170 1.0728836059570312e-05
4180 70.44821310043335
4190 1.6450881958007812e-05
4200 9.059906005859375e-06
4210 8.58306884765625e-06
4220 8.106231689453125e-06
4230 114.97263789176941
4240 2.956390380859375e-05
4250 1.239776611328125e-05
4260 119.17884182929993
4270 97.83844780921936
4280 1.7404556274414062e-05
4290 95.95076107978821
4300 113.31697654724121
4310 3.552436828613281e-05
4320 1.621246337890625e-05
4330 1.71661376953125e-05
4340 117.52388644218445
4350 104.64692997932434
4360 108.55028629302979
4370 2.7418136596679688e-05
4380 93.80465507507324
4390 80.184401512146
4400 1.9550323486328125e-05
4410 101.3199532032013
4420 1.8835067749023438e-05
4430 96.24399423599243
4440 2.3603439331054688e-05
4450 102.7206621170044
4460 74.0370728969574
4470 82.73827886581421
4480 97.31190538406372
4490 65.84514951705933
4500 2.9087066650390625e-05
4510 109.64259147644043
4520 1.9550323486328125e-05
4530 86.81078553199768
4540 2.0265579223632812e-05
4550 2.1219253540039062e-05
4560 85.05676317214966
4570 90.49048805236816
4580 81.78299689292908
4590 3.0517578125e-05
4600 1.0013580322265625e-05
4610 78.8429913520813
4620 1.621246337890625e-05
4630 80.09910917282104
4640 2.4557113647460938e-05
4650 112.41178512573242
4660 3.719329833984375e-05
4670 117.2803647518158
4680 2.6941299438476562e-05
4690 80.96047711372375
4700 102.58561706542969
4710 3.4332275390625e-05
4720 96.05424690246582
4730 2.1219253540039062e-05
4740 1.1444091796875e-05
4750 1.1205673217773438e-05
4760 82.37724184989929
4770 73.38108730316162
4780 80.49052214622498
4790 1.7642974853515625e-05
4800 1.3589859008789062e-05
4810 113.959557056427
4820 2.5033950805664062e-05
4830 1.5497207641601562e-05
4840 99.84053707122803
4850 3.409385681152344e-05
4860 1.3113021850585938e-05
4870 80.52247595787048
4880 77.55974054336548
4890 117.30814290046692
4900 2.2172927856445312e-05
4910 78.99998474121094
4920 87.27587985992432
4930 113.46625852584839
4940 114.16160202026367
4950 117.73461937904358
4960 2.5987625122070312e-05
4970 90.2003116607666
4980 1.9073486328125e-05
4990 78.52511358261108
5000 3.600120544433594e-05
5010 80.11354970932007
5020 1.8596649169921875e-05
5030 82.6138083934784
5040 80.29552507400513
5050 3.361701965332031e-05
5060 80.9581778049469
5070 2.4080276489257812e-05
5080 118.41613292694092
5090 94.68783664703369
5100 101.1614499092102
5110 122.67595529556274
5120 4.029273986816406e-05
5130 1.71661376953125e-05
5140 123.39130902290344
5150 2.47955322265625e-05
5160 105.89466500282288
5170 3.409385681152344e-05
5180 1.6450881958007812e-05
5190 93.89767813682556
5200 2.8371810913085938e-05
5210 82.2616503238678
5220 106.65220069885254
5230 1.7642974853515625e-05
5240 78.38543272018433
5250 79.0570273399353
5260 2.1457672119140625e-05
5270 79.15602898597717
5280 1.7881393432617188e-05
5290 1.1205673217773438e-05
5300 75.5681037902832
5310 76.32086110115051
5320 2.0503997802734375e-05
5330 1.4066696166992188e-05
5340 2.9325485229492188e-05
5350 101.51217484474182
5360 123.36938381195068
5370 46.07980036735535
5380 3.743171691894531e-05
5390 86.29564213752747
5400 98.69925045967102
5410 1.9073486328125e-05
5420 107.44179701805115
5430 87.624267578125
5440 90.97197031974792
5450 2.09808349609375e-05
5460 100.4944486618042
5470 88.29652857780457
5480 77.01790618896484
5490 2.3603439331054688e-05
5500 87.12387895584106
5510 64.96853804588318
5520 2.0503997802734375e-05
5530 1.049041748046875e-05
5540 9.298324584960938e-06
5550 68.56638097763062
5560 2.5987625122070312e-05
5570 119.69694375991821
5580 5.030632019042969e-05
5590 1.7881393432617188e-05
5600 1.3589859008789062e-05
5610 69.15050268173218
5620 4.172325134277344e-05
5630 4.5299530029296875e-05
5640 4.839897155761719e-05
5650 2.574920654296875e-05
5660 108.72782444953918
5670 3.123283386230469e-05
5680 3.552436828613281e-05
5690 107.37503385543823
5700 99.3273754119873
5710 2.6941299438476562e-05
5720 86.50285959243774
5730 2.4080276489257812e-05
5740 3.1948089599609375e-05
5750 1.3113021850585938e-05
5760 82.79008030891418
5770 2.0742416381835938e-05
5780 1.1205673217773438e-05
5790 85.79423475265503
5800 2.2649765014648438e-05
5810 74.76452136039734
5820 1.7642974853515625e-05
5830 9.5367431640625e-06
5840 72.79784631729126
5850 2.288818359375e-05
5860 68.2938449382782
5870 76.15003943443298
5880 89.82402276992798
5890 2.0742416381835938e-05
5900 71.67558217048645
5910 1.6689300537109375e-05
5920 1.430511474609375e-05
5930 3.075599670410156e-05
5940 9.059906005859375e-06
5950 9.775161743164062e-06
5960 1.0728836059570312e-05
5970 80.21981763839722
5980 103.25852537155151
5990 3.886222839355469e-05
6000 110.20975518226624
6010 5.4836273193359375e-05
6020 121.91154789924622
6030 99.09068489074707
6040 4.2438507080078125e-05
6050 1.6689300537109375e-05
6060 1.3589859008789062e-05
6070 95.06682085990906
6080 77.25972318649292
6090 120.6903440952301
6100 118.52269411087036
6110 2.574920654296875e-05
6120 79.88515949249268
6130 76.91250658035278
6140 3.647804260253906e-05
6150 53.54275727272034
6160 2.0503997802734375e-05
6170 78.41644668579102
6180 73.47833752632141
6190 73.19631767272949
6200 92.94112467765808
6210 4.4345855712890625e-05
6220 3.147125244140625e-05
6230 4.172325134277344e-05
6240 2.384185791015625e-05
6250 1.2636184692382812e-05
6260 1.2636184692382812e-05
6270 1.5497207641601562e-05
6280 1.0013580322265625e-05
6290 1.1444091796875e-05
6300 82.94148755073547
6310 3.4809112548828125e-05
6320 1.33514404296875e-05
6330 77.8317551612854
6340 91.24338579177856
6350 3.814697265625e-05
6360 104.32055020332336
6370 1.5974044799804688e-05
6380 1.1444091796875e-05
6390 80.05595755577087
6400 3.0517578125e-05
6410 82.19243121147156
6420 80.91069889068604
6430 77.45644164085388
6440 1.7881393432617188e-05
6450 86.30555582046509
6460 1.811981201171875e-05
6470 102.25770592689514
6480 103.17498469352722
6490 3.4332275390625e-05
6500 2.7179718017578125e-05
6510 1.4781951904296875e-05
6520 98.31418871879578
6530 2.765655517578125e-05
6540 123.63672471046448
6550 112.22620868682861
6560 118.43302965164185
6570 1.6450881958007812e-05
6580 8.344650268554688e-06
6590 9.775161743164062e-06
6600 1.0728836059570312e-05
6610 78.39232730865479
6620 77.58450865745544
6630 68.9703049659729
6640 1.8596649169921875e-05
6650 85.6751458644867
6660 3.7670135498046875e-05
6670 1.4543533325195312e-05
6680 118.46055054664612
6690 78.36211395263672
6700 88.65892672538757
6710 74.3804132938385
6720 81.77224254608154
6730 82.09115171432495
6740 2.9325485229492188e-05
6750 1.0251998901367188e-05
6760 2.6941299438476562e-05
6770 113.02818751335144
6780 2.09808349609375e-05
6790 7.867813110351562e-06
6800 82.4369010925293
6810 83.23320078849792
6820 2.0265579223632812e-05
6830 88.89436101913452
6840 111.08201289176941
6850 89.58403515815735
6860 3.6716461181640625e-05
6870 72.3469660282135
6880 68.36517715454102
6890 2.384185791015625e-05
6900 2.193450927734375e-05
6910 93.99717164039612
6920 3.838539123535156e-05
6930 1.239776611328125e-05
6940 81.93006610870361
6950 3.314018249511719e-05
6960 9.5367431640625e-06
6970 60.79502749443054
6980 2.002716064453125e-05
6990 102.30376505851746
7000 4.601478576660156e-05
7010 78.90641069412231
7020 122.20622730255127
7030 112.44104504585266
7040 2.5510787963867188e-05
7050 4.863739013671875e-05
7060 81.39349246025085
7070 72.05737805366516
7080 1.8596649169921875e-05
7090 69.9248628616333
7100 2.8133392333984375e-05
7110 7.3909759521484375e-06
7120 78.18632340431213
7130 2.09808349609375e-05
7140 71.59945940971375
7150 2.288818359375e-05
7160 76.47807621955872
7170 103.93584156036377
7180 93.57233715057373
7190 3.147125244140625e-05
7200 9.298324584960938e-06
7210 8.821487426757812e-06
7220 105.4237949848175
7230 103.78351926803589
7240 2.2172927856445312e-05
7250 79.21463680267334
7260 64.38102912902832
7270 63.22921895980835
7280 101.69035243988037
7290 2.384185791015625e-05
7300 1.1682510375976562e-05
7310 1.239776611328125e-05
7320 1.2874603271484375e-05
7330 1.1682510375976562e-05
7340 1.33514404296875e-05
7350 1.8835067749023438e-05
7360 1.52587890625e-05
7370 1.3828277587890625e-05
7380 107.10595488548279
7390 1.8596649169921875e-05
7400 60.80105113983154
7410 1.4543533325195312e-05
7420 1.0013580322265625e-05
7430 94.03502440452576
7440 2.47955322265625e-05
7450 1.5735626220703125e-05
7460 1.7642974853515625e-05
7470 1.4543533325195312e-05
7480 1.33514404296875e-05
7490 93.06719732284546
7500 4.029273986816406e-05
7510 91.08312249183655
7520 80.88009023666382
7530 1.9788742065429688e-05
7540 2.5033950805664062e-05
7550 80.10176038742065
7560 76.32771682739258
7570 1.9788742065429688e-05
7580 83.61327910423279
7590 2.4557113647460938e-05
7600 1.6450881958007812e-05
7610 85.75807929039001
7620 1.6927719116210938e-05
7630 77.773273229599
7640 72.83777332305908
7650 1.8596649169921875e-05
7660 52.95946550369263
7670 64.7348792552948
7680 3.218650817871094e-05
7690 1.2874603271484375e-05
7700 1.0967254638671875e-05
7710 72.90805578231812
7720 76.75744795799255
7730 1.9073486328125e-05
7740 7.62939453125e-06
7750 7.152557373046875e-06
7760 6.9141387939453125e-06
7770 91.98758840560913
7780 2.7894973754882812e-05
7790 88.3540141582489
7800 102.54039978981018
7810 1.9550323486328125e-05
7820 1.0728836059570312e-05
7830 3.337860107421875e-05
7840 4.172325134277344e-05
7850 1.1205673217773438e-05
7860 69.45386219024658
7870 2.1696090698242188e-05
7880 7.3909759521484375e-06
7890 102.57592821121216
7900 2.193450927734375e-05
7910 1.4781951904296875e-05
7920 1.3589859008789062e-05
7930 1.9788742065429688e-05
7940 9.5367431640625e-06
7950 1.1205673217773438e-05
7960 96.3945243358612
7970 2.6941299438476562e-05
7980 1.4781951904296875e-05
7990 94.87914204597473
8000 78.50970315933228
8010 1.6689300537109375e-05
8020 70.21348834037781
8030 72.82509422302246
8040 70.10588908195496
8050 61.17913269996643
8060 102.11251163482666
8070 83.76671314239502
8080 2.1457672119140625e-05
8090 66.80236911773682
8100 1.811981201171875e-05
8110 3.314018249511719e-05
8120 59.10470128059387
8130 73.43023490905762
8140 1.811981201171875e-05
8150 1.1205673217773438e-05
8160 72.42585968971252
8170 63.42775249481201
8180 1.33514404296875e-05
8190 2.3365020751953125e-05
8200 1.8835067749023438e-05
8210 1.7642974853515625e-05
8220 92.97788619995117
8230 2.09808349609375e-05
8240 8.58306884765625e-06
8250 97.88227272033691
8260 91.61419630050659
8270 76.20507788658142
8280 1.6689300537109375e-05
8290 1.239776611328125e-05
8300 2.9087066650390625e-05
8310 8.106231689453125e-06
8320 69.18652701377869
8330 2.7418136596679688e-05
8340 97.0934271812439
8350 78.83978056907654
8360 76.96882009506226
8370 1.621246337890625e-05
8380 75.51210427284241
8390 69.41619658470154
8400 2.9325485229492188e-05
8410 58.86294722557068
8420 1.1444091796875e-05
8430 60.80075764656067
8440 1.3589859008789062e-05
8450 1.5974044799804688e-05
8460 1.2636184692382812e-05
8470 1.1682510375976562e-05
8480 83.02180457115173
8490 102.4508912563324
8500 1.6689300537109375e-05
8510 1.2159347534179688e-05
8520 8.58306884765625e-06
8530 1.0013580322265625e-05
8540 8.344650268554688e-06
8550 77.18435525894165
8560 76.55581450462341
8570 71.08878469467163
8580 2.1219253540039062e-05
8590 83.90283107757568
8600 87.96301984786987
8610 89.14245986938477
8620 2.8371810913085938e-05
8630 75.53277397155762
8640 69.55114245414734
8650 62.421329736709595
8660 54.65629839897156
8670 1.1205673217773438e-05
8680 5.9604644775390625e-06
8690 55.218589305877686
8700 54.12406897544861
8710 70.53124403953552
8720 1.6927719116210938e-05
8730 9.298324584960938e-06
8740 8.344650268554688e-06
8750 78.83300805091858
8760 77.79370975494385
8770 1.6927719116210938e-05
8780 78.85671401023865
8790 1.1682510375976562e-05
8800 9.5367431640625e-06
8810 9.059906005859375e-06
8820 68.7732458114624
8830 1.3113021850585938e-05
8840 2.4318695068359375e-05
8850 82.00829529762268
8860 99.47427463531494
8870 2.0742416381835938e-05
8880 77.49790000915527
8890 4.220008850097656e-05
8900 1.1444091796875e-05
8910 8.344650268554688e-06
8920 9.5367431640625e-06
8930 69.81254148483276
8940 1.430511474609375e-05
8950 66.90572261810303
8960 3.075599670410156e-05
8970 107.4540479183197
8980 3.504753112792969e-05
8990 1.2874603271484375e-05
9000 1.2874603271484375e-05
9010 6.9141387939453125e-06
9020 72.34154224395752
9030 57.305200815200806
9040 2.1696090698242188e-05
9050 1.1205673217773438e-05
9060 53.558637380599976
9070 59.52004885673523
9080 53.31975317001343
9090 32.038275480270386
9100 1.8596649169921875e-05
9110 78.10607314109802
9120 1.8596649169921875e-05
9130 1.0728836059570312e-05
9140 73.25946426391602
9150 73.65629529953003
9160 67.08665156364441
9170 1.2636184692382812e-05
9180 8.58306884765625e-06
9190 61.97004961967468
9200 3.170967102050781e-05
9210 50.14939999580383
9220 1.3828277587890625e-05
9230 2.2649765014648438e-05
9240 90.37627124786377
9250 1.8596649169921875e-05
9260 75.82382678985596
9270 64.46124219894409
9280 53.48920273780823
9290 3.337860107421875e-05
9300 56.37826585769653
9310 1.1682510375976562e-05
9320 58.894002199172974
9330 54.19640517234802
9340 1.1920928955078125e-05
9350 56.548834800720215
9360 1.71661376953125e-05
9370 9.775161743164062e-06
9380 8.344650268554688e-06
9390 1.049041748046875e-05
9400 72.832444190979
9410 3.409385681152344e-05
9420 70.11920499801636
9430 67.25922155380249
9440 3.409385681152344e-05
9450 56.952895641326904
9460 1.0728836059570312e-05
9470 9.059906005859375e-06
9480 2.3126602172851562e-05
9490 80.01315236091614
9500 68.26950812339783
9510 67.48614931106567
9520 60.738741636276245
9530 1.239776611328125e-05
9540 58.05644154548645
9550 56.968480587005615
9560 2.4557113647460938e-05
9570 56.3753080368042
9580 53.90907549858093
9590 56.57987380027771
9600 56.60284733772278
9610 48.3629994392395
9620 1.6689300537109375e-05
9630 74.98977541923523
9640 66.55826449394226
9650 1.4543533325195312e-05
9660 7.152557373046875e-06
9670 62.161375284194946
9680 60.372525453567505
9690 1.3113021850585938e-05
9700 57.355743408203125
9710 53.87732553482056
9720 1.1205673217773438e-05
9730 9.298324584960938e-06
9740 2.09808349609375e-05
9750 72.29211974143982
9760 1.7404556274414062e-05
9770 3.170967102050781e-05
9780 1.2159347534179688e-05
9790 9.775161743164062e-06
9800 9.775161743164062e-06
9810 58.97220802307129
9820 1.71661376953125e-05
9830 58.794689655303955
9840 1.4066696166992188e-05
9850 7.3909759521484375e-06
9860 48.80837869644165
9870 58.12717270851135
9880 73.82824730873108
9890 67.2088634967804
9900 2.3365020751953125e-05
9910 1.0251998901367188e-05
9920 62.4531774520874
9930 1.1444091796875e-05
9940 5.7220458984375e-06
9950 5.9604644775390625e-06
9960 7.62939453125e-06
9970 4.172325134277344e-05
9980 1.0251998901367188e-05
9990 7.3909759521484375e-06
