0 2.35 0.142454018807062 0.06453048770928935
10 2.35 0.14106148457415424 0.06385939834407749
20 0.9104094390908417 0.0 0.0
30 2.0 0.16189530350551573 0.08807730256838585
40 1.6500000000000001 0.13590035422641633 0.08975654581636344
50 1.9000000000000001 0.11615464171739087 0.06511474841587073
60 2.5 0.18472445677698257 0.07978508532934005
70 2.5500000000000003 0.1934556724192089 0.08209294862609645
80 0.5190028041271181 0.0 0.0
90 1.6500000000000001 0.029746519112842984 0.018359176180603242
100 1.35 0.05608471970517859 0.04334497053964736
110 1.4000000000000001 0.053073139468887254 0.03940313392217878
120 1.05 0.009664280346445064 0.009289578511889789
130 2.3000000000000003 0.14217668321225796 0.06588893636755683
140 1.5 0.10789155170810627 0.07750226057494901
150 1.2000000000000002 0.0009215165805245285 0.0007685206542082139
160 1.2000000000000002 0.04003268021647033 0.03451190351116196
170 0.9078058463672596 0.0 0.0
180 1.9500000000000002 0.1281706711968198 0.07035273237203801
190 1.6 0.0892843652439288 0.05910070908768026
200 1.7000000000000002 0.061779294721040046 0.03771121590757829
210 1.2000000000000002 0.026316827347256044 0.022422428778436924
220 1.3 0.010557949132135702 0.008187998153953201
230 1.3 0.03274982322504627 0.025843218509854025
240 1.55 0.11971499375746264 0.0837000969981239
250 0.4458857994249882 0.0 0.0
260 1.75 0.09234981253341035 0.055711279274519236
270 1.8 0.09943276622968877 0.05847035286528328
280 1.9000000000000001 0.1278558996623076 0.07214757515370443
290 0.42538491817625573 0.0 0.0
300 0.0 0.0 0.0
310 1.0 0.01103441161939167 0.011157528380193774
320 0.0 0.0 0.0
330 2.2 0.17443008388577974 0.08611407707930421
340 0.0 0.0 0.0
350 1.7000000000000002 0.08561107244003674 0.05303001710339523
360 2.15 0.10298886168897736 0.0503118228139945
370 1.75 0.1311679834624191 0.08102630916762206
380 2.25 0.14543745646942075 0.06910578966469548
390 2.15 0.14008674895474504 0.06969790804747068
400 1.6500000000000001 0.06425637410229634 0.040521287964137474
410 2.35 0.09999814251457773 0.04444358220500963
420 0.3668914167524209 0.0 0.0
430 2.2 0.1807585663889375 0.0895180553351078
440 3.0500000000000003 0.0957806127846168 0.03242163164967197
450 1.0554175900277065 0.0 0.0
460 0.65 0.013107453269623037 0.020580321338211492
470 1.5 0.05667463945361684 0.03926671075201101
480 1.9000000000000001 0.17046459933479952 0.09856091946382638
490 1.35 0.0683496649693407 0.05332941684730699
500 2.6 0.14825108043143898 0.06046748068212752
510 1.55 0.09644759138116066 0.0663530195466463
520 1.25 0.0640377244755288 0.05399642619088304
530 0.4663199991436841 0.0 0.0
540 1.3 0.029587399927218927 0.023289598926776924
550 0.3668914167524209 0.0 0.0
560 0.8578871989883691 0.0 0.0
570 1.7000000000000002 0.08540968127419868 0.05289867050708076
580 1.75 0.07040800604722586 0.04191970806048362
590 2.0500000000000003 0.08566577794236485 0.04361059181295032
600 2.15 0.18287017338445355 0.09296294068149143
610 0.5244926016519211 0.0 0.0
620 1.6 0.0923135327514073 0.06122860074473714
630 1.1500000000000001 0.06370238795543992 0.05864174536436966
640 1.9000000000000001 0.10277085398203512 0.05718294420594035
650 1.4000000000000001 0.04544124850315412 0.03354690112402993
660 1.5 0.10578845749651666 0.07587690552795173
670 1.35 0.0536547735392392 0.04138926301732579
680 2.35 0.20732164401428976 0.09675817344918959
690 2.0500000000000003 0.13834422494372145 0.07236879502516536
700 2.15 0.2592499201139429 0.13711485344988913
710 1.5 0.05531022561795007 0.03828519215594809
720 0.15660368705206085 0.0 0.0
730 1.4500000000000002 0.0871866354069053 0.06397547725321673
740 0.0 0.0 0.0
750 2.15 0.17151615064640957 0.0866907004080156
760 0.11251105548293162 0.0 0.0
770 1.85 0.06477654774679387 0.03628484023388592
780 1.4000000000000001 0.045176462198577516 0.033344905028656995
790 1.9000000000000001 0.11889985918756008 0.0667564144559129
800 0.55 0.005208213494511504 0.009560007370740774
810 1.2000000000000002 0.023316774837271348 0.019815677098691337
820 2.5 0.18744574359000143 0.0810557171017434
830 0.4129313674767217 0.0 0.0
840 1.9000000000000001 0.11615464171739087 0.06511474841587073
850 2.2 0.15298886168897763 0.07473767915850614
860 2.8000000000000003 0.1521691008298478 0.05746934250126721
870 1.05 0.029238474625909783 0.02864378593736125
880 2.0500000000000003 0.1812508175256724 0.09699044645771362
890 0.7601339969265573 0.0 0.0
900 0.4052920290226991 0.0 0.0
910 1.6500000000000001 0.09664785133367793 0.062218893131643
920 1.7000000000000002 0.11349097538137842 0.07153503296879155
930 0.75 0.031157732056728227 0.04334432384711561
940 0.8243768766994239 0.0 0.0
950 0.28403140110292 0.0 0.0
960 0.3785151918067784 0.0 0.0
970 1.55 0.12576977830599367 0.08830719668088542
980 2.0500000000000003 0.18287759988525498 0.09794622991723312
990 0.40219971962642487 0.0 0.0
1000 0.9 0.02965214153463902 0.03406929912704455
1010 1.7000000000000002 0.1218633163812135 0.07721974759611551
1020 1.6500000000000001 0.09519672277330704 0.06122750329103351
1030 2.1 0.15401469429678105 0.07914483929832394
1040 2.0 0.16372910734303492 0.0891639180241699
1050 0.36536977880207133 0.0 0.0
1060 2.6500000000000004 0.21612161153592524 0.08879721047702432
1070 1.9500000000000002 0.12430038385636566 0.06808369939788961
1080 0.9 0.012779704679708126 0.014404206877497742
1090 1.1500000000000001 0.04456467553996535 0.04031414100298775
1100 2.6 0.15601732378433253 0.06383732802309147
1110 2.25 0.21662534556948687 0.10653489021193543
1120 1.3 0.059825150853489495 0.048239287302642216
1130 1.3 0.01224307546357073 0.00950728761794702
1140 1.6 0.048455656167341266 0.03123059702415275
1150 1.4025467491913148 0.0 0.0
1160 1.4500000000000002 0.07543086306582447 0.054876005170656356
1170 1.6500000000000001 0.05732494418589873 0.03599286871269349
1180 2.25 0.16094377204681454 0.07704137873038676
1190 1.85 0.10306495431239959 0.058997588128316944
1200 0.026409470642414376 0.0 0.0
1210 2.35 0.10460232730827768 0.04658521231247346
1220 2.0 0.1704001883264996 0.09313522401963836
1230 1.6 0.03715300724743864 0.023772645319554267
1240 1.6500000000000001 0.07072895693936032 0.04478582523889442
1250 1.1500000000000001 0.04437570239980704 0.04013633066506089
1260 0.0 0.0 0.0
1270 0.0 0.0 0.0
1280 2.1 0.14901112111893067 0.07637722732914372
1290 0.518100273025975 0.0 0.0
1300 1.1 0.020170739747922273 0.018679563974043054
1310 0.9500000000000001 0.00623507150025715 0.0066065937734820675
1320 0.5119545297826325 0.0 0.0
1330 1.25 0.03540301924655376 0.029147955912579612
1340 1.6 0.08318061690399814 0.0548388409529795
1350 2.2 0.1582102941853729 0.077486086708548
1360 1.9500000000000002 0.16117671892907492 0.09010209148920642
1370 1.1500000000000001 0.010369901987582475 0.009099357770269666
1380 0.9516448229599994 0.0 0.0
1390 2.6500000000000004 0.22474078466793168 0.0926667068192791
1400 2.0 0.11837055988791301 0.0629085394629358
1410 1.05 0.03933702326080568 0.038921998891977574
1420 2.15 0.15309006774921086 0.07666348155054621
1430 2.3000000000000003 0.18329115257548123 0.08659251970269724
1440 0.09175870305137893 0.0 0.0
1450 2.35 0.12758944724143406 0.05741038580070803
1460 1.4000000000000001 0.08089953977078168 0.06132932419470453
1470 0.7626772280927949 0.0 0.0
1480 2.0 0.11129141439815982 0.05892460872289444
1490 1.066403526189194 0.0 0.0
1500 0.0 0.0 0.0
1510 1.35 0.04286342978300661 0.03279185263395316
1520 1.3 0.043653691360557856 0.03474654325830952
1530 0.0 0.0 0.0
1540 1.6500000000000001 0.14549511565979967 0.09670630994568452
1550 1.55 0.07149229570005988 0.048354361287492126
1560 2.0 0.12732336815487555 0.06799004483193954
1570 0.6805414891242332 0.0 0.0
1580 1.1 0.03032773916756515 0.02835236574608717
1590 1.9500000000000002 0.15755068464300814 0.08789687010571323
1600 0.8745593336279183 0.0 0.0
1610 2.75 0.14123476736125262 0.05413855014404446
1620 1.3165912243357467 0.0 0.0
1630 2.1 0.148624759604834 0.07616411058630453
1640 0.42290913054666934 0.0 0.0
1650 1.9000000000000001 0.08582269866303815 0.04730667647522154
1660 0.6000000000000001 0.016965120278755963 0.02909795085821827
1670 0.8 0.03356425535112084 0.043792653964093695
1680 1.05 0.008431572146940569 0.008095072701387665
1690 1.4500000000000002 0.06968157343257708 0.05048224532208939
1700 2.1 0.19471210630169988 0.10219563507735818
1710 1.85 0.09920543110363989 0.0566630904996327
1720 2.35 0.16213583702233558 0.074106902871735
1730 0.4093500111360102 0.0 0.0
1740 0.7000000000000001 0.011520204721512717 0.01673281452922353
1750 0.4768379628191971 0.0 0.0
1760 1.9500000000000002 0.15950579585472635 0.08908478758850238
1770 1.9500000000000002 0.16145438765974607 0.09027132802528208
1780 2.15 0.197072292919662 0.10091120741703677
1790 0.0 0.0 0.0
1800 0.5734913994582578 0.0 0.0
1810 1.8 0.09943276622968877 0.05847035286528328
1820 2.2 0.1339649483905312 0.06484156611291308
1830 2.15 0.19629509590876615 0.1004732575005092
1840 2.4000000000000004 0.11954000688641253 0.05241925192609961
1850 0.12923805262255877 0.0 0.0
1860 1.0 0.06216211522508586 0.06628236738378838
1870 2.7 0.14598584955552418 0.057159373815575065
1880 0.75 0.0056108049434493434 0.007537461560041982
1890 2.9000000000000004 0.16562339031899498 0.060570804231066304
1900 1.55 0.078181157663191 0.05311873677270136
1910 0.9 0.03502110307053308 0.04048781212449488
1920 0.9 0.023365226599387112 0.02665331938493552
1930 1.05 0.02293505768711479 0.02233067914426764
1940 1.5 0.10452394112153329 0.07490199524135038
1950 2.3000000000000003 0.17079262892635727 0.0802141826327775
1960 1.6 0.0923135327514073 0.06122860074473714
1970 0.47170900497422397 0.0 0.0
1980 1.4500000000000002 0.07828750193217715 0.05707282104847185
1990 1.75 0.0726643595690315 0.0433212994570135
2000 1.4500000000000002 0.08972721977593423 0.06596266651836864
2010 1.7000000000000002 0.15706079323031985 0.10179324793952484
2020 1.55 0.047829054494933354 0.03183995445927897
2030 1.75 0.07063414101986165 0.04206000773575154
2040 0.75 0.035612717738421784 0.049850716302900146
2050 1.8 0.13469197074702133 0.08088111531380848
2060 2.85 0.18320950782481082 0.06870037536221096
2070 0.0 0.0 0.0
2080 1.8 0.14753965793414792 0.08928484041541272
2090 0.4512187177119831 0.0 0.0
2100 1.35 0.05681120420266916 0.043931098372717914
2110 0.8 0.022896779017699487 0.029464269867208525
2120 1.4500000000000002 0.05212849499002603 0.03729133529312058
2130 0.0 0.0 0.0
2140 2.7 0.13714874464905158 0.0535141258638012
2150 2.15 0.14227944121497726 0.0708661574402954
2160 1.9000000000000001 0.13639502999684217 0.07733876481227989
2170 2.75 0.1994584220418245 0.07820238013978978
2180 1.4000000000000001 0.09298673036610672 0.07114444246779007
2190 1.75 0.11429186668048197 0.0698730197352123
2200 1.0121110141398704 0.0 0.0
2210 1.25 0.0518811199007827 0.043302147026083405
2220 2.75 0.20630120183284983 0.08110284204305131
2230 1.8 0.07589458076644795 0.04401968691693269
2240 2.6 0.10078524460427696 0.04032676439136929
2250 1.35 0.07935306155111199 0.06245091311358319
2260 1.75 0.12299815055840768 0.07559803979363773
2270 1.9000000000000001 0.1387716109024888 0.0787925130900247
2280 0.30000000000000004 0.0023430724605842945 0.007871721582135947
2290 1.1 0.01620317213653788 0.01495037789368689
2300 2.0 0.12929100949029726 0.06911337367073325
2310 1.35 0.0493823285585715 0.037968366602187414
2320 0.7000000000000001 0.024537461216674994 0.03632690165301102
2330 1.25 0.013980870870491824 0.011311209139892631
2340 2.45 0.1227065406044936 0.052724996974109796
2350 1.7000000000000002 0.07607609998824749 0.046847084390898436
2360 1.6500000000000001 0.11025578586741136 0.07160655961907524
2370 1.5 0.09159792767407882 0.0650367742805209
2380 0.75 0.004026677484124219 0.00539788402961089
2390 1.9500000000000002 0.11066782303500089 0.0601673935904329
2400 1.4000000000000001 0.07964154498815934 0.06031812398054067
2410 1.9000000000000001 0.15715171852797516 0.090169477285334
2420 1.8 0.10271334714421942 0.06051620506848293
2430 0.3289743691651139 0.0 0.0
2440 1.8 0.0954231950149722 0.055980578132887565
2450 0.8500000000000001 0.0015448829540374298 0.001820818712740158
2460 1.1 0.07553075817068144 0.07372672120034739
2470 2.0500000000000003 0.09862475960483419 0.05054115557234499
2480 0.9 0.012029982775642822 0.013547735331477177
2490 1.3 0.07399521932216713 0.06035475594251491
2500 0.6000000000000001 0.007717115791228579 0.013029442512994184
2510 1.5 0.11332742965766096 0.08172616382660754
2520 1.4000000000000001 0.0656504929044488 0.049200372582554296
2530 1.1 0.04288031401688386 0.04056334829958764
2540 1.85 0.1209604443184209 0.06995817066240505
2550 1.1 0.029235406461133095 0.027303299565136302
2560 0.6000000000000001 0.0032207215320516625 0.005396838744669382
2570 1.2000000000000002 0.07098424598300745 0.06287267979250809
2580 1.7000000000000002 0.10732494418589877 0.06738659200701756
2590 1.9500000000000002 0.13902572038729688 0.0767684676433003
2600 2.3000000000000003 0.1855250413459979 0.08774047693811252
2610 0.55 0.035849377931778115 0.06972543918661507
2620 2.6 0.2073398953956027 0.08665664420809337
2630 1.3 0.009109941863560067 0.007057101266014395
2640 1.3 0.055191883141820997 0.0443376632867096
2650 0.42942411390275215 0.0 0.0
2660 1.4500000000000002 0.10594625018235448 0.07882590275629135
2670 1.25 0.02873333378647991 0.023527485504510053
2680 1.1500000000000001 0.01883330815942008 0.016649454315858105
2690 0.9 0.0052588309394926425 0.005877488508787966
2700 1.4000000000000001 0.07623348640636807 0.057588317594933595
2710 0.8 0.008566546619168003 0.010824089609269831
2720 0.3297519620063291 0.0 0.0
2730 0.04742634974590125 0.0 0.0
2740 0.9 0.023291120344916205 0.026566538659993307
2750 1.4000000000000001 0.10450632356240375 0.0806691112918279
2760 0.2733039455411929 0.0 0.0
2770 0.7000000000000001 0.03420360504347919 0.051372469575646805
2780 0.9 0.01704135611286761 0.019300287992928905
2790 2.0500000000000003 0.15064879329851544 0.07931592259871739
2800 1.5 0.0810396774855453 0.05711201095597919
2810 0.12113653394790816 0.0 0.0
2820 0.8 0.013226127879052418 0.016810583507810256
2830 2.5 0.10845291920382572 0.045348435778115835
2840 1.55 0.09629336846954617 0.06623989075991837
2850 1.1500000000000001 0.060449680072349965 0.05548131092868114
2860 1.3 0.02167981262508989 0.01695961061962918
2870 1.6 0.12004972268479364 0.08111740274313615
2880 2.1 0.09836463411919905 0.04914213437466649
2890 1.9000000000000001 0.1395619891119544 0.07927685510582273
2900 1.8 0.09328795656098676 0.054659458764357315
2910 1.7000000000000002 0.03908021013641272 0.0235292579298019
2920 0.65 0.018151284435524717 0.02872726332807195
2930 0.5514585661211762 0.0 0.0
2940 1.8 0.1069015414196135 0.06313958935929061
2950 2.2 0.13744078839956098 0.06663604498069854
2960 1.8 0.1275961917631434 0.07629508563345272
2970 0.12196952197314953 0.0 0.0
2980 2.5 0.17270654060449342 0.07420918058582625
2990 0.9 0.004957170956933932 0.005538473463034037
3000 1.6 0.09398987259387881 0.062409854278843664
3010 1.1500000000000001 0.03502133859983947 0.03140987340139819
3020 1.8 0.12311468648620094 0.07341866822616658
3030 0.0 0.0 0.0
3040 1.6 0.052056403602114054 0.03362939303683349
3050 2.15 0.16239494436545754 0.0817038293926119
3060 0.0 0.0 0.0
3070 2.0 0.15199374392446918 0.0822474184948089
3080 1.9500000000000002 0.11311888532871595 0.0615820394827016
3090 1.8 0.1787292409911425 0.11024021743314873
3100 0.5155599826998327 0.0 0.0
3110 0.9 0.021138033884873342 0.02405159706513498
3120 2.1 0.1360639270115307 0.06928124030253481
3130 0.36421588482118505 0.0 0.0
3140 2.25 0.21662534556948687 0.10653489021193543
3150 1.05 0.029410848389452626 0.028817520099092414
3160 0.007921171933056054 0.0 0.0
3170 2.5500000000000003 0.17688858409822172 0.07453867648730025
3180 1.9500000000000002 0.1538989075755972 0.08568499191092983
3190 1.5 0.04583119008771952 0.031517104324692666
3200 2.2 0.14382271799580515 0.06994665258416746
3210 1.8 0.1977532236658821 0.12342245064042771
3220 2.45 0.16366550781238942 0.07158423597755854
3230 2.2 0.19533263513939136 0.09743892605992191
3240 0.0 0.0 0.0
3250 0.8074726642607297 0.0 0.0
3260 1.1500000000000001 0.022739957626361607 0.020172770054439917
3270 2.2 0.12081205505860249 0.05810540377195559
3280 0.6119046780123645 0.0 0.0
3290 1.8 0.0944752401816562 0.05539364916151602
3300 1.05 0.010016095291467408 0.009631009909018287
3310 2.25 0.2025109286073299 0.09890696435785375
3320 1.9500000000000002 0.13436040310378683 0.07400169247986896
3330 0.0 0.0 0.0
3340 1.75 0.11135917387602201 0.06795825668485858
3350 2.0 0.15912968432088492 0.08644263692316666
3360 1.85 0.1209604443184209 0.06995817066240505
3370 1.35 0.030019051038230327 0.02274203355877355
3380 2.1 0.2112914143981599 0.11187083915903921
3390 1.85 0.07973593036089488 0.04504182835115116
3400 2.45 0.18825110989126737 0.08323254217766733
3410 0.8 0.0076743630035698285 0.00968586985606324
3420 1.6500000000000001 0.07431383751191212 0.04716284199295551
3430 1.4500000000000002 0.08423325009255178 0.061674696721281196
3440 1.2000000000000002 0.03565665753733338 0.030623834256583698
3450 1.05 0.06534728632809972 0.06636582159451025
3460 0.47639638429419073 0.0 0.0
3470 1.85 0.14400063938153895 0.08440837828294123
3480 2.1 0.1570675284207288 0.0808404464479714
3490 0.0 0.0 0.0
3500 2.3000000000000003 0.11543676622680543 0.05284203471071979
3510 1.6500000000000001 0.11921632585980868 0.07787927704858098
3520 0.0 0.0 0.0
3530 1.1500000000000001 0.036747420981877665 0.03300905982565836
3540 2.6500000000000004 0.20215501835565108 0.08258489400740265
3550 0.3830527872084214 0.0 0.0
3560 2.6500000000000004 0.19825108043143924 0.08086108607986084
3570 2.1 0.19751470153281692 0.10381930503849511
3580 0.33218310457199596 0.0 0.0
3590 1.6500000000000001 0.11290534460179757 0.07345373572491416
3600 1.4500000000000002 0.06512934744963084 0.04702919173692433
3610 1.5 0.03886214780937802 0.026597180923835253
3620 2.1 0.0730630535788257 0.036046041643193784
3630 2.3000000000000003 0.14890739800705166 0.0692240761132699
3640 0.75 0.04050089586646999 0.05708378718241142
3650 2.3000000000000003 0.19050980928710803 0.09031082966198868
3660 2.6500000000000004 0.18083289804165137 0.07323639534085358
3670 1.9000000000000001 0.14687659145937126 0.0837799499703431
3680 2.25 0.10969537432247156 0.05125222503677331
3690 1.35 0.0757035887129689 0.059408147148832316
3700 1.4500000000000002 0.0517044630842296 0.0369767775975846
3710 0.40486546966234593 0.0 0.0
3720 1.7000000000000002 0.027149512404870624 0.01622949128221282
3730 0.0 0.0 0.0
3740 2.1 0.0909650890891327 0.04527800318208032
3750 1.3 0.06297209783866586 0.0509059639872642
3760 1.6500000000000001 0.08899070352670524 0.05700843917314086
3770 1.9000000000000001 0.11173190676862466 0.062480512397180145
3780 0.0 0.0 0.0
3790 2.5 0.2453403989021674 0.10881482898026246
3800 1.2000000000000002 0.0760463845686079 0.0676597179140885
3810 1.0 0.027022597875469012 0.027773099165987004
3820 1.6500000000000001 0.1245985357836139 0.08168245455803427
3830 2.85 0.20674311139956414 0.07821529276673198
3840 1.6500000000000001 0.1245985357836139 0.08168245455803427
3850 0.48846910115484654 0.0 0.0
3860 1.4000000000000001 0.08964294061947853 0.06841107923809539
3870 2.3000000000000003 0.1748088336180671 0.08225558076061143
3880 1.25 0.07569756270988859 0.06446172664392376
3890 2.15 0.16281351127106003 0.08193167183579238
3900 1.75 0.10481094829025395 0.06370754059014083
3910 2.45 0.11512148902217856 0.04930513021594727
3920 2.75 0.19772707695278235 0.07747097701319161
3930 2.0 0.13255303934899842 0.07098088574509755
3940 2.4000000000000004 0.2390815152243322 0.11063884033976043
3950 0.6273058229309776 0.0 0.0
3960 2.2 0.17760585119084427 0.08781960296682213
3970 1.0 0.024404269959353964 0.02501473633790629
3980 2.8000000000000003 0.10785105369833747 0.040061324930218946
3990 1.8 0.09707813354402917 0.0570068042793196
4000 0.2162663466228809 0.0 0.0
4010 2.1 0.15630664248213755 0.08041733634452733
4020 1.9500000000000002 0.049258575371629476 0.025915453166524435
4030 0.8500000000000001 0.01895980195978131 0.02281454255100153
4040 1.4500000000000002 0.050573297513042625 0.03613858262327531
4050 1.7000000000000002 0.1288122173501165 0.08198397338150663
4060 1.25 0.024547847411226842 0.020031665340314923
4070 2.9000000000000004 0.15646065657166153 0.057028763573752
4080 1.7000000000000002 0.1422845558916157 0.09134181498281124
4090 1.6500000000000001 0.11396190561975161 0.07419210893056156
4100 1.55 0.08370127568215646 0.057083372094657074
4110 1.4500000000000002 0.06830507243305006 0.04943571194353996
4120 1.3 0.01906447264132738 0.01488324137643281
4130 2.15 0.10821029418537265 0.05299776655608087
4140 0.3567854043747881 0.0 0.0
4150 3.1500000000000004 0.025537778207654238 0.008173495595349047
4160 1.9000000000000001 0.10333519109430322 0.05751500813178507
4170 1.9000000000000001 0.18514444901521365 0.10796504050086968
4180 1.3 0.07862309091704822 0.06437250477911925
4190 2.0 0.15665896740754715 0.08498642662298025
4200 2.15 0.16490068169465677 0.08306923496172001
4210 1.5 0.09631476620492285 0.06861564393929057
4220 1.8 0.06797843338489451 0.03924802940978671
4230 1.3 0.07178124917230977 0.058443375110448975
4240 1.9000000000000001 0.10418141527487079 0.05801332949832288
4250 2.25 0.14489240395068625 0.06882897777890686
4260 1.85 0.1339364262187721 0.07804863891123358
4270 1.35 0.08099496329194933 0.06382556487093215
4280 1.2000000000000002 0.03911871891764962 0.03369743276519816
4290 1.7000000000000002 0.09121675399329998 0.056699219251391986
4300 0.0 0.0 0.0
4310 1.8 0.0937631827640022 0.054953205684479936
4320 2.8000000000000003 0.09438471376775759 0.03488475033684292
4330 0.6684099089888114 0.0 0.0
4340 1.1500000000000001 0.05503177934877557 0.0502587913611281
4350 0.9500000000000001 0.01428664632045773 0.01526818684833105
4360 0.08155305587373243 0.0 0.0
4370 0.6501641784721387 0.0 0.0
4380 0.20219899079526432 0.0 0.0
4390 1.55 0.03454163027843382 0.022792859882241518
4400 0.3117062240237753 0.0 0.0
4410 1.05 0.039506995902993 0.03909675350825125
4420 1.1 0.0295087508880032 0.027565616171530177
4430 2.6 0.18671422877121513 0.07736929915106776
4440 1.25 0.0557076475333762 0.04664490015222888
4450 2.25 0.2119697493477597 0.1040071653891899
4460 1.4500000000000002 0.066511716370798 0.04807537379089525
4470 2.2 0.14528253918977363 0.07070682074823323
4480 1.1 0.04018700752879445 0.037918960999986324
4490 1.75 0.09321787723720631 0.05626441519163627
4500 0.0 0.0 0.0
4510 2.7 0.1947638718781648 0.07774272041341605
4520 1.35 0.031904182227871836 0.02420475188351399
4530 1.85 0.15294691842135455 0.09012500556498747
4540 0.9 0.03325893361148513 0.03837239851812546
4550 1.55 0.051643693931396895 0.03446689797495493
4560 1.4500000000000002 0.07692922345098996 0.056027136229888336
4570 1.01151430962687 0.0 0.0
4580 1.8 0.07736573533191637 0.04491129482253923
4590 1.35 0.053411195643192855 0.041193627049470244
4600 2.35 0.13896329114345152 0.06284983446309096
4610 1.35 0.02089817675739014 0.015723533285361732
4620 0.8500000000000001 0.012256177874074403 0.014629982997633031
4630 0.4582072320739245 0.0 0.0
4640 1.1 0.04520822716219497 0.042859859477825696
4650 2.4000000000000004 0.1658877544647579 0.07425220232164967
4660 1.0 0.015015710097501134 0.015244618875076171
4670 2.2 0.19489784970642177 0.09720095790525468
4680 2.5500000000000003 0.1715598949212116 0.07213126559498897
4690 0.0 0.0 0.0
4700 1.35 0.0452075970776642 0.03464734847966083
4710 1.6500000000000001 0.08990779899624113 0.05762979837883601
4720 1.85 0.1719890018349428 0.1024957536172389
4730 2.45 0.2099080851038888 0.09370512152115137
4740 0.0 0.0 0.0
4750 1.1664882131599241 0.0 0.0
4760 1.7000000000000002 0.0938007215220451 0.058399180462172344
4770 1.9000000000000001 0.08289298913043042 0.04561811089527539
4780 1.8 0.12848846815158832 0.07686962710302189
4790 2.0500000000000003 0.1861151561773804 0.0998533556374003
4800 2.5500000000000003 0.14023225561806996 0.058193266112472365
4810 1.6 0.10576329681000107 0.07078081845012262
4820 1.4000000000000001 0.04199164836680214 0.030921494935065172
4830 0.8500000000000001 0.036383487743802734 0.04471822682520244
4840 1.35 0.044590889174448645 0.0341585552028582
4850 1.5 0.058640184966972875 0.040683932183602056
4860 0.08111497208897842 0.0 0.0
4870 2.75 0.13293969249514737 0.05079733627609606
4880 0.21916259823450424 0.0 0.0
4890 0.015386419797151158 0.0 0.0
4900 0.8500000000000001 0.011969432350794618 0.014282811168058669
4910 1.0 0.003188858092946667 0.0031990594395302305
4920 2.85 0.23293969249514745 0.08900814850431778
4930 1.9500000000000002 0.15699008482708798 0.08755672988676605
4940 1.9500000000000002 0.06837055988791318 0.03633582597636249
4950 0.05185185471007912 0.0 0.0
4960 2.25 0.10791631495775977 0.05037913117555524
4970 1.7000000000000002 0.08440245495160137 0.05224225254011073
4980 1.7000000000000002 0.09775322366588224 0.06101009227151515
4990 0.0 0.0 0.0
5000 1.9500000000000002 0.14307352083307423 0.07918059892455477
5010 2.6500000000000004 0.17530028155566946 0.07083699094848904
5020 0.9500000000000001 0.022663327968334257 0.024439158562210263
5030 2.45 0.24175833873827068 0.10948001886719975
5040 1.25 0.00813308571389948 0.006549079954010099
5050 1.4000000000000001 0.04847793977727277 0.03586914428114013
5060 1.35 0.07239196109831658 0.0566621051950718
5070 1.6 0.06396190561975157 0.04164083290236271
5080 1.8 0.10921411224531563 0.06459369754401538
5090 1.8 0.11655022831524131 0.06923297046077025
5100 1.1500000000000001 0.061008418093259964 0.05602285555452957
5110 1.85 0.08982489590425002 0.05103179547036914
5120 2.45 0.16870600100153155 0.07395188918026203
5130 1.3 0.053034892021659674 0.04253117563781976
5140 0.55 0.01920425958138927 0.03618013129917712
5150 2.7 0.16796160999534537 0.06633454321165984
5160 2.2 0.15107506881344035 0.07373382329139348
5170 1.85 0.1564376814869286 0.0923719663438657
5180 1.85 0.1152293259440107 0.06642337668448026
5190 1.7000000000000002 0.10945171142239007 0.0688138248982495
5200 0.9557291253266924 0.0 0.0
5210 0.40497130509976487 0.0 0.0
5220 1.3 0.018468638863774478 0.0144113826815755
5230 2.5 0.19638196408418196 0.0852493603637328
5240 1.6 0.10871265273406916 0.07289852819671458
5250 1.2000000000000002 0.048108470126819514 0.04176475725289524
5260 1.0 0.022845992006312432 0.0233801343692181
5270 2.45 0.20688495543904128 0.09223109440627666
5280 2.6500000000000004 0.15375839881613906 0.06159596040031461
5290 2.6 0.17352209311416633 0.07151191965183246
5300 1.9000000000000001 0.13903491450130567 0.07895381665783104
5310 2.3000000000000003 0.18329115257548123 0.08659251970269724
5320 2.45 0.14372263279280162 0.0623180172673001
5330 1.6500000000000001 0.08030328704747758 0.051158473089002676
5340 3.0500000000000003 0.06229642918460332 0.020850940432354047
5350 2.0 0.12732336815487555 0.06799004483193954
5360 0.9500000000000001 0.016955927198385123 0.018172696973972755
5370 2.2 0.18477991105034963 0.09169217400301843
5380 0.8500000000000001 0.00802713024125723 0.009533716025264932
5390 2.6500000000000004 0.14627874221744985 0.058424531789534474
5400 1.9000000000000001 0.12353237166250786 0.06953820587100462
5410 1.55 0.07516398291900339 0.05096429843622096
5420 1.3 0.04514918333295381 0.035979721838865726
5430 3.0 0.10271104129129682 0.03545074128093673
5440 0.9118661998882391 0.0 0.0
5450 1.2093888999769247 0.0 0.0
5460 1.75 0.10118751003621917 0.061369931785537325
5470 2.7 0.0912347673612528 0.03497239468688008
5480 1.7000000000000002 0.12750316577101595 0.081083257527531
5490 2.1 0.20410791897660308 0.10765798381647664
5500 2.2 0.14867050424920514 0.0724751945297755
5510 1.75 0.09581479781824997 0.057922654423384526
5520 2.25 0.16926871038936753 0.08135058632248607
5530 1.4000000000000001 0.029372694896361518 0.021430110714261985
5540 2.15 0.09235810158059587 0.04488541064970614
5550 2.35 0.2371931823713358 0.11226449119354537
5560 0.7667044448302018 0.0 0.0
5570 2.0 0.1491735091210722 0.08059832180715767
5580 1.7000000000000002 0.05225556593299663 0.03171339247313866
5590 2.15 0.18206903777057115 0.09251800051171961
5600 0.0 0.0 0.0
5610 1.3 0.04376921708116721 0.03484170080553997
5620 0.23765755072670125 0.0 0.0
5630 1.6500000000000001 0.08623239675286443 0.05514399746727351
5640 1.2000000000000002 0.002627045761875557 0.0021940079342673293
5650 2.15 0.18884057244560992 0.09629027084304838
5660 2.3000000000000003 0.26569856395502445 0.13060923973567415
5670 1.4500000000000002 0.05226932075469781 0.03739584565956609
5680 1.3 0.024876786638320825 0.01950931986622434
5690 1.85 0.09998028658970903 0.057130948767928943
5700 1.8 0.13071205744605896 0.07830408050876768
5710 1.35 0.047911433506594214 0.03679583304814838
5720 0.0 0.0 0.0
5730 0.8539593760110993 0.0 0.0
5740 1.55 0.04181032830501974 0.02772219508573558
5750 2.5500000000000003 0.18005083515972187 0.0759724460890942
5760 1.9000000000000001 0.11532787598772565 0.06462132423990977
5770 2.1 0.13005773827926648 0.06602109148400205
5780 1.25 0.07940816703877296 0.06783591411012617
5790 1.75 0.11345585337235753 0.0693264850851419
5800 1.3 0.012483665758630691 0.009695928064467096
5810 2.3000000000000003 0.2088373736445508 0.09986663448003553
5820 2.4000000000000004 0.10164740859372223 0.04422620313949649
5830 2.25 0.0732534471649311 0.033652722256306465
5840 1.6500000000000001 0.08179135716638686 0.05215591531149654
5850 2.4000000000000004 0.10425347552098074 0.04541157937487863
5860 2.25 0.09094154327796122 0.04212092683031472
5870 1.5 0.11885601255281841 0.08605620676270277
5880 2.25 0.19576825471105685 0.09529998509662822
5890 1.3 0.1082476031295283 0.09083061499501514
5900 1.7000000000000002 0.08520901236804557 0.052767827552098356
5910 1.25 0.0222243229193253 0.01810128945718232
5920 2.5 0.25990808510388863 0.11602563420525643
5930 2.8000000000000003 0.15900682428477175 0.06020720755619137
5940 1.6500000000000001 0.07374930136858615 0.04678779932190944
5950 1.05 0.027343710285020917 0.02673792804094696
5960 1.25 0.06330386851439918 0.05334463207118603
5970 1.9500000000000002 0.1821429383656461 0.10303035370815444
5980 2.3000000000000003 0.18940708321065758 0.08974117258897359
5990 2.7 0.16796160999534537 0.06633454321165984
6000 0.9500000000000001 0.014129567055424896 0.015097781229147655
6010 2.1 0.16685507410223188 0.08631276003517585
6020 1.2000000000000002 0.05769422513726541 0.05050681385568434
6030 0.8 0.01929715554978162 0.024717670349172275
6040 2.15 0.18327070848679572 0.09318552852069793
6050 1.6 0.06237636695956539 0.04056673272914314
6060 2.25 0.20441911014344782 0.09993205898486021
6070 1.4500000000000002 0.04887359660133561 0.03488164699686238
6080 1.6 0.0978290544949334 0.06512511428054606
6090 1.75 0.12587131468093316 0.07750082602365047
6100 2.2 0.09543745646942092 0.045347883227702335
6110 1.6500000000000001 0.0893580187684635 0.05725721840312737
6120 2.1 0.1431705048433849 0.07316452720983042
6130 3.0 0.026181595464941587 0.008804033032082518
6140 3.0 0.06409188803867316 0.021830345363178523
6150 2.0 0.06498907937710019 0.03358589798355223
6160 1.1039180242868591 0.0 0.0
6170 2.0 0.0915382101771105 0.04796439240505072
6180 2.6500000000000004 0.19955721153212647 0.08143720492935831
6190 1.6500000000000001 0.0878889245475587 0.056262916209145385
6200 1.75 0.07982336688820868 0.047793368261586616
6210 1.4000000000000001 0.07585327899719707 0.05728464813910641
6220 1.75 0.05875304621060495 0.03473948383408072
6230 1.6 0.09315227551986771 0.06181930264519964
6240 2.5500000000000003 0.20048307900269524 0.08532948931374187
6250 1.9000000000000001 0.09708857311242203 0.05385099437748256
6260 1.55 0.05031944419631196 0.0335534417657002
6270 2.4000000000000004 0.21147293640227183 0.09662797409259843
6280 2.95 0.19381175346307433 0.07031876494887221
6290 1.4000000000000001 0.018717980683443436 0.01355116509277728
6300 1.6500000000000001 0.051679592350607706 0.0323336873528453
6310 2.0 0.14696828224132208 0.07931234033008705
6320 2.15 0.13788347644874177 0.06852658622642101
6330 2.95 0.14873685391676528 0.05309635195277217
6340 2.8000000000000003 0.20132531830445055 0.07747230529567187
6350 2.35 0.16213583702233558 0.074106902871735
6360 2.7 0.1168691895558176 0.04524323316623727
6370 1.05 0.03387409965716137 0.033336518285511985
6380 1.9000000000000001 0.09364865672973477 0.05184409836914164
6390 0.9 0.06010747450918863 0.07156567380339929
6400 0.8 0.03410222881041247 0.044525823279842044
6410 1.35 0.03939450201095274 0.030058245651646085
6420 1.3 0.04767283696428981 0.038067398337610296
6430 2.25 0.1996340826426506 0.09736510003051188
6440 2.15 0.07439231767089849 0.03584122293641766
6450 2.25 0.12021558539345101 0.05644495497712586
6460 1.25 0.06487665271111731 0.054742531956298676
6470 2.25 0.14598131140732384 0.0693821362893725
6480 1.75 0.15363281573029108 0.09623902147586026
6490 1.5 0.03777095708766165 0.025831081163887156
6500 2.0500000000000003 0.14541428082624708 0.07634955957211034
6510 2.95 0.15244933445578912 0.054493860051729556
6520 1.75 0.09624671563089526 0.058198956604105984
6530 1.35 0.09709992532341616 0.0775001353148462
6540 1.8 0.10597342649685193 0.0625571216853494
6550 2.4000000000000004 0.1910614845741545 0.08649470469182394
6560 0.0 0.0 0.0
6570 0.5134742632868468 0.0 0.0
6580 2.0 0.12961772713655595 0.06930012597805417
6590 1.6500000000000001 0.08420090897690513 0.05377504014380808
6600 1.1 0.04735182720477482 0.04498352671722759
6610 0.8 0.02553842818094232 0.03297572030715169
6620 1.35 0.08868622736674459 0.07031258144560937
6630 2.25 0.17995994740316057 0.08693549053671838
6640 2.45 0.16026894133263525 0.06999465754983146
6650 0.65 0.0037015113764544694 0.005727247458581815
6660 2.0 0.16798448699059354 0.0916938125238086
6670 1.9000000000000001 0.16246678941792303 0.0935042786108798
6680 1.7000000000000002 0.08319207133262418 0.05145451717396866
6690 1.4000000000000001 0.03905914360394136 0.028700103623440953
6700 0.7025185633236896 0.0 0.0
6710 1.6500000000000001 0.13164471198702832 0.08670217901325848
6720 1.9500000000000002 0.16006366523825077 0.089424222599267
6730 1.25 0.024547847411226842 0.020031665340314923
6740 0.75 0.021483890179954113 0.029489931506471348
6750 2.85 0.2222737638801653 0.08458786947622832
6760 2.6 0.1598395309395224 0.06550369656675267
6770 3.1500000000000004 0.04853435314445065 0.015648844343530827
6780 1.1 0.009518345567859798 0.008728570104021054
6790 1.85 0.21575251870032663 0.13201948980747052
6800 1.9500000000000002 0.11889162179389001 0.06492877385573709
6810 1.9500000000000002 0.1436486567297348 0.07952420622096118
6820 2.0500000000000003 0.10209636968089275 0.052413460343603974
6830 1.9000000000000001 0.0751962313972705 0.041207845298812044
6840 2.0500000000000003 0.11461461952159402 0.059220566961843295
6850 1.7000000000000002 0.05374775517485464 0.03264855391620947
6860 2.0 0.15199374392446918 0.0822474184948089
6870 0.7201370657000528 0.0 0.0
6880 1.6 0.061493953288052516 0.03996991329314284
6890 1.9000000000000001 0.0968021323620083 0.05368358852864515
6900 1.6500000000000001 0.1328391424041666 0.08755771791705062
6910 0.9 0.02817613137278341 0.032318605152609384
6920 2.0500000000000003 0.1578841520362655 0.08344317405627036
6930 1.6500000000000001 0.08917438959614166 0.05713283341953114
6940 1.35 0.07758935603399952 0.060978235604945745
6950 1.9000000000000001 0.1669807090959794 0.09635248145961188
6960 2.35 0.1340257570693244 0.06048164029743971
6970 2.25 0.2267003298502237 0.1120448607760817
6980 1.2000000000000002 0.016551225425490257 0.013985586686201087
6990 0.5146013337415261 0.0 0.0
7000 2.1 0.1982128186025749 0.10422450027080787
7010 1.6 0.14382571757062923 0.09876957676431512
7020 2.5500000000000003 0.15956267145647862 0.06675040987320055
7030 0.8500000000000001 0.03617444212147225 0.04444987229913425
7040 2.1 0.13725634716385593 0.06993085773861601
7050 2.2 0.14915255285838214 0.07272727821187504
7060 1.6 0.04917770018865797 0.031710725461350696
7070 1.6500000000000001 0.09646646299205774 0.062094869981274545
7080 2.2 0.16616219295071488 0.08169884165531609
7090 1.4000000000000001 0.08340877566425342 0.0633520671583811
7100 2.0 0.14284632460720648 0.0769168036549232
7110 2.6500000000000004 0.18083289804165137 0.07323639534085358
7120 2.5 0.17829950431969221 0.07679694458929194
7130 0.75 0.029086275405197926 0.04034640264554015
7140 1.9500000000000002 0.1642246298268808 0.0919626469094824
7150 2.2 0.14186865607975818 0.06893080779263229
7160 1.85 0.12318691141851779 0.07133772162898742
7170 1.35 0.07782426402713583 0.061174145856210414
7180 2.0 0.08152952003038161 0.04249714597207289
7190 1.5 0.12242544301923619 0.08887028465998717
7200 1.4500000000000002 0.07652066495237353 0.055713007833292305
7210 1.05 0.04035737769707848 0.03997194334469183
7220 1.35 0.014493050888600312 0.010852096949584191
7230 1.55 0.06634703415631527 0.04471870153178764
7240 1.35 0.10835903870169039 0.08727083116554549
7250 2.3000000000000003 0.1328217906580571 0.06128789505427337
7260 1.6 0.0752898545076146 0.04937978194098047
7270 2.35 0.17066441978684832 0.07831029848563127
7280 2.0500000000000003 0.14891086278737498 0.07832923763149155
7290 2.2 0.10512700445572865 0.050182996620477927
7300 1.35 0.012172999833659048 0.00909908368731196
7310 2.5 0.2051189241797431 0.08938106917214769
7320 0.9797027069702335 0.0 0.0
7330 2.75 0.2113462868635665 0.08325132560220443
7340 2.25 0.14543745646942075 0.06910578966469548
7350 0.8 0.014046571623129944 0.017872015205962707
7360 1.7000000000000002 0.07872924099114265 0.04856020535352943
7370 1.1 0.044224376578130054 0.04188804476731013
7380 1.55 0.040632594954579826 0.026920281184525184
7390 1.3 0.03845417442720689 0.030481789601061165
7400 1.4500000000000002 0.03220568936278778 0.022715346733415288
7410 1.6 0.11715380706281042 0.07900604096420459
7420 1.5 0.053334411740181276 0.03686713237185435
7430 0.7000000000000001 0.0015627117031680182 0.0022374402531954653
7440 1.85 0.18336878148610447 0.11002360897188224
7450 2.3000000000000003 0.19105986453588608 0.09059520529910137
7460 1.7000000000000002 0.10499568977251705 0.06582784077714644
7470 2.45 0.1906282797936658 0.08437225184718915
7480 2.25 0.15830982942705862 0.07568512375984225
7490 1.4000000000000001 0.12167981262508998 0.09518727297498533
7500 1.6500000000000001 0.06673971299486481 0.04215334240531503
7510 1.55 0.08839452003158255 0.06047768788708468
7520 1.85 0.09972241433217444 0.0569751993333817
7530 1.5 0.13785588603143273 0.10120506678973461
7540 2.35 0.1581403612664345 0.07214894533931306
7550 2.0500000000000003 0.1589093014621894 0.0840305023894718
7560 1.55 0.11941820127680969 0.08347526956053244
7570 2.35 0.19279343347288602 0.08937179983800257
7580 0.6318487155644753 0.0 0.0
7590 2.0500000000000003 0.06780699951959002 0.034208071314526946
7600 2.2 0.19533263513939136 0.09743892605992191
7610 1.9000000000000001 0.13692390043030733 0.07766193442456955
7620 1.4500000000000002 0.10215656135430184 0.07579260203762826
7630 1.6 0.0964965658679584 0.06418114097868022
7640 1.4500000000000002 0.0563498433904579 0.040433277406967914
7650 2.0 0.09786435287598949 0.051449723380116635
7660 1.9000000000000001 0.085237751225814 0.04696910092955117
7670 2.4000000000000004 0.24647258568900376 0.11445063761487366
7680 0.9124039971737659 0.0 0.0
7690 1.5 0.07738491278809478 0.05439624075670156
7700 1.1 0.048956353963618415 0.046578802077572146
7710 2.45 0.20688495543904128 0.09223109440627666
7720 0.954846810502662 0.0 0.0
7730 1.7000000000000002 0.0791366886468623 0.04882378920699795
7740 2.5500000000000003 0.1448715314181661 0.0602344254415601
7750 2.45 0.18022371607517051 0.07940153280812902
7760 1.9500000000000002 0.09822895937035359 0.053045952882465094
7770 1.6500000000000001 0.05983720555534999 0.037629609851516865
7780 3.0500000000000003 0.11409188803867343 0.03886085111923159
7790 1.6 0.10527024557801923 0.07042761092203435
7800 1.05 0.01326366919008537 0.01279367645939791
7810 2.75 0.15132531830445028 0.05823172841539192
7820 2.5500000000000003 0.1331627641129196 0.05509794459288165
7830 2.75 0.18173609025585424 0.07076223341625318
7840 2.4000000000000004 0.15230677726351516 0.06776137229176105
7850 0.8 0.0017501697934763083 0.0021925088202317602
7860 1.55 0.07786435687030546 0.05289210762180129
7870 1.55 0.11629326213899893 0.08111370273149518
7880 2.5500000000000003 0.1779457780573659 0.07501758451020321
7890 1.9500000000000002 0.08997352056439167 0.04837217187988233
7900 1.2000000000000002 0.036778068234768035 0.03161741300643804
7910 2.45 0.15425347552098057 0.06719098727852185
7920 1.3 0.03845417442720689 0.030481789601061165
7930 2.2 0.13196748000624003 0.06381305841681746
7940 2.5500000000000003 0.14371693772229266 0.059725698931801886
7950 2.25 0.13663819451073733 0.06465442602200541
7960 2.45 0.16026894133263525 0.06999465754983146
7970 2.7 0.1579913794608805 0.06215218083224793
7980 2.1 0.17863006809827464 0.09297015901642164
7990 1.0023613501658906 0.0 0.0
8000 1.4500000000000002 0.008941987878870572 0.006205154687498412
8010 1.4500000000000002 0.0358335894645867 0.025339018942629143
8020 1.1 0.06920071650109771 0.06713306616415726
8030 1.9000000000000001 0.09249684760073085 0.05117382366827469
8040 2.9000000000000004 0.30723793966858404 0.11849831666748153
8050 2.2 0.1520329878166118 0.07423605307710775
8060 1.8 0.09423799181870485 0.055246858217450026
8070 2.45 0.11416293159258029 0.048874526882312426
8080 2.25 0.09155956382891972 0.04241931456368556
8090 1.9000000000000001 0.12081253638573464 0.06790320798479235
8100 2.0500000000000003 0.14891086278737498 0.07832923763149155
8110 0.905058346339143 0.0 0.0
8120 1.6500000000000001 0.1534592646863009 0.10254265792112457
8130 2.25 0.07902075079234328 0.036398667016823635
8140 2.4000000000000004 0.16365579351356363 0.07318005566356281
8150 1.4000000000000001 0.06487951729164676 0.04859450374099248
8160 0.7073818557268337 0.0 0.0
8170 1.85 0.1461330735497297 0.08576554382341008
8180 1.8 0.1050437281991623 0.061974299836984374
8190 2.2 0.1807585663889375 0.0895180553351078
8200 2.6 0.19371693772229248 0.0805046342049744
8210 1.25 0.024547847411226842 0.020031665340314923
8220 2.25 0.18446316570257437 0.08930519303245343
8230 1.2000000000000002 0.03718598117382621 0.03197930242650871
8240 2.4000000000000004 0.2378372896478167 0.10999971857301923
8250 1.6500000000000001 0.09118889328630853 0.05849900151055139
8260 2.0500000000000003 0.1697073327954035 0.09025580738327554
8270 1.6 0.08471191553310842 0.05590482522860447
8280 1.85 0.11971996641893856 0.06919109282626408
8290 0.9743678765847312 0.0 0.0
8300 2.4000000000000004 0.16365579351356363 0.07318005566356281
8310 1.85 0.17491149917526982 0.10441925849837314
8320 1.3 0.022983941998748536 0.017998162086326725
8330 1.6500000000000001 0.09301412943138088 0.05973986738711485
8340 2.35 0.2138174177809833 0.10009323152465494
8350 2.0 0.09891086278737471 0.052028524518528206
8360 2.1 0.14784916552418137 0.07573654807461691
8370 2.25 0.05275178244708201 0.024008112522595115
8380 2.6500000000000004 0.1654080453960738 0.06657352531854342
8390 1.9500000000000002 0.1167727229693456 0.0636978973815438
8400 1.85 0.12638541498813538 0.07332579805668411
8410 0.4 0.008055554759804906 0.020552797361034738
8420 2.15 0.1552215966592534 0.07781395487303086
8430 1.1500000000000001 0.017657272826327786 0.015593576399258855
8440 1.55 0.04482632774401174 0.029781498687008676
8450 2.6 0.1971701173363245 0.0820574601468457
8460 2.9000000000000004 0.08732245655962467 0.031046024725896834
8470 2.8000000000000003 0.15674311139956432 0.05929923499889464
8480 2.8000000000000003 0.1428260997912001 0.053751130018241125
8490 2.45 0.16197085606371076 0.07079055635849928
8500 2.5 0.22368296246873154 0.09826529379726567
8510 1.2000000000000002 0.0479078771749375 0.04158337360858076
8520 0.0 0.0 0.0
8530 1.0 0.028166502667131388 0.028982848136468287
8540 2.1 0.19400797345485477 0.10178844966446111
8550 2.7 0.1870897035030783 0.07445140551331553
8560 2.6 0.09928937032469021 0.03970446206228261
8570 1.9000000000000001 0.10361712681593871 0.05768098124442643
8580 2.35 0.1541056244766481 0.07017897864050032
8590 1.6 0.07580763959219228 0.04973626791562545
8600 2.3000000000000003 0.19050980928710803 0.09031082966198868
8610 1.25 0.07009745509539211 0.05940952953962762
8620 2.0 0.09751470153281683 0.051256480989042924
8630 2.2 0.1807585663889375 0.0895180553351078
8640 1.1500000000000001 0.03406127462548425 0.03052253125641202
8650 2.15 0.17722824227590306 0.08983717532552461
8660 1.75 0.06791518643124705 0.04037560168393442
8670 1.35 0.059351585461278944 0.04598586632323974
8680 1.6500000000000001 0.08364579114586346 0.05340158099173135
8690 1.75 0.10097349218988105 0.06123218257053505
8700 1.55 0.08197179985958791 0.05583802807858022
8710 1.4000000000000001 0.06974946370474355 0.05243332876150953
8720 2.3000000000000003 0.17136837656929904 0.08050635661096953
8730 2.9000000000000004 0.13397791908406198 0.04843703888281927
8740 2.3000000000000003 0.1626435893351088 0.07609567993599788
8750 1.7000000000000002 0.09141611626444957 0.0568301828637979
8760 2.45 0.18022371607517051 0.07940153280812902
8770 1.75 0.08469197074702128 0.05085663988842489
8780 2.7 0.2598395309395225 0.10648460797316628
8790 2.25 0.1702982074063577 0.08188587806811236
8800 3.1500000000000004 0.025537778207654238 0.008173495595349047
8810 2.4000000000000004 0.19797825150914417 0.08990749144272871
8820 2.6500000000000004 0.16968134256826328 0.06841110599230867
8830 2.9000000000000004 0.1306296045451969 0.04716942333159595
8840 2.15 0.14836463411919887 0.07412170900263465
8850 2.25 0.16512595590759016 0.07920188578081369
8860 2.45 0.14638196408418214 0.06354437315645822
8870 2.7 0.17284230467048722 0.06839395301287304
8880 2.75 0.20967283861436403 0.08253773049452291
8890 2.7 0.3215598949212115 0.13519781062998829
8900 1.8 0.11289446654908608 0.06691606678460979
8910 2.1 0.10776647357547042 0.05409329385640818
8920 1.55 0.08370127568215646 0.057083372094657074
8930 2.2 0.1753401431465864 0.0866022717608912
8940 2.2 0.19706766133770692 0.09838957489164278
8950 2.5500000000000003 0.11736543527160537 0.048246225295540554
8960 1.9000000000000001 0.10530725609539981 0.05867703898233267
8970 2.5500000000000003 0.23924931560090856 0.10353748555228713
8980 2.0500000000000003 0.17070798391273323 0.0908363268993988
8990 2.7 0.13173609025585442 0.05129382917232138
9000 2.4000000000000004 0.13345418647122553 0.058879986309851515
9010 0.9 0.0633999438262477 0.07578285867707406
9020 2.0 0.13836906681220285 0.07432679826353342
9030 1.9500000000000002 0.1072780181877313 0.058217147918443006
9040 2.2 0.12234950359429497 0.058888395235848004
9050 2.1 0.1408135913231967 0.0718735035622769
9060 3.1500000000000004 0.025537778207654238 0.008173495595349047
9070 2.7 0.16134628686356667 0.06355584695489168
9080 3.1500000000000004 0.1157838493501151 0.03815939392627512
9090 1.9500000000000002 0.12070100094499114 0.0659821062643907
9100 2.25 0.14598131140732384 0.0693821362893725
9110 1.8 0.08659134716861439 0.0505374751233591
9120 2.1 0.1332707084867959 0.06776260925277482
9130 2.2 0.1254099373950428 0.06045046665150411
9140 2.15 0.158611652722767 0.07964878017872912
9150 1.8 0.10852195139715426 0.06415806074858196
9160 2.3000000000000003 0.15313556630755798 0.07132987248951558
9170 1.0 0.017412879695077654 0.01772146136993327
9180 2.25 0.2001145919152929 0.09762233104643067
9190 2.1 0.14629509590876633 0.07488085616328814
9200 2.25 0.20726549614759548 0.10146472571776328
9210 1.35 0.06043765761017683 0.04686679784567334
9220 3.0500000000000003 0.11409188803867343 0.03886085111923159
9230 2.95 0.2156233903189948 0.07885650775229151
9240 2.0500000000000003 0.10706752842072897 0.05510615010397218
9250 1.85 0.12244606909002731 0.07087829033825299
9260 2.25 0.19625344253126364 0.09555874448946029
9270 2.1 0.11614848019051571 0.05854696232592539
9280 0.0 0.0 0.0
9290 1.55 0.08683445721955363 0.05934698069402491
9300 2.95 0.19056786277344884 0.06906053611631294
9310 2.6 0.15601732378433253 0.06383732802309147
9320 1.3 0.049045521819406135 0.03920648007171184
9330 1.1500000000000001 0.030497883019369842 0.02724236297259054
9340 2.0 0.11467594349951082 0.06082558757159797
9350 1.1 0.04045640033772546 0.03818285566598749
9360 1.9000000000000001 0.14583737154158882 0.08313788537939225
9370 2.0 0.11803625720723043 0.06271972967559336
9380 1.85 0.11623118662962906 0.06703961089465019
9390 2.6 0.20172377619454052 0.0841119860140446
9400 1.3 0.03961246663543405 0.03142879914853631
9410 1.6 0.06799471172558391 0.044382817896255554
9420 2.15 0.11009395065414429 0.0539701084221249
9430 2.0 0.15105543918419695 0.08169819819667676
9440 2.45 0.16954000688641235 0.07434465300789327
9450 1.2000000000000002 0.011621709660836865 0.0097794698500593
9460 2.4000000000000004 0.1621611785172612 0.07246329671312834
9470 1.9000000000000001 0.13294338992252852 0.07523436949577976
9480 2.85 0.10334602389095471 0.03762615341789662
9490 1.75 0.10841194639523444 0.06604089628769684
9500 1.8 0.04661633305970869 0.02658649897261541
9510 2.6 0.09324255161662132 0.03719647933099947
9520 1.75 0.11575251870032655 0.07082924711517478
9530 0.3579867439282005 0.0 0.0
9540 1.55 0.0833872440106409 0.05685702900789846
9550 1.7000000000000002 0.08055887726773525 0.04974486329692499
9560 0.9 0.045314111333264906 0.05301843862656084
9570 2.3000000000000003 0.2109437720468148 0.10097563159106215
9580 1.1500000000000001 0.061008418093259964 0.05602285555452957
9590 2.45 0.23189132561446613 0.10454461870706368
9600 1.8 0.11723313178966488 0.06966688850627613
9610 0.6553343175827017 0.0 0.0
9620 0.5214349327886636 0.0 0.0
9630 1.75 0.08491233169842438 0.05099571230687015
9640 1.35 0.07239196109831658 0.0566621051950718
9650 2.0500000000000003 0.1841755386159507 0.09871000323327907
9660 1.9000000000000001 0.10107233664453052 0.056184769795581575
9670 0.8500000000000001 0.015683919433316706 0.018798534270925104
9680 0.65 0.02402459038160354 0.0383794475189517
9690 1.9000000000000001 0.14972241433217448 0.08554209661266231
9700 0.0 0.0 0.0
9710 2.0500000000000003 0.17994514568922604 0.09622452799949896
9720 1.55 0.09057287771602263 0.062060569063755434
9730 1.9500000000000002 0.1871890006996857 0.10618778801243227
9740 0.5541681362006561 0.0 0.0
9750 1.9000000000000001 0.1095057958547263 0.06115953662469461
9760 2.0 0.1597456875891825 0.08680631068860713
9770 0.0 0.0 0.0
9780 1.0 0.02522333541279287 0.02587601481358225
9790 1.5 0.05576558999021053 0.03861256150920302
9800 1.85 0.12392672780447 0.07179691024752254
9810 2.0 0.0992585753716293 0.052220977606691636
9820 1.35 0.0326572059260708 0.0247902110771618
9830 1.35 0.055963037081188105 0.04324686132222889
9840 1.05 0.023194662172898672 0.02258915231389682
9850 0.8500000000000001 0.0017613862066117036 0.002076522075238533
9860 1.4639481005380683 0.0 0.0
9870 1.3 0.042386657134711125 0.03370404534524045
9880 1.1 0.059048140407122585 0.056725140421207056
9890 0.15892288522008108 0.0 0.0
9900 1.5 0.10424253314713794 0.07468527707910659
9910 1.4000000000000001 0.06911061376904337 0.051928142551923705
9920 1.9000000000000001 0.0968021323620083 0.05368358852864515
9930 2.35 0.19402319226206277 0.08999317226683573
9940 0.8 0.03248909368590591 0.04233046516815249
9950 2.15 0.1487961445503143 0.07435331695224957
9960 0.966868874755618 0.0 0.0
9970 0.9 0.02054377792418105 0.023359636794303043
9980 0.5757693433509654 0.0 0.0
9990 2.0 0.14220996980963063 0.07654792387655254
