4.633364915847778
4.68861722946167
1451.5423545837402
4.694047451019287
4.6944005489349365
4.737161874771118
4.702377557754517
4.69656229019165
918.5616748332977
144.8537471294403
4.686048269271851
424.09083008766174
1368.9474625587463
4.63873028755188
149.2073836326599
1053.9401450157166
1466.899129152298
1293.818609714508
5.223325729370117
152.51274275779724
295.02366304397583
1142.0715239048004
738.3828191757202
419.2301857471466
427.3441333770752
435.96886014938354
152.47698545455933
157.04215168952942
4.781388282775879
1567.5315816402435
1776.2368636131287
1048.2943089008331
294.84090757369995
4.817420244216919
144.6639859676361
4.695850610733032
4.709820508956909
4.6821393966674805
4.673931837081909
5.006038188934326
288.44597697257996
4.703230381011963
914.1700139045715
4.835268020629883
4.786980867385864
818.5915172100067
1167.8804953098297
145.20204091072083
4.6878297328948975
842.480476140976
5.196715831756592
5.016008615493774
700.4193804264069
1091.4453749656677
861.3410613536835
1103.404081106186
1639.016988992691
144.9465320110321
153.38229489326477
4.684398889541626
4.712422132492065
1619.7606468200684
4.6774914264678955
1250.3943257331848
149.56449222564697
285.2961459159851
155.21096205711365
562.046888589859
4.679528474807739
4.696465015411377
4.691826581954956
306.1028883457184
1219.3437750339508
145.9115228652954
4.315376281738281e-05
4.7155256271362305
303.30322313308716
144.69852566719055
1775.977439403534
5.15938401222229
1833.504059791565
712.1958725452423
4.6924824714660645
1134.6482501029968
4.680315256118774
4.69243860244751
4.697152853012085
877.097092628479
4.672260761260986
1425.6938965320587
155.6449534893036
280.02381205558777
5.157263278961182
1627.5731179714203
1002.4626617431641
1778.139088153839
1872.470980167389
282.544552564621
4.654000520706177
1744.636517047882
1605.1547944545746
4.6529576778411865
150.34122920036316
4.744258880615234
4.714516639709473
1078.7313361167908
4.697151184082031
4.6963653564453125
1350.666484594345
1536.8903539180756
4.806231260299683
4.793606996536255
287.6961953639984
1995.808034658432
286.186021566391
293.7140882015228
941.8717901706696
4.65084981918335
4.695446729660034
288.8351535797119
1561.55939412117
4.718947649002075
4.755925893783569
320.65693187713623
145.36175274848938
715.2657754421234
2.0265579223632812e-05
131.41273880004883
4.675481081008911
454.6723759174347
1652.4413626194
1488.775277376175
1487.2463109493256
415.0540153980255
418.7902069091797
5.0663652420043945
5.216058254241943
1891.0968272686005
1017.1585040092468
4.670713186264038
4.689749479293823
149.92972350120544
4.713221311569214
5.162911415100098
1925.1532413959503
4.749617099761963
150.32676672935486
1472.8617072105408
4.744168519973755
1023.1325793266296
2.4557113647460938e-05
581.0172593593597
871.377191066742
4.482269287109375e-05
5.088706731796265
162.67576599121094
4.658170700073242
1322.0606722831726
1498.1025557518005
4.7788941860198975
1023.0970270633698
4.685338258743286
557.9299187660217
4.727342128753662
1313.8026661872864
145.943665266037
1907.0982661247253
1280.9284641742706
1615.7194666862488
706.655270576477
4.686295032501221
146.03976464271545
4.678706169128418
761.5518996715546
1895.7974383831024
1706.9944288730621
149.49508237838745
4.699568271636963
4.704514265060425
130.45558524131775
2198.843242406845
143.57412934303284
5.190600633621216
4.660621881484985
4.733086109161377
1047.8165318965912
1277.9423477649689
4.736627817153931
705.5134801864624
4.8619608879089355
149.39232325553894
1412.5623672008514
1999.6350831985474
689.9644830226898
4.68791127204895
5.140681505203247
150.90347361564636
600.0053701400757
287.36949610710144
153.10847568511963
298.3569481372833
4.698963403701782
284.3930320739746
150.55690336227417
1305.0336508750916
4.787929058074951
4.70811653137207
135.74893617630005
150.2011227607727
1033.7652492523193
1265.3043715953827
1833.015531539917
149.6827895641327
2.0742416381835938e-05
4.8068413734436035
4.721006155014038
4.783641338348389
4.720411539077759
696.518557548523
4.691212892532349
294.89000248908997
150.40180444717407
4.699672222137451
145.92162537574768
4.704555988311768
551.6288104057312
4.733744144439697
4.909295082092285
776.9764652252197
1357.0647010803223
4.95242166519165
960.5559492111206
1727.78538107872
990.4949834346771
5.147766351699829
4.672705173492432
4.750021696090698
696.2154641151428
1491.8466567993164
4.695787191390991
948.0244948863983
4.723189115524292
149.7094919681549
908.3800809383392
5.072439908981323
1927.4928867816925
2034.87197971344
4.63554310798645
1240.3790893554688
1387.92165017128
1297.9552462100983
435.15065002441406
144.7787687778473
1514.2679061889648
4.656198978424072
1357.749359846115
1748.88236618042
876.7622776031494
4.73724889755249
4.7351744174957275
4.772107839584351
2487.678831100464
4.669296503067017
1032.5298879146576
145.14754438400269
873.4058754444122
4.721389055252075
1126.484078168869
955.0827722549438
1640.8729836940765
712.0198655128479
1481.1689019203186
157.08945775032043
1050.9618237018585
1700.751574754715
689.214555978775
1775.840030670166
1597.314957857132
980.7985155582428
5.164788484573364
144.41724157333374
291.2792909145355
688.3430535793304
4.703300714492798
277.12415075302124
565.8927237987518
698.5090687274933
280.4876058101654
4.684977293014526
4.686237812042236
4.725872278213501
152.8205108642578
1263.0646255016327
741.1657464504242
4.6585705280303955
4.672796010971069
148.46538281440735
762.444883108139
5.229710102081299
734.2989647388458
151.98646664619446
1285.6456501483917
4.680509090423584
1058.9427435398102
680.1381633281708
4.65568733215332
2.902245044708252
4.663962364196777
4.668438196182251
4.670645475387573
915.0928905010223
696.2888307571411
4.701584339141846
1742.0443613529205
4.685086727142334
990.076735496521
305.46723794937134
4.761849641799927
4.6772167682647705
847.0572829246521
150.05979800224304
144.1026372909546
4.677862644195557
4.695340633392334
891.0060656070709
1027.1053891181946
699.5257434844971
4.711746692657471
1165.628314256668
151.03213119506836
1124.6741082668304
4.6916162967681885
4.69530987739563
879.2096982002258
4.658535003662109
4.660957336425781
4.659020185470581
957.7597467899323
4.699870586395264
4.680394887924194
4.674825191497803
1142.579679965973
4.714120149612427
277.32313799858093
1247.7115774154663
455.06578397750854
1850.1651260852814
4.699953556060791
149.96942830085754
282.3556685447693
4.69566798210144
164.26787042617798
3.24249267578125e-05
1501.0419580936432
4.7383873462677
1028.2029955387115
4.744598627090454
4.692919015884399
586.5906636714935
154.12694787979126
282.7953486442566
282.34734988212585
4.648782014846802
4.654647350311279
1101.710236787796
4.806717157363892
4.707174777984619
4.7175374031066895
150.24205422401428
284.3368065357208
428.7937285900116
1722.636775970459
147.73856711387634
308.87593364715576
4.69648551940918
144.27958965301514
284.0118157863617
148.90967178344727
142.01507210731506
4.675748586654663
553.7506608963013
1302.3440923690796
4.675689935684204
4.689784049987793
277.8786270618439
594.6261568069458
682.5192313194275
4.704957008361816
447.53561520576477
4.675909042358398
4.676339626312256
4.682249546051025
4.686190128326416
4.667041540145874
4.691973686218262
1285.0564272403717
4.718390941619873
1049.3296546936035
4.761713981628418
149.3933675289154
455.61547446250916
5.225627422332764
5.176815748214722
992.0719795227051
413.0998818874359
148.12536144256592
438.5911078453064
4.683003187179565
4.680413484573364
148.73658561706543
954.2146413326263
276.69563031196594
698.7439961433411
4.713958978652954
897.1055090427399
4.739416837692261
4.802964925765991
4.7832067012786865
707.2605931758881
4.688382625579834
4.714630365371704
283.4597566127777
147.14634561538696
145.9150779247284
4.7109925746917725
4.713815450668335
150.06256127357483
4.70135235786438
591.3217132091522
4.644100189208984
305.25787019729614
4.688753128051758
4.679423570632935
1279.6213417053223
1256.1107251644135
981.4231762886047
140.65575766563416
1320.115515947342
733.5102415084839
281.7878749370575
433.87386083602905
1551.2601027488708
1592.2964458465576
4.837078094482422
2263.0063688755035
5.082963228225708
725.5564048290253
5.175853967666626
553.1512446403503
145.16502571105957
138.27551555633545
4.678677082061768
144.9976990222931
4.708698749542236
844.2335605621338
691.6599371433258
144.66084051132202
575.2735681533813
4.668673992156982
1278.0901064872742
5.004105567932129
714.5621600151062
1156.2488434314728
1586.3439309597015
993.641942024231
5.234516382217407
1646.7851288318634
4.788744211196899
4.687578916549683
455.67676854133606
1523.091254234314
278.66736674308777
4.683452129364014
4.707882642745972
154.52482056617737
1488.7939755916595
4.6516594886779785
148.7061755657196
4.6747331619262695
4.6894330978393555
4.69617223739624
4.6923508644104
145.76581144332886
1083.1476628780365
550.3340365886688
4.686577796936035
147.88190460205078
4.723967790603638
1962.9550485610962
573.389087677002
1419.8393032550812
1089.1845197677612
4.749484062194824
4.692097187042236
149.1234438419342
1485.3042876720428
4.723323822021484
144.45220065116882
283.1019387245178
2538.356939792633
4.7051472663879395
4.7055137157440186
1611.2938659191132
4.722741603851318
1032.184626340866
999.3509232997894
415.5704584121704
153.07623028755188
4.693966865539551
4.661396026611328
1306.4032480716705
149.13112449645996
4.691661596298218
692.8947379589081
1217.157720565796
4.6577465534210205
4.700028657913208
4.678837776184082
4.6760218143463135
150.12333965301514
1230.9539077281952
1912.8106632232666
558.0234649181366
4.7128214836120605
4.7276904582977295
842.5786743164062
1664.3299417495728
4.70625638961792
4.711735725402832
4.716346502304077
4.718730449676514
4.715646743774414
4.717689275741577
4.973150253295898
4.720321178436279
4.689939975738525
1251.0785310268402
4.745129108428955
1116.3590579032898
4.658854722976685
4.765720844268799
942.2001416683197
915.7912080287933
4.719629764556885
1032.2916240692139
604.537814617157
145.14637422561646
4.7266082763671875
154.11010789871216
4.710847854614258
4.726208925247192
677.9150838851929
4.666895389556885
1317.5070040225983
4.687860488891602
4.687022686004639
1119.8526329994202
4.731593132019043
551.4555826187134
4.744688987731934
134.3294916152954
1378.0235381126404
1162.449744462967
5.128380298614502
907.7149083614349
4.679460525512695
4.671645879745483
690.3912665843964
4.667922496795654
4.680435657501221
4.681484699249268
415.0213496685028
761.0945136547089
1376.7855820655823
442.2536051273346
4.707653999328613
4.732329368591309
4.72580099105835
1116.5448586940765
144.8968906402588
892.525892496109
5.208745241165161
5.195929765701294
5.16968560218811
5.213432312011719
4.696718454360962
4.683800220489502
916.6062452793121
5.144220590591431
5.165355205535889
163.8550796508789
920.1167275905609
4.873243570327759
4.923142671585083
149.09353280067444
1189.4564564228058
691.5021743774414
4.7316248416900635
4.69665265083313
4.696634769439697
1488.8558650016785
5.160655736923218
308.38435769081116
1721.7692215442657
4.695293188095093
149.62489891052246
4.68968653678894
4.695795297622681
4.701437950134277
144.50651907920837
4.725449562072754
4.681007385253906
4.677016496658325
4.686932325363159
4.690695285797119
148.90793251991272
1639.7067873477936
5.117696523666382
5.100566625595093
310.46199011802673
5.216006755828857
712.4679310321808
150.01702880859375
711.2417736053467
4.706446409225464
5.062513589859009
286.03460240364075
4.712947368621826
4.709949731826782
415.1621551513672
287.85627913475037
5.211891412734985
5.139320611953735
5.1730427742004395
5.184896945953369
5.157320737838745
5.114980936050415
1767.9980657100677
413.9288249015808
282.5328993797302
1374.984361410141
305.2529833316803
727.8776953220367
5.196820974349976
5.170923233032227
5.169885873794556
586.4585766792297
4.721761703491211
4.716055870056152
146.34342861175537
5.089059352874756
5.1303935050964355
167.98511910438538
441.2530691623688
4.683008670806885
4.691695690155029
134.6146581172943
1227.465908050537
150.22182965278625
149.48878574371338
681.1041986942291
1162.3116657733917
280.9091384410858
4.629530191421509
4.663381576538086
1397.5995399951935
4.657323360443115
4.655593633651733
4.664767742156982
564.5133459568024
1265.0611009597778
283.0442943572998
4.7061686515808105
832.5369958877563
784.5474469661713
4.698376893997192
4.755044460296631
4.772629261016846
973.2368006706238
4.685777902603149
4.664654970169067
4.6647984981536865
4.695545196533203
4.682371616363525
4.678950071334839
4.62942910194397
4.646679639816284
1190.6602885723114
305.7646584510803
4.696298837661743
4.703045606613159
1329.6232540607452
4.688926696777344
414.51198172569275
417.8288278579712
4.705023527145386
4.660657644271851
4.690343141555786
902.1802141666412
1912.66818857193
5.041363716125488
285.57040572166443
4.740725755691528
1325.276803970337
4.701120615005493
4.722879886627197
146.48719120025635
4.72428560256958
4.685816764831543
303.6336758136749
5.185586214065552
5.143531560897827
5.15313196182251
1851.2924690246582
4.688693046569824
4.654610633850098
4.678771734237671
700.2747981548309
4.696025609970093
149.65981531143188
284.6473431587219
1185.3640806674957
552.235782623291
430.6164801120758
279.9128043651581
4.753031492233276
288.19229388237
4.7095277309417725
4.69269061088562
4.6951212882995605
1523.0835330486298
4.717998743057251
1083.5494492053986
4.698850393295288
4.715181589126587
737.6060123443604
280.46490812301636
869.2105889320374
944.6607422828674
901.9713733196259
261.23399901390076
144.24656105041504
277.16299176216125
948.7771244049072
4.755503177642822
4.8046417236328125
284.5945692062378
4.714636564254761
4.717920303344727
705.0425674915314
145.07099652290344
4.865301847457886
5.073703289031982
149.83491206169128
4.743983507156372
4.770139694213867
287.8638894557953
5.03658652305603
1464.6835877895355
5.119919776916504
4.922645092010498
4.9729228019714355
160.75988745689392
296.09120655059814
1102.4791717529297
4.659705400466919
4.699357748031616
4.695545196533203
1061.6575729846954
146.72246384620667
1409.278468132019
4.799041748046875
998.0884757041931
271.78465032577515
4.470519542694092
4.463513135910034
138.4297878742218
142.42078304290771
4.442343473434448
266.53805351257324
1004.984129190445
4.703562021255493
4.710178375244141
4.692941188812256
4.70907187461853
1250.8050191402435
4.733682155609131
4.729688882827759
4.715321779251099
4.6824445724487305
306.34013533592224
5.265424728393555
559.8134617805481
4.687407493591309
4.688233852386475
4.699302911758423
4.672541618347168
4.709513187408447
4.713501453399658
911.8194990158081
418.26486015319824
285.5895369052887
431.0096366405487
5.18937087059021
5.116991996765137
4.970791339874268
5.174921989440918
5.168832063674927
5.211072206497192
5.235127210617065
5.1739726066589355
745.3621470928192
149.87045860290527
4.698477029800415
4.686637878417969
715.990884065628
1412.7777996063232
4.5268778800964355
140.37655186653137
5.194424390792847
5.202885150909424
1091.7232148647308
4.707564353942871
884.9138395786285
4.7069971561431885
286.36107754707336
4.926501512527466
4.796671628952026
4.695689916610718
568.962747335434
4.574925661087036
4.5725789070129395
731.0111486911774
4.8026556968688965
4.7696521282196045
146.68766856193542
4.692389726638794
4.698052406311035
4.699147462844849
4.711316108703613
149.9882938861847
1336.6158909797668
4.581497669219971
679.0151767730713
270.67891812324524
4.676519393920898
4.699069261550903
4.701511383056641
4.698054313659668
4.6936869621276855
4.695398569107056
1112.481717824936
150.9206418991089
844.298602104187
4.65085506439209
4.70892596244812
4.6708855628967285
4.667002201080322
4.728677272796631
279.19574308395386
4.7077929973602295
581.4241898059845
145.1421995162964
4.691988229751587
1088.0596761703491
4.533223390579224
140.70780754089355
284.0732934474945
398.6264126300812
265.5379385948181
795.6210367679596
994.644602060318
5.128912925720215
5.184720993041992
5.183857440948486
304.0821223258972
5.065678119659424
5.189016342163086
5.199498653411865
5.175149440765381
5.165715217590332
5.1285719871521
5.140530824661255
5.183931589126587
4.781704902648926
4.781134605407715
4.7041943073272705
4.70365834236145
4.70976448059082
4.791722297668457
147.61733198165894
4.722536563873291
416.3782641887665
4.708212614059448
4.730459213256836
4.762591123580933
4.783961534500122
4.7607581615448
4.7102296352386475
4.718170881271362
4.738526344299316
2219.6109137535095
4.4699249267578125
4.438035726547241
4.419773578643799
4.454775094985962
4.467253684997559
4.460442543029785
4.446459770202637
144.72957491874695
4.686565160751343
284.8655996322632
4.734777212142944
4.760375738143921
4.7716851234436035
149.4341447353363
4.6671366691589355
828.728010892868
4.573472499847412
4.555883407592773
4.6035377979278564
274.64704418182373
4.925036430358887
4.720052242279053
4.713550329208374
284.4070360660553
4.726011037826538
4.693155765533447
147.73833465576172
157.41181111335754
5.1828813552856445
5.137060880661011
1108.161628484726
539.1765303611755
4.421872138977051
672.7007095813751
4.6938347816467285
145.59296321868896
4.690765857696533
4.749643325805664
823.2923114299774
145.71198391914368
4.552002906799316
144.20492506027222
4.591489553451538
841.8623690605164
4.752112627029419
4.797983646392822
4.785011053085327
151.97720217704773
149.92500853538513
4.694271802902222
151.46994733810425
453.0927891731262
416.25945234298706
283.62715697288513
1253.8259708881378
4.350268363952637
1012.6648137569427
4.257338047027588
4.262163162231445
1289.8602058887482
485.5599501132965
4.676734685897827
408.60500931739807
4.767763137817383
4.528139352798462
1131.6112656593323
1490.2099769115448
4.2817466259002686
1456.153156042099
4.2318291664123535
4.239873647689819
4.233544111251831
1064.748771905899
154.0419180393219
4.699524402618408
144.61468148231506
1826.5732657909393
139.13538432121277
4.409348487854004
4.4025797843933105
773.3474850654602
900.1255376338959
786.0865414142609
136.72359943389893
252.1736114025116
1265.4859223365784
1299.9784982204437
1570.9654281139374
131.4381561279297
144.11058950424194
144.31303548812866
4.339472532272339
1209.9034843444824
4.2658538818359375
818.6205184459686
2013.2988736629486
292.11101841926575
4.719891786575317
