
x disttype L1-general-gaussian
x k 360
x std 0.65
x N 50000
x alpha 0.0005

o 0 0.9997041638433971 0.9999976422569008
o 10 0.9998341327646891 1
o 20 0.971662312029077 0.9766172510691581
o 30 0.9997427320109885 0.9999995494141014
o 40 0.9982597477012427 0.9993282676995614
o 50 0.9990764961900899 0.99978951939873
o 60 0.9998341327646891 1
o 70 0.9998341327646891 1
o 80 0.9686525712212429 0.9738680107935631
o 90 0.9987357880946652 0.999611282711117
o 100 0.9989434220919977 0.9997230637730928
o 110 0.9977987982532164 0.9990298540327246
o 120 0.9941615185010257 0.9963097103102978
o 130 0.9997427320109885 0.9999995494141014
o 140 0.9987102018538886 0.9995969315746592
o 150 0.9956650521574533 0.9974853508716593
o 160 0.9946075303645595 0.9966634698045075
o 170 0.9799437208004372 0.9840929999193141
o 180 0.9989962943624112 0.9997500155155598
o 190 0.9977987982532164 0.9990298540327246
o 200 0.9991854194751913 0.9998401310800589
o 210 0.9951232150519905 0.9970675052663202
o 220 0.9965790200213357 0.9981707674489865
o 230 0.9940058868960785 0.9961854192572273
o 240 0.9984578626277146 0.999449808165806
o 250 0.9125432398190687 0.9211560461925802
o 260 0.9994130827814863 0.9999311292217226
o 270 0.9990496341945716 0.9997764839702489
o 280 0.9997041638433971 0.9999976422569008
o 290 0.9572554156068566 0.9633489930241776
o 300 0.9700729060626804 0.9751671957437259
o 310 0.9802395746456529 0.9843570428842723
o 320 0.8027179962865224 0.8149778491114616
o 330 0.9995349878824064 0.9999681957182619
o 340 0.5811561615763098 0.5964938973630765
o 350 0.9990764961900899 0.99978951939873
o 360 0.999784848241918 0.9999999949993749
o 370 0.999442873695936 0.9999411111022777
o 380 0.9998341327646891 1
o 390 0.999784848241918 0.9999999949993749
o 400 0.9987102018538886 0.9995969315746592
o 410 0.9998341327646891 1
o 420 0.9160441630349415 0.9244939597480979
o 430 0.9998341327646891 1
o 440 0.9998341327646891 1
o 450 0.9615930369897494 0.967369919568708
o 460 0.9627986114842968 0.9684839407164222
o 470 0.9965790200213357 0.9981707674489865
o 480 0.9988909714709572 0.9996956768430979
o 490 0.9910837712416973 0.9937888372015838
o 500 0.9998341327646891 1
o 510 0.9987614482791993 0.999625557902435
o 520 0.9987357880946652 0.999611282711117
o 530 0.9474087695877315 0.954158924417976
o 540 0.9976315921770181 0.9989172519476788
o 550 0.9209821382239491 0.9291943438345472
o 560 0.9871537167015321 0.9904404215271245
o 570 0.9990229026390082 0.9997633135035773
o 580 0.9960287934415504 0.997761379103869
o 590 0.999442873695936 0.9999411111022777
o 600 0.999599491460172 0.9999830535762632
o 610 0.9933634530736767 0.9956681612106678
o 620 0.9969495993090236 0.9984398951779412
o 630 0.9949883769998344 0.9969624183275306
o 640 0.9988648919050572 0.999681833128126
o 650 0.9940058868960785 0.9961854192572273
o 660 0.999103496509203 0.9998024115070666
o 670 0.9948986110824958 0.9968922334240068
o 680 0.9998341327646891 1
o 690 0.9997427320109885 0.9999995494141014
o 700 0.9996678275924519 0.9999940967944916
o 710 0.9983832285394911 0.9994045786411975
o 720 0.6825980570242919 0.6970179551121074
o 730 0.9942951061238854 0.9964160553418016
o 740 0.30606190849179826 0.32052103414282374
o 750 0.9997041638433971 0.9999976422569008
o 760 0.8226077082585166 0.8343615039134482
o 770 0.9987871854159925 0.9996397540167659
o 780 0.9978468002059815 0.9990617938017794
o 790 0.9987357880946652 0.999611282711117
o 800 0.9903014396399556 0.9931314866543459
o 810 0.9993257723589525 0.9998990270247117
o 820 0.9997427320109885 0.9999995494141014
o 830 0.952885596208399 0.9592802718915597
o 840 0.9989962943624112 0.9997500155155598
o 850 0.9994730802517786 0.9999506585660503
o 860 0.9998341327646891 1
o 870 0.9815302550846983 0.9855059102781579
o 880 0.9997427320109885 0.9999995494141014
o 890 0.9686734470169225 0.9738871279472359
o 900 0.6664632890635346 0.6810781310889693
o 910 0.9991306438647708 0.9998151511351715
o 920 0.9973004383367889 0.9986887437647816
o 930 0.9948761849382639 0.9968746717641922
o 940 0.9367125276929142 0.9440987260006386
o 950 0.9818692491843736 0.9858067968264617
o 960 0.9709509942805933 0.9759688100979722
o 970 0.9992130705901301 0.9998523473218889
o 980 0.999784848241918 0.9999999949993749
o 990 0.9275465383688226 0.9354277623371718
o 1000 0.9938283007060976 0.9960430923297887
o 1010 0.9988648919050572 0.999681833128126
o 1020 0.9986846867396864 0.9995825074237993
o 1030 0.999442873695936 0.9999411111022777
o 1040 0.9993836603972324 0.9999207619417313
o 1050 0.9145083959696385 0.9230302370910252
o 1060 0.9998341327646891 1
o 1070 0.9997427320109885 0.9999995494141014
o 1080 0.9786350415210044 0.9829221338640927
o 1090 0.9895218526688343 0.992471382439758
o 1100 0.9998341327646891 1
o 1110 0.9996678275924519 0.9999940967944916
o 1120 0.9979431363013752 0.9991253358653104
o 1130 0.9866608015051525 0.9900135197336657
o 1140 0.9977509012387209 0.9989978077068434
o 1150 0.9923948979403604 0.9948771540820822
o 1160 0.9987357880946652 0.999611282711117
o 1170 0.9996678275924519 0.9999940967944916
o 1180 0.9997427320109885 0.9999995494141014
o 1190 0.9985078691024893 0.9994797052294327
o 1200 0.921392145757372 0.9295842000654625
o 1210 0.9995668564461039 0.999976016692425
o 1220 0.9996330653686861 0.9999891487861118
o 1230 0.9975365616713056 0.998852384613813
o 1240 0.9966944655818283 0.9982552340301704
o 1250 0.9974655152195606 0.9988035045674075
o 1260 0.038481819951395886 0.04471311360021435
o 1270 0.4931271622778763 0.5087125276707507
o 1280 0.9995349878824064 0.9999681957182619
o 1290 0.8804480786306638 0.890381875304819
o 1300 0.9933855477319553 0.9956860562216858
o 1310 0.9940725576711883 0.9962387154919856
o 1320 0.9755201169349099 0.9801181310904409
o 1330 0.9983337061651681 0.9993741869624272
o 1340 0.9986846867396864 0.9995825074237993
o 1350 0.9996330653686861 0.9999891487861118
o 1360 0.9991854194751913 0.9998401310800589
o 1370 0.9934297489189166 0.9957218343152169
o 1380 0.9884215189204483 0.9915321414010584
o 1390 0.999784848241918 0.9999999949993749
o 1400 0.9995037605889281 0.9999597116202779
o 1410 0.9985078691024893 0.9994797052294327
o 1420 0.9996678275924519 0.9999940967944916
o 1430 0.9998341327646891 1
o 1440 0.8916406680047332 0.9011455645424089
o 1450 0.9998341327646891 1
o 1460 0.998064229430307 0.9992040792410983
o 1470 0.9661498124811231 0.9715716134135023
o 1480 0.9995668564461039 0.999976016692425
o 1490 0.9831635499440565 0.9869520377468656
o 1500 0.0997752987945198 0.10931814992140554
o 1510 0.9969728777400151 0.998456597194961
o 1520 0.9797535982096433 0.983923188739743
o 1530 0.39541136996026466 0.41070130791087345
o 1540 0.9988648919050572 0.999681833128126
o 1550 0.9987871854159925 0.9996397540167659
o 1560 0.9997427320109885 0.9999995494141014
o 1570 0.864875758041117 0.8753593761614874
o 1580 0.9931647753590979 0.9955069310599574
o 1590 0.9997427320109885 0.9999995494141014
o 1600 0.9671503729731727 0.9724907158712134
o 1610 0.9998341327646891 1
o 1620 0.9904099244953146 0.993222958237798
o 1630 0.9995349878824064 0.9999681957182619
o 1640 0.9441692298307549 0.9511195429754062
o 1650 0.9991579479265237 0.999827728109528
o 1660 0.9825054063398897 0.986370414950745
o 1670 0.9495774396450707 0.9561895317081038
o 1680 0.9884215189204483 0.9915321414010584
o 1690 0.9949883769998344 0.9969624183275306
o 1700 0.9997427320109885 0.9999995494141014
o 1710 0.9990496341945716 0.9997764839702489
o 1720 0.999784848241918 0.9999999949993749
o 1730 0.9048527549921825 0.9138090864234579
o 1740 0.9895867217362898 0.99252648793873
o 1750 0.9712856768943455 0.9762740139988992
o 1760 0.9988909714709572 0.9996956768430979
o 1770 0.9995349878824064 0.9999681957182619
o 1780 0.9995037605889281 0.9999597116202779
o 1790 0.6217100704892478 0.6367663644987256
o 1800 0.9744283469018178 0.979130274555247
o 1810 0.999103496509203 0.9998024115070666
o 1820 0.9996678275924519 0.9999940967944916
o 1830 0.9992689677678922 0.9998761603306536
o 1840 0.9998341327646891 1
o 1850 0.964005054653064 0.9695970924899829
o 1860 0.9938726701356374 0.996078701324011
o 1870 0.9998341327646891 1
o 1880 0.9682768638020004 0.9735238450693937
o 1890 0.9998341327646891 1
o 1900 0.9830361031340948 0.9868395298864424
o 1910 0.9933192755189235 0.9956323593695238
o 1920 0.993142719033892 0.9954889975318352
o 1930 0.9963260758000116 0.9979838949949381
o 1940 0.9983584448714474 0.9993894057514955
o 1950 0.9998341327646891 1
o 1960 0.9983090111814502 0.9993589235528282
o 1970 0.9752890582686858 0.9799092688836047
o 1980 0.9988130027235841 0.999653867701341
o 1990 0.9986592401095487 0.9995680130057608
o 2000 0.99863385948088 0.9995534508999322
o 2010 0.9990764961900899 0.99978951939873
o 2020 0.9964868811160671 0.9981029745163161
o 2030 0.9989434220919977 0.9997230637730928
o 2040 0.9943842650976894 0.9964868508983944
o 2050 0.999297246851899 0.9998877222821806
o 2060 0.9998341327646891 1
o 2070 0.44433120244618785 0.4598449473222732
o 2080 0.9996678275924519 0.9999940967944916
o 2090 0.8781258196844706 0.8881449065655118
o 2100 0.9976078010658749 0.9989010690693881
o 2110 0.9837799946791762 0.9874953730748313
o 2120 0.9989434220919977 0.9997230637730928
o 2130 0.23554512658930973 0.24890178838527044
o 2140 0.9998341327646891 1
o 2150 0.9997427320109885 0.9999995494141014
o 2160 0.9995037605889281 0.9999597116202779
o 2170 0.9998341327646891 1
o 2180 0.9979431363013752 0.9991253358653104
o 2190 0.999599491460172 0.9999830535762632
o 2200 0.9986592401095487 0.9995680130057608
o 2210 0.9981128936006963 0.9992353457234481
o 2220 0.9998341327646891 1
o 2230 0.9994730802517786 0.9999506585660503
o 2240 0.9998341327646891 1
o 2250 0.9949883769998344 0.9969624183275306
o 2260 0.9995037605889281 0.9999597116202779
o 2270 0.9988389036516672 0.9996678953600677
o 2280 0.8042159145608659 0.8164394310925677
o 2290 0.9903448271899391 0.9931680817010069
o 2300 0.9996330653686861 0.9999891487861118
o 2310 0.9956650521574533 0.9974853508716593
o 2320 0.9908226661578512 0.9935700493656348
o 2330 0.9954839710957356 0.9973465410699824
o 2340 0.9998341327646891 1
o 2350 0.9989962943624112 0.9997500155155598
o 2360 0.9992409148798167 0.9998643624923798
o 2370 0.9988130027235841 0.999653867701341
o 2380 0.9718088152768205 0.9767506980869193
o 2390 0.999784848241918 0.9999999949993749
o 2400 0.9952357602882066 0.9971548963126106
o 2410 0.9991306438647708 0.9998151511351715
o 2420 0.9995037605889281 0.9999597116202779
o 2430 0.9413864318048363 0.9485032671673963
o 2440 0.9991854194751913 0.9998401310800589
o 2450 0.9808105302465105 0.9848658876764647
o 2460 0.9940503293814098 0.996220954804112
o 2470 0.9998341327646891 1
o 2480 0.975772248462549 0.9803459131581002
o 2490 0.9946298867843653 0.9966811016233338
o 2500 0.9743653986951764 0.9790732442593515
o 2510 0.9954387769278694 0.997311761961519
o 2520 0.999103496509203 0.9998024115070666
o 2530 0.9927243343004069 0.9951475718848587
o 2540 0.9994130827814863 0.9999311292217226
o 2550 0.991825521513603 0.9944067763946416
o 2560 0.9570688442633856 0.9631756267412043
o 2570 0.9965329270499892 0.9981368947272495
o 2580 0.9987102018538886 0.9995969315746592
o 2590 0.9989962943624112 0.9997500155155598
o 2600 0.9996330653686861 0.9999891487861118
o 2610 0.9925485438632544 0.9950034404956384
o 2620 0.9997427320109885 0.9999995494141014
o 2630 0.9883999872409587 0.9915136812951999
o 2640 0.997894911366256 0.9990936226399529
o 2650 0.9695714277502332 0.9747088437234857
o 2660 0.9989171466500022 0.9997094220119266
o 2670 0.9971128682824996 0.998556485750206
o 2680 0.9956877226395184 0.9975026664820278
o 2690 0.9939392579715721 0.9961320809450028
o 2700 0.9965790200213357 0.9981707674489865
o 2710 0.9795212983136442 0.9837155694730465
o 2720 0.6301046958090811 0.6450889211533692
o 2730 0.9640466721607573 0.9696354610015636
o 2740 0.9863610969728132 0.9897533348799479
o 2750 0.9972769311337085 0.9986722731996572
o 2760 0.9457988628150837 0.9526493673999353
o 2770 0.9719344048345503 0.9768650658830975
o 2780 0.9972299702688214 0.9986392778683405
o 2790 0.9997041638433971 0.9999976422569008
o 2800 0.9990764961900899 0.99978951939873
o 2810 0.674308135832856 0.6888306545476702
o 2820 0.996234423774403 0.9979156106725443
o 2830 0.9998341327646891 1
o 2840 0.99863385948088 0.9995534508999322
o 2850 0.9897597892642745 0.9926733523329196
o 2860 0.9763398078533922 0.9808581590219603
o 2870 0.9988130027235841 0.999653867701341
o 2880 0.9992130705901301 0.9998523473218889
o 2890 0.9993836603972324 0.9999207619417313
o 2900 0.9991854194751913 0.9998401310800589
o 2910 0.998088544558281 0.9992197297420591
o 2920 0.9654831552948521 0.9709584949577633
o 2930 0.9391413354669162 0.9463891104253302
o 2940 0.9994130827814863 0.9999311292217226
o 2950 0.9994130827814863 0.9999311292217226
o 2960 0.9995668564461039 0.999976016692425
o 2970 0.91025141823366 0.9189686292800724
o 2980 0.9998341327646891 1
o 2990 0.9754991091690025 0.9800991460527729
o 3000 0.9984578626277146 0.999449808165806
o 3010 0.9903014396399556 0.9931314866543459
o 3020 0.9994130827814863 0.9999311292217226
o 3030 0.7630910378126776 0.7762180389056692
o 3040 0.9974891765373674 0.9988198190301265
o 3050 0.9993836603972324 0.9999207619417313
o 3060 0.16242366313229628 0.1740882260725134
o 3070 0.9993545677321735 0.9999100498624319
o 3080 0.9997427320109885 0.9999995494141014
o 3090 0.9995037605889281 0.9999597116202779
o 3100 0.9620086568195393 0.9677541603807138
o 3110 0.9938948615616364 0.9960964990743865
o 3120 0.9998341327646891 1
o 3130 0.9417779361836754 0.9488716325144295
o 3140 0.9998341327646891 1
o 3150 0.9975128585703185 0.9988361124990678
o 3160 0.8774333350149678 0.8874776215484111
o 3170 0.9998341327646891 1
o 3180 0.9995668564461039 0.999976016692425
o 3190 0.9973946521725114 0.9987544386726732
o 3200 0.999784848241918 0.9999999949993749
o 3210 0.9995668564461039 0.999976016692425
o 3220 0.9998341327646891 1
o 3230 0.9996330653686861 0.9999891487861118
o 3240 0.9393060619604366 0.9465443291366826
o 3250 0.9843759243900332 0.9880192295854896
o 3260 0.9958921299523205 0.9976581311058543
o 3270 0.9997427320109885 0.9999995494141014
o 3280 0.9837587252117892 0.9874766501503918
o 3290 0.9995668564461039 0.999976016692425
o 3300 0.9730653649648887 0.9778937212198673
o 3310 0.9998341327646891 1
o 3320 0.9987871854159925 0.9996397540167659
o 3330 0.8540810966947086 0.8649176304103773
o 3340 0.9987614482791993 0.999625557902435
o 3350 0.9993257723589525 0.9998990270247117
o 3360 0.9988389036516672 0.9996678953600677
o 3370 0.9961429349554335 0.9978471617053387
o 3380 0.9994130827814863 0.9999311292217226
o 3390 0.9993257723589525 0.9998990270247117
o 3400 0.999784848241918 0.9999999949993749
o 3410 0.9741136467128502 0.978845082182915
o 3420 0.9965329270499892 0.9981368947272495
o 3430 0.9956423896922855 0.9974680271834279
o 3440 0.9960744214638696 0.9977957209692991
o 3450 0.9972299702688214 0.9986392778683405
o 3460 0.9650250007447103 0.9705368036034806
o 3470 0.9992689677678922 0.9998761603306536
o 3480 0.9993545677321735 0.9999100498624319
o 3490 0.7557006729576532 0.7689708735984075
o 3500 0.9997041638433971 0.9999976422569008
o 3510 0.999297246851899 0.9998877222821806
o 3520 0.02132608188366657 0.02607512481477592
o 3530 0.9936067152200819 0.9958647843344953
o 3540 0.999784848241918 0.9999999949993749
o 3550 0.8299669237250032 0.8415198355364228
o 3560 0.9998341327646891 1
o 3570 0.9997427320109885 0.9999995494141014
o 3580 0.8848294953719147 0.8945990016206938
o 3590 0.9990764961900899 0.99978951939873
o 3600 0.9989171466500022 0.9997094220119266
o 3610 0.998532952220799 0.9994945720557045
o 3620 0.9994130827814863 0.9999311292217226
o 3630 0.9997427320109885 0.9999995494141014
o 3640 0.9908009226349882 0.9935518017583986
o 3650 0.9998341327646891 1
o 3660 0.9998341327646891 1
o 3670 0.9996678275924519 0.9999940967944916
o 3680 0.9989434220919977 0.9997230637730928
o 3690 0.9971596588721757 0.9985896533979276
o 3700 0.9965559675880834 0.9981538370932204
o 3710 0.9246529514401268 0.9326823108553287
o 3720 0.9983832285394911 0.9994045786411975
o 3730 0.747566319758791 0.7609879460511788
o 3740 0.9997041638433971 0.9999976422569008
o 3750 0.9977031051647232 0.9989656589179493
o 3760 0.9989171466500022 0.9997094220119266
o 3770 0.999297246851899 0.9998877222821806
o 3780 0.35319908502856373 0.3681678778045939
o 3790 0.9998341327646891 1
o 3800 0.9946298867843653 0.9966811016233338
o 3810 0.9887662451053126 0.9918272831773375
o 3820 0.9995349878824064 0.9999681957182619
o 3830 0.9998341327646891 1
o 3840 0.9984080584682806 0.9994197042904669
o 3850 0.9081854549566651 0.9169952790303222
o 3860 0.9976078010658749 0.9989010690693881
o 3870 0.9996678275924519 0.9999940967944916
o 3880 0.9966713515299861 0.9982383659018511
o 3890 0.999784848241918 0.9999999949993749
o 3900 0.998088544558281 0.9992197297420591
o 3910 0.999784848241918 0.9999999949993749
o 3920 0.9998341327646891 1
o 3930 0.9992130705901301 0.9998523473218889
o 3940 0.9998341327646891 1
o 3950 0.9467894660592941 0.9535784342403564
o 3960 0.9997427320109885 0.9999995494141014
o 3970 0.9352313527823183 0.9427003934357643
o 3980 0.9998341327646891 1
o 3990 0.9978468002059815 0.9990617938017794
o 4000 0.8983967235089401 0.9076272634163175
o 4010 0.9994730802517786 0.9999506585660503
o 4020 0.999599491460172 0.9999830535762632
o 4030 0.9587486068311015 0.9647353023752985
o 4040 0.9975840325399995 0.9988848632863743
o 4050 0.9988648919050572 0.999681833128126
o 4060 0.9946075303645595 0.9966634698045075
o 4070 0.9998341327646891 1
o 4080 0.9995668564461039 0.999976016692425
o 4090 0.9991306438647708 0.9998151511351715
o 4100 0.9963490151246003 0.9980009395209813
o 4110 0.9939392579715721 0.9961320809450028
o 4120 0.9942951061238854 0.9964160553418016
o 4130 0.999599491460172 0.9999830535762632
o 4140 0.9524304600108114 0.9588555599477852
o 4150 0.9998341327646891 1
o 4160 0.9995668564461039 0.999976016692425
o 4170 0.9994730802517786 0.9999506585660503
o 4180 0.998088544558281 0.9992197297420591
o 4190 0.999297246851899 0.9998877222821806
o 4200 0.9998341327646891 1
o 4210 0.9975128585703185 0.9988361124990678
o 4220 0.9987871854159925 0.9996397540167659
o 4230 0.9993545677321735 0.9999100498624319
o 4240 0.999599491460172 0.9999830535762632
o 4250 0.9994730802517786 0.9999506585660503
o 4260 0.9989962943624112 0.9997500155155598
o 4270 0.9990229026390082 0.9997633135035773
o 4280 0.9911708829515093 0.9938616895254021
o 4290 0.9992130705901301 0.9998523473218889
o 4300 0.854406201471992 0.8652324174009599
o 4310 0.9996330653686861 0.9999891487861118
o 4320 0.9998341327646891 1
o 4330 0.9671295207520497 0.9724715751207674
o 4340 0.9940058868960785 0.9961854192572273
o 4350 0.9616761530313443 0.9674467756616582
o 4360 0.7938750003903448 0.8063437958760598
o 4370 0.9588315949264493 0.9648122865105696
o 4380 0.9297847362273869 0.9375488206080388
o 4390 0.9981372773655336 0.9992509263546009
o 4400 0.9051184878559658 0.9140632652563468
o 4410 0.9852712845206837 0.9888035458361721
o 4420 0.9898030753680346 0.992710049150321
o 4430 0.9998341327646891 1
o 4440 0.9958239179842938 0.9976063863609007
o 4450 0.9996330653686861 0.9999891487861118
o 4460 0.995597088530767 0.9974333558587295
o 4470 0.9996330653686861 0.9999891487861118
o 4480 0.9930545307500314 0.9954172262285641
o 4490 0.9984329360206239 0.9994347812916474
o 4500 0.6275940863555227 0.6426003733266139
o 4510 0.9998341327646891 1
o 4520 0.9986846867396864 0.9995825074237993
o 4530 0.9994730802517786 0.9999506585660503
o 4540 0.9904750411649235 0.9932778153460734
o 4550 0.9979190093140644 0.999109494009705
o 4560 0.9992689677678922 0.9998761603306536
o 4570 0.9740087691806122 0.9787499955013796
o 4580 0.9979672929505882 0.9991411475683059
o 4590 0.9946075303645595 0.9966634698045075
o 4600 0.999784848241918 0.9999999949993749
o 4610 0.9950557671449217 0.9970149908693551
o 4620 0.852232243106384 0.863127099537857
o 4630 0.9279981905695894 0.9358559600348826
o 4640 0.9911491013581167 0.993843480123594
o 4650 0.9997427320109885 0.9999995494141014
o 4660 0.9910837712416973 0.9937888372015838
o 4670 0.9995037605889281 0.9999597116202779
o 4680 0.9998341327646891 1
o 4690 0.7292300913900911 0.7429703070126081
o 4700 0.995100725915886 0.9970500070111683
o 4710 0.9991579479265237 0.999827728109528
o 4720 0.999599491460172 0.9999830535762632
o 4730 0.9998341327646891 1
o 4740 0.4590700250868485 0.4746211502879899
o 4750 0.9831635499440565 0.9869520377468656
o 4760 0.9992130705901301 0.9998523473218889
o 4770 0.999297246851899 0.9998877222821806
o 4780 0.9996330653686861 0.9999891487861118
o 4790 0.9997427320109885 0.9999995494141014
o 4800 0.999784848241918 0.9999999949993749
o 4810 0.9995349878824064 0.9999681957182619
o 4820 0.9980156978384686 0.999172677844584
o 4830 0.9840140206023189 0.9877012633420493
o 4840 0.9965559675880834 0.9981538370932204
o 4850 0.9985580909074143 0.9995093820155696
o 4860 0.5769052540168115 0.5922662339771703
o 4870 0.9998341327646891 1
o 4880 0.9180105898193476 0.9263668795925963
o 4890 0.8485963649323813 0.8596041883472744
o 4900 0.9647335194360583 0.9702683829113566
o 4910 0.9944288755505086 0.9965222175315889
o 4920 0.9998341327646891 1
o 4930 0.999599491460172 0.9999830535762632
o 4940 0.9994730802517786 0.9999506585660503
o 4950 0.9442517214145583 0.9511970239299976
o 4960 0.9998341327646891 1
o 4970 0.9987357880946652 0.999611282711117
o 4980 0.9986085425177087 0.999538823531834
o 4990 0.9459020346588888 0.9527461611986385
o 5000 0.9996330653686861 0.9999891487861118
o 5010 0.9998341327646891 1
o 5020 0.9911055455129469 0.9938070539518886
o 5030 0.9997427320109885 0.9999995494141014
o 5040 0.9914324568552197 0.9940800068520943
o 5050 0.9973946521725114 0.9987544386726732
o 5060 0.9981128936006963 0.9992353457234481
o 5070 0.9989434220919977 0.9997230637730928
o 5080 0.9995037605889281 0.9999597116202779
o 5090 0.998532952220799 0.9994945720557045
o 5100 0.9940725576711883 0.9962387154919856
o 5110 0.9988389036516672 0.9996678953600677
o 5120 0.9998341327646891 1
o 5130 0.9951457107559273 0.9970849969094725
o 5140 0.9857837653357585 0.9892508783119285
o 5150 0.9998341327646891 1
o 5160 0.9996330653686861 0.9999891487861118
o 5170 0.9993836603972324 0.9999207619417313
o 5180 0.999442873695936 0.9999411111022777
o 5190 0.9983584448714474 0.9993894057514955
o 5200 0.9726882452894214 0.9775509692205505
o 5210 0.946149662171433 0.9529784512199596
o 5220 0.9933192755189235 0.9956323593695238
o 5230 0.9998341327646891 1
o 5240 0.9989171466500022 0.9997094220119266
o 5250 0.9975602862033369 0.9988686350034939
o 5260 0.9949210433152184 0.9969097889562678
o 5270 0.9998341327646891 1
o 5280 0.9998341327646891 1
o 5290 0.9998341327646891 1
o 5300 0.9996678275924519 0.9999940967944916
o 5310 0.9994730802517786 0.9999506585660503
o 5320 0.9998341327646891 1
o 5330 0.9989434220919977 0.9997230637730928
o 5340 0.9998341327646891 1
o 5350 0.9994730802517786 0.9999506585660503
o 5360 0.9864467020062236 0.9898276983002964
o 5370 0.9993836603972324 0.9999207619417313
o 5380 0.9953936121760423 0.9972769532249312
o 5390 0.9998341327646891 1
o 5400 0.999599491460172 0.9999830535762632
o 5410 0.997323963754113 0.9987051958885018
o 5420 0.9974418742737955 0.998787169461314
o 5430 0.9998341327646891 1
o 5440 0.9817632923403422 0.9857127910039591
o 5450 0.6314102991943009 0.6463828795509273
o 5460 0.9977031051647232 0.9989656589179493
o 5470 0.9998341327646891 1
o 5480 0.9991579479265237 0.999827728109528
o 5490 0.9994130827814863 0.9999311292217226
o 5500 0.999784848241918 0.9999999949993749
o 5510 0.9990496341945716 0.9997764839702489
o 5520 0.9997041638433971 0.9999976422569008
o 5530 0.9924387808549068 0.99491325190303
o 5540 0.9993545677321735 0.9999100498624319
o 5550 0.999784848241918 0.9999999949993749
o 5560 0.9857196699177826 0.9891949971453239
o 5570 0.9997041638433971 0.9999976422569008
o 5580 0.998064229430307 0.9992040792410983
o 5590 0.9994130827814863 0.9999311292217226
o 5600 0.6362315037914241 0.6511600569022449
o 5610 0.9958011978544946 0.9975891207832343
o 5620 0.940788963749022 0.9479409340175455
o 5630 0.9982351769925596 0.9993128775364343
o 5640 0.9901062993756211 0.9929667048952392
o 5650 0.999784848241918 0.9999999949993749
o 5660 0.9998341327646891 1
o 5670 0.9954387769278694 0.997311761961519
o 5680 0.9973475076700078 0.9987216292808397
o 5690 0.9997041638433971 0.9999976422569008
o 5700 0.9986846867396864 0.9995825074237993
o 5710 0.9983337061651681 0.9993741869624272
o 5720 0.9338330064261038 0.9413792047133585
o 5730 0.9671712255059579 0.9725098563097172
o 5740 0.996234423774403 0.9979156106725443
o 5750 0.999784848241918 0.9999999949993749
o 5760 0.9984578626277146 0.999449808165806
o 5770 0.9995668564461039 0.999976016692425
o 5780 0.9985580909074143 0.9995093820155696
o 5790 0.999599491460172 0.9999830535762632
o 5800 0.9972534418677634 0.9986557844757022
o 5810 0.9997427320109885 0.9999995494141014
o 5820 0.9996678275924519 0.9999940967944916
o 5830 0.9993545677321735 0.9999100498624319
o 5840 0.9977987982532164 0.9990298540327246
o 5850 0.9997427320109885 0.9999995494141014
o 5860 0.999784848241918 0.9999999949993749
o 5870 0.9978708418570428 0.999077722372286
o 5880 0.9996330653686861 0.9999891487861118
o 5890 0.9979672929505882 0.9991411475683059
o 5900 0.9997427320109885 0.9999995494141014
o 5910 0.9946746164213873 0.9967163483612492
o 5920 0.9998341327646891 1
o 5930 0.9998341327646891 1
o 5940 0.9972299702688214 0.9986392778683405
o 5950 0.9846528661265439 0.9882621880785143
o 5960 0.9893921647201072 0.9923611211038946
o 5970 0.9995037605889281 0.9999597116202779
o 5980 0.9997427320109885 0.9999995494141014
o 5990 0.9998341327646891 1
o 6000 0.9885292012398177 0.9916244179430277
o 6010 0.9998341327646891 1
o 6020 0.9954161909056825 0.9972943612656486
o 6030 0.9905401774134504 0.9933326528099155
o 6040 0.9996678275924519 0.9999940967944916
o 6050 0.9990229026390082 0.9997633135035773
o 6060 0.9996678275924519 0.9999940967944916
o 6070 0.9987871854159925 0.9996397540167659
o 6080 0.9965790200213357 0.9981707674489865
o 6090 0.9984828397939801 0.999464783357556
o 6100 0.999784848241918 0.9999999949993749
o 6110 0.9976792437995069 0.9989495473086407
o 6120 0.999784848241918 0.9999999949993749
o 6130 0.9998341327646891 1
o 6140 0.9998341327646891 1
o 6150 0.9996678275924519 0.9999940967944916
o 6160 0.9958466466570662 0.997623643328015
o 6170 0.9995037605889281 0.9999597116202779
o 6180 0.9998341327646891 1
o 6190 0.9989698028369101 0.9997365968529978
o 6200 0.9993257723589525 0.9998990270247117
o 6210 0.9984828397939801 0.999464783357556
o 6220 0.9991854194751913 0.9998401310800589
o 6230 0.9986846867396864 0.9995825074237993
o 6240 0.9998341327646891 1
o 6250 0.9986085425177087 0.999538823531834
o 6260 0.9989171466500022 0.9997094220119266
o 6270 0.9998341327646891 1
o 6280 0.9998341327646891 1
o 6290 0.9979914799067023 0.9991569284568658
o 6300 0.999103496509203 0.9998024115070666
o 6310 0.9991854194751913 0.9998401310800589
o 6320 0.9995349878824064 0.9999681957182619
o 6330 0.9998341327646891 1
o 6340 0.9998341327646891 1
o 6350 0.999784848241918 0.9999999949993749
o 6360 0.9998341327646891 1
o 6370 0.9963260758000116 0.9979838949949381
o 6380 0.9991306438647708 0.9998151511351715
o 6390 0.9938948615616364 0.9960964990743865
o 6400 0.9802395746456529 0.9843570428842723
o 6410 0.9961886593866747 0.9978814063409817
o 6420 0.9953484763535602 0.9972421153525199
o 6430 0.999599491460172 0.9999830535762632
o 6440 0.999784848241918 0.9999999949993749
o 6450 0.9997427320109885 0.9999995494141014
o 6460 0.9927243343004069 0.9951475718848587
o 6470 0.999784848241918 0.9999999949993749
o 6480 0.9997041638433971 0.9999976422569008
o 6490 0.9979190093140644 0.999109494009705
o 6500 0.999784848241918 0.9999999949993749
o 6510 0.9998341327646891 1
o 6520 0.9993257723589525 0.9998990270247117
o 6530 0.9958693839527202 0.9976408916037288
o 6540 0.9989698028369101 0.9997365968529978
o 6550 0.9998341327646891 1
o 6560 0.671853857289305 0.6864057557498948
o 6570 0.9411597930761849 0.9482899813071443
o 6580 0.9993545677321735 0.9999100498624319
o 6590 0.9990496341945716 0.9997764839702489
o 6600 0.9957557829105036 0.997554564113653
o 6610 0.9640466721607573 0.9696354610015636
o 6620 0.9977509012387209 0.9989978077068434
o 6630 0.9998341327646891 1
o 6640 0.999784848241918 0.9999999949993749
o 6650 0.9762557015975276 0.9807822941589767
o 6660 0.9993545677321735 0.9999100498624319
o 6670 0.9987871854159925 0.9996397540167659
o 6680 0.9975128585703185 0.9988361124990678
o 6690 0.9989171466500022 0.9997094220119266
o 6700 0.9908226661578512 0.9935700493656348
o 6710 0.99863385948088 0.9995534508999322
o 6720 0.9993257723589525 0.9998990270247117
o 6730 0.9918473843023324 0.9944249042949562
o 6740 0.9878621980834253 0.9910516744692324
o 6750 0.9998341327646891 1
o 6760 0.9998341327646891 1
o 6770 0.9998341327646891 1
o 6780 0.9940058868960785 0.9961854192572273
o 6790 0.9997041638433971 0.9999976422569008
o 6800 0.9995037605889281 0.9999597116202779
o 6810 0.9997041638433971 0.9999976422569008
o 6820 0.9995668564461039 0.999976016692425
o 6830 0.9989698028369101 0.9997365968529978
o 6840 0.9996330653686861 0.9999891487861118
o 6850 0.9990496341945716 0.9997764839702489
o 6860 0.9995668564461039 0.999976016692425
o 6870 0.9678803992382876 0.9731604434272725
o 6880 0.9988648919050572 0.999681833128126
o 6890 0.9995668564461039 0.999976016692425
o 6900 0.9996330653686861 0.9999891487861118
o 6910 0.974722159868453 0.9793963612017352
o 6920 0.999784848241918 0.9999999949993749
o 6930 0.9989962943624112 0.9997500155155598
o 6940 0.9978227858521463 0.9990458375033571
o 6950 0.999784848241918 0.9999999949993749
o 6960 0.9997041638433971 0.9999976422569008
o 6970 0.999784848241918 0.9999999949993749
o 6980 0.9741765786125233 0.9789021288051581
o 6990 0.9728139368301115 0.9776652349216496
o 7000 0.9994130827814863 0.9999311292217226
o 7010 0.9993545677321735 0.9999100498624319
o 7020 0.9998341327646891 1
o 7030 0.9809374791208401 0.9849788943332791
o 7040 0.9994130827814863 0.9999311292217226
o 7050 0.9997041638433971 0.9999976422569008
o 7060 0.9981616966934683 0.9992664707710186
o 7070 0.9987871854159925 0.9996397540167659
o 7080 0.9997041638433971 0.9999976422569008
o 7090 0.9989962943624112 0.9997500155155598
o 7100 0.9933192755189235 0.9956323593695238
o 7110 0.9998341327646891 1
o 7120 0.9998341327646891 1
o 7130 0.9971830790248064 0.9986062120708106
o 7140 0.9998341327646891 1
o 7150 0.9996330653686861 0.9999891487861118
o 7160 0.9997041638433971 0.9999976422569008
o 7170 0.999103496509203 0.9998024115070666
o 7180 0.9994130827814863 0.9999311292217226
o 7190 0.99863385948088 0.9995534508999322
o 7200 0.9943396753794747 0.9964514634102983
o 7210 0.9893489500947826 0.9923243525902947
o 7220 0.9958693839527202 0.9976408916037288
o 7230 0.9962573212126038 0.9979326974599837
o 7240 0.9952357602882066 0.9971548963126106
o 7250 0.9998341327646891 1
o 7260 0.996879851396403 0.9983897007921845
o 7270 0.9997041638433971 0.9999976422569008
o 7280 0.999442873695936 0.9999411111022777
o 7290 0.999599491460172 0.9999830535762632
o 7300 0.9960516027518843 0.9977785547768216
o 7310 0.9998341327646891 1
o 7320 0.9843546281428882 0.9880005334933005
o 7330 0.9998341327646891 1
o 7340 0.9997041638433971 0.9999976422569008
o 7350 0.9379473044318785 0.9452635386131631
o 7360 0.9991579479265237 0.999827728109528
o 7370 0.9889819144447517 0.992011530708872
o 7380 0.9942282900275515 0.9963629052366167
o 7390 0.994786540360217 0.9968043647446723
o 7400 0.9966251611325634 0.998204591561967
o 7410 0.9991579479265237 0.999827728109528
o 7420 0.9958921299523205 0.9976581311058543
o 7430 0.9742604941205286 0.9789781846522149
o 7440 0.9995349878824064 0.9999681957182619
o 7450 0.9998341327646891 1
o 7460 0.998064229430307 0.9992040792410983
o 7470 0.999784848241918 0.9999999949993749
o 7480 0.9997427320109885 0.9999995494141014
o 7490 0.9972065160734749 0.9986227536460907
o 7500 0.9993545677321735 0.9999100498624319
o 7510 0.9987871854159925 0.9996397540167659
o 7520 0.9989171466500022 0.9997094220119266
o 7530 0.9986085425177087 0.999538823531834
o 7540 0.999784848241918 0.9999999949993749
o 7550 0.9995349878824064 0.9999681957182619
o 7560 0.9984828397939801 0.999464783357556
o 7570 0.9998341327646891 1
o 7580 0.945613162769791 0.9524751292837702
o 7590 0.9993836603972324 0.9999207619417313
o 7600 0.9995668564461039 0.999976016692425
o 7610 0.9992689677678922 0.9998761603306536
o 7620 0.9987614482791993 0.999625557902435
o 7630 0.9993836603972324 0.9999207619417313
o 7640 0.9945404942367145 0.9966105410165468
o 7650 0.9993836603972324 0.9999207619417313
o 7660 0.9986846867396864 0.9995825074237993
o 7670 0.999784848241918 0.9999999949993749
o 7680 0.9776655999777233 0.982051910541923
o 7690 0.9981616966934683 0.9992664707710186
o 7700 0.9891545735149789 0.992158804780602
o 7710 0.9998341327646891 1
o 7720 0.9868964574377138 0.990217776481314
o 7730 0.9974655152195606 0.9988035045674075
o 7740 0.9998341327646891 1
o 7750 0.999784848241918 0.9999999949993749
o 7760 0.9991306438647708 0.9998151511351715
o 7770 0.9983090111814502 0.9993589235528282
o 7780 0.9998341327646891 1
o 7790 0.9964178981004407 0.998052007502891
o 7800 0.9821024231663356 0.9860135405926497
o 7810 0.9998341327646891 1
o 7820 0.9998341327646891 1
o 7830 0.9998341327646891 1
o 7840 0.999784848241918 0.9999999949993749
o 7850 0.9805778572144799 0.9846586421275972
o 7860 0.9994730802517786 0.9999506585660503
o 7870 0.998532952220799 0.9994945720557045
o 7880 0.9998341327646891 1
o 7890 0.999297246851899 0.9998877222821806
o 7900 0.9831210641861341 0.9869145386210663
o 7910 0.9998341327646891 1
o 7920 0.9955065793665261 0.9973639193559748
o 7930 0.9997427320109885 0.9999995494141014
o 7940 0.9998341327646891 1
o 7950 0.9998341327646891 1
o 7960 0.9997427320109885 0.9999995494141014
o 7970 0.9998341327646891 1
o 7980 0.9995349878824064 0.9999681957182619
o 7990 0.970574591303289 0.9756253406261539
o 8000 0.9944735070159787 0.9965575630291789
o 8010 0.9983584448714474 0.9993894057514955
o 8020 0.9987357880946652 0.999611282711117
o 8030 0.9993836603972324 0.9999207619417313
o 8040 0.9998341327646891 1
o 8050 0.9997427320109885 0.9999995494141014
o 8060 0.9992689677678922 0.9998761603306536
o 8070 0.999784848241918 0.9999999949993749
o 8080 0.999784848241918 0.9999999949993749
o 8090 0.9988389036516672 0.9996678953600677
o 8100 0.9993836603972324 0.9999207619417313
o 8110 0.9613021617589578 0.9671008923045353
o 8120 0.9996330653686861 0.9999891487861118
o 8130 0.9996330653686861 0.9999891487861118
o 8140 0.9996330653686861 0.9999891487861118
o 8150 0.9956877226395184 0.9975026664820278
o 8160 0.9637761777092491 0.9693860463116103
o 8170 0.999599491460172 0.9999830535762632
o 8180 0.9992130705901301 0.9998523473218889
o 8190 0.9993836603972324 0.9999207619417313
o 8200 0.9998341327646891 1
o 8210 0.995597088530767 0.9974333558587295
o 8220 0.999784848241918 0.9999999949993749
o 8230 0.9960744214638696 0.9977957209692991
o 8240 0.9998341327646891 1
o 8250 0.9984828397939801 0.999464783357556
o 8260 0.999784848241918 0.9999999949993749
o 8270 0.9987871854159925 0.9996397540167659
o 8280 0.9987102018538886 0.9995969315746592
o 8290 0.9675257665411446 0.9728351957420613
o 8300 0.9998341327646891 1
o 8310 0.9993545677321735 0.9999100498624319
o 8320 0.9926583880225167 0.9950935475867196
o 8330 0.9995037605889281 0.9999597116202779
o 8340 0.9997427320109885 0.9999995494141014
o 8350 0.999103496509203 0.9998024115070666
o 8360 0.9991579479265237 0.999827728109528
o 8370 0.999599491460172 0.9999830535762632
o 8380 0.9998341327646891 1
o 8390 0.99863385948088 0.9995534508999322
o 8400 0.9994730802517786 0.9999506585660503
o 8410 0.952926976556711 0.9593188777352145
o 8420 0.9995349878824064 0.9999681957182619
o 8430 0.9893705564962993 0.9923427377609763
o 8440 0.9993545677321735 0.9999100498624319
o 8450 0.9998341327646891 1
o 8460 0.9998341327646891 1
o 8470 0.9998341327646891 1
o 8480 0.9998341327646891 1
o 8490 0.9996678275924519 0.9999940967944916
o 8500 0.999784848241918 0.9999999949993749
o 8510 0.9862969060507 0.9896975494321776
o 8520 0.5428187024143087 0.5583242513403017
o 8530 0.9958693839527202 0.9976408916037288
o 8540 0.9997427320109885 0.9999995494141014
o 8550 0.9979914799067023 0.9991569284568658
o 8560 0.9998341327646891 1
o 8570 0.9997427320109885 0.9999995494141014
o 8580 0.9998341327646891 1
o 8590 0.998064229430307 0.9992040792410983
o 8600 0.9996330653686861 0.9999891487861118
o 8610 0.9978468002059815 0.9990617938017794
o 8620 0.9995349878824064 0.9999681957182619
o 8630 0.9996330653686861 0.9999891487861118
o 8640 0.9943842650976894 0.9964868508983944
o 8650 0.999442873695936 0.9999411111022777
o 8660 0.999297246851899 0.9998877222821806
o 8670 0.9953710406785294 0.9972595379004648
o 8680 0.9990496341945716 0.9997764839702489
o 8690 0.9990229026390082 0.9997633135035773
o 8700 0.995960421005609 0.997709796129333
o 8710 0.9974418742737955 0.998787169461314
o 8720 0.999599491460172 0.9999830535762632
o 8730 0.9998341327646891 1
o 8740 0.999784848241918 0.9999999949993749
o 8750 0.9987614482791993 0.999625557902435
o 8760 0.9997427320109885 0.9999995494141014
o 8770 0.9993836603972324 0.9999207619417313
o 8780 0.9998341327646891 1
o 8790 0.9997041638433971 0.9999976422569008
o 8800 0.9998341327646891 1
o 8810 0.999784848241918 0.9999999949993749
o 8820 0.999784848241918 0.9999999949993749
o 8830 0.9998341327646891 1
o 8840 0.999784848241918 0.9999999949993749
o 8850 0.999599491460172 0.9999830535762632
o 8860 0.9998341327646891 1
o 8870 0.9998341327646891 1
o 8880 0.9998341327646891 1
o 8890 0.9998341327646891 1
o 8900 0.99863385948088 0.9995534508999322
o 8910 0.9993545677321735 0.9999100498624319
o 8920 0.999297246851899 0.9998877222821806
o 8930 0.9996678275924519 0.9999940967944916
o 8940 0.999784848241918 0.9999999949993749
o 8950 0.9998341327646891 1
o 8960 0.9998341327646891 1
o 8970 0.9998341327646891 1
o 8980 0.9978468002059815 0.9990617938017794
o 8990 0.9998341327646891 1
o 9000 0.9998341327646891 1
o 9010 0.9943619676638918 0.9964691597439114
o 9020 0.999784848241918 0.9999999949993749
o 9030 0.9987871854159925 0.9996397540167659
o 9040 0.9995668564461039 0.999976016692425
o 9050 0.9993545677321735 0.9999100498624319
o 9060 0.9998341327646891 1
o 9070 0.9998341327646891 1
o 9080 0.9998341327646891 1
o 9090 0.9990764961900899 0.99978951939873
o 9100 0.9998341327646891 1
o 9110 0.9990764961900899 0.99978951939873
o 9120 0.9993545677321735 0.9999100498624319
o 9130 0.9997427320109885 0.9999995494141014
o 9140 0.9994730802517786 0.9999506585660503
o 9150 0.9996678275924519 0.9999940967944916
o 9160 0.9998341327646891 1
o 9170 0.9869607544237587 0.9902734556158375
o 9180 0.9996330653686861 0.9999891487861118
o 9190 0.999599491460172 0.9999830535762632
o 9200 0.9998341327646891 1
o 9210 0.9985580909074143 0.9995093820155696
o 9220 0.9998341327646891 1
o 9230 0.9998341327646891 1
o 9240 0.999784848241918 0.9999999949993749
o 9250 0.9992409148798167 0.9998643624923798
o 9260 0.9997427320109885 0.9999995494141014
o 9270 0.9997041638433971 0.9999976422569008
o 9280 0.6254050128671118 0.6404301816604827
o 9290 0.9985832870189011 0.9995241331856756
o 9300 0.9998341327646891 1
o 9310 0.9998341327646891 1
o 9320 0.9940281057994044 0.9962031893827343
o 9330 0.9912798280218552 0.9939526992962495
o 9340 0.9996678275924519 0.9999940967944916
o 9350 0.9908226661578512 0.9935700493656348
o 9360 0.9997427320109885 0.9999995494141014
o 9370 0.999784848241918 0.9999999949993749
o 9380 0.9997427320109885 0.9999995494141014
o 9390 0.9998341327646891 1
o 9400 0.9935845800559939 0.9958469300305962
o 9410 0.99863385948088 0.9995534508999322
o 9420 0.9995349878824064 0.9999681957182619
o 9430 0.999599491460172 0.9999830535762632
o 9440 0.999784848241918 0.9999999949993749
o 9450 0.9975365616713056 0.998852384613813
o 9460 0.9998341327646891 1
o 9470 0.9996678275924519 0.9999940967944916
o 9480 0.9998341327646891 1
o 9490 0.9987357880946652 0.999611282711117
o 9500 0.9925485438632544 0.9950034404956384
o 9510 0.999784848241918 0.9999999949993749
o 9520 0.9975128585703185 0.9988361124990678
o 9530 0.8513587144737438 0.8622809190114251
o 9540 0.9908444119912284 0.9935882946543282
o 9550 0.9983832285394911 0.9994045786411975
o 9560 0.9923510275816232 0.9948410436522112
o 9570 0.9997041638433971 0.9999976422569008
o 9580 0.9917162491675859 0.9943160951329408
o 9590 0.9998341327646891 1
o 9600 0.999442873695936 0.9999411111022777
o 9610 0.9814031826308051 0.985393027404241
o 9620 0.930010675226627 0.9377628065127837
o 9630 0.996234423774403 0.9979156106725443
o 9640 0.9973946521725114 0.9987544386726732
o 9650 0.9996678275924519 0.9999940967944916
o 9660 0.9989434220919977 0.9997230637730928
o 9670 0.9922194906714479 0.9947326378860454
o 9680 0.985826501335553 0.9892881266892382
o 9690 0.9987102018538886 0.9995969315746592
o 9700 0.8085485330085098 0.8206653673416393
o 9710 0.9992689677678922 0.9998761603306536
o 9720 0.999297246851899 0.9998877222821806
o 9730 0.999599491460172 0.9999830535762632
o 9740 0.9755621339347169 0.9801560996960499
o 9750 0.998532952220799 0.9994945720557045
o 9760 0.9991854194751913 0.9998401310800589
o 9770 0.4983068554155149 0.513891088808788
o 9780 0.9974418742737955 0.998787169461314
o 9790 0.9990496341945716 0.9997764839702489
o 9800 0.9995668564461039 0.999976016692425
o 9810 0.9993836603972324 0.9999207619417313
o 9820 0.9965559675880834 0.9981538370932204
o 9830 0.9985078691024893 0.9994797052294327
o 9840 0.9888524925412426 0.991901002547524
o 9850 0.8412264947711136 0.8524565130261046
o 9860 0.9976078010658749 0.9989010690693881
o 9870 0.9974418742737955 0.998787169461314
o 9880 0.9959148847383061 0.9976753617509324
o 9890 0.9529890484403524 0.9593767851386708
o 9900 0.9972299702688214 0.9986392778683405
o 9910 0.9996678275924519 0.9999940967944916
o 9920 0.9992130705901301 0.9998523473218889
o 9930 0.9998341327646891 1
o 9940 0.9891761637793659 0.9921772061360322
o 9950 0.999599491460172 0.9999830535762632
o 9960 0.9823356935118714 0.9862201878281207
o 9970 0.9967407321599208 0.9982889314230393
o 9980 0.9806836070770028 0.9847528552733716
o 9990 0.9996330653686861 0.9999891487861118
