
x disttype general-gaussian
x k 380
x std 1.0
x N 50000
x alpha 0.0005

o 0 0.9916070450625526 0.9942253453662099
o 10 0.9912580340273267 0.9939345023407039
o 20 0.8512165184925808 0.8621431623377191
o 30 0.9811914550613007 0.9852048293278227
o 40 0.9601183706503627 0.9660050800249639
o 50 0.9743863809744319 0.9790922548148469
o 60 0.9954613703038478 0.997329155250577
o 70 0.9953259191424008 0.9972246856405348
o 80 0.7497661131053901 0.7631474172503013
o 90 0.9595786486699027 0.9655049827257446
o 100 0.9259250789839069 0.9338897605733241
o 110 0.9387089662003045 0.9459816235110996
o 120 0.8938443721874607 0.9032611278269151
o 130 0.9888524925412426 0.991901002547524
o 140 0.9423755879736055 0.9494337818387742
o 150 0.9063655380024049 0.9152558007198437
o 160 0.9205311693794151 0.9287654625242174
o 170 0.8668488787319301 0.8772655989124761
o 180 0.9776445387081546 0.9820329790780913
o 190 0.9576493443102816 0.9637149326043044
o 200 0.9689239827943845 0.9741165075368903
o 210 0.9117450911739979 0.9203944600361968
o 220 0.9320857878668414 0.9397270041146163
o 230 0.9205516670713519 0.9287849580214569
o 240 0.944952991683886 0.9518555201886104
o 250 0.718344464788842 0.7322595762132507
o 260 0.9697594582021462 0.9748807496703258
o 270 0.9704491503014222 0.9755108241174512
o 280 0.9738200176710567 0.9785788113932643
o 290 0.709015120187473 0.7230720437331077
o 300 0.500126945921765 0.5157103849397634
o 310 0.8746842913550761 0.8848275795746764
o 320 0.2615513665662324 0.2753666970005548
o 330 0.9857410339165169 0.9892136253439652
o 340 0.48724852283954273 0.5028331487419336
o 350 0.9646918837426518 0.9702300326007849
o 360 0.9891113982734092 0.9921219967670716
o 370 0.9643380252627333 0.9699040100089926
o 380 0.9912362425331007 0.9939163028757197
o 390 0.9858906139717731 0.9893439905995577
o 400 0.9588938383246339 0.9648700222836871
o 410 0.9924387808549068 0.99491325190303
o 420 0.7040597638283029 0.7181890592591496
o 430 0.9867250559167671 0.9900692415441031
o 440 0.9991579479265237 0.999827728109528
o 450 0.8725263623456698 0.8827462264088183
o 460 0.7212266352596796 0.7350964411628735
o 470 0.9539824233240838 0.9603030787062204
o 480 0.9710764888902662 0.9760832729432881
o 490 0.9253710442325267 0.9333639794369716
o 500 0.9965559675880834 0.9981538370932204
o 510 0.9489163253685584 0.9555708663279668
o 520 0.9098218023300747 0.9185583879338595
o 530 0.7508963729765769 0.7642567795235818
o 540 0.9225608568846834 0.9306951005980992
o 550 0.7079675613865881 0.7220399532574389
o 560 0.8391564240216615 0.8504472733468869
o 570 0.9532373523697167 0.9596083983473302
o 580 0.9701356052925495 0.9752244752908934
o 590 0.9848020593045306 0.9883929410344354
o 600 0.9843759243900332 0.9880192295854896
o 610 0.7929444331787482 0.8054346736744612
o 620 0.9564056152893884 0.9625590773942996
o 630 0.8994178338442785 0.9086058137161312
o 640 0.9777919794621519 0.9821654874415168
o 650 0.9329284664273514 0.9405240454249746
o 660 0.9443548390751112 0.9512938719407619
o 670 0.9268896730968026 0.93480484590589
o 680 0.9912580340273267 0.9939345023407039
o 690 0.983333528179704 0.9871019989808153
o 700 0.9835248218820652 0.9872706370542818
o 710 0.9614683703039623 0.9672546280469331
o 720 0.6036838050556373 0.6188786837089242
o 730 0.9497634081306695 0.9563635012334626
o 740 0.14921782952604704 0.16049858803032413
o 750 0.9856342252659689 0.9891204729828503
o 760 0.6271321579895568 0.6421424567522029
o 770 0.9709091657561104 0.9759306528009895
o 780 0.9310378264125296 0.9387353139174704
o 790 0.9774339568365065 0.981843633573488
o 800 0.7916902714337419 0.8042092540276046
o 810 0.8928444627488202 0.9023013696387684
o 820 0.9923510275816232 0.9948410436522112
o 830 0.6689170690908273 0.6835035284270088
o 840 0.9730653649648887 0.9778937212198673
o 850 0.9855274447731228 0.9890272924026274
o 860 0.9983832285394911 0.9994045786411975
o 870 0.8912938475659518 0.9008125002724533
o 880 0.9816361696296825 0.9855999584713957
o 890 0.8344898612942546 0.8459153907987849
o 900 0.7263065868412677 0.7400947897025083
o 910 0.955204040582363 0.9614410535369526
o 920 0.962549112404758 0.9682535235116833
o 930 0.8175010959520276 0.8293898187569443
o 940 0.8734627603838383 0.8836495168746613
o 950 0.7413718105924548 0.7549045265353078
o 960 0.7174375622687281 0.7313667822674004
o 970 0.9511069147140275 0.9576195467149227
o 980 0.985847871059998 0.9893067491495369
o 990 0.7146364638259853 0.7286088182782797
o 1000 0.8566212326730719 0.8673766488233897
o 1010 0.9655248126049416 0.9709968236329748
o 1020 0.9525545794377085 0.9589713991102656
o 1030 0.9814031826308051 0.985393027404241
o 1040 0.9793312928864982 0.9835456409521565
o 1050 0.6346243452594058 0.6495677547880241
o 1060 0.9955744496960323 0.9974160083623181
o 1070 0.978424187671335 0.9827330607186132
o 1080 0.8658927819368861 0.8763420138430725
o 1090 0.895579232263222 0.9049256911024086
o 1100 0.9952808258303961 0.9971898049580897
o 1110 0.9881202178383257 0.9912735571030566
o 1120 0.9310378264125296 0.9387353139174704
o 1130 0.9229709983195169 0.9310848228790813
o 1140 0.9620502242773852 0.9677925789827473
o 1150 0.942829054435678 0.9498601644598785
o 1160 0.9329901329215727 0.9405823584304688
o 1170 0.9681725196104934 0.9734282244806858
o 1180 0.9889819144447517 0.992011530708872
o 1190 0.9727091928436251 0.9775700145411619
o 1200 0.6605510026362068 0.6752323998883509
o 1210 0.9932971925796634 0.9956144525825571
o 1220 0.9792679692268675 0.983488986611942
o 1230 0.960284470420251 0.9661589246253564
o 1240 0.959620160238022 0.965543457260144
o 1250 0.9029929338833819 0.9120295255664725
o 1260 0.04977164906020475 0.056779262408516606
o 1270 0.3099371075602341 0.32444452013600467
o 1280 0.9828237609057203 0.9866519475375831
o 1290 0.7059330104793352 0.7200351853695002
o 1300 0.8962528783430895 0.9055718211180448
o 1310 0.8674795462259757 0.8778747215744855
o 1320 0.7698174833436248 0.7828093460099661
o 1330 0.9370623376452792 0.9444287997178213
o 1340 0.9454687376121839 0.952339602533588
o 1350 0.9871751636341711 0.9904589665992187
o 1360 0.976234676317106 0.9807633266580484
o 1370 0.9056704302879456 0.9145911394147545
o 1380 0.866869222216606 0.8772852486587553
o 1390 0.9962802289563542 0.9979497738504909
o 1400 0.9794790703960709 0.9836778120755821
o 1410 0.8904982603910561 0.9000483519243071
o 1420 0.9853566537347771 0.9888781455992719
o 1430 0.9890898132850111 0.9921035901202688
o 1440 0.6329971893687957 0.6479554567710184
o 1450 0.99158521230267 0.9942071873208811
o 1460 0.9384825087543637 0.9457681562806352
o 1470 0.816123429311615 0.8280479447714044
o 1480 0.9836311278227061 0.9873642931515865
o 1490 0.8878468945242006 0.8975005992359552
o 1500 0.017967020921908543 0.022355461291845402
o 1510 0.9294561195031209 0.9372375465539964
o 1520 0.9343881703513467 0.9419038562141202
o 1530 0.13773876040470934 0.14866159934651224
o 1540 0.9591428319562124 0.9651009453227334
o 1550 0.9493088419141958 0.9559382189650569
o 1560 0.9789936321758643 0.983243418899909
o 1570 0.7765463147776351 0.789398266987068
o 1580 0.8992340228039433 0.9084296858451824
o 1590 0.9808105302465105 0.9848658876764647
o 1600 0.8543046052071481 0.8651340474885327
o 1610 0.997371070376275 0.9987380436441108
o 1620 0.9293123577796805 0.9371013560586556
o 1630 0.982738847893226 0.9865768906758642
o 1640 0.7188684690596123 0.7327753965661752
o 1650 0.9757092089159536 0.9802889743142518
o 1660 0.8120317035611729 0.8240610350357275
o 1670 0.8333944783954823 0.8448511386830138
o 1680 0.8816094419467917 0.8915001257796998
o 1690 0.9376797329748464 0.9450111990608979
o 1700 0.9829299212972573 0.986745749454207
o 1710 0.9752050514418547 0.9798333044658516
o 1720 0.9920661683332538 0.9946060265349213
o 1730 0.7272138406917475 0.7409872322939098
o 1740 0.8259725923011845 0.8376354982222337
o 1750 0.7412104143290376 0.7547459767725208
o 1760 0.9749950678555318 0.9796433598995078
o 1770 0.9761926272916198 0.980725390118821
o 1780 0.9834397934675593 0.9871956958075485
o 1790 0.19415028590429959 0.2066307490313778
o 1800 0.8115861373823526 0.8236267498163812
o 1810 0.9674006240226951 0.97272038045805
o 1820 0.9873038736847178 0.9905702085069467
o 1830 0.9830148650409946 0.9868207755288679
o 1840 0.9921318600655772 0.994660306456631
o 1850 0.6085405841398676 0.6237002732382453
o 1860 0.8828728594156339 0.8927162881832378
o 1870 0.9977748368846215 0.9990138439272586
o 1880 0.793349021307579 0.805829950508615
o 1890 0.9992130705901301 0.9998523473218889
o 1900 0.9526373293075886 0.9590486216310923
o 1910 0.8580846192840739 0.8687927750939578
o 1920 0.8530855222842014 0.8639535362716079
o 1930 0.8990910620655435 0.9082926940960911
o 1940 0.9474500613910509 0.9541976188590171
o 1950 0.9905401774134504 0.9933326528099155
o 1960 0.957628609317974 0.9636956745304114
o 1970 0.7300971350092479 0.7438229733187909
o 1980 0.9410361786179221 0.9481736368954589
o 1990 0.9655248126049416 0.9709968236329748
o 2000 0.9364656234741402 0.9438657123257043
o 2010 0.9657122848678011 0.9711692882915243
o 2020 0.948172768418047 0.9548746710518603
o 2030 0.9651915863855174 0.9706901619417709
o 2040 0.8540201406072155 0.86485860679122
o 2050 0.9659414497773279 0.9713800462576673
o 2060 0.9979672929505882 0.9991411475683059
o 2070 0.2971611439290913 0.31150481980933
o 2080 0.9632561232821263 0.9689062753616186
o 2090 0.7093374552010367 0.7233896008040391
o 2100 0.9207771472819599 0.9289994028897708
o 2110 0.8117076541319965 0.82374519253917
o 2120 0.9423549774159031 0.9494143992555797
o 2130 0.2118085305228956 0.22468647597437708
o 2140 0.9979431363013752 0.9991253358653104
o 2150 0.9850366080266678 0.9885983074547733
o 2160 0.9730025022660309 0.9778366053168595
o 2170 0.9976315921770181 0.9989172519476788
o 2180 0.9341414208551457 0.9416706877475721
o 2190 0.9660039554782724 0.9714375195173756
o 2200 0.8935994839109754 0.9030260975041005
o 2210 0.9232376092282485 0.9313381233786312
o 2220 0.9968102306136053 0.9983393779131835
o 2230 0.9693834256660737 0.9745369093806509
o 2240 0.9966482500970695 0.9982214850281281
o 2250 0.9335657339696116 0.9411265660263309
o 2260 0.9640674813221791 0.96965464484945
o 2270 0.9741556008629663 0.978883113714596
o 2280 0.6967695709055922 0.7110016936091487
o 2290 0.9040964990917303 0.913085593631149
o 2300 0.9792046512631187 0.9834323265673873
o 2310 0.9293123577796805 0.9371013560586556
o 2320 0.8075361314033251 0.8196781066475188
o 2330 0.923053030848042 0.9311627630921665
o 2340 0.9928783278909564 0.9952735091093126
o 2350 0.9631729299202467 0.9688294966505694
o 2360 0.9591428319562124 0.9651009453227334
o 2370 0.956219119881844 0.9623856351232998
o 2380 0.834936154814892 0.8463489485764583
o 2390 0.9800916312059251 0.9842250379445414
o 2400 0.9211871377052442 0.9293892762369917
o 2410 0.9772655313217846 0.9816921171327699
o 2420 0.9713484407386015 0.9763312288647266
o 2430 0.6860999386815393 0.700474900077281
o 2440 0.9742814741278396 0.9789971974823798
o 2450 0.8628216812664271 0.8733741364901483
o 2460 0.8930689204773368 0.9025168372988268
o 2470 0.9871108268687839 0.9904033273405761
o 2480 0.8506274397235866 0.8615724372475073
o 2490 0.9237298535466781 0.931805715491705
o 2500 0.7685649336113796 0.781582314186921
o 2510 0.9447260920600326 0.9516424953570559
o 2520 0.9412216020675741 0.9483481517498917
o 2530 0.8975799435016962 0.9068443148863117
o 2540 0.9772023808242002 0.9816352893847526
o 2550 0.8887441790978188 0.898363016351659
o 2560 0.7737574956177967 0.7866680176084162
o 2570 0.8987847276271664 0.9079991303442634
o 2580 0.9617592730221549 0.9675236278023346
o 2590 0.9756461738243439 0.9802320310098276
o 2600 0.98874468742759 0.9918088491417385
o 2610 0.770423585450782 0.7834030414267102
o 2620 0.9943173882106121 0.9964337619316739
o 2630 0.9197113308333404 0.9279855734789
o 2640 0.9304215049302834 0.9381518402580344
o 2650 0.7362278999277795 0.7498501575691819
o 2660 0.9432619702782171 0.9502671045290335
o 2670 0.921392145757372 0.9295842000654625
o 2680 0.921761181951418 0.9299350412487365
o 2690 0.8682526776512091 0.8786213329103855
o 2700 0.9346349358998813 0.942137008621324
o 2710 0.8336378888811405 0.845087647090697
o 2720 0.6553637312404176 0.6701014108690859
o 2730 0.5995501423235285 0.6147737351246437
o 2740 0.8532886935381024 0.8641502973759971
o 2750 0.9318802836780764 0.9395325766160572
o 2760 0.7191506301134125 0.7330531410786566
o 2770 0.8337190267155399 0.8451664822205505
o 2780 0.8470935978002541 0.858147455909571
o 2790 0.983822536404719 0.9875328161274727
o 2800 0.9382354811562451 0.9455352660419963
o 2810 0.587894653004388 0.603193140991994
o 2820 0.8557270378698333 0.8665111412926897
o 2830 0.9954839710957356 0.9973465410699824
o 2840 0.9513136716279679 0.9578127208498886
o 2850 0.9126455746782921 0.9212536773309694
o 2860 0.9324968281079186 0.9401158272347079
o 2870 0.9505900972351495 0.957136536526568
o 2880 0.9827600748778752 0.9865956561620418
o 2890 0.9760664924477193 0.9806115682528456
o 2900 0.9732958941372263 0.9781031135507527
o 2910 0.9653165375973456 0.970805168703902
o 2920 0.807556378788249 0.8196978525086897
o 2930 0.7014012101908162 0.7155685031557553
o 2940 0.9731701445794448 0.9779889059322266
o 2950 0.9868750277206217 0.9901992141519543
o 2960 0.9713693627873558 0.976350299718481
o 2970 0.6429222787613811 0.6577870368352519
o 2980 0.9938726701356374 0.996078701324011
o 2990 0.8763539809329625 0.8864373346252337
o 3000 0.9532373523697167 0.9596083983473302
o 3010 0.9082468099287277 0.9170539036711396
o 3020 0.9710974059806625 0.9761023487606445
o 3030 0.5276008494746977 0.5431472269733781
o 3040 0.9590183311235462 0.9649854878230145
o 3050 0.9844398190570547 0.9880753119246692
o 3060 0.1139552601985661 0.12405328878079636
o 3070 0.9776234780014634 0.9820140470505986
o 3080 0.979141338968238 0.9833756608455433
o 3090 0.9699057238939446 0.9750144344910898
o 3100 0.7743637249430179 0.7872615857950004
o 3110 0.8651808544054541 0.8756541782724488
o 3120 0.9858051327617159 0.9892695030757817
o 3130 0.7020859614370664 0.7162435226019858
o 3140 0.9861043985165414 0.9895301277076679
o 3150 0.9059975301642869 0.914903930844579
o 3160 0.5718730954174772 0.5872600845076141
o 3170 0.9963949261562345 0.9980349958952714
o 3180 0.9749110877091087 0.9795673687685631
o 3190 0.9591013307837499 0.9650624603850437
o 3200 0.9889603398586873 0.9919931136296928
o 3210 0.964005054653064 0.9695970924899829
o 3220 0.9921318600655772 0.994660306456631
o 3230 0.9851219299827149 0.9886729545758292
o 3240 0.5991889754756313 0.6144150233131167
o 3250 0.834976727714375 0.8463883621585345
o 3260 0.8968653390354002 0.9061591568617355
o 3270 0.9859761137248315 0.9894184595391329
o 3280 0.8102697681508803 0.8223435580893436
o 3290 0.9669210156164041 0.9722801505250801
o 3300 0.8617846304506654 0.8723715324372936
o 3310 0.9893921647201072 0.9923611211038946
o 3320 0.9779394480828787 0.9822979678996248
o 3330 0.5941932771193238 0.6094524002022748
o 3340 0.9705327761657752 0.9755871699283183
o 3350 0.9759824126902625 0.9805356768574014
o 3360 0.9732330174403402 0.9780460116616531
o 3370 0.9334012678153112 0.9409710868575407
o 3380 0.9806413050203419 0.9847151721300834
o 3390 0.9739039027971076 0.9786548976580371
o 3400 0.9938061226491837 0.9960252811397775
o 3410 0.8360316678103419 0.8474130705761791
o 3420 0.960367525913609 0.9662358413129208
o 3430 0.9379884710812355 0.9453023582720931
o 3440 0.91987528779455 0.9281415620397802
o 3450 0.9107219860570468 0.9194179050999943
o 3460 0.7805281899631096 0.7932950620341004
o 3470 0.9660456274242839 0.971475833543808
o 3480 0.9825478427689124 0.9864079634948152
o 3490 0.5426584765623185 0.5581645311157695
o 3500 0.9913016245268479 0.9939708937321148
o 3510 0.9575871399700217 0.963657157745453
o 3520 0.06412457755199381 0.0719812786667402
o 3530 0.9122976436991653 0.9209217239158248
o 3540 0.9963949261562345 0.9980349958952714
o 3550 0.689380872925602 0.7037128666111911
o 3560 0.9967638850029287 0.998305760365681
o 3570 0.9825902825118543 0.9864455087190852
o 3580 0.6375775688339701 0.6524935401482505
o 3590 0.9574420039212233 0.9635223423244426
o 3600 0.9361775898021355 0.9435938417787053
o 3610 0.9496187648255017 0.956228192752981
o 3620 0.9882708302583306 0.9914028874757811
o 3630 0.991476088187719 0.9941163572591979
o 3640 0.8316704497171482 0.843175741848222
o 3650 0.9918473843023324 0.9944249042949562
o 3660 0.9958011978544946 0.9975891207832343
o 3670 0.9724159645127236 0.9773033425833989
o 3680 0.9901062993756211 0.9929667048952392
o 3690 0.9259250789839069 0.9338897605733241
o 3700 0.9437568056630677 0.9507321044336675
o 3710 0.7242905974386453 0.7381114536695814
o 3720 0.9627778184797311 0.968464740698412
o 3730 0.5038874596016991 0.5194686040919723
o 3740 0.9849299793212946 0.9885049747642036
o 3750 0.921392145757372 0.9295842000654625
o 3760 0.9613644881335973 0.9671585450390796
o 3770 0.9715576785760975 0.976521920034169
o 3780 0.4533374470358389 0.46887566281758397
o 3790 0.9944735070159787 0.9965575630291789
o 3800 0.9118269474351174 0.9204725765768212
o 3810 0.8775962677215565 0.8876346346514791
o 3820 0.9628817860860656 0.968560738202773
o 3830 0.9982106455758747 0.9992974473203111
o 3840 0.9558668953697999 0.9620579773234881
o 3850 0.7246534623109533 0.7384684673765862
o 3860 0.920756648656226 0.9289799083266811
o 3870 0.9892193496237016 0.9922140035157774
o 3880 0.9144265005613614 0.9229521597100896
o 3890 0.9876043904606929 0.9908295791518182
o 3900 0.9686943231476419 0.9739062447655756
o 3910 0.9948537648378093 0.9968571040220039
o 3920 0.9976078010658749 0.9989010690693881
o 3930 0.9815938015266759 0.9855623414829561
o 3940 0.9923729611989206 0.9948591004358006
o 3950 0.7697568741986299 0.7827499754024699
o 3960 0.9869607544237587 0.9902734556158375
o 3970 0.8668081918879551 0.8772262992945261
o 3980 0.9976078010658749 0.9989010690693881
o 3990 0.9689657434891756 0.9741547327320296
o 4000 0.604586865408831 0.6197753200005185
o 4010 0.9832060392083588 0.9869895333597946
o 4020 0.985591509708457 0.9890832041184415
o 4030 0.8256482307327367 0.8373199679063064
o 4040 0.9513343482668556 0.957832037315296
o 4050 0.9639842463062939 0.9695779078267477
o 4060 0.9121748496221102 0.9208045587932703
o 4070 0.9982106455758747 0.9992974473203111
o 4080 0.9617800536384387 0.9675428402184432
o 4090 0.9617177125322949 0.9674852022268388
o 4100 0.9511482647212396 0.9576581829183183
o 4110 0.9455512653958762 0.9524170472690776
o 4120 0.9311200096385531 0.9388131033740881
o 4130 0.9869607544237587 0.9902734556158375
o 4140 0.6683739999746263 0.6829667796026005
o 4150 0.9995349878824064 0.9999681957182619
o 4160 0.9723112595087119 0.977208083177143
o 4170 0.9742814741278396 0.9789971974823798
o 4180 0.9204901742496574 0.9287264712755366
o 4190 0.9788881459453267 0.9831489417187657
o 4200 0.9868321721834461 0.9901620855868619
o 4210 0.9508381563519704 0.9573683946979743
o 4220 0.9704700562171432 0.9755299111210718
o 4230 0.9305242187440117 0.9382490923038611
o 4240 0.9780237284889862 0.9823736583780993
o 4250 0.9864252989025472 0.9898091092947893
o 4260 0.9655039838051968 0.9709776594401717
o 4270 0.9366302244120656 0.9440210566510912
o 4280 0.920223714148027 0.9284730199144212
o 4290 0.9621957182815132 0.9679270361819543
o 4300 0.5112297317666122 0.5268038582498367
o 4310 0.9704491503014222 0.9755108241174512
o 4320 0.9982843587370567 0.9993436167432374
o 4330 0.8106545412452434 0.8227186566612482
o 4340 0.8990297940878487 0.9082339824360293
o 4350 0.8406582057626146 0.8519049913340645
o 4360 0.5383126587381947 0.5538318116112628
o 4370 0.7798206864413795 0.7926028018153061
o 4380 0.6069550198183205 0.6221263701222589
o 4390 0.9610736504080044 0.9668894802407094
o 4400 0.7150394789276544 0.7290056682760859
o 4410 0.8811000526649703 0.891009684455833
o 4420 0.8845237404935481 0.8943048581633302
o 4430 0.99561973517329 0.9974506954889379
o 4440 0.9134233803853896 0.9219956131862437
o 4450 0.9879911809906673 0.9911626428272275
o 4460 0.9378443899226677 0.9451664873506886
o 4470 0.9888956263669669 0.991937852096208
o 4480 0.9036060024182724 0.9126162533010366
o 4490 0.9712856768943455 0.9762740139988992
o 4500 0.2599052102974882 0.2736934131587343
o 4510 0.9959832026584181 0.9977269996889246
o 4520 0.9318391841089286 0.9394936898471961
o 4530 0.9708673387321458 0.9758924940019182
o 4540 0.8617439639069585 0.8723322125151335
o 4550 0.951375702062899 0.9578706697275872
o 4560 0.9498873945312376 0.9564794735025162
o 4570 0.8907430476192417 0.9002834833208115
o 4580 0.9713902852205394 0.9763693701874286
o 4590 0.9312227410096284 0.9389103378553603
o 4600 0.992175669376121 0.9946964781883282
o 4610 0.9300722970840196 0.9378211641737991
o 4620 0.84776372692173 0.8587971036272153
o 4630 0.7581840141484986 0.7714067024068394
o 4640 0.8905186590280607 0.900067946506078
o 4650 0.9937839489956886 0.9960074655232721
o 4660 0.8762317980874759 0.8863195581098212
o 4670 0.9857837653357585 0.9892508783119285
o 4680 0.9950557671449217 0.9970149908693551
o 4690 0.4195224532195029 0.43494207502137294
o 4700 0.9282240343413138 0.9360700412054733
o 4710 0.9565921271757242 0.9627325031753066
o 4720 0.974092670311176 0.9788260657428849
o 4730 0.9928783278909564 0.9952735091093126
o 4740 0.45179961427238724 0.46733401458908086
o 4750 0.8977841295479878 0.9070400609767358
o 4760 0.9648584332404356 0.970383427113091
o 4770 0.9770971409056485 0.9815405655460109
o 4780 0.9730234560777002 0.9778556443730058
o 4790 0.982802531382501 0.9866331845945657
o 4800 0.9955065793665261 0.9973639193559748
o 4810 0.9503627310776105 0.9569239784904923
o 4820 0.9377208964899654 0.9450500218554987
o 4830 0.8475403463055011 0.8585805586311253
o 4840 0.9388942606367998 0.9461562674409775
o 4850 0.9515618027174397 0.9580445070053102
o 4860 0.552954635462665 0.5684249076092018
o 4870 0.9981128936006963 0.9992353457234481
o 4880 0.7585474557446455 0.7717631393450284
o 4890 0.5972226984935185 0.6124619609251615
o 4900 0.8285272071993831 0.8401200318761229
o 4910 0.8971511721299357 0.9064332287658365
o 4920 0.998064229430307 0.9992040792410983
o 4930 0.9777077242088275 0.9820897717752662
o 4940 0.9808740014539269 0.9849223942398438
o 4950 0.5358696487830179 0.5513956438948994
o 4960 0.9934297489189166 0.9957218343152169
o 4970 0.9669001668038688 0.9722610063629626
o 4980 0.9516445186364255 0.9581217634979193
o 4990 0.6164295238569187 0.631528684153931
o 5000 0.9787615827612521 0.9830355487792461
o 5010 0.9960516027518843 0.9977785547768216
o 5020 0.8496524792663178 0.8606277223404075
o 5030 0.9909314186088312 0.9936612524436703
o 5040 0.9235657663832781 0.9316498571800782
o 5050 0.929640963236447 0.9374126413847408
o 5060 0.9244478026972702 0.9324875277692279
o 5070 0.9559497665066482 0.962135078498845
o 5080 0.9696132098341418 0.9747470475084137
o 5090 0.9654414991411524 0.9709201651251157
o 5100 0.9182359567781564 0.9265814377522587
o 5110 0.9729605959041503 0.9777985259418008
o 5120 0.9940281057994044 0.9962031893827343
o 5130 0.9155526701459554 0.9240256159416006
o 5140 0.7806090492749751 0.7933741757210165
o 5150 0.9965329270499892 0.9981368947272495
o 5160 0.9868750277206217 0.9901992141519543
o 5170 0.9712647563788931 0.9762549416102156
o 5180 0.9762557015975276 0.9807822941589767
o 5190 0.9615514804458555 0.967331490044163
o 5200 0.8693514434478162 0.8796822015428004
o 5210 0.7365102790156092 0.7501276840320683
o 5220 0.9221507506012885 0.930305343152828
o 5230 0.9942505570648942 0.9963806269614328
o 5240 0.9593503512968459 0.9652933565229934
o 5250 0.9300722970840196 0.9378211641737991
o 5260 0.8712644086145083 0.8815285999520016
o 5270 0.9952582896159897 0.9971723541024977
o 5280 0.997323963754113 0.9987051958885018
o 5290 0.9963949261562345 0.9980349958952714
o 5300 0.9752890582686858 0.9799092688836047
o 5310 0.9877117849820002 0.9909221442539575
o 5320 0.9955291951801475 0.9973812900439158
o 5330 0.9601391323060583 0.9660243114161547
o 5340 0.9992130705901301 0.9998523473218889
o 5350 0.9789725336934998 0.9832245247017137
o 5360 0.8680899080725704 0.8784641566455613
o 5370 0.9860830147663482 0.9895115193044451
o 5380 0.8649571161688329 0.8754379909606926
o 5390 0.996717592406219 0.9982720892569996
o 5400 0.9723112595087119 0.977208083177143
o 5410 0.9470991006481259 0.9538686965140446
o 5420 0.9238939464574571 0.9319615680538623
o 5430 0.999103496509203 0.9998024115070666
o 5440 0.8627200050130458 0.8732758465808361
o 5450 0.8995403772788791 0.9087232295550054
o 5460 0.9695087572500631 0.974651535417747
o 5470 0.9974655152195606 0.9988035045674075
o 5480 0.9599730455592977 0.9658704537828722
o 5490 0.9808105302465105 0.9848658876764647
o 5500 0.9882708302583306 0.9914028874757811
o 5510 0.9632145260760653 0.9688678865316077
o 5520 0.9880341872339348 0.991199620307723
o 5530 0.9486891055134263 0.95535816190413
o 5540 0.9889171958251266 0.9919562743179734
o 5550 0.9898896710111074 0.9927834192764777
o 5560 0.8319138283610764 0.8434122821022536
o 5570 0.9808951599568537 0.9849412283248714
o 5580 0.9662748443790897 0.9716865394185996
o 5590 0.9829723914467748 0.9867832642170127
o 5600 0.30284296316732395 0.3172610719007233
o 5610 0.9323940640501688 0.9400186254538883
o 5620 0.6855766385772142 0.6999583755155002
o 5630 0.958769353523065 0.9647545487412388
o 5640 0.912768378955603 0.9213708322500211
o 5650 0.9856342252659689 0.9891204729828503
o 5660 0.9903882232524459 0.9932046682070498
o 5670 0.9421900977930885 0.949259333748497
o 5680 0.9310789178178981 0.9387742088535139
o 5690 0.9749950678555318 0.9796433598995078
o 5700 0.9645461676020437 0.9700957977200785
o 5710 0.9316336925861957 0.9392992496772878
o 5720 0.5228167353932325 0.538372951993276
o 5730 0.8368837979796788 0.8482406565044235
o 5740 0.9483379855187725 0.9550293989004885
o 5750 0.9937174541966857 0.9959539923760775
o 5760 0.9695087572500631 0.974651535417747
o 5770 0.9817421032969416 0.9856939875100651
o 5780 0.920756648656226 0.9289799083266811
o 5790 0.967546624735816 0.9728543305134453
o 5800 0.9438186657156755 0.9507902237893074
o 5810 0.987539970870844 0.990774022924009
o 5820 0.9941837707771213 0.996327446879261
o 5830 0.9906487819325005 0.9934240043293557
o 5840 0.964400465064267 0.9699615492250478
o 5850 0.9927023488544208 0.995129567153622
o 5860 0.9904316278897556 0.9932412461098594
o 5870 0.9344292968256528 0.9419427160662468
o 5880 0.9878192156090767 0.9910146731576699
o 5890 0.9257814338202272 0.9337534534723217
o 5900 0.9671712255059579 0.9725098563097172
o 5910 0.920367190890869 0.9286094954983137
o 5920 0.9918036615141346 0.994388645694132
o 5930 0.9983090111814502 0.9993589235528282
o 5940 0.9619878734658269 0.967734950704177
o 5950 0.8766594453074877 0.8867317686511578
o 5960 0.9160646428824236 0.924513473095894
o 5970 0.9778973113308842 0.9822601192044921
o 5980 0.9907139714723477 0.9934787883212625
o 5990 0.9966251611325634 0.998204591561967
o 6000 0.8706945491869835 0.880978648960733
o 6010 0.9839076310731325 0.9876076909938417
o 6020 0.9227249092255995 0.930850993745044
o 6030 0.822263157224615 0.8340261698087619
o 6040 0.9879911809906673 0.9911626428272275
o 6050 0.9566957520497393 0.9628288436671104
o 6060 0.98738970775309 0.9906443423429357
o 6070 0.9433856716465172 0.9503833619869658
o 6080 0.9519960924999051 0.958450072364644
o 6090 0.9643172125461923 0.9698848297192151
o 6100 0.9872609648903561 0.990533133328646
o 6110 0.9600353263503776 0.9659281521356121
o 6120 0.9871322711142537 0.9904218751063855
o 6130 0.9991854194751913 0.9998401310800589
o 6140 0.9993257723589525 0.9998990270247117
o 6150 0.9811279512167379 0.9851483554547575
o 6160 0.8804888255584467 0.8904211148264768
o 6170 0.9792046512631187 0.9834323265673873
o 6180 0.996833423718342 0.9983561661753741
o 6190 0.9578567059434183 0.9639075016251797
o 6200 0.9676300606922003 0.9729308664183006
o 6210 0.9408507657147782 0.9479991114893712
o 6220 0.9693207645626202 0.9744795916689095
o 6230 0.9569444727415924 0.9630600398389101
o 6240 0.9960972496712833 0.9978128775862452
o 6250 0.978424187671335 0.9827330607186132
o 6260 0.949432806670182 0.9560542128913295
o 6270 0.9924607270579469 0.9949312960475685
o 6280 0.9987614482791993 0.999625557902435
o 6290 0.9315309507669439 0.9392020256485542
o 6300 0.9588730903033229 0.9648507772480731
o 6310 0.9773707931297055 0.9817868190526099
o 6320 0.9867464766032598 0.9900878129255956
o 6330 0.9987871854159925 0.9996397540167659
o 6340 0.9977031051647232 0.9989656589179493
o 6350 0.9917818042918009 0.9943705122056311
o 6360 0.9977987982532164 0.9990298540327246
o 6370 0.8962120495035057 0.9055326635280705
o 6380 0.9774129017138791 0.9818246959543234
o 6390 0.8739920706015419 0.8841600305853184
o 6400 0.8641639023385868 0.8746714687480572
o 6410 0.9365273479483911 0.94392396732559
o 6420 0.938256066118751 0.9455546742328981
o 6430 0.9863824963889312 0.9897719275815435
o 6440 0.9903014396399556 0.9931314866543459
o 6450 0.98874468742759 0.9918088491417385
o 6460 0.9019304180210442 0.9110123945232259
o 6470 0.9894570003854211 0.9924162601058784
o 6480 0.9689239827943845 0.9741165075368903
o 6490 0.9501353852147006 0.9567114001478311
o 6500 0.9820176215811868 0.9859383721066028
o 6510 0.9988648919050572 0.999681833128126
o 6520 0.9713275190737773 0.9763121576265689
o 6530 0.9210436371702649 0.9292528244536514
o 6540 0.9682351251417213 0.973485597818527
o 6550 0.9909966982747094 0.9937159459961112
o 6560 0.35144738502426615 0.366400171091929
o 6570 0.7735554235632707 0.7864701571586038
o 6580 0.978403105572714 0.9827141501130313
o 6590 0.9620086568195393 0.9677541603807138
o 6600 0.8899679148287795 0.8995388737932106
o 6610 0.8387302755210265 0.8500335638114542
o 6620 0.9253710442325267 0.9333639794369716
o 6630 0.9885722854206941 0.9916613172757114
o 6640 0.9931647753590979 0.9955069310599574
o 6650 0.8138140998582609 0.8257980443145221
o 6660 0.9782133933024908 0.9825439280074754
o 6670 0.9710764888902662 0.9760832729432881
o 6680 0.9631105376517531 0.9687719098620992
o 6690 0.9287989630013 0.9366149214681223
o 6700 0.8056127495779472 0.817802130082264
o 6710 0.9593503512968459 0.9652933565229934
o 6720 0.9763608357044413 0.9808771239489515
o 6730 0.9227454161645094 0.9308704799920012
o 6740 0.8373301745409171 0.8486741312289079
o 6750 0.9978468002059815 0.9990617938017794
o 6760 0.9973946521725114 0.9987544386726732
o 6770 0.9992409148798167 0.9998643624923798
o 6780 0.897110338122661 0.9063940763449057
o 6790 0.9751210522877285 0.9797573323659328
o 6800 0.9813396565460657 0.9853365758081654
o 6810 0.9764659827176314 0.9809719408159061
o 6820 0.984951302964817 0.9885236434042397
o 6830 0.979078032315462 0.9833189894732489
o 6840 0.9817421032969416 0.9856939875100651
o 6850 0.9746591923218505 0.9793393502689967
o 6860 0.9818268641156814 0.9857691968325095
o 6870 0.8145028097081161 0.8264691047935506
o 6880 0.9527407706913817 0.959145145733114
o 6890 0.9757302216022707 0.9803079544253677
o 6900 0.9581470482185518 0.964177062240277
o 6910 0.8584504969825912 0.8691467756102501
o 6920 0.9828237609057203 0.9866519475375831
o 6930 0.9617592730221549 0.9675236278023346
o 6940 0.9306885661856112 0.9384046902354811
o 6950 0.9753730728084559 0.9799852255788448
o 6960 0.9931647753590979 0.9955069310599574
o 6970 0.9872824186039596 0.9905516716030482
o 6980 0.9061406417411789 0.9150407717125415
o 6990 0.7273348106307855 0.7411062218802786
o 7000 0.9814243594904546 0.985411843102362
o 7010 0.9482140717472509 0.954913353960532
o 7020 0.995597088530767 0.9974333558587295
o 7030 0.8349158684127607 0.8463292417378192
o 7040 0.9834823058680807 0.9872331682410604
o 7050 0.986853599303661 0.990180650519338
o 7060 0.9602429440778927 0.9661204648761738
o 7070 0.9642339644268038 0.9698081058110142
o 7080 0.9864038970311344 0.9897905190541766
o 7090 0.9386883785456741 0.9459622180136107
o 7100 0.9796057618984092 0.9837910765066717
o 7110 0.9959832026584181 0.9977269996889246
o 7120 0.994764143998584 0.996786773113775
o 7130 0.8183318105765044 0.8301988271487752
o 7140 0.9781923171025078 0.9825250114948438
o 7150 0.9860188706110408 0.989455686983585
o 7160 0.9708046010024369 0.9758352529941605
o 7170 0.9339974910274631 0.9415346654270867
o 7180 0.9806201550490328 0.9846963294997287
o 7190 0.9499700554377782 0.956556785040455
o 7200 0.9469752427070779 0.9537525957123572
o 7210 0.8959670813637443 0.9052977130892099
o 7220 0.9293534320566033 0.9371402681301753
o 7230 0.9508381563519704 0.9573683946979743
o 7240 0.9267049473943351 0.9346296329974142
o 7250 0.9923290970738091 0.9948229837460756
o 7260 0.9577737587309008 0.9638304765778923
o 7270 0.991040229953649 0.9937523964205358
o 7280 0.9807259119604405 0.9847905355853821
o 7290 0.9883138763132345 0.9914398250385499
o 7300 0.9375562453103189 0.9448947277948703
o 7310 0.9936288545622289 0.9958826344391312
o 7320 0.8677847224053172 0.878169443854915
o 7330 0.9976078010658749 0.9989010690693881
o 7340 0.9879911809906673 0.9911626428272275
o 7350 0.8256279583872352 0.8373002470090307
o 7360 0.9628609920476594 0.9685415392194642
o 7370 0.9006025128113689 0.9097407410338189
o 7380 0.952513205579295 0.9589327867726725
o 7390 0.9295793477530634 0.937354277347134
o 7400 0.9459639395371696 0.95280423570491
o 7410 0.9600353263503776 0.9659281521356121
o 7420 0.9418397570294288 0.948929791096884
o 7430 0.8271079178812363 0.8387397942291887
o 7440 0.9711392412985573 0.9761404992571092
o 7450 0.9906922393703285 0.9934605292537396
o 7460 0.9609074786726854 0.966735707660265
o 7470 0.9940947906981642 0.9962564714166792
o 7480 0.9886369238706351 0.9917166540624034
o 7490 0.9285114890169455 0.9363424909950123
o 7500 0.9592880931305526 0.9652356355287497
o 7510 0.9521408729820677 0.9585852435858492
o 7520 0.9675049086636406 0.9728160606532301
o 7530 0.9400474305023385 0.9472427139693255
o 7540 0.9891761637793659 0.9921772061360322
o 7550 0.9803241287342757 0.9844324592747428
o 7560 0.9548105654872592 0.9610746600408199
o 7570 0.992922357265093 0.9953094598274574
o 7580 0.8114646216059297 0.8235083061203539
o 7590 0.9862755115086126 0.9896789518453747
o 7600 0.9848660146458931 0.9884489625759789
o 7610 0.9754570951018898 0.980061174510845
o 7620 0.9441073626240538 0.9510614307775769
o 7630 0.9558668953697999 0.9620579773234881
o 7640 0.9338741269147177 0.9414180705538249
o 7650 0.9815514364721789 0.9855247214408741
o 7660 0.9785717790666391 0.9828654182289509
o 7670 0.991323423552558 0.9939890856380003
o 7680 0.8488603845101416 0.8598600808528085
o 7690 0.9509621950860276 0.9574843146025172
o 7700 0.8914570552077566 0.9009692383764506
o 7710 0.9920880626308164 0.9946241228006638
o 7720 0.8744603318751771 0.8846116135506796
o 7730 0.9550797777140194 0.9613253579077868
o 7740 0.994451188639037 0.9965398929401226
o 7750 0.9938061226491837 0.9960252811397775
o 7760 0.9728767882121068 0.9777223621542853
o 7770 0.9635057286741219 0.9691365861676935
o 7780 0.999297246851899 0.9998877222821806
o 7790 0.9527407706913817 0.959145145733114
o 7800 0.9049549586216087 0.91390684883156
o 7810 0.9971128682824996 0.998556485750206
o 7820 0.9961429349554335 0.9978471617053387
o 7830 0.9977031051647232 0.9989656589179493
o 7840 0.9930986175276119 0.9954531192790149
o 7850 0.8457331494852551 0.856828357289499
o 7860 0.9473881239170984 0.9541395769662849
o 7870 0.9557218785650972 0.9619230425766845
o 7880 0.9929884278643608 0.9953633592455201
o 7890 0.9767604637803443 0.9812373585268428
o 7900 0.9388324947144115 0.9460980539084397
o 7910 0.9937174541966857 0.9959539923760775
o 7920 0.9401504113142743 0.9473396988975926
o 7930 0.988141729289443 0.9912920374917729
o 7940 0.9945628341288062 0.9966281894626924
o 7950 0.9884861235085958 0.9915875121429039
o 7960 0.993850483192733 0.996060899066795
o 7970 0.9963719652041643 0.9980179731941595
o 7980 0.982611503629992 0.9864642800822936
o 7990 0.8659538066509991 0.876400968822973
o 8000 0.9475739405040228 0.9543136984769967
o 8010 0.944952991683886 0.9518555201886104
o 8020 0.900214405542071 0.9093689772850587
o 8030 0.9717669552446359 0.9767125723310618
o 8040 0.9979431363013752 0.9991253358653104
o 8050 0.9893057427349855 0.9922875767895556
o 8060 0.9727091928436251 0.9775700145411619
o 8070 0.9945404942367145 0.9966105410165468
o 8080 0.9892625425935053 0.9922507937490819
o 8090 0.9754991091690025 0.9800991460527729
o 8100 0.9813396565460657 0.9853365758081654
o 8110 0.8618049637822214 0.872391192338607
o 8120 0.9548519806246425 0.9611132310731171
o 8130 0.9913452251092921 0.9940072750035274
o 8140 0.9906705095265624 0.9934422679202571
o 8150 0.9354370358604619 0.9428946419674549
o 8160 0.8063820739376028 0.8185525490822727
o 8170 0.9694878677820751 0.9746324319497729
o 8180 0.9674423369309949 0.9727586534850678
o 8190 0.9854206921093704 0.988934083933081
o 8200 0.9940281057994044 0.9962031893827343
o 8210 0.9329284664273514 0.9405240454249746
o 8220 0.9877332682027935 0.9909406529467978
o 8230 0.9184408443732289 0.9267764820801271
o 8240 0.9909966982747094 0.9937159459961112
o 8250 0.9617177125322949 0.9674852022268388
o 8260 0.9832485319930038 0.9870270254458531
o 8270 0.9556597314902473 0.9618652104131882
o 8280 0.9680055858921647 0.9732752145346109
o 8290 0.8674185121261341 0.8778157759821589
o 8300 0.9937839489956886 0.9960074655232721
o 8310 0.9763398078533922 0.9808581590219603
o 8320 0.903687749272188 0.9126944792817805
o 8330 0.9654414991411524 0.9709201651251157
o 8340 0.988507661570403 0.991605965848946
o 8350 0.978150166456659 0.9824871767130563
o 8360 0.9821448287310842 0.9860511200552328
o 8370 0.9907139714723477 0.9934787883212625
o 8380 0.9951682130791031 0.9971024818886722
o 8390 0.9772023808242002 0.9816352893847526
o 8400 0.9732749348111812 0.9780840800153016
o 8410 0.7157850751270627 0.729739822509494
o 8420 0.9861257834540738 0.989548734920843
o 8430 0.8927220341110281 0.9021838389729929
o 8440 0.9641299104396038 0.9697121947585526
o 8450 0.9958693839527202 0.9976408916037288
o 8460 0.999297246851899 0.9998877222821806
o 8470 0.998064229430307 0.9992040792410983
o 8480 0.997894911366256 0.9990936226399529
o 8490 0.9934739660801107 0.9957575963558218
o 8500 0.9937174541966857 0.9959539923760775
o 8510 0.9119088048668118 0.9205506919465729
o 8520 0.3718773125360744 0.38700332666724213
o 8530 0.9112539781033548 0.9199257362884173
o 8540 0.9825266241409605 0.9863891896369715
o 8550 0.9963031471150466 0.9979668397331242
o 8560 0.9976078010658749 0.9989010690693881
o 8570 0.9736522685527069 0.9784266177053533
o 8580 0.9896732402269077 0.9925999354561621
o 8590 0.9563848927655936 0.9625398068432541
o 8600 0.9870465021475909 0.9903476760083296
o 8610 0.9212281386289596 0.9294282616895848
o 8620 0.9830573420934342 0.9868582833761674
o 8630 0.9862969060507 0.9896975494321776
o 8640 0.9013992242262043 0.9105037648472332
o 8650 0.9849726276547562 0.988542310995679
o 8660 0.9621333622007522 0.9678694131767437
o 8670 0.9296204246412679 0.9373931868063303
o 8680 0.9597447004240282 0.9656588753776345
o 8690 0.9658581129717724 0.971303411112065
o 8700 0.9490196135431657 0.9556675437310311
o 8710 0.9243862598509544 0.9324290910661897
o 8720 0.9897597892642745 0.9926733523329196
o 8730 0.9988130027235841 0.999653867701341
o 8740 0.9902797490379132 0.9931131859476482
o 8750 0.9694669786628086 0.974613328132676
o 8760 0.992175669376121 0.9946964781883282
o 8770 0.9687987088383779 0.9740018238152359
o 8780 0.996211536534311 0.9978985135971825
o 8790 0.9874111697251932 0.9906628723383262
o 8800 0.999599491460172 0.9999830535762632
o 8810 0.9924826764449779 0.9949493369945279
o 8820 0.9965329270499892 0.9981368947272495
o 8830 0.9992130705901301 0.9998523473218889
o 8840 0.9868321721834461 0.9901620855868619
o 8850 0.9881847567826662 0.9913289936660207
o 8860 0.9931868354253945 0.9955248608293064
o 8870 0.9972299702688214 0.9986392778683405
o 8880 0.9969961710612005 0.998473284157013
o 8890 0.9953033689870637 0.9972072488231104
o 8900 0.9716204574794592 0.9765791198248183
o 8910 0.985762399054934 0.9892322524004082
o 8920 0.9496187648255017 0.956228192752981
o 8930 0.9855274447731228 0.9890272924026274
o 8940 0.9832272851597632 0.9870082798445644
o 8950 0.994764143998584 0.996786773113775
o 8960 0.9753940776533289 0.9800042135412554
o 8970 0.9933855477319553 0.9956860562216858
o 8980 0.9777919794621519 0.9821654874415168
o 8990 0.99678705109857 0.9983225759189072
o 9000 0.9921099598704722 0.9946422161123841
o 9010 0.8437638196743107 0.8549183429856351
o 9020 0.9837799946791762 0.9874953730748313
o 9030 0.9752260524276835 0.9798522962920545
o 9040 0.9869178884583377 0.9902363375040256
o 9050 0.9812761371747609 0.9852801174874855
o 9060 0.9995349878824064 0.9999681957182619
o 9070 0.9977509012387209 0.9989978077068434
o 9080 0.999442873695936 0.9999411111022777
o 9090 0.9764028929559837 0.9809150522515003
o 9100 0.9909966982747094 0.9937159459961112
o 9110 0.9724159645127236 0.9773033425833989
o 9120 0.984035301353711 0.9877199749605755
o 9130 0.9865751466801107 0.9899392062209095
o 9140 0.9837374566721117 0.9874579262965034
o 9150 0.9719762711861992 0.9769031853126422
o 9160 0.9905401774134504 0.9933326528099155
o 9170 0.8848294953719147 0.8945990016206938
o 9180 0.9876903032053846 0.9909036341132131
o 9190 0.9810432896783715 0.9850730466861483
o 9200 0.9879266828522105 0.9911071653505287
o 9210 0.9376385699401506 0.9449723757856376
o 9220 0.9991306438647708 0.9998151511351715
o 9230 0.998532952220799 0.9994945720557045
o 9240 0.9810009632809082 0.9850353879229906
o 9250 0.9719972049576548 0.9769222444311487
o 9260 0.9878192156090767 0.9910146731576699
o 9270 0.9852712845206837 0.9888035458361721
o 9280 0.4904876400063581 0.5060729396549659
o 9290 0.9500527189967484 0.9566340939243808
o 9300 0.9984578626277146 0.999449808165806
o 9310 0.9961886593866747 0.9978814063409817
o 9320 0.9261508163720208 0.9341039481690162
o 9330 0.9069993804393478 0.9158617476630257
o 9340 0.9822084430768426 0.9861074832400464
o 9350 0.90005099861465 0.9092124385187804
o 9360 0.9751420513591479 0.9797763261089357
o 9370 0.9778551768705808 0.9822222682145008
o 9380 0.9756881967246331 0.9802699937075149
o 9390 0.9952582896159897 0.9971723541024977
o 9400 0.9154298039341293 0.9239085229772598
o 9410 0.9665874714220314 0.9719738070910527
o 9420 0.9887878044503835 0.9918457155408984
o 9430 0.9815938015266759 0.9855623414829561
o 9440 0.9928783278909564 0.9952735091093126
o 9450 0.9108652098870498 0.9195546336808322
o 9460 0.9935624490461487 0.9958290715514998
o 9470 0.9764449522782082 0.9809529784806351
o 9480 0.9985832870189011 0.9995241331856756
o 9490 0.9675674832479488 0.9728734649670923
o 9500 0.9608867082858028 0.9667164850068796
o 9510 0.997136255370979 0.9985730778766523
o 9520 0.9658997807856016 0.9713417292743319
o 9530 0.7259436955086068 0.7397378024577214
o 9540 0.948771728672868 0.9554355112110781
o 9550 0.9515411241727627 0.9580251924468288
o 9560 0.8318529832812815 0.8433531474576597
o 9570 0.9871966119157449 0.9904775103190405
o 9580 0.8951914040559219 0.9045536482170009
o 9590 0.9935845800559939 0.9958469300305962
o 9600 0.9685273234634769 0.9737533008483347
o 9610 0.808467538445232 0.8205863889212899
o 9620 0.7516431858297055 0.764989717013058
o 9630 0.9690701511794361 0.9742502897607295
o 9640 0.9294561195031209 0.9372375465539964
o 9650 0.980747065465217 0.9848093746765775
o 9660 0.9736732356584376 0.9784456434521903
o 9670 0.8522525585269631 0.8631467773534267
o 9680 0.7818826313997788 0.7946201683214886
o 9690 0.9746172162769268 0.9793013406582096
o 9700 0.4516797862783625 0.46721388302536637
o 9710 0.9826963964510842 0.9865393571717801
o 9720 0.9474500613910509 0.9541976188590171
o 9730 0.9752470538936852 0.9798712876375016
o 9740 0.7847940174513452 0.7974678101785982
o 9750 0.9780026575225432 0.9823547366246178
o 9760 0.9782344700883144 0.9825628439333737
o 9770 0.2532227003562867 0.26689819647707214
o 9780 0.8963957811218076 0.9057088708423308
o 9790 0.9557633109419589 0.9619615963580624
o 9800 0.9716204574794592 0.9765791198248183
o 9810 0.9801127639515805 0.9842438978276863
o 9820 0.9294766572935018 0.9372570019375621
o 9830 0.9210231374360301 0.9292333309994307
o 9840 0.8919262967738416 0.9014198408245517
o 9850 0.7968693500033522 0.8092684469447935
o 9860 0.9457988628150837 0.9526493673999353
o 9870 0.9247760450695897 0.9327991763215877
o 9880 0.8924567789472129 0.9019291823106292
o 9890 0.6937896700138713 0.7080625926172252
o 9900 0.9434475241951542 0.9504414888504636
o 9910 0.9396561323239699 0.9468741423209034
o 9920 0.9790569313470829 0.9833000977647625
o 9930 0.9908879106251846 0.9936247782402114
o 9940 0.8331510724298066 0.8446146257547673
o 9950 0.9837587252117892 0.9874766501503918
o 9960 0.8753562027038614 0.8854754447305067
o 9970 0.8726484958911381 0.8828640522345172
o 9980 0.7673528669849491 0.7803947857526247
o 9990 0.9794368450506541 0.983640052102083
