
x disttype general-gaussian
x k 380
x std 1.0
x N 100000
x alpha 0.001

o 0 0.9856641505292507 0.9880418771714857
o 10 0.9868141521797831 0.989091689374042
o 20 0.8247093350445757 0.8325609373685576
o 30 0.973705651924541 0.9769422397782058
o 40 0.934739299766032 0.9397944689310687
o 50 0.9659327809369025 0.9696162933308704
o 60 0.9922487863398568 0.9939761264722183
o 70 0.9923125195972131 0.9940323814886113
o 80 0.702836253563706 0.7123123469738392
o 90 0.9515660013626617 0.9559452402334891
o 100 0.9066816409548223 0.9126563346065852
o 110 0.9265037221047415 0.9318512817968869
o 120 0.8659214902295564 0.8729425970265686
o 130 0.9830372846798782 0.985629161411071
o 140 0.9205650146596255 0.926110879664898
o 150 0.879044479068729 0.885757639992671
o 160 0.8926467624648303 0.8990133170746977
o 170 0.8350541981125906 0.8427145211187316
o 180 0.9646487724752413 0.9684004962112972
o 190 0.930869552358289 0.9360647968143149
o 200 0.959099207351781 0.9631308996883963
o 210 0.8903769536469809 0.8968034661934347
o 220 0.9126506153690307 0.9184464654210595
o 230 0.8986072246712669 0.9048119612970514
o 240 0.9289457790213081 0.9342088586710207
o 250 0.6827683008473434 0.692423322596601
o 260 0.9609135947335619 0.9648562385130494
o 270 0.9606675071389218 0.9646223632578574
o 280 0.9662410513684677 0.9699079761918133
o 290 0.6782198307620062 0.6879124780159204
o 300 0.4598877186056993 0.4702775625949829
o 310 0.8489199758674639 0.8563066622031661
o 320 0.24208939726544068 0.2510689405162594
o 330 0.975006315604528 0.9781613768867155
o 340 0.4426547164200293 0.4530131736540042
o 350 0.9450177615735612 0.9496744642678135
o 360 0.9850899686018624 0.9875161512756981
o 370 0.9507686046619427 0.955182756866789
o 380 0.9871281979594274 0.9893775923559835
o 390 0.9807200471704912 0.9834867624196383
o 400 0.9509321594751775 0.9553391774561159
o 410 0.9897427996736325 0.9917425549756701
o 420 0.6401353773137012 0.6501026723666461
o 430 0.9772078313447755 0.9802195226799614
o 440 0.9984528651741528 0.9991703551211992
o 450 0.845020743072951 0.8524864801713782
o 460 0.6961859208253663 0.7057236813292195
o 470 0.9425175591904272 0.9472750421296626
o 480 0.9536932400240516 0.9579776814936806
o 490 0.8998443376150633 0.9060146628974872
o 500 0.9944268092026589 0.9958776794211459
o 510 0.9272158950856211 0.9325390020231935
o 520 0.8877530415116525 0.8942477717338569
o 530 0.6875282013312349 0.6971427049933216
o 540 0.9018321441247072 0.9079465583995638
o 550 0.6346288226681752 0.6446300574545399
o 560 0.7945001611212145 0.8028546492817882
o 570 0.9386014916659315 0.9435116975076763
o 580 0.961775077505199 0.9656746256486091
o 590 0.9815714196035794 0.9842752569175828
o 600 0.9766596900473268 0.9797077484184182
o 610 0.7298621877100457 0.7390623439276113
o 620 0.9391723952029585 0.9440607082875616
o 630 0.8642528802086973 0.8713114573493516
o 640 0.9629344221243666 0.9667751058506154
o 650 0.9123358233840035 0.9181413045949984
o 660 0.9247236179017 0.9301316529190644
o 670 0.9079908216037467 0.9139269577072638
o 680 0.9881134587497076 0.9902721694818135
o 690 0.9773112812611341 0.9803160568134548
o 700 0.9711075722862387 0.97450071600275
o 710 0.9521590479864681 0.9565121043958028
o 720 0.5222181300917055 0.5326177229914386
o 730 0.92810113122603 0.9333936331338699
o 740 0.18495466085292075 0.19311238999788782
o 750 0.9799420131147288 0.9827649176603618
o 760 0.5874252763828659 0.5976607263311833
o 770 0.9632217747291241 0.9670477098063678
o 780 0.9145599277243208 0.9202968668475614
o 790 0.9647001191331603 0.9684491417824994
o 800 0.7408334580254711 0.7499094225378982
o 810 0.8566402225164896 0.8638652571166917
o 820 0.9883128524755296 0.9904527426801825
o 830 0.6477494447365426 0.65766745682336
o 840 0.9583204992883126 0.9623897251851454
o 850 0.9767630947061076 0.9798043278393007
o 860 0.996442015515263 0.9975819971887405
o 870 0.8526887138867024 0.859997358649495
o 880 0.9698717771744297 0.9733366992307974
o 890 0.7995188891064434 0.8077951671462362
o 900 0.6646779442329703 0.6744764053413826
o 910 0.941497451171834 0.9462953033078586
o 920 0.9425481657878564 0.9473044309365953
o 930 0.7602712551855773 0.7691087012044323
o 940 0.8411526483803944 0.8486951554224991
o 950 0.6359326784276988 0.6459260050522223
o 960 0.6504683732864692 0.660368118331934
o 970 0.9344744460166148 0.9395393624146624
o 980 0.9801598013984576 0.9829670954922562
o 990 0.689335913815589 0.6989347201810032
o 1000 0.8024116739289611 0.8106419476763922
o 1010 0.9511468358852085 0.955544468758728
o 1020 0.9371541215950991 0.9421192847816957
o 1030 0.9703762917046128 0.9738121079382225
o 1040 0.9655834591937306 0.969285667986695
o 1050 0.6091413010735601 0.6192814240382929
o 1060 0.9925569886424028 0.9942478671648972
o 1070 0.9686368009080741 0.9721718632056024
o 1080 0.8270604368557323 0.8348694825253478
o 1090 0.857145598647542 0.8643598051608838
o 1100 0.9923125195972131 0.9940323814886113
o 1110 0.9803361407457692 0.9831307286881836
o 1120 0.9131177475082398 0.9188992632561263
o 1130 0.9047232865165037 0.9107549826096965
o 1140 0.9478564306416873 0.9523953686960969
o 1150 0.9310833415992326 0.9362709755081133
o 1160 0.9150170088994808 0.9207397171522262
o 1170 0.9616007074160828 0.9655090220746395
o 1180 0.9813636955853982 0.9840830134504033
o 1190 0.9635502182250056 0.9673592166490405
o 1200 0.5843295587665827 0.5945769113017645
o 1210 0.9907554313563507 0.9926497485966895
o 1220 0.9694497373730925 0.9729388032096462
o 1230 0.9503801900712653 0.9548112298681214
o 1240 0.9391825904818945 0.9440705114784207
o 1250 0.8713533554940053 0.8782499170165218
o 1260 0.07928980541129473 0.08501346396888632
o 1270 0.32475654899445855 0.33454921791546743
o 1280 0.9697688319045062 0.9732396601581418
o 1290 0.6733104874998199 0.6830425610607693
o 1300 0.8674992554278594 0.8744845951627478
o 1310 0.8310266394262447 0.8387626844547621
o 1320 0.7235586117838673 0.7328268686705242
o 1330 0.9147935438222236 0.9205232157287206
o 1340 0.9318672994547914 0.9370269000668994
o 1350 0.9784601754412429 0.9813869851783525
o 1360 0.960585482838005 0.9645443999403066
o 1370 0.8827195670697194 0.8893420008994904
o 1380 0.8247698751095001 0.8326203882128667
o 1390 0.9939441299796093 0.995460457786807
o 1400 0.9714887823838446 0.9748594478133447
o 1410 0.8605522462055841 0.8676926465067092
o 1420 0.9771354215627724 0.9801519436236292
o 1430 0.9803361407457692 0.9831307286881836
o 1440 0.5413414322225847 0.551711530695226
o 1450 0.9875996210420989 0.9898060919865732
o 1460 0.91827827149638 0.923897965654004
o 1470 0.791185126444975 0.7995901821513806
o 1480 0.9779632188828316 0.9809240185686935
o 1490 0.866821605059137 0.8738223471782309
o 1500 0.030383706669129158 0.03406721906309773
o 1510 0.9101021449379366 0.915975317878797
o 1520 0.906265583447929 0.9122524544819425
o 1530 0.16838039094557244 0.17624919270658446
o 1540 0.9405387444878583 0.9453741539138609
o 1550 0.934820795706607 0.939872960764051
o 1560 0.9741081159379699 0.977319714175928
o 1570 0.7408636315970447 0.7499392444260404
o 1580 0.871515229982875 0.8784080182491198
o 1590 0.9719113032003077 0.9752568625727727
o 1600 0.8302091143244632 0.8379603322977023
o 1610 0.9961032765663257 0.997300826424832
o 1620 0.921164764170287 0.9266910402376247
o 1630 0.9701600542596254 0.9736083782899204
o 1640 0.6503178744419925 0.6602186398669866
o 1650 0.9655731858437259 0.9692759428925701
o 1660 0.7359155419775966 0.7450480786349974
o 1670 0.7838814621839351 0.7923949441746573
o 1680 0.8554273833331576 0.8626782782738698
o 1690 0.9199449852243944 0.9255110020558195
o 1700 0.9743971313054812 0.9775906545518722
o 1710 0.9670735986891309 0.9706953026644578
o 1720 0.9890061790593119 0.99107930026033
o 1730 0.6746557271143132 0.6843771187260828
o 1740 0.7882936382209268 0.7967421049507826
o 1750 0.6842745346264987 0.6939168618825529
o 1760 0.9613955807680908 0.9653141797015469
o 1770 0.9656348266425424 0.9693342927580558
o 1780 0.9696761859967795 0.9731523201550523
o 1790 0.1710956231709555 0.17901354535931846
o 1800 0.7563062332313678 0.765194319537748
o 1810 0.955678468465899 0.9598721541473308
o 1820 0.9765769723407169 0.9796304788573186
o 1830 0.9719834514448491 0.9753247033234218
o 1840 0.9889956657189476 0.9910698153674722
o 1850 0.5491791021195593 0.5595326765904267
o 1860 0.842505883773218 0.8500217169173372
o 1870 0.9962014728427425 0.997382604575275
o 1880 0.7489310594837435 0.7579106027345569
o 1890 0.9984990110277941 0.9992041792094797
o 1900 0.9251813147716113 0.9305738874211724
o 1910 0.8154487249689342 0.8234629381890974
o 1920 0.8164674009312481 0.8244641092272066
o 1930 0.8814741718190727 0.888127582896925
o 1940 0.9255881819802816 0.9309669592050313
o 1950 0.9855075038578677 0.9878985490366478
o 1960 0.9465900296317665 0.9511819600079432
o 1970 0.6806697130871107 0.690342226550025
o 1980 0.9226796034157982 0.9281559738756957
o 1990 0.9535295612635923 0.9578213848895081
o 2000 0.913737245170827 0.9194996727269997
o 2010 0.9420176792326919 0.946794997142342
o 2020 0.9357886500526844 0.940804961209173
o 2030 0.9529772016515136 0.9572938276284526
o 2040 0.8055064315314396 0.8136867251152374
o 2050 0.9572654669944853 0.9613849165182582
o 2060 0.996507750747265 0.9976362437091827
o 2070 0.25842192186039625 0.2675939293697036
o 2080 0.9528544667443504 0.9571765810046304
o 2090 0.6655912996518757 0.6753829122591816
o 2100 0.8999660288769588 0.9061329533928959
o 2110 0.7571515239405179 0.7660289016836592
o 2120 0.9284369418260672 0.9337177721746289
o 2130 0.23687236638502202 0.24578676601519223
o 2140 0.9966943338088791 0.997789607369149
o 2150 0.9762668280949445 0.9793406708189242
o 2160 0.9604316938340108 0.9643982121572863
o 2170 0.9962888573233785 0.99745519694004
o 2180 0.9137067770049517 0.9194701454602604
o 2190 0.9508401590263944 0.9552511917412333
o 2200 0.8749049044952336 0.8817178353601356
o 2210 0.8972485975425533 0.9034907921006002
o 2220 0.9950836902377733 0.996440656462159
o 2230 0.9610058832933962 0.96494393601968
o 2240 0.9947279302940302 0.9961364944014218
o 2250 0.9018727156898716 0.9079859807524306
o 2260 0.9558934352133779 0.9600771550210541
o 2270 0.9614058367265631 0.9653239221942969
o 2280 0.6384000837554571 0.6483782276139035
o 2290 0.8727091113798455 0.8795739577917941
o 2300 0.9700467971924169 0.973501652588842
o 2310 0.9035058591704951 0.9095725924537719
o 2320 0.746566948842174 0.7555750690506193
o 2330 0.9049566443303451 0.9109815898144906
o 2340 0.9900483891030962 0.9920169132681123
o 2350 0.9561391289114515 0.960311424312777
o 2360 0.946794262173075 0.9513776967798038
o 2370 0.9409466819954809 0.9457661551683881
o 2380 0.7928476277334726 0.8012274310120142
o 2390 0.9708500449075799 0.9742582826081181
o 2400 0.9000370161142054 0.9062019555139778
o 2410 0.9651212042332669 0.9688479929428542
o 2420 0.959939626003212 0.9639303542482718
o 2430 0.6349497680889669 0.6449490636294588
o 2440 0.9640018996317081 0.9677874669285804
o 2450 0.8335702650323024 0.8412586769717132
o 2460 0.8599658872216331 0.8671190934584214
o 2470 0.9840472695058005 0.9865590166660986
o 2480 0.8064742561213762 0.8146387551260529
o 2490 0.8991243604478769 0.9053147479962217
o 2500 0.7315312747412297 0.7407130056874922
o 2510 0.9083765072937703 0.9143012142016905
o 2520 0.9242659512111945 0.929689388232023
o 2530 0.8644146767905176 0.8714696364965789
o 2540 0.9684310477033498 0.9719776476582682
o 2550 0.8674385690592203 0.8744252906341841
o 2560 0.7135476539320584 0.7229193336528449
o 2570 0.8627866765034455 0.8698778810026273
o 2580 0.945375045727934 0.9500171264444447
o 2590 0.9619289430237341 0.9658207368879096
o 2600 0.9858626267517625 0.9882233689752026
o 2610 0.691836724865222 0.7014135324071782
o 2620 0.9899008311932278 0.9918844964652167
o 2630 0.9043783331892656 0.9104199876469982
o 2640 0.9131482135418814 0.9189287926554388
o 2650 0.687608542284772 0.6972223519363829
o 2660 0.9205650146596255 0.926110879664898
o 2670 0.8989316990121532 0.9051274383139454
o 2680 0.8977048333720445 0.9039344878754247
o 2690 0.8323185990167581 0.8400305308978973
o 2700 0.9127216990377712 0.9185153710964749
o 2710 0.7800843536800117 0.788652623473784
o 2720 0.6017644972061483 0.6119393411260381
o 2730 0.5539744340741284 0.5643166201929204
o 2740 0.8154588106404764 0.8234728510026903
o 2750 0.9037696221114311 0.9098287899734446
o 2760 0.6170807485527428 0.6271807786176826
o 2770 0.7901776024693208 0.7985978575489706
o 2780 0.8114954909263004 0.8195767660239229
o 2790 0.9779735699755269 0.9809336658768368
o 2800 0.9259849008431651 0.9313501808553872
o 2810 0.5435034186982307 0.553869217542301
o 2820 0.8063734392048781 0.8145395871884868
o 2830 0.9935376237540522 0.9951070448443776
o 2840 0.9346679917764787 0.939725787618581
o 2850 0.8770099568805213 0.8837724672824431
o 2860 0.9119499651200279 0.9177672207010047
o 2870 0.9288541853544771 0.9341204660740042
o 2880 0.9729216658099193 0.9762063457391735
o 2890 0.9641867026015682 0.9679626360022517
o 2900 0.961067410739597 0.9650023992838355
o 2910 0.9576341747339289 0.9617361532066729
o 2920 0.7523014852554449 0.7612396699249016
o 2930 0.6630921674863718 0.672902421106734
o 2940 0.9667446527755851 0.9703842984545878
o 2950 0.9760394356763136 0.9791280981992361
o 2960 0.9619186850426092 0.9658109964186781
o 2970 0.5750837195633105 0.5853641465045082
o 2980 0.9896269525105884 0.9916384218669303
o 2990 0.8531838645588992 0.8604821336793478
o 3000 0.9337512538345014 0.9388426630881765
o 3010 0.8833271213553979 0.8899343555128029
o 3020 0.9595911298490768 0.9635989029842282
o 3030 0.4526241188428996 0.46300226186158144
o 3040 0.9473661656096609 0.951925707405845
o 3050 0.9733342409342381 0.9765937075656183
o 3060 0.11877611484709998 0.1256010694150208
o 3070 0.9631294078035683 0.9669600906960443
o 3080 0.9702836153823818 0.973724798364908
o 3090 0.9562619827721008 0.9604285519447193
o 3100 0.7263634073299108 0.7356016509287835
o 3110 0.8318643849313344 0.8395848131753335
o 3120 0.9812598513022636 0.9839868739763205
o 3130 0.64285381248862 0.6528038272597585
o 3140 0.979102400877825 0.9819846602716146
o 3150 0.8776577312377832 0.8844045957820436
o 3160 0.4950723542703837 0.5054876033833979
o 3170 0.9943623649623278 0.9958221371222351
o 3180 0.9626060591560943 0.966463518447958
o 3190 0.9405897348440441 0.9454231559033867
o 3200 0.9845475685442976 0.987018638002575
o 3210 0.9449258931420823 0.9495863464986506
o 3220 0.9886593773454145 0.990766160082559
o 3230 0.9757500832936209 0.978857495043196
o 3240 0.46741225760538707 0.47781188477436565
o 3250 0.8230647300034296 0.8309457893697134
o 3260 0.8718895717929174 0.8787736202941971
o 3270 0.979579135456275 0.9824278517147044
o 3280 0.7530158616034844 0.7619451861131592
o 3290 0.9551462303959425 0.9593644723734347
o 3300 0.8408093058535939 0.8483585494840216
o 3310 0.9833078715234782 0.9858785318241305
o 3320 0.9617648201232514 0.9656648845799503
o 3330 0.5222081251342404 0.5326077294612324
o 3340 0.9639916332147535 0.9677777348984965
o 3350 0.9653471838836888 0.969061979077347
o 3360 0.9634065188434983 0.9672229377596201
o 3370 0.91700815084562 0.9226682767134591
o 3380 0.9661588417265863 0.9698301982908608
o 3390 0.966611032877669 0.9702579386084047
o 3400 0.9899640629040409 0.9919412539285691
o 3410 0.8058794425545606 0.8140536580531543
o 3420 0.93941708748173 0.9442959792829326
o 3430 0.9060017516721938 0.9119963258069856
o 3440 0.9026030321654294 0.9086955547976827
o 3450 0.8696841314701828 0.8766193914024294
o 3460 0.7115176678766262 0.7209096253598491
o 3470 0.9544401224753322 0.9586906866121172
o 3480 0.9706440499051742 0.9740643089779912
o 3490 0.48995298436835266 0.5003677476169364
o 3500 0.9863747905309177 0.9886911224021943
o 3510 0.9451096318974892 0.9497625801440156
o 3520 0.07682014776481673 0.08246350388187496
o 3530 0.8876821330532847 0.8941786908238151
o 3540 0.9945235285552766 0.995960939724957
o 3550 0.6367751910125001 0.6467633654054905
o 3560 0.9936872804988132 0.9952373585952926
o 3570 0.9750269704614826 0.9781807188620684
o 3580 0.6162486436456516 0.6263530090676774
o 3590 0.9450994239900977 0.9497527895847219
o 3600 0.9204735316870343 0.926022376352777
o 3610 0.9338734771358136 0.9389604214516631
o 3620 0.9845267156430171 0.9869994942285958
o 3630 0.9863957047382661 0.9887102048047752
o 3640 0.773186451697046 0.7818515625108671
o 3650 0.9855597150430538 0.9879463294582346
o 3660 0.9946203131124693 0.996044134633569
o 3670 0.961580194041117 0.9654895385477372
o 3680 0.9865212061281786 0.9888246830560037
o 3690 0.8974817822866626 0.9037175723990623
o 3700 0.9285895887640065 0.9338651023450737
o 3710 0.6456326156022663 0.6555646051348144
o 3720 0.953273828488424 0.9575771561527798
o 3730 0.47121994625605634 0.48162361990901115
o 3740 0.9792267459445443 0.9821002959212363
o 3750 0.8952920737350805 0.9015876092205244
o 3760 0.9447421619381526 0.949410105299826
o 3770 0.9625239750203977 0.9663856149882891
o 3780 0.43228797454605933 0.44262148540725466
o 3790 0.9907659956809195 0.9926591824260114
o 3800 0.8720109820675025 0.8788921918101222
o 3810 0.8437178208225373 0.851209597969676
o 3820 0.9437930029783692 0.9484994068145721
o 3830 0.9966503860977012 0.9977535678378251
o 3840 0.9407733044547699 0.9455995587361501
o 3850 0.6836820756443496 0.693329410125998
o 3860 0.8965592116812137 0.9028202813105232
o 3870 0.9851630177537458 0.9875830904222006
o 3880 0.8921806040668334 0.8985595453605189
o 3890 0.9815090974007527 0.9842175888789252
o 3900 0.9511979511170516 0.9555933458388649
o 3910 0.9925357203004133 0.9942291394654819
o 3920 0.9954513250978932 0.9967529376525528
o 3930 0.9699953190030302 0.9734531386096559
o 3940 0.9874529093144931 0.9896728278165302
o 3950 0.7146631909065816 0.7240236287195636
o 3960 0.9804398843987499 0.9832269688728152
o 3970 0.8286750824797242 0.8364545944652039
o 3980 0.996507750747265 0.9976362437091827
o 3990 0.9501859974930352 0.9546254516473143
o 4000 0.5421721839008069 0.552540653488234
o 4010 0.9710045568234563 0.9744037471585395
o 4020 0.9820077971319816 0.9846788109772396
o 4030 0.7784730100053983 0.7870642093876462
o 4040 0.9349837911008575 0.9400299409161619
o 4050 0.9411404641013249 0.945952343971689
o 4060 0.8860209688577523 0.892560104088437
o 4070 0.9966503860977012 0.9977535678378251
o 4080 0.9437419785141707 0.9484504389415348
o 4090 0.9452219204255748 0.9498702747487181
o 4100 0.933863291762307 0.9389506083531708
o 4110 0.9173434427897715 0.9229929345047396
o 4120 0.9092900388318009 0.9151875457223995
o 4130 0.9808964876761089 0.9836502943778541
o 4140 0.6296645039271999 0.639695124944077
o 4150 0.9992342708494422 0.9997081631039612
o 4160 0.9600831368736726 0.9640668217219618
o 4170 0.9563438879558697 0.9605066344218036
o 4180 0.8978062217871514 0.9040330842610029
o 4190 0.9644228604366426 0.9681864424363414
o 4200 0.9802324079465607 0.9830344776413584
o 4210 0.9326411758377667 0.937772907604497
o 4220 0.9621135935523337 0.9659960584641265
o 4230 0.9182579479444896 0.923878292252708
o 4240 0.967351186399779 0.9709576728524639
o 4250 0.9820805478317193 0.9847460488576679
o 4260 0.9558729615788498 0.9600576317395018
o 4270 0.9100107793021928 0.9158866972106166
o 4280 0.890964628777981 0.8973757029541334
o 4290 0.9528237836759741 0.9571472686900775
o 4300 0.4384498181055379 0.44879870869031724
o 4310 0.9616109641628724 0.9655187637787752
o 4320 0.9974242629841317 0.9983794418843119
o 4330 0.7624351318408173 0.7712444991042128
o 4340 0.8727394656124672 0.8796035990066217
o 4350 0.807109412647817 0.8152635031801471
o 4360 0.5146249682540127 0.5250320327204244
o 4370 0.7235083487348566 0.7327771392856486
o 4380 0.5693247853635871 0.5796239503588199
o 4390 0.9522613070846674 0.9566098299128187
o 4400 0.6560271807092156 0.6658884728621939
o 4410 0.8427886619159569 0.8502988963322317
o 4420 0.8603803801171079 0.8675245383790608
o 4430 0.9938477665821225 0.995376840547924
o 4440 0.8910355571160566 0.8974447639820783
o 4450 0.9781702581548242 0.9811169473015325
o 4460 0.9194571289928662 0.9250389314265621
o 4470 0.9830997195453781 0.9856867166892577
o 4480 0.8741560696911065 0.8809867824696804
o 4490 0.9602574099206753 0.964232522374751
o 4500 0.2511343613646463 0.26022259916336066
o 4510 0.9946848733082468 0.996099560637897
o 4520 0.9136255291041508 0.9193914055406619
o 4530 0.957460057255533 0.9615702969293657
o 4540 0.8014440141203174 0.8096897528745297
o 4550 0.9395292420148423 0.9444038079161912
o 4560 0.9290780832976429 0.9343365345531573
o 4570 0.8560135777769297 0.8632519958770674
o 4580 0.9564565110050159 0.9606139944051261
o 4590 0.9107924936171525 0.9166448657137792
o 4600 0.9877463761063855 0.9899393127656472
o 4610 0.9133614788546452 0.9191354953729163
o 4620 0.812221543269466 0.8202906046201144
o 4630 0.7036902354952637 0.7131582364333053
o 4640 0.8610476353977131 0.868177182995406
o 4650 0.9915593666958371 0.9933656711178006
o 4660 0.8537396632468832 0.8610262515941689
o 4670 0.9756777549032234 0.9787898345428501
o 4680 0.9924187792831423 0.9941261021815445
o 4690 0.3618702155638314 0.3719099180851482
o 4700 0.910437160339017 0.9163002522577364
o 4710 0.940956880863736 0.9457759547690973
o 4720 0.960585482838005 0.9645443999403066
o 4730 0.9884388303112381 0.9905667438946995
o 4740 0.4122201933409145 0.42249230660436865
o 4750 0.8827803211814603 0.8894012376777811
o 4760 0.951576225498624 0.9559550145596111
o 4770 0.968451622066613 0.9719970701706391
o 4780 0.9595603822324216 0.9635696552397501
o 4790 0.9706852470065702 0.9741031056040571
o 4800 0.9924612965088898 0.9941635770795604
o 4810 0.9375515994787323 0.9425017472526963
o 4820 0.9259340381568443 0.9313010511685306
o 4830 0.8152570980780072 0.8232745938617588
o 4840 0.9157788675353352 0.9214777443068237
o 4850 0.9382447087348078 0.9431685339832946
o 4860 0.5438337308572643 0.5541988554742467
o 4870 0.996387280815993 0.9975367468894076
o 4880 0.6882311904203016 0.6978396099991055
o 4890 0.5260902056352105 0.5364850621579766
o 4900 0.8075328598977431 0.8156799923167253
o 4910 0.8626046747335453 0.8696999100754476
o 4920 0.9968483856780137 0.9979155096722022
o 4930 0.962647102211165 0.9665024691902415
o 4940 0.975574435300477 0.9786931700118142
o 4950 0.5143748845640574 0.5247821542195881
o 4960 0.9911359726350916 0.9929891404691831
o 4970 0.954481052239401 0.9587297506860157
o 4980 0.9410486716270554 0.9458641502260889
o 4990 0.49916224288185845 0.5095770962141192
o 5000 0.9704380785413499 0.9738703116972072
o 5010 0.9927165647074193 0.9943882612744163
o 5020 0.8147225686138352 0.822749203611375
o 5030 0.9845162894277307 0.9869899221059715
o 5040 0.9018930015343486 0.9080056918669825
o 5050 0.9115641241403143 0.917393119520039
o 5060 0.8994285700170663 0.9056104928230106
o 5070 0.9430072885127274 0.9477452392713805
o 5080 0.9568251234055096 0.9609653264651984
o 5090 0.9441808074479924 0.9488715441028849
o 5100 0.8862843089326837 0.8928167245287906
o 5110 0.9638273764516856 0.9676220165066236
o 5120 0.9912100220754281 0.9930550779335635
o 5130 0.8926467624648303 0.8990133170746977
o 5140 0.7146028907084867 0.7239639379965344
o 5150 0.9948033130735459 0.9962010953324718
o 5160 0.9805021358369524 0.9832847077330756
o 5170 0.9588225375281199 0.9628676112401647
o 5180 0.9654601820614186 0.9691689637884793
o 5190 0.9416810546955786 0.9464716722193308
o 5200 0.844000617703592 0.851486758644719
o 5210 0.6674481851049081 0.6772257469396523
o 5220 0.9019234303783724 0.9080352584614381
o 5230 0.9901116468344168 0.992073644670187
o 5240 0.9412934553712285 0.9460993297340151
o 5250 0.913056815770074 0.9188402041282353
o 5260 0.8409304848459805 0.8484773523030196
o 5270 0.9923443925367305 0.9940605026730184
o 5280 0.9953214362620237 0.9966428565803729
o 5290 0.9950405145872481 0.9964038417361176
o 5300 0.9672997785109173 0.9709090885391382
o 5310 0.9821429104534414 0.984803676443354
o 5320 0.9924187792831423 0.9941261021815445
o 5330 0.9489801752687672 0.9534714551624053
o 5340 0.9992589602564742 0.9997234309807892
o 5350 0.9640018996317081 0.9677874669285804
o 5360 0.8422837039964239 0.849803930041469
o 5370 0.9764218909586814 0.9794855841031952
o 5380 0.8381940500211457 0.8457941978741315
o 5390 0.9952133100199361 0.9965510075042034
o 5400 0.9631088822828932 0.9669406193197347
o 5410 0.9342809068083818 0.9393529306577634
o 5420 0.9026943255105997 0.9087842477671318
o 5430 0.9983608843737154 0.9991023926489613
o 5440 0.832510381415087 0.8402187197072235
o 5450 0.8848461361067016 0.8914151129942517
o 5460 0.9519647635754721 0.9563264180351686
o 5470 0.9962342309085002 0.9974098378746368
o 5480 0.9488269190290828 0.9533247344400181
o 5490 0.9683076059673066 0.9718611081382266
o 5500 0.9826939797993675 0.9853125204231118
o 5510 0.9528442390256455 0.9571668102623596
o 5520 0.9797968467705676 0.982630106574411
o 5530 0.9352792322393045 0.9403144554528338
o 5540 0.9842139966988258 0.9867122629697139
o 5550 0.983484844557453 0.9860415307958865
o 5560 0.7919407954175587 0.8003343996109678
o 5570 0.9749650067942487 0.9781226920318423
o 5580 0.9542457128014864 0.9585051255536761
o 5590 0.9723030026086132 0.9756251034036473
o 5600 0.2933207884406106 0.30284975465220276
o 5610 0.9160125184916171 0.9217040583239772
o 5620 0.6300756681709938 0.640103898683061
o 5630 0.9394476748376701 0.9443253873360051
o 5640 0.8914003383583103 0.8977999280497634
o 5650 0.9817895814465256 0.9844770608913465
o 5660 0.9844328853333953 0.986913339491746
o 5670 0.9271955462284361 0.9325193539318954
o 5680 0.9166525536413493 0.9223239272259518
o 5690 0.9641045661993674 0.9678847848302837
o 5700 0.9519749888142603 0.956336191258147
o 5710 0.910731578320404 0.9165857901419755
o 5720 0.4929325512749039 0.5033477300252944
o 5730 0.7986118147207001 0.8069023778284
o 5740 0.9376535216374903 0.9425998097991729
o 5750 0.9901538249473895 0.9921114593028499
o 5760 0.959468141359667 0.9634819100282102
o 5770 0.9725710610179471 0.9758770040761694
o 5780 0.8907518463901906 0.8971685172435744
o 5790 0.9562824588719906 0.9604480727601352
o 5800 0.9259238656652647 0.9312912251853575
o 5810 0.9799731228656842 0.9827938030709727
o 5820 0.9920364611784852 0.9937884904800283
o 5830 0.9875786595891913 0.9897870568859541
o 5840 0.9543684965713132 0.9586223232994222
o 5850 0.9909879285047208 0.9928572106934016
o 5860 0.9874214766493972 0.9896442656395198
o 5870 0.9081532135905899 0.9140845413772881
o 5880 0.9784291093599787 0.9813580560660518
o 5890 0.8932142857233624 0.8995657087320962
o 5900 0.9529362895470678 0.9572547458894176
o 5910 0.8965490739859272 0.9028104205255891
o 5920 0.9866258119673869 0.9889200602265591
o 5930 0.9966833441616475 0.9977806002191207
o 5940 0.9522306290542496 0.9565805125587634
o 5950 0.8521834730214332 0.8595026753277576
o 5960 0.896275359836204 0.9025441757091262
o 5970 0.9603291725649811 0.9643007488998354
o 5980 0.9867827576614204 0.9890630890043106
o 5990 0.9943731037345706 0.9958313961120484
o 6000 0.8313698080372869 0.8390994643219958
o 6010 0.9776216836076903 0.9806056065811295
o 6020 0.8877023925698837 0.8941984282696944
o 6030 0.7836095028355232 0.7921269444032064
o 6040 0.9802324079465607 0.9830344776413584
o 6050 0.9409772786634762 0.9457955539072156
o 6060 0.9790195120867772 0.9819075619126436
o 6070 0.9322847729787446 0.9374293639238002
o 6080 0.940344985885736 0.9451879416011812
o 6090 0.9577775730194186 0.961872733305674
o 6100 0.983484844557453 0.9860415307958865
o 6110 0.9390908336978319 0.9439822820340326
o 6120 0.9810521976880852 0.9837945600475366
o 6130 0.9984759245855118 0.9991872808319237
o 6140 0.998661438417265 0.9993216358773404
o 6150 0.9796309673578661 0.9824760117624086
o 6160 0.8491422378807754 0.8565243668358905
o 6170 0.9727566657999485 0.9760513709520963
o 6180 0.9950944865363048 0.9964498577499777
o 6190 0.9447421619381526 0.949410105299826
o 6200 0.9561800796773454 0.9603504673779871
o 6210 0.9221915671406633 0.9276840833220121
o 6220 0.9579619521502529 0.9620483263799859
o 6230 0.9429052573773874 0.9476472857277343
o 6240 0.9941584716455368 0.9956460725581486
o 6250 0.9702012403754203 0.9736471859071578
o 6260 0.9378471791120251 0.9427861232633343
o 6270 0.9890061790593119 0.99107930026033
o 6280 0.997692438742789 0.9985911633173263
o 6290 0.916683032780307 0.9223534435178624
o 6300 0.9467125679834105 0.9512994032445004
o 6310 0.9630986195855064 0.9669308835685236
o 6320 0.9744487471575196 0.9776390307933702
o 6330 0.9981438982898482 0.9989394985991623
o 6340 0.9970359738317937 0.9980678631245689
o 6350 0.9867199740240318 0.9890058828592505
o 6360 0.9962779290434433 0.9974461281369791
o 6370 0.8677723471661587 0.8747514624614041
o 6380 0.970510165845342 0.9739382134201711
o 6390 0.8267778869191931 0.8345920748873585
o 6400 0.8198767785222667 0.8278142195956063
o 6410 0.9232795266686288 0.9287359606750304
o 6420 0.9063366163467715 0.9123214109349991
o 6430 0.9762461544357 0.9793213476574937
o 6440 0.9861761434096459 0.9885098016863892
o 6450 0.9855075038578677 0.9878985490366478
o 6460 0.8724156905054157 0.8792874226735636
o 6470 0.9837035149885991 0.9862428257307411
o 6480 0.9545117498855873 0.958759048418165
o 6490 0.9342707207152344 0.939343118279037
o 6500 0.9759980957931667 0.9790894444363964
o 6510 0.9980077756167581 0.9988356884475422
o 6520 0.9590787123931035 0.9631113977383751
o 6530 0.8981813674162974 0.9043978823929478
o 6540 0.9509526043224562 0.9553587295340193
o 6550 0.9852882639878426 0.987697824108316
o 6560 0.2766031290174411 0.2859699560282881
o 6570 0.7317826505122437 0.740961592083617
o 6580 0.9687499742805168 0.9722786726424661
o 6590 0.9513308539742199 0.9557204229919116
o 6600 0.8578026110618352 0.8650026941722778
o 6610 0.7750290804238607 0.7836686567398512
o 6620 0.9018524298866494 0.9079662695966226
o 6630 0.9810625792709816 0.9838041768426541
o 6640 0.9893637940310992 0.99140162498755
o 6650 0.7555414667704048 0.7644392010336765
o 6660 0.9693571070812909 0.9728514475829934
o 6670 0.951842062926235 0.9562091371428325
o 6680 0.9415892520667661 0.9463834886307742
o 6690 0.9144786714999596 0.9202181352528175
o 6700 0.7713137400199787 0.780004555767923
o 6710 0.9407631059650086 0.9455897587569249
o 6720 0.9587815516243784 0.9628286033250635
o 6730 0.896346322093576 0.9026132028134572
o 6740 0.7910843722680073 0.7994909514707063
o 6750 0.9966284230221276 0.9977355372394189
o 6760 0.9962342309085002 0.9974098378746368
o 6770 0.9991974091936578 0.9996850848564172
o 6780 0.8716872236440122 0.8785759987917515
o 6790 0.9609341030322818 0.9648757271180961
o 6800 0.9731485687544884 0.9764194081250293
o 6810 0.9675259826615926 0.971122850073793
o 6820 0.9811664014396634 0.9839003384492397
o 6830 0.9687499742805168 0.9722786726424661
o 6840 0.9751715629299027 0.9783161042147351
o 6850 0.9673717499078729 0.9709771062250911
o 6860 0.9742526165632877 0.9774551914264366
o 6870 0.7751499127933786 0.7837878062032803
o 6880 0.9389175197788852 0.9438156219648113
o 6890 0.9677316441240935 0.9713171574063398
o 6900 0.9429052573773874 0.9476472857277343
o 6910 0.8124938188784561 0.820558288113068
o 6920 0.9754917852372686 0.9786158327644494
o 6930 0.9489801752687672 0.9534714551624053
o 6940 0.9061336666341314 0.9121243910705952
o 6950 0.9634783674899546 0.9672910782490587
o 6960 0.9890061790593119 0.99107930026033
o 6970 0.980315393320423 0.9831114793449984
o 6980 0.8780524841222169 0.8847897836993677
o 6990 0.6874880309180631 0.6971028814582563
o 7000 0.9671661238735604 0.9707827634480972
o 7010 0.928772769859392 0.934041893778675
o 7020 0.9926314434318513 0.9943133984870614
o 7030 0.785614009372706 0.7941021365608827
o 7040 0.9780770859337253 0.9810301339235858
o 7050 0.9811352535760369 0.9838714911812643
o 7060 0.949726106442104 0.954185411847193
o 7070 0.9564667496609695 0.9606237542066624
o 7080 0.9817895814465256 0.9844770608913465
o 7090 0.9186542668061204 0.9242619139765418
o 7100 0.9742422946233156 0.9774455149470204
o 7110 0.9934308004453084 0.9950138890441662
o 7120 0.9928549567243747 0.9945098432072891
o 7130 0.7505508302331396 0.759510588306157
o 7140 0.9686265127412427 0.9721621529350587
o 7150 0.9756984197643039 0.9788091665079215
o 7160 0.9608315630791067 0.9647782825518111
o 7170 0.9165103191961091 0.9221861829937221
o 7180 0.9731898273381284 0.9764581432358844
o 7190 0.930177333149059 0.9353971198433608
o 7200 0.9321727650402918 0.9373213886631142
o 7210 0.8551545068050853 0.8624111957449927
o 7220 0.9180750383650466 0.9237012292530574
o 7230 0.934342023746985 0.9394118045504278
o 7240 0.8971269379716958 0.9033724699099156
o 7250 0.9895321947932967 0.9915531956858051
o 7260 0.9436705452134091 0.9483818829699943
o 7270 0.9828188010692567 0.9854276794840944
o 7280 0.9689043121044371 0.9724243113715837
o 7290 0.9790298728408087 0.9819171995526114
o 7300 0.9232185152265266 0.9286769812648186
o 7310 0.9894479853093818 0.9914774194529659
o 7320 0.840354891642125 0.8479130319024952
o 7330 0.9957332976815773 0.996990897906064
o 7340 0.9795273061158988 0.9823796891039182
o 7350 0.7864803255816641 0.7949556901372514
o 7360 0.9499407155154388 0.9543907705063466
o 7370 0.8771718975375906 0.8839305023399288
o 7380 0.9340160742480554 0.9390978029476305
o 7390 0.9042667332891656 0.9103116042763847
o 7400 0.9312665954467165 0.9364476941750055
o 7410 0.9449463081857766 0.9496059283885253
o 7420 0.9278670916619305 0.9331677077947865
o 7430 0.7775868115166638 0.7861905411058921
o 7440 0.9543480323034288 0.9586027906480791
o 7450 0.987138669346908 0.9893871192566973
o 7460 0.9462530672231556 0.950858973043984
o 7470 0.9916229303586075 0.9934220960611019
o 7480 0.9775285545597964 0.9805187500003899
o 7490 0.8899108877106955 0.8963496020061186
o 7500 0.9484693437845046 0.9529823634332426
o 7510 0.938489357267445 0.9434038487350067
o 7520 0.9589864868599248 0.963023637181753
o 7530 0.9159515654174383 0.9216450205356348
o 7540 0.9837764192597316 0.9863099099016792
o 7550 0.9731073112523684 0.976380671932055
o 7560 0.9377860233581053 0.9427272881946535
o 7570 0.9893848401562719 0.9914205753007785
o 7580 0.7590031961333336 0.7678569509792933
o 7590 0.9815090974007527 0.9842175888789252
o 7600 0.9744384238415289 0.9776293556906882
o 7610 0.9656142795231664 0.9693148429894717
o 7620 0.9253440587585346 0.9307311190317963
o 7630 0.9384180002661041 0.9433352164453953
o 7640 0.9167033522708503 0.9223731209811687
o 7650 0.9745829569115918 0.9777648004774261
o 7660 0.9738604330815953 0.977087434940464
o 7670 0.9856119305920154 0.9879941055113446
o 7680 0.8064742561213762 0.8146387551260529
o 7690 0.9337410686756407 0.9388328497749779
o 7700 0.8518904402007179 0.859215752119463
o 7710 0.9892585801924098 0.9913068566095026
o 7720 0.8458288040966497 0.8532782978738195
o 7730 0.9437215688867929 0.9484308516340324
o 7740 0.9931533375879873 0.9947714055518596
o 7750 0.9904175544703971 0.9923476842536061
o 7760 0.9650903905430278 0.9688188112980712
o 7770 0.9544196577777658 0.9586711543906509
o 7780 0.9987081371720828 0.9993549003642447
o 7790 0.9251508007028284 0.9305444060653143
o 7800 0.8758157045097358 0.8826068987521761
o 7810 0.9960596703793033 0.9972644438243897
o 7820 0.9938584709295505 0.9953861340560205
o 7830 0.9958419610377574 0.9970822079234836
o 7840 0.9889956657189476 0.9910698153674722
o 7850 0.7871451922817457 0.7956107235039434
o 7860 0.9343929550267617 0.9394608656299105
o 7870 0.9354626173048514 0.9404910428735584
o 7880 0.9898902936441198 0.9918750358169665
o 7890 0.96294468415223 0.9667848422716226
o 7900 0.9053016184990408 0.9113165639327857
o 7910 0.9910619415244293 0.9929231846426732
o 7920 0.9091885307563959 0.9150890690142457
o 7930 0.9825379799220537 0.9851685448630891
o 7940 0.9920789117902273 0.9938260321278835
o 7950 0.9818934869016729 0.9845731391425623
o 7960 0.9896901374496669 0.9916952261737091
o 7970 0.9937835544594075 0.9953210655015124
o 7980 0.9688734435669822 0.9723951845989267
o 7990 0.8191605632899717 0.8271105423895739
o 8000 0.9362981145721818 0.9412954202489455
o 8010 0.9278060392413443 0.9331087693707774
o 8020 0.8475258511420969 0.8549409961437455
o 8030 0.9606059886846006 0.9645638909984561
o 8040 0.9958854612725865 0.9971186969029503
o 8050 0.9840993676088972 0.9866069102847218
o 8060 0.9648233556903707 0.9685658865731371
o 8070 0.9920789117902273 0.9938260321278835
o 8080 0.9843494911854482 0.9868367469212332
o 8090 0.9600626348733775 0.9640473268160763
o 8100 0.968966050643596 0.9724825634520642
o 8110 0.8369925670085063 0.8446158612417832
o 8120 0.937643329333997 0.9425900036321632
o 8130 0.9876310648803818 0.9898346429764794
o 8140 0.9872643423665683 0.9895014256760761
o 8150 0.9128130931986873 0.9186039632350766
o 8160 0.7434385476917549 0.7524839408912274
o 8170 0.9555351651495094 0.9597354790469702
o 8180 0.9550643552019158 0.9592863598966241
o 8190 0.9781184948875422 0.9810687185699584
o 8200 0.990269841020228 0.9922154232386553
o 8210 0.9076660462733416 0.9136117817225102
o 8220 0.9825587782041294 0.9851877433075087
o 8230 0.8911976806781342 0.8976026161134351
o 8240 0.9853822146725749 0.9877838583469616
o 8250 0.9470291417163234 0.9516027819434074
o 8260 0.9761117835660467 0.9791957391880247
o 8270 0.9369299162467749 0.9419035237731208
o 8280 0.9558422513686518 0.9600283465754397
o 8290 0.8428088605212563 0.8503186946953183
o 8300 0.9918455202959423 0.9936194660232468
o 8310 0.9676905101970117 0.9712782975751729
o 8320 0.8876010953305327 0.8940997406969641
o 8330 0.957828788324166 0.961921510280491
o 8340 0.9804710096242788 0.9832558387969249
o 8350 0.9717464045284232 0.9751017863924506
o 8360 0.9685133464302027 0.9720553364334181
o 8370 0.9891323600672867 0.9911930980215942
o 8380 0.9923868963964867 0.9940979909648835
o 8390 0.9608315630791067 0.9647782825518111
o 8400 0.963365463409507 0.9671839994013145
o 8410 0.6831297915840601 0.6927817773956206
o 8420 0.9757397504302343 0.9788478294937761
o 8430 0.8773743261051458 0.884128043415243
o 8440 0.9555965800902358 0.9597940548565402
o 8450 0.9943516269583274 0.9958128773619825
o 8460 0.9986032547892192 0.9992798630239523
o 8470 0.9967163186018866 0.9978076161433754
o 8480 0.996672356333951 0.9977715912406057
o 8490 0.9902381964272761 0.9921870732899528
o 8500 0.9907976907615714 0.9926874818034438
o 8510 0.8882696730165204 0.8947510627686845
o 8520 0.3575831140801764 0.367597669993439
o 8530 0.8944102329278047 0.9007295822313891
o 8540 0.9710560638002613 0.9744522323356105
o 8550 0.9947925415008869 0.9961918692401845
o 8560 0.9968263552234524 0.9978975467912236
o 8570 0.9689248914004094 0.9724437289489358
o 8580 0.9840576888265038 0.9865685956900089
o 8590 0.9413648529323608 0.9461679214541636
o 8600 0.9778804134193666 0.9808468368231021
o 8610 0.8982928997834572 0.904506333305735
o 8620 0.9752025489663164 0.9783451134245418
o 8630 0.9808653487470411 0.9836214381681327
o 8640 0.8702910996207017 0.8772123322134439
o 8650 0.9726741721534571 0.9759738771965382
o 8660 0.9529669735813872 0.9572840572377371
o 8670 0.9065091270585651 0.9124888743632055
o 8680 0.9475704356916227 0.9521214066267951
o 8690 0.9539694653761117 0.9582414145638365
o 8700 0.9319793017037465 0.9371348810182912
o 8710 0.9036681739807254 0.9097302533117559
o 8720 0.9803050197703563 0.9831018545106843
o 8730 0.9975804856745151 0.9985031606784933
o 8740 0.9812183168659335 0.9839484149070684
o 8750 0.9583512338899508 0.9624189859492958
o 8760 0.9882603720498335 0.9904052318211399
o 8770 0.9580951218244929 0.9621751366292767
o 8780 0.9947064001009194 0.9961180292250148
o 8790 0.9813013876079377 0.9840253311747138
o 8800 0.999308641751924 0.9997536566961236
o 8810 0.9893322269492854 0.9913731974086024
o 8820 0.9945450305343273 0.9959794331995325
o 8830 0.9987432554791599 0.9993797532365777
o 8840 0.9801286859141138 0.982938215819442
o 8850 0.9781599053165274 0.9811073017401275
o 8860 0.9896269525105884 0.9916384218669303
o 8870 0.9960923729400477 0.9972917328628553
o 8880 0.9953430738399972 0.9966612140238508
o 8890 0.9915699596247168 0.9933750762918524
o 8900 0.9594271463663991 0.9634429112059678
o 8910 0.9800042335665321 0.9828226875309607
o 8920 0.9366649582471879 0.9416485215301232
o 8930 0.9735199352459123 0.9767679848617148
o 8940 0.9776113355801118 0.9805959562057518
o 8950 0.9937621556933572 0.9953024685309821
o 8960 0.967608244797821 0.971200575456712
o 8970 0.990364792302501 0.9923004555530536
o 8980 0.9649465987382304 0.9686826248703982
o 8990 0.9949757793756971 0.9963485912913461
o 9000 0.9869711520359103 0.9892346639260917
o 9010 0.7925151187991456 0.8008999899170518
o 9020 0.9787605249939043 0.9816665891324725
o 9030 0.9618981692004898 0.9657915153599133
o 9040 0.981104106753355 0.9838426428715276
o 9050 0.9740461913904656 0.9772616482026988
o 9060 0.9993461951853181 0.9997760261613108
o 9070 0.996442015515263 0.9975819971887405
o 9080 0.9988019775638949 0.9994209804708137
o 9090 0.9624829339376003 0.9663466622730508
o 9100 0.987232921266407 0.9894728519199378
o 9110 0.9651725612969375 0.9688966281038563
o 9120 0.9735405693235716 0.9767873476286068
o 9130 0.9807719380606016 0.983534863433346
o 9140 0.9737778811690684 0.9770099994838303
o 9150 0.9641148330963613 0.9678945163801101
o 9160 0.985768603667973 0.9881374072131728
o 9170 0.8525573498142706 0.859868742433423
o 9180 0.9771974868307315 0.9802098687887006
o 9190 0.9691924420752421 0.9726961376174601
o 9200 0.9776527282252153 0.9806345571720474
o 9210 0.9174145671504794 0.9230617994815855
o 9220 0.9988727865115414 0.9994701057402408
o 9230 0.9972574829234443 0.9982462807729519
o 9240 0.9743351946796907 0.977532600664001
o 9250 0.9616519915459631 0.9655577301990894
o 9260 0.980740803190326 0.9835060031616214
o 9270 0.978563735194539 0.9814834093993715
o 9280 0.4850940872199279 0.49550737977584935
o 9290 0.936073944395276 0.9410796240610593
o 9300 0.9973352402042412 0.9983084964953515
o 9310 0.9932920198479082 0.9948926965832258
o 9320 0.9043681876904477 0.9104101346666446
o 9330 0.8854335384125239 0.8919876226127361
o 9340 0.9751199210572482 0.978267754009503
o 9350 0.8714140582118428 0.8783092051942465
o 9360 0.967628810841217 0.9712200062928645
o 9370 0.9699644327759107 0.9734240295353372
o 9380 0.9689248914004094 0.9724437289489358
o 9390 0.9925357203004133 0.9942291394654819
o 9400 0.900341252716586 0.906497673303854
o 9410 0.9601138901542867 0.9640960638003717
o 9420 0.985538830046686 0.9879272178124348
o 9430 0.9741390791752684 0.9773487461984557
o 9440 0.9903225884764207 0.9922626666747436
o 9450 0.8974615051486363 0.9036978525768984
o 9460 0.9893006623842371 0.9913447673092532
o 9470 0.9697688319045062 0.9732396601581418
o 9480 0.9977597686841915 0.998643805666305
o 9490 0.9597961224159341 0.963793879488807
o 9500 0.955719413421606 0.9599112030245696
o 9510 0.9958528341980665 0.9970913320741774
o 9520 0.9474274455862136 0.9519844182204339
o 9530 0.653257717424832 0.6631383536594138
o 9540 0.9230456523054815 0.9285098701037034
o 9550 0.9436909546150083 0.9484014705033655
o 9560 0.7893615369473526 0.7977940457211591
o 9570 0.9775595967766648 0.9805477029936139
o 9580 0.8630091260164191 0.8700953981190832
o 9590 0.9885963526177916 0.9907091953335433
o 9600 0.9551666995086996 0.9593840001782131
o 9610 0.7581981072214427 0.7670621609837832
o 9620 0.7017110372655906 0.7111977327323598
o 9630 0.9599191250457303 0.963910858299261
o 9640 0.8984348517876845 0.9046443600212924
o 9650 0.9715712172458314 0.9749370003851794
o 9660 0.9636323359161105 0.9674370865397879
o 9670 0.809670377860206 0.8177821532499672
o 9680 0.7267253332987145 0.7359596704825481
o 9690 0.9635707473909162 0.9673786843786971
o 9700 0.41138172941983986 0.4216508975717571
o 9710 0.9732310870057767 0.9764968772620973
o 9720 0.9251508007028284 0.9305444060653143
o 9730 0.9631088822828932 0.9669406193197347
o 9740 0.7291382722544458 0.7383463683402978
o 9750 0.9721277572657878 0.9754603754877086
o 9760 0.9603804327273476 0.9643494810008695
o 9770 0.2515320024222826 0.2606248975694476
o 9780 0.8758966674493938 0.8826859236705366
o 9790 0.9405999329779405 0.9454329562386639
o 9800 0.9593554065315228 0.9633746618630465
o 9810 0.9674437237759453 0.9710451214387867
o 9820 0.9098280508515968 0.9157094530528262
o 9830 0.9004528084120542 0.906606100885222
o 9840 0.866750807547543 0.8737531553094569
o 9850 0.7710217692922253 0.7797165703975484
o 9860 0.935554312089609 0.9405793343314451
o 9870 0.9040739728639149 0.9101243935972807
o 9880 0.8641214217479182 0.8711829355301328
o 9890 0.5761955265195179 0.5864721716664011
o 9900 0.9266054564530506 0.9319495321933137
o 9910 0.9255271503584102 0.9309079999782925
o 9920 0.972632926911356 0.9759351287367042
o 9930 0.9857059296552428 0.9880800913199235
o 9940 0.7860471639126716 0.7945289169138043
o 9950 0.9711075722862387 0.97450071600275
o 9960 0.8530727070221754 0.8603733078952885
o 9970 0.8279182014997768 0.8357115890881962
o 9980 0.73470880477634 0.743854997439124
o 9990 0.9699953190030302 0.9734531386096559
