o 500 0.0 1.0
o 500 10.0 1.0
o 500 20.0 1.0
o 500 30.0 1.0
o 500 40.0 1.0
o 500 50.0 1.0
o 500 60.0 1.0
o 500 70.0 1.0
o 500 80.0 1.0
o 500 90.0 1.0
o 500 100.0 1.0
o 500 110.0 1.0
o 500 120.0 1.0
o 500 130.0 1.0
o 500 140.0 1.0
o 500 150.0 1.0
o 500 160.0 1.0
o 500 170.0 1.0
o 500 180.0 1.0
o 500 190.0 1.0
o 500 200.0 1.0
o 500 210.0 1.0
o 500 220.0 1.0
o 500 230.0 0.999
o 500 240.0 0.898
o 500 250.0 0.516
o 500 260.0 0.194
o 500 270.0 0.067
o 500 280.0 0.024
o 500 290.0 0.007
o 500 300.0 0.001
o 500 310.0 0.0
o 500 320.0 0.0
o 500 330.0 0.0
o 500 340.0 0.0
o 500 350.0 0.0
o 500 360.0 0.0
o 500 370.0 0.0
o 500 380.0 0.0
o 500 390.0 0.0
o 500 400.0 0.0
o 1000 0.0 1.0
o 1000 10.0 1.0
o 1000 20.0 1.0
o 1000 30.0 1.0
o 1000 40.0 1.0
o 1000 50.0 1.0
o 1000 60.0 1.0
o 1000 70.0 1.0
o 1000 80.0 1.0
o 1000 90.0 0.999
o 1000 100.0 0.999
o 1000 110.0 1.0
o 1000 120.0 1.0
o 1000 130.0 1.0
o 1000 140.0 1.0
o 1000 150.0 1.0
o 1000 160.0 1.0
o 1000 170.0 1.0
o 1000 180.0 1.0
o 1000 190.0 1.0
o 1000 200.0 1.0
o 1000 210.0 0.977
o 1000 220.0 0.131
o 1000 230.0 0.0
o 1000 240.0 0.0
o 1000 250.0 0.0
o 1000 260.0 0.0
o 1000 270.0 0.0
o 1000 280.0 0.0
o 1000 290.0 0.0
o 1000 300.0 0.0
o 1000 310.0 0.0
o 1000 320.0 0.0
o 1000 330.0 0.0
o 1000 340.0 0.0
o 1000 350.0 0.0
o 1000 360.0 0.0
o 1000 370.0 0.0
o 1000 380.0 0.0
o 1000 390.0 0.0
o 1000 400.0 0.0
o 1250 0.0 1.0
o 1250 10.0 1.0
o 1250 20.0 1.0
o 1250 30.0 1.0
o 1250 40.0 1.0
o 1250 50.0 1.0
o 1250 60.0 1.0
o 1250 70.0 1.0
o 1250 80.0 1.0
o 1250 90.0 1.0
o 1250 100.0 1.0
o 1250 110.0 1.0
o 1250 120.0 1.0
o 1250 130.0 1.0
o 1250 140.0 1.0
o 1250 150.0 1.0
o 1250 160.0 1.0
o 1250 170.0 1.0
o 1250 180.0 1.0
o 1250 190.0 1.0
o 1250 200.0 1.0
o 1250 210.0 1.0
o 1250 220.0 1.0
o 1250 230.0 1.0
o 1250 240.0 1.0
o 1250 250.0 1.0
o 1250 260.0 0.798
o 1250 270.0 0.112
o 1250 280.0 0.001
o 1250 290.0 0.0
o 1250 300.0 0.0
o 1250 310.0 0.0
o 1250 320.0 0.0
o 1250 330.0 0.0
o 1250 340.0 0.0
o 1250 350.0 0.0
o 1250 360.0 0.0
o 1250 370.0 0.0
o 1250 380.0 0.0
o 1250 390.0 0.0
o 1250 400.0 0.0
o 1500 0.0 1.0
o 1500 10.0 1.0
o 1500 20.0 1.0
o 1500 30.0 1.0
o 1500 40.0 1.0
o 1500 50.0 1.0
o 1500 60.0 1.0
o 1500 70.0 1.0
o 1500 80.0 1.0
o 1500 90.0 1.0
o 1500 100.0 1.0
o 1500 110.0 1.0
o 1500 120.0 1.0
o 1500 130.0 1.0
o 1500 140.0 1.0
o 1500 150.0 1.0
o 1500 160.0 1.0
o 1500 170.0 1.0
o 1500 180.0 1.0
o 1500 190.0 1.0
o 1500 200.0 1.0
o 1500 210.0 0.995
o 1500 220.0 0.975
o 1500 230.0 0.952
o 1500 240.0 0.947
o 1500 250.0 0.914
o 1500 260.0 0.86
o 1500 270.0 0.752
o 1500 280.0 0.599
o 1500 290.0 0.405
o 1500 300.0 0.281
o 1500 310.0 0.154
o 1500 320.0 0.068
o 1500 330.0 0.002
o 1500 340.0 0.0
o 1500 350.0 0.0
o 1500 360.0 0.0
o 1500 370.0 0.0
o 1500 380.0 0.0
o 1500 390.0 0.0
o 1500 400.0 0.0
o 2250 0.0 1.0
o 2250 10.0 1.0
o 2250 20.0 0.998
o 2250 30.0 0.988
o 2250 40.0 0.982
o 2250 50.0 0.991
o 2250 60.0 0.991
o 2250 70.0 0.995
o 2250 80.0 0.999
o 2250 90.0 1.0
o 2250 100.0 1.0
o 2250 110.0 1.0
o 2250 120.0 1.0
o 2250 130.0 1.0
o 2250 140.0 1.0
o 2250 150.0 1.0
o 2250 160.0 1.0
o 2250 170.0 1.0
o 2250 180.0 1.0
o 2250 190.0 1.0
o 2250 200.0 1.0
o 2250 210.0 1.0
o 2250 220.0 1.0
o 2250 230.0 0.999
o 2250 240.0 0.942
o 2250 250.0 0.625
o 2250 260.0 0.208
o 2250 270.0 0.012
o 2250 280.0 0.001
o 2250 290.0 0.0
o 2250 300.0 0.0
o 2250 310.0 0.0
o 2250 320.0 0.0
o 2250 330.0 0.0
o 2250 340.0 0.0
o 2250 350.0 0.0
o 2250 360.0 0.0
o 2250 370.0 0.0
o 2250 380.0 0.0
o 2250 390.0 0.0
o 2250 400.0 0.0
o 3500 0.0 1.0
o 3500 10.0 1.0
o 3500 20.0 1.0
o 3500 30.0 1.0
o 3500 40.0 1.0
o 3500 50.0 1.0
o 3500 60.0 1.0
o 3500 70.0 1.0
o 3500 80.0 1.0
o 3500 90.0 1.0
o 3500 100.0 1.0
o 3500 110.0 1.0
o 3500 120.0 1.0
o 3500 130.0 1.0
o 3500 140.0 1.0
o 3500 150.0 1.0
o 3500 160.0 1.0
o 3500 170.0 1.0
o 3500 180.0 1.0
o 3500 190.0 1.0
o 3500 200.0 1.0
o 3500 210.0 1.0
o 3500 220.0 1.0
o 3500 230.0 1.0
o 3500 240.0 1.0
o 3500 250.0 1.0
o 3500 260.0 1.0
o 3500 270.0 0.998
o 3500 280.0 0.905
o 3500 290.0 0.315
o 3500 300.0 0.016
o 3500 310.0 0.0
o 3500 320.0 0.0
o 3500 330.0 0.0
o 3500 340.0 0.0
o 3500 350.0 0.0
o 3500 360.0 0.0
o 3500 370.0 0.0
o 3500 380.0 0.0
o 3500 390.0 0.0
o 3500 400.0 0.0
o 4000 0.0 1.0
o 4000 10.0 1.0
o 4000 20.0 1.0
o 4000 30.0 1.0
o 4000 40.0 1.0
o 4000 50.0 1.0
o 4000 60.0 1.0
o 4000 70.0 1.0
o 4000 80.0 1.0
o 4000 90.0 1.0
o 4000 100.0 1.0
o 4000 110.0 1.0
o 4000 120.0 1.0
o 4000 130.0 1.0
o 4000 140.0 1.0
o 4000 150.0 1.0
o 4000 160.0 1.0
o 4000 170.0 1.0
o 4000 180.0 1.0
o 4000 190.0 1.0
o 4000 200.0 1.0
o 4000 210.0 1.0
o 4000 220.0 1.0
o 4000 230.0 0.997
o 4000 240.0 0.969
o 4000 250.0 0.861
o 4000 260.0 0.678
o 4000 270.0 0.546
o 4000 280.0 0.324
o 4000 290.0 0.16
o 4000 300.0 0.041
o 4000 310.0 0.005
o 4000 320.0 0.0
o 4000 330.0 0.001
o 4000 340.0 0.0
o 4000 350.0 0.0
o 4000 360.0 0.0
o 4000 370.0 0.0
o 4000 380.0 0.0
o 4000 390.0 0.0
o 4000 400.0 0.0
o 4250 0.0 1.0
o 4250 10.0 1.0
o 4250 20.0 1.0
o 4250 30.0 1.0
o 4250 40.0 1.0
o 4250 50.0 1.0
o 4250 60.0 1.0
o 4250 70.0 1.0
o 4250 80.0 1.0
o 4250 90.0 1.0
o 4250 100.0 1.0
o 4250 110.0 1.0
o 4250 120.0 1.0
o 4250 130.0 1.0
o 4250 140.0 1.0
o 4250 150.0 1.0
o 4250 160.0 1.0
o 4250 170.0 1.0
o 4250 180.0 1.0
o 4250 190.0 1.0
o 4250 200.0 1.0
o 4250 210.0 1.0
o 4250 220.0 1.0
o 4250 230.0 1.0
o 4250 240.0 1.0
o 4250 250.0 1.0
o 4250 260.0 0.999
o 4250 270.0 0.974
o 4250 280.0 0.892
o 4250 290.0 0.505
o 4250 300.0 0.069
o 4250 310.0 0.002
o 4250 320.0 0.0
o 4250 330.0 0.0
o 4250 340.0 0.0
o 4250 350.0 0.0
o 4250 360.0 0.0
o 4250 370.0 0.0
o 4250 380.0 0.0
o 4250 390.0 0.0
o 4250 400.0 0.0
o 4500 0.0 1.0
o 4500 10.0 1.0
o 4500 20.0 1.0
o 4500 30.0 1.0
o 4500 40.0 1.0
o 4500 50.0 1.0
o 4500 60.0 1.0
o 4500 70.0 1.0
o 4500 80.0 1.0
o 4500 90.0 1.0
o 4500 100.0 1.0
o 4500 110.0 1.0
o 4500 120.0 1.0
o 4500 130.0 1.0
o 4500 140.0 1.0
o 4500 150.0 1.0
o 4500 160.0 1.0
o 4500 170.0 1.0
o 4500 180.0 1.0
o 4500 190.0 1.0
o 4500 200.0 1.0
o 4500 210.0 1.0
o 4500 220.0 0.99
o 4500 230.0 0.82
o 4500 240.0 0.163
o 4500 250.0 0.0
o 4500 260.0 0.0
o 4500 270.0 0.0
o 4500 280.0 0.0
o 4500 290.0 0.0
o 4500 300.0 0.0
o 4500 310.0 0.0
o 4500 320.0 0.0
o 4500 330.0 0.0
o 4500 340.0 0.0
o 4500 350.0 0.0
o 4500 360.0 0.0
o 4500 370.0 0.0
o 4500 380.0 0.0
o 4500 390.0 0.0
o 4500 400.0 0.0
o 4750 0.0 1.0
o 4750 10.0 1.0
o 4750 20.0 1.0
o 4750 30.0 1.0
o 4750 40.0 1.0
o 4750 50.0 1.0
o 4750 60.0 1.0
o 4750 70.0 1.0
o 4750 80.0 1.0
o 4750 90.0 1.0
o 4750 100.0 1.0
o 4750 110.0 1.0
o 4750 120.0 1.0
o 4750 130.0 1.0
o 4750 140.0 1.0
o 4750 150.0 1.0
o 4750 160.0 1.0
o 4750 170.0 1.0
o 4750 180.0 0.999
o 4750 190.0 0.998
o 4750 200.0 0.993
o 4750 210.0 0.848
o 4750 220.0 0.438
o 4750 230.0 0.022
o 4750 240.0 0.0
o 4750 250.0 0.0
o 4750 260.0 0.0
o 4750 270.0 0.0
o 4750 280.0 0.0
o 4750 290.0 0.0
o 4750 300.0 0.0
o 4750 310.0 0.0
o 4750 320.0 0.0
o 4750 330.0 0.0
o 4750 340.0 0.0
o 4750 350.0 0.0
o 4750 360.0 0.0
o 4750 370.0 0.0
o 4750 380.0 0.0
o 4750 390.0 0.0
o 4750 400.0 0.0
o 5000 0.0 1.0
o 5000 10.0 1.0
o 5000 20.0 1.0
o 5000 30.0 1.0
o 5000 40.0 1.0
o 5000 50.0 1.0
o 5000 60.0 1.0
o 5000 70.0 1.0
o 5000 80.0 1.0
o 5000 90.0 1.0
o 5000 100.0 1.0
o 5000 110.0 1.0
o 5000 120.0 1.0
o 5000 130.0 1.0
o 5000 140.0 1.0
o 5000 150.0 1.0
o 5000 160.0 1.0
o 5000 170.0 1.0
o 5000 180.0 1.0
o 5000 190.0 1.0
o 5000 200.0 1.0
o 5000 210.0 1.0
o 5000 220.0 1.0
o 5000 230.0 1.0
o 5000 240.0 1.0
o 5000 250.0 0.995
o 5000 260.0 0.607
o 5000 270.0 0.052
o 5000 280.0 0.0
o 5000 290.0 0.0
o 5000 300.0 0.0
o 5000 310.0 0.0
o 5000 320.0 0.0
o 5000 330.0 0.0
o 5000 340.0 0.0
o 5000 350.0 0.0
o 5000 360.0 0.0
o 5000 370.0 0.0
o 5000 380.0 0.0
o 5000 390.0 0.0
o 5000 400.0 0.0
o 5750 0.0 1.0
o 5750 10.0 1.0
o 5750 20.0 1.0
o 5750 30.0 1.0
o 5750 40.0 1.0
o 5750 50.0 1.0
o 5750 60.0 1.0
o 5750 70.0 1.0
o 5750 80.0 1.0
o 5750 90.0 1.0
o 5750 100.0 1.0
o 5750 110.0 1.0
o 5750 120.0 1.0
o 5750 130.0 1.0
o 5750 140.0 1.0
o 5750 150.0 1.0
o 5750 160.0 1.0
o 5750 170.0 1.0
o 5750 180.0 1.0
o 5750 190.0 1.0
o 5750 200.0 1.0
o 5750 210.0 1.0
o 5750 220.0 1.0
o 5750 230.0 0.985
o 5750 240.0 0.867
o 5750 250.0 0.564
o 5750 260.0 0.241
o 5750 270.0 0.034
o 5750 280.0 0.001
o 5750 290.0 0.0
o 5750 300.0 0.0
o 5750 310.0 0.0
o 5750 320.0 0.0
o 5750 330.0 0.0
o 5750 340.0 0.0
o 5750 350.0 0.0
o 5750 360.0 0.0
o 5750 370.0 0.0
o 5750 380.0 0.0
o 5750 390.0 0.0
o 5750 400.0 0.0
o 7000 0.0 1.0
o 7000 10.0 1.0
o 7000 20.0 1.0
o 7000 30.0 1.0
o 7000 40.0 1.0
o 7000 50.0 1.0
o 7000 60.0 1.0
o 7000 70.0 1.0
o 7000 80.0 1.0
o 7000 90.0 1.0
o 7000 100.0 1.0
o 7000 110.0 1.0
o 7000 120.0 1.0
o 7000 130.0 1.0
o 7000 140.0 1.0
o 7000 150.0 1.0
o 7000 160.0 1.0
o 7000 170.0 1.0
o 7000 180.0 1.0
o 7000 190.0 1.0
o 7000 200.0 1.0
o 7000 210.0 1.0
o 7000 220.0 1.0
o 7000 230.0 1.0
o 7000 240.0 1.0
o 7000 250.0 0.987
o 7000 260.0 0.406
o 7000 270.0 0.005
o 7000 280.0 0.0
o 7000 290.0 0.0
o 7000 300.0 0.0
o 7000 310.0 0.0
o 7000 320.0 0.0
o 7000 330.0 0.0
o 7000 340.0 0.0
o 7000 350.0 0.0
o 7000 360.0 0.0
o 7000 370.0 0.0
o 7000 380.0 0.0
o 7000 390.0 0.0
o 7000 400.0 0.0
o 8000 0.0 1.0
o 8000 10.0 1.0
o 8000 20.0 1.0
o 8000 30.0 1.0
o 8000 40.0 1.0
o 8000 50.0 1.0
o 8000 60.0 1.0
o 8000 70.0 1.0
o 8000 80.0 1.0
o 8000 90.0 1.0
o 8000 100.0 1.0
o 8000 110.0 1.0
o 8000 120.0 1.0
o 8000 130.0 1.0
o 8000 140.0 1.0
o 8000 150.0 1.0
o 8000 160.0 1.0
o 8000 170.0 1.0
o 8000 180.0 1.0
o 8000 190.0 1.0
o 8000 200.0 1.0
o 8000 210.0 0.985
o 8000 220.0 0.282
o 8000 230.0 0.004
o 8000 240.0 0.0
o 8000 250.0 0.0
o 8000 260.0 0.0
o 8000 270.0 0.0
o 8000 280.0 0.0
o 8000 290.0 0.0
o 8000 300.0 0.0
o 8000 310.0 0.0
o 8000 320.0 0.0
o 8000 330.0 0.0
o 8000 340.0 0.0
o 8000 350.0 0.0
o 8000 360.0 0.0
o 8000 370.0 0.0
o 8000 380.0 0.0
o 8000 390.0 0.0
o 8000 400.0 0.0
o 8250 0.0 1.0
o 8250 10.0 1.0
o 8250 20.0 1.0
o 8250 30.0 1.0
o 8250 40.0 1.0
o 8250 50.0 0.999
o 8250 60.0 0.989
o 8250 70.0 0.973
o 8250 80.0 0.923
o 8250 90.0 0.828
o 8250 100.0 0.746
o 8250 110.0 0.592
o 8250 120.0 0.442
o 8250 130.0 0.294
o 8250 140.0 0.156
o 8250 150.0 0.046
o 8250 160.0 0.01
o 8250 170.0 0.0
o 8250 180.0 0.0
o 8250 190.0 0.0
o 8250 200.0 0.0
o 8250 210.0 0.0
o 8250 220.0 0.0
o 8250 230.0 0.0
o 8250 240.0 0.0
o 8250 250.0 0.0
o 8250 260.0 0.0
o 8250 270.0 0.0
o 8250 280.0 0.0
o 8250 290.0 0.0
o 8250 300.0 0.0
o 8250 310.0 0.0
o 8250 320.0 0.0
o 8250 330.0 0.0
o 8250 340.0 0.0
o 8250 350.0 0.0
o 8250 360.0 0.0
o 8250 370.0 0.0
o 8250 380.0 0.0
o 8250 390.0 0.0
o 8250 400.0 0.0
o 8750 0.0 1.0
o 8750 10.0 1.0
o 8750 20.0 0.989
o 8750 30.0 0.917
o 8750 40.0 0.865
o 8750 50.0 0.799
o 8750 60.0 0.77
o 8750 70.0 0.734
o 8750 80.0 0.698
o 8750 90.0 0.678
o 8750 100.0 0.673
o 8750 110.0 0.671
o 8750 120.0 0.693
o 8750 130.0 0.715
o 8750 140.0 0.738
o 8750 150.0 0.751
o 8750 160.0 0.799
o 8750 170.0 0.854
o 8750 180.0 0.893
o 8750 190.0 0.873
o 8750 200.0 0.744
o 8750 210.0 0.45
o 8750 220.0 0.084
o 8750 230.0 0.0
o 8750 240.0 0.0
o 8750 250.0 0.0
o 8750 260.0 0.0
o 8750 270.0 0.0
o 8750 280.0 0.0
o 8750 290.0 0.0
o 8750 300.0 0.0
o 8750 310.0 0.0
o 8750 320.0 0.0
o 8750 330.0 0.0
o 8750 340.0 0.0
o 8750 350.0 0.0
o 8750 360.0 0.0
o 8750 370.0 0.0
o 8750 380.0 0.0
o 8750 390.0 0.0
o 8750 400.0 0.0
o 9250 0.0 1.0
o 9250 10.0 1.0
o 9250 20.0 1.0
o 9250 30.0 1.0
o 9250 40.0 1.0
o 9250 50.0 1.0
o 9250 60.0 1.0
o 9250 70.0 1.0
o 9250 80.0 1.0
o 9250 90.0 1.0
o 9250 100.0 1.0
o 9250 110.0 0.999
o 9250 120.0 0.996
o 9250 130.0 0.997
o 9250 140.0 0.989
o 9250 150.0 0.985
o 9250 160.0 0.983
o 9250 170.0 0.98
o 9250 180.0 0.982
o 9250 190.0 0.985
o 9250 200.0 0.995
o 9250 210.0 1.0
o 9250 220.0 1.0
o 9250 230.0 0.973
o 9250 240.0 0.8
o 9250 250.0 0.414
o 9250 260.0 0.047
o 9250 270.0 0.0
o 9250 280.0 0.0
o 9250 290.0 0.0
o 9250 300.0 0.0
o 9250 310.0 0.0
o 9250 320.0 0.0
o 9250 330.0 0.0
o 9250 340.0 0.0
o 9250 350.0 0.0
o 9250 360.0 0.0
o 9250 370.0 0.0
o 9250 380.0 0.0
o 9250 390.0 0.0
o 9250 400.0 0.0
o 9500 0.0 1.0
o 9500 10.0 1.0
o 9500 20.0 1.0
o 9500 30.0 1.0
o 9500 40.0 1.0
o 9500 50.0 1.0
o 9500 60.0 1.0
o 9500 70.0 1.0
o 9500 80.0 1.0
o 9500 90.0 1.0
o 9500 100.0 1.0
o 9500 110.0 1.0
o 9500 120.0 1.0
o 9500 130.0 1.0
o 9500 140.0 1.0
o 9500 150.0 1.0
o 9500 160.0 1.0
o 9500 170.0 1.0
o 9500 180.0 1.0
o 9500 190.0 1.0
o 9500 200.0 1.0
o 9500 210.0 1.0
o 9500 220.0 1.0
o 9500 230.0 1.0
o 9500 240.0 1.0
o 9500 250.0 0.95
o 9500 260.0 0.307
o 9500 270.0 0.006
o 9500 280.0 0.0
o 9500 290.0 0.0
o 9500 300.0 0.0
o 9500 310.0 0.0
o 9500 320.0 0.0
o 9500 330.0 0.0
o 9500 340.0 0.0
o 9500 350.0 0.0
o 9500 360.0 0.0
o 9500 370.0 0.0
o 9500 380.0 0.0
o 9500 390.0 0.0
o 9500 400.0 0.0
o 10500 0.0 1.0
o 10500 10.0 1.0
o 10500 20.0 1.0
o 10500 30.0 1.0
o 10500 40.0 1.0
o 10500 50.0 1.0
o 10500 60.0 1.0
o 10500 70.0 1.0
o 10500 80.0 1.0
o 10500 90.0 1.0
o 10500 100.0 1.0
o 10500 110.0 1.0
o 10500 120.0 1.0
o 10500 130.0 1.0
o 10500 140.0 1.0
o 10500 150.0 1.0
o 10500 160.0 1.0
o 10500 170.0 1.0
o 10500 180.0 1.0
o 10500 190.0 1.0
o 10500 200.0 1.0
o 10500 210.0 0.985
o 10500 220.0 0.598
o 10500 230.0 0.005
o 10500 240.0 0.0
o 10500 250.0 0.0
o 10500 260.0 0.0
o 10500 270.0 0.0
o 10500 280.0 0.0
o 10500 290.0 0.0
o 10500 300.0 0.0
o 10500 310.0 0.0
o 10500 320.0 0.0
o 10500 330.0 0.0
o 10500 340.0 0.0
o 10500 350.0 0.0
o 10500 360.0 0.0
o 10500 370.0 0.0
o 10500 380.0 0.0
o 10500 390.0 0.0
o 10500 400.0 0.0
o 10750 0.0 1.0
o 10750 10.0 1.0
o 10750 20.0 1.0
o 10750 30.0 1.0
o 10750 40.0 1.0
o 10750 50.0 1.0
o 10750 60.0 1.0
o 10750 70.0 0.998
o 10750 80.0 0.999
o 10750 90.0 0.995
o 10750 100.0 0.986
o 10750 110.0 0.985
o 10750 120.0 0.987
o 10750 130.0 0.987
o 10750 140.0 0.981
o 10750 150.0 0.99
o 10750 160.0 0.989
o 10750 170.0 0.993
o 10750 180.0 0.994
o 10750 190.0 0.993
o 10750 200.0 0.998
o 10750 210.0 0.992
o 10750 220.0 0.775
o 10750 230.0 0.073
o 10750 240.0 0.0
o 10750 250.0 0.0
o 10750 260.0 0.0
o 10750 270.0 0.0
o 10750 280.0 0.0
o 10750 290.0 0.0
o 10750 300.0 0.0
o 10750 310.0 0.0
o 10750 320.0 0.0
o 10750 330.0 0.0
o 10750 340.0 0.0
o 10750 350.0 0.0
o 10750 360.0 0.0
o 10750 370.0 0.0
o 10750 380.0 0.0
o 10750 390.0 0.0
o 10750 400.0 0.0
o 11000 0.0 1.0
o 11000 10.0 1.0
o 11000 20.0 1.0
o 11000 30.0 1.0
o 11000 40.0 1.0
o 11000 50.0 1.0
o 11000 60.0 1.0
o 11000 70.0 1.0
o 11000 80.0 1.0
o 11000 90.0 1.0
o 11000 100.0 1.0
o 11000 110.0 1.0
o 11000 120.0 1.0
o 11000 130.0 1.0
o 11000 140.0 1.0
o 11000 150.0 1.0
o 11000 160.0 1.0
o 11000 170.0 1.0
o 11000 180.0 1.0
o 11000 190.0 1.0
o 11000 200.0 1.0
o 11000 210.0 0.929
o 11000 220.0 0.047
o 11000 230.0 0.0
o 11000 240.0 0.0
o 11000 250.0 0.0
o 11000 260.0 0.0
o 11000 270.0 0.0
o 11000 280.0 0.0
o 11000 290.0 0.0
o 11000 300.0 0.0
o 11000 310.0 0.0
o 11000 320.0 0.0
o 11000 330.0 0.0
o 11000 340.0 0.0
o 11000 350.0 0.0
o 11000 360.0 0.0
o 11000 370.0 0.0
o 11000 380.0 0.0
o 11000 390.0 0.0
o 11000 400.0 0.0
o 11500 0.0 1.0
o 11500 10.0 1.0
o 11500 20.0 1.0
o 11500 30.0 1.0
o 11500 40.0 1.0
o 11500 50.0 1.0
o 11500 60.0 1.0
o 11500 70.0 1.0
o 11500 80.0 1.0
o 11500 90.0 1.0
o 11500 100.0 1.0
o 11500 110.0 1.0
o 11500 120.0 1.0
o 11500 130.0 1.0
o 11500 140.0 1.0
o 11500 150.0 1.0
o 11500 160.0 1.0
o 11500 170.0 1.0
o 11500 180.0 1.0
o 11500 190.0 1.0
o 11500 200.0 1.0
o 11500 210.0 1.0
o 11500 220.0 1.0
o 11500 230.0 0.997
o 11500 240.0 0.4
o 11500 250.0 0.0
o 11500 260.0 0.0
o 11500 270.0 0.0
o 11500 280.0 0.0
o 11500 290.0 0.0
o 11500 300.0 0.0
o 11500 310.0 0.0
o 11500 320.0 0.0
o 11500 330.0 0.0
o 11500 340.0 0.0
o 11500 350.0 0.0
o 11500 360.0 0.0
o 11500 370.0 0.0
o 11500 380.0 0.0
o 11500 390.0 0.0
o 11500 400.0 0.0
o 12250 0.0 1.0
o 12250 10.0 1.0
o 12250 20.0 1.0
o 12250 30.0 1.0
o 12250 40.0 1.0
o 12250 50.0 1.0
o 12250 60.0 1.0
o 12250 70.0 1.0
o 12250 80.0 1.0
o 12250 90.0 1.0
o 12250 100.0 1.0
o 12250 110.0 1.0
o 12250 120.0 1.0
o 12250 130.0 1.0
o 12250 140.0 1.0
o 12250 150.0 1.0
o 12250 160.0 1.0
o 12250 170.0 1.0
o 12250 180.0 1.0
o 12250 190.0 1.0
o 12250 200.0 0.998
o 12250 210.0 0.926
o 12250 220.0 0.186
o 12250 230.0 0.0
o 12250 240.0 0.0
o 12250 250.0 0.0
o 12250 260.0 0.0
o 12250 270.0 0.0
o 12250 280.0 0.0
o 12250 290.0 0.0
o 12250 300.0 0.0
o 12250 310.0 0.0
o 12250 320.0 0.0
o 12250 330.0 0.0
o 12250 340.0 0.0
o 12250 350.0 0.0
o 12250 360.0 0.0
o 12250 370.0 0.0
o 12250 380.0 0.0
o 12250 390.0 0.0
o 12250 400.0 0.0
o 12750 0.0 1.0
o 12750 10.0 1.0
o 12750 20.0 1.0
o 12750 30.0 1.0
o 12750 40.0 1.0
o 12750 50.0 1.0
o 12750 60.0 1.0
o 12750 70.0 1.0
o 12750 80.0 1.0
o 12750 90.0 1.0
o 12750 100.0 0.999
o 12750 110.0 1.0
o 12750 120.0 1.0
o 12750 130.0 1.0
o 12750 140.0 1.0
o 12750 150.0 0.999
o 12750 160.0 0.998
o 12750 170.0 0.999
o 12750 180.0 0.993
o 12750 190.0 0.98
o 12750 200.0 0.927
o 12750 210.0 0.886
o 12750 220.0 0.325
o 12750 230.0 0.001
o 12750 240.0 0.0
o 12750 250.0 0.0
o 12750 260.0 0.0
o 12750 270.0 0.0
o 12750 280.0 0.0
o 12750 290.0 0.0
o 12750 300.0 0.0
o 12750 310.0 0.0
o 12750 320.0 0.0
o 12750 330.0 0.0
o 12750 340.0 0.0
o 12750 350.0 0.0
o 12750 360.0 0.0
o 12750 370.0 0.0
o 12750 380.0 0.0
o 12750 390.0 0.0
o 12750 400.0 0.0
o 13000 0.0 1.0
o 13000 10.0 1.0
o 13000 20.0 1.0
o 13000 30.0 1.0
o 13000 40.0 1.0
o 13000 50.0 1.0
o 13000 60.0 1.0
o 13000 70.0 1.0
o 13000 80.0 1.0
o 13000 90.0 1.0
o 13000 100.0 1.0
o 13000 110.0 1.0
o 13000 120.0 1.0
o 13000 130.0 1.0
o 13000 140.0 1.0
o 13000 150.0 1.0
o 13000 160.0 1.0
o 13000 170.0 1.0
o 13000 180.0 1.0
o 13000 190.0 1.0
o 13000 200.0 1.0
o 13000 210.0 1.0
o 13000 220.0 1.0
o 13000 230.0 0.99
o 13000 240.0 0.441
o 13000 250.0 0.007
o 13000 260.0 0.0
o 13000 270.0 0.0
o 13000 280.0 0.0
o 13000 290.0 0.0
o 13000 300.0 0.0
o 13000 310.0 0.0
o 13000 320.0 0.0
o 13000 330.0 0.0
o 13000 340.0 0.0
o 13000 350.0 0.0
o 13000 360.0 0.0
o 13000 370.0 0.0
o 13000 380.0 0.0
o 13000 390.0 0.0
o 13000 400.0 0.0
o 13500 0.0 1.0
o 13500 10.0 1.0
o 13500 20.0 1.0
o 13500 30.0 1.0
o 13500 40.0 1.0
o 13500 50.0 1.0
o 13500 60.0 1.0
o 13500 70.0 1.0
o 13500 80.0 1.0
o 13500 90.0 1.0
o 13500 100.0 1.0
o 13500 110.0 1.0
o 13500 120.0 1.0
o 13500 130.0 1.0
o 13500 140.0 1.0
o 13500 150.0 1.0
o 13500 160.0 1.0
o 13500 170.0 1.0
o 13500 180.0 1.0
o 13500 190.0 1.0
o 13500 200.0 1.0
o 13500 210.0 0.999
o 13500 220.0 0.994
o 13500 230.0 0.821
o 13500 240.0 0.048
o 13500 250.0 0.0
o 13500 260.0 0.0
o 13500 270.0 0.0
o 13500 280.0 0.0
o 13500 290.0 0.0
o 13500 300.0 0.0
o 13500 310.0 0.0
o 13500 320.0 0.0
o 13500 330.0 0.0
o 13500 340.0 0.0
o 13500 350.0 0.0
o 13500 360.0 0.0
o 13500 370.0 0.0
o 13500 380.0 0.0
o 13500 390.0 0.0
o 13500 400.0 0.0
o 13750 0.0 1.0
o 13750 10.0 1.0
o 13750 20.0 1.0
o 13750 30.0 1.0
o 13750 40.0 1.0
o 13750 50.0 1.0
o 13750 60.0 1.0
o 13750 70.0 1.0
o 13750 80.0 1.0
o 13750 90.0 1.0
o 13750 100.0 1.0
o 13750 110.0 1.0
o 13750 120.0 1.0
o 13750 130.0 1.0
o 13750 140.0 1.0
o 13750 150.0 1.0
o 13750 160.0 1.0
o 13750 170.0 1.0
o 13750 180.0 1.0
o 13750 190.0 1.0
o 13750 200.0 1.0
o 13750 210.0 1.0
o 13750 220.0 1.0
o 13750 230.0 0.849
o 13750 240.0 0.047
o 13750 250.0 0.0
o 13750 260.0 0.0
o 13750 270.0 0.0
o 13750 280.0 0.0
o 13750 290.0 0.0
o 13750 300.0 0.0
o 13750 310.0 0.0
o 13750 320.0 0.0
o 13750 330.0 0.0
o 13750 340.0 0.0
o 13750 350.0 0.0
o 13750 360.0 0.0
o 13750 370.0 0.0
o 13750 380.0 0.0
o 13750 390.0 0.0
o 13750 400.0 0.0
o 14000 0.0 1.0
o 14000 10.0 1.0
o 14000 20.0 1.0
o 14000 30.0 1.0
o 14000 40.0 1.0
o 14000 50.0 1.0
o 14000 60.0 1.0
o 14000 70.0 1.0
o 14000 80.0 1.0
o 14000 90.0 1.0
o 14000 100.0 1.0
o 14000 110.0 1.0
o 14000 120.0 1.0
o 14000 130.0 1.0
o 14000 140.0 1.0
o 14000 150.0 1.0
o 14000 160.0 1.0
o 14000 170.0 1.0
o 14000 180.0 1.0
o 14000 190.0 1.0
o 14000 200.0 1.0
o 14000 210.0 1.0
o 14000 220.0 0.977
o 14000 230.0 0.543
o 14000 240.0 0.033
o 14000 250.0 0.0
o 14000 260.0 0.0
o 14000 270.0 0.0
o 14000 280.0 0.0
o 14000 290.0 0.0
o 14000 300.0 0.0
o 14000 310.0 0.0
o 14000 320.0 0.0
o 14000 330.0 0.0
o 14000 340.0 0.0
o 14000 350.0 0.0
o 14000 360.0 0.0
o 14000 370.0 0.0
o 14000 380.0 0.0
o 14000 390.0 0.0
o 14000 400.0 0.0
o 14500 0.0 1.0
o 14500 10.0 1.0
o 14500 20.0 1.0
o 14500 30.0 1.0
o 14500 40.0 1.0
o 14500 50.0 1.0
o 14500 60.0 1.0
o 14500 70.0 1.0
o 14500 80.0 1.0
o 14500 90.0 1.0
o 14500 100.0 1.0
o 14500 110.0 1.0
o 14500 120.0 1.0
o 14500 130.0 1.0
o 14500 140.0 1.0
o 14500 150.0 1.0
o 14500 160.0 1.0
o 14500 170.0 1.0
o 14500 180.0 1.0
o 14500 190.0 1.0
o 14500 200.0 1.0
o 14500 210.0 1.0
o 14500 220.0 1.0
o 14500 230.0 1.0
o 14500 240.0 1.0
o 14500 250.0 1.0
o 14500 260.0 1.0
o 14500 270.0 0.999
o 14500 280.0 0.938
o 14500 290.0 0.506
o 14500 300.0 0.06
o 14500 310.0 0.001
o 14500 320.0 0.0
o 14500 330.0 0.0
o 14500 340.0 0.0
o 14500 350.0 0.0
o 14500 360.0 0.0
o 14500 370.0 0.0
o 14500 380.0 0.0
o 14500 390.0 0.0
o 14500 400.0 0.0
o 15000 0.0 1.0
o 15000 10.0 1.0
o 15000 20.0 1.0
o 15000 30.0 1.0
o 15000 40.0 1.0
o 15000 50.0 1.0
o 15000 60.0 1.0
o 15000 70.0 1.0
o 15000 80.0 1.0
o 15000 90.0 1.0
o 15000 100.0 1.0
o 15000 110.0 1.0
o 15000 120.0 1.0
o 15000 130.0 1.0
o 15000 140.0 1.0
o 15000 150.0 1.0
o 15000 160.0 1.0
o 15000 170.0 1.0
o 15000 180.0 1.0
o 15000 190.0 1.0
o 15000 200.0 1.0
o 15000 210.0 1.0
o 15000 220.0 1.0
o 15000 230.0 0.99
o 15000 240.0 0.918
o 15000 250.0 0.696
o 15000 260.0 0.441
o 15000 270.0 0.157
o 15000 280.0 0.016
o 15000 290.0 0.0
o 15000 300.0 0.0
o 15000 310.0 0.0
o 15000 320.0 0.0
o 15000 330.0 0.0
o 15000 340.0 0.0
o 15000 350.0 0.0
o 15000 360.0 0.0
o 15000 370.0 0.0
o 15000 380.0 0.0
o 15000 390.0 0.0
o 15000 400.0 0.0
o 15500 0.0 1.0
o 15500 10.0 1.0
o 15500 20.0 1.0
o 15500 30.0 1.0
o 15500 40.0 1.0
o 15500 50.0 1.0
o 15500 60.0 1.0
o 15500 70.0 1.0
o 15500 80.0 1.0
o 15500 90.0 1.0
o 15500 100.0 1.0
o 15500 110.0 1.0
o 15500 120.0 1.0
o 15500 130.0 1.0
o 15500 140.0 1.0
o 15500 150.0 1.0
o 15500 160.0 1.0
o 15500 170.0 1.0
o 15500 180.0 1.0
o 15500 190.0 1.0
o 15500 200.0 1.0
o 15500 210.0 1.0
o 15500 220.0 1.0
o 15500 230.0 1.0
o 15500 240.0 0.986
o 15500 250.0 0.834
o 15500 260.0 0.266
o 15500 270.0 0.006
o 15500 280.0 0.0
o 15500 290.0 0.0
o 15500 300.0 0.0
o 15500 310.0 0.0
o 15500 320.0 0.0
o 15500 330.0 0.0
o 15500 340.0 0.0
o 15500 350.0 0.0
o 15500 360.0 0.0
o 15500 370.0 0.0
o 15500 380.0 0.0
o 15500 390.0 0.0
o 15500 400.0 0.0
o 15750 0.0 1.0
o 15750 10.0 0.702
o 15750 20.0 0.688
o 15750 30.0 0.753
o 15750 40.0 0.765
o 15750 50.0 0.76
o 15750 60.0 0.814
o 15750 70.0 0.814
o 15750 80.0 0.837
o 15750 90.0 0.864
o 15750 100.0 0.905
o 15750 110.0 0.9
o 15750 120.0 0.943
o 15750 130.0 0.953
o 15750 140.0 0.981
o 15750 150.0 0.985
o 15750 160.0 0.991
o 15750 170.0 0.989
o 15750 180.0 0.987
o 15750 190.0 0.962
o 15750 200.0 0.796
o 15750 210.0 0.044
o 15750 220.0 0.0
o 15750 230.0 0.0
o 15750 240.0 0.0
o 15750 250.0 0.0
o 15750 260.0 0.0
o 15750 270.0 0.0
o 15750 280.0 0.0
o 15750 290.0 0.0
o 15750 300.0 0.0
o 15750 310.0 0.0
o 15750 320.0 0.0
o 15750 330.0 0.0
o 15750 340.0 0.0
o 15750 350.0 0.0
o 15750 360.0 0.0
o 15750 370.0 0.0
o 15750 380.0 0.0
o 15750 390.0 0.0
o 15750 400.0 0.0
o 16000 0.0 1.0
o 16000 10.0 1.0
o 16000 20.0 1.0
o 16000 30.0 1.0
o 16000 40.0 1.0
o 16000 50.0 1.0
o 16000 60.0 1.0
o 16000 70.0 1.0
o 16000 80.0 1.0
o 16000 90.0 1.0
o 16000 100.0 1.0
o 16000 110.0 1.0
o 16000 120.0 1.0
o 16000 130.0 1.0
o 16000 140.0 1.0
o 16000 150.0 1.0
o 16000 160.0 1.0
o 16000 170.0 1.0
o 16000 180.0 1.0
o 16000 190.0 1.0
o 16000 200.0 1.0
o 16000 210.0 1.0
o 16000 220.0 1.0
o 16000 230.0 0.999
o 16000 240.0 0.803
o 16000 250.0 0.105
o 16000 260.0 0.0
o 16000 270.0 0.0
o 16000 280.0 0.0
o 16000 290.0 0.0
o 16000 300.0 0.0
o 16000 310.0 0.0
o 16000 320.0 0.0
o 16000 330.0 0.0
o 16000 340.0 0.0
o 16000 350.0 0.0
o 16000 360.0 0.0
o 16000 370.0 0.0
o 16000 380.0 0.0
o 16000 390.0 0.0
o 16000 400.0 0.0
o 16750 0.0 1.0
o 16750 10.0 1.0
o 16750 20.0 1.0
o 16750 30.0 1.0
o 16750 40.0 1.0
o 16750 50.0 1.0
o 16750 60.0 1.0
o 16750 70.0 1.0
o 16750 80.0 1.0
o 16750 90.0 1.0
o 16750 100.0 1.0
o 16750 110.0 1.0
o 16750 120.0 1.0
o 16750 130.0 1.0
o 16750 140.0 1.0
o 16750 150.0 1.0
o 16750 160.0 1.0
o 16750 170.0 1.0
o 16750 180.0 1.0
o 16750 190.0 1.0
o 16750 200.0 1.0
o 16750 210.0 1.0
o 16750 220.0 0.997
o 16750 230.0 0.907
o 16750 240.0 0.24
o 16750 250.0 0.002
o 16750 260.0 0.0
o 16750 270.0 0.0
o 16750 280.0 0.0
o 16750 290.0 0.0
o 16750 300.0 0.0
o 16750 310.0 0.0
o 16750 320.0 0.0
o 16750 330.0 0.0
o 16750 340.0 0.0
o 16750 350.0 0.0
o 16750 360.0 0.0
o 16750 370.0 0.0
o 16750 380.0 0.0
o 16750 390.0 0.0
o 16750 400.0 0.0
o 17000 0.0 1.0
o 17000 10.0 1.0
o 17000 20.0 1.0
o 17000 30.0 1.0
o 17000 40.0 1.0
o 17000 50.0 1.0
o 17000 60.0 1.0
o 17000 70.0 1.0
o 17000 80.0 1.0
o 17000 90.0 1.0
o 17000 100.0 1.0
o 17000 110.0 1.0
o 17000 120.0 1.0
o 17000 130.0 1.0
o 17000 140.0 1.0
o 17000 150.0 1.0
o 17000 160.0 1.0
o 17000 170.0 1.0
o 17000 180.0 1.0
o 17000 190.0 1.0
o 17000 200.0 1.0
o 17000 210.0 1.0
o 17000 220.0 1.0
o 17000 230.0 1.0
o 17000 240.0 1.0
o 17000 250.0 1.0
o 17000 260.0 1.0
o 17000 270.0 1.0
o 17000 280.0 0.984
o 17000 290.0 0.237
o 17000 300.0 0.0
o 17000 310.0 0.0
o 17000 320.0 0.0
o 17000 330.0 0.0
o 17000 340.0 0.0
o 17000 350.0 0.0
o 17000 360.0 0.0
o 17000 370.0 0.0
o 17000 380.0 0.0
o 17000 390.0 0.0
o 17000 400.0 0.0
o 17500 0.0 1.0
o 17500 10.0 1.0
o 17500 20.0 1.0
o 17500 30.0 1.0
o 17500 40.0 1.0
o 17500 50.0 1.0
o 17500 60.0 1.0
o 17500 70.0 1.0
o 17500 80.0 1.0
o 17500 90.0 1.0
o 17500 100.0 1.0
o 17500 110.0 1.0
o 17500 120.0 1.0
o 17500 130.0 1.0
o 17500 140.0 1.0
o 17500 150.0 1.0
o 17500 160.0 1.0
o 17500 170.0 1.0
o 17500 180.0 1.0
o 17500 190.0 1.0
o 17500 200.0 1.0
o 17500 210.0 1.0
o 17500 220.0 1.0
o 17500 230.0 1.0
o 17500 240.0 1.0
o 17500 250.0 0.687
o 17500 260.0 0.004
o 17500 270.0 0.0
o 17500 280.0 0.0
o 17500 290.0 0.0
o 17500 300.0 0.0
o 17500 310.0 0.0
o 17500 320.0 0.0
o 17500 330.0 0.0
o 17500 340.0 0.0
o 17500 350.0 0.0
o 17500 360.0 0.0
o 17500 370.0 0.0
o 17500 380.0 0.0
o 17500 390.0 0.0
o 17500 400.0 0.0
o 17750 0.0 1.0
o 17750 10.0 1.0
o 17750 20.0 1.0
o 17750 30.0 1.0
o 17750 40.0 0.997
o 17750 50.0 1.0
o 17750 60.0 0.998
o 17750 70.0 0.996
o 17750 80.0 0.992
o 17750 90.0 0.998
o 17750 100.0 0.998
o 17750 110.0 0.994
o 17750 120.0 0.997
o 17750 130.0 0.994
o 17750 140.0 0.998
o 17750 150.0 1.0
o 17750 160.0 0.999
o 17750 170.0 1.0
o 17750 180.0 1.0
o 17750 190.0 0.999
o 17750 200.0 0.999
o 17750 210.0 0.941
o 17750 220.0 0.575
o 17750 230.0 0.14
o 17750 240.0 0.004
o 17750 250.0 0.0
o 17750 260.0 0.0
o 17750 270.0 0.0
o 17750 280.0 0.0
o 17750 290.0 0.0
o 17750 300.0 0.0
o 17750 310.0 0.0
o 17750 320.0 0.0
o 17750 330.0 0.0
o 17750 340.0 0.0
o 17750 350.0 0.0
o 17750 360.0 0.0
o 17750 370.0 0.0
o 17750 380.0 0.0
o 17750 390.0 0.0
o 17750 400.0 0.0
o 18250 0.0 1.0
o 18250 10.0 1.0
o 18250 20.0 1.0
o 18250 30.0 1.0
o 18250 40.0 1.0
o 18250 50.0 1.0
o 18250 60.0 1.0
o 18250 70.0 1.0
o 18250 80.0 1.0
o 18250 90.0 1.0
o 18250 100.0 1.0
o 18250 110.0 1.0
o 18250 120.0 1.0
o 18250 130.0 1.0
o 18250 140.0 1.0
o 18250 150.0 1.0
o 18250 160.0 1.0
o 18250 170.0 1.0
o 18250 180.0 1.0
o 18250 190.0 0.996
o 18250 200.0 0.999
o 18250 210.0 1.0
o 18250 220.0 1.0
o 18250 230.0 0.774
o 18250 240.0 0.03
o 18250 250.0 0.0
o 18250 260.0 0.0
o 18250 270.0 0.0
o 18250 280.0 0.0
o 18250 290.0 0.0
o 18250 300.0 0.0
o 18250 310.0 0.0
o 18250 320.0 0.0
o 18250 330.0 0.0
o 18250 340.0 0.0
o 18250 350.0 0.0
o 18250 360.0 0.0
o 18250 370.0 0.0
o 18250 380.0 0.0
o 18250 390.0 0.0
o 18250 400.0 0.0
o 18750 0.0 1.0
o 18750 10.0 1.0
o 18750 20.0 1.0
o 18750 30.0 1.0
o 18750 40.0 1.0
o 18750 50.0 1.0
o 18750 60.0 1.0
o 18750 70.0 1.0
o 18750 80.0 1.0
o 18750 90.0 1.0
o 18750 100.0 1.0
o 18750 110.0 1.0
o 18750 120.0 1.0
o 18750 130.0 1.0
o 18750 140.0 1.0
o 18750 150.0 1.0
o 18750 160.0 1.0
o 18750 170.0 1.0
o 18750 180.0 0.999
o 18750 190.0 1.0
o 18750 200.0 0.997
o 18750 210.0 0.959
o 18750 220.0 0.861
o 18750 230.0 0.498
o 18750 240.0 0.118
o 18750 250.0 0.007
o 18750 260.0 0.0
o 18750 270.0 0.0
o 18750 280.0 0.0
o 18750 290.0 0.0
o 18750 300.0 0.0
o 18750 310.0 0.0
o 18750 320.0 0.0
o 18750 330.0 0.0
o 18750 340.0 0.0
o 18750 350.0 0.0
o 18750 360.0 0.0
o 18750 370.0 0.0
o 18750 380.0 0.0
o 18750 390.0 0.0
o 18750 400.0 0.0
o 19000 0.0 1.0
o 19000 10.0 1.0
o 19000 20.0 1.0
o 19000 30.0 1.0
o 19000 40.0 1.0
o 19000 50.0 1.0
o 19000 60.0 0.999
o 19000 70.0 1.0
o 19000 80.0 0.999
o 19000 90.0 0.997
o 19000 100.0 1.0
o 19000 110.0 0.999
o 19000 120.0 0.999
o 19000 130.0 0.999
o 19000 140.0 1.0
o 19000 150.0 0.998
o 19000 160.0 0.999
o 19000 170.0 1.0
o 19000 180.0 1.0
o 19000 190.0 1.0
o 19000 200.0 0.988
o 19000 210.0 0.642
o 19000 220.0 0.074
o 19000 230.0 0.0
o 19000 240.0 0.0
o 19000 250.0 0.0
o 19000 260.0 0.0
o 19000 270.0 0.0
o 19000 280.0 0.0
o 19000 290.0 0.0
o 19000 300.0 0.0
o 19000 310.0 0.0
o 19000 320.0 0.0
o 19000 330.0 0.0
o 19000 340.0 0.0
o 19000 350.0 0.0
o 19000 360.0 0.0
o 19000 370.0 0.0
o 19000 380.0 0.0
o 19000 390.0 0.0
o 19000 400.0 0.0
o 19250 0.0 1.0
o 19250 10.0 0.818
o 19250 20.0 0.7
o 19250 30.0 0.629
o 19250 40.0 0.515
o 19250 50.0 0.505
o 19250 60.0 0.415
o 19250 70.0 0.365
o 19250 80.0 0.323
o 19250 90.0 0.254
o 19250 100.0 0.249
o 19250 110.0 0.193
o 19250 120.0 0.179
o 19250 130.0 0.149
o 19250 140.0 0.154
o 19250 150.0 0.118
o 19250 160.0 0.111
o 19250 170.0 0.09
o 19250 180.0 0.068
o 19250 190.0 0.035
o 19250 200.0 0.02
o 19250 210.0 0.0
o 19250 220.0 0.0
o 19250 230.0 0.0
o 19250 240.0 0.006
o 19250 250.0 0.01
o 19250 260.0 0.001
o 19250 270.0 0.0
o 19250 280.0 0.0
o 19250 290.0 0.0
o 19250 300.0 0.0
o 19250 310.0 0.0
o 19250 320.0 0.0
o 19250 330.0 0.0
o 19250 340.0 0.0
o 19250 350.0 0.0
o 19250 360.0 0.0
o 19250 370.0 0.0
o 19250 380.0 0.0
o 19250 390.0 0.0
o 19250 400.0 0.0
o 20000 0.0 1.0
o 20000 10.0 1.0
o 20000 20.0 1.0
o 20000 30.0 0.996
o 20000 40.0 0.991
o 20000 50.0 0.986
o 20000 60.0 0.99
o 20000 70.0 0.982
o 20000 80.0 0.984
o 20000 90.0 0.986
o 20000 100.0 0.985
o 20000 110.0 0.989
o 20000 120.0 0.984
o 20000 130.0 0.991
o 20000 140.0 0.991
o 20000 150.0 0.996
o 20000 160.0 0.999
o 20000 170.0 0.998
o 20000 180.0 0.999
o 20000 190.0 0.999
o 20000 200.0 0.896
o 20000 210.0 0.053
o 20000 220.0 0.0
o 20000 230.0 0.0
o 20000 240.0 0.0
o 20000 250.0 0.0
o 20000 260.0 0.0
o 20000 270.0 0.0
o 20000 280.0 0.0
o 20000 290.0 0.0
o 20000 300.0 0.0
o 20000 310.0 0.0
o 20000 320.0 0.0
o 20000 330.0 0.0
o 20000 340.0 0.0
o 20000 350.0 0.0
o 20000 360.0 0.0
o 20000 370.0 0.0
o 20000 380.0 0.0
o 20000 390.0 0.0
o 20000 400.0 0.0
o 21250 0.0 1.0
o 21250 10.0 1.0
o 21250 20.0 1.0
o 21250 30.0 1.0
o 21250 40.0 1.0
o 21250 50.0 1.0
o 21250 60.0 1.0
o 21250 70.0 1.0
o 21250 80.0 1.0
o 21250 90.0 1.0
o 21250 100.0 1.0
o 21250 110.0 1.0
o 21250 120.0 1.0
o 21250 130.0 1.0
o 21250 140.0 1.0
o 21250 150.0 1.0
o 21250 160.0 1.0
o 21250 170.0 1.0
o 21250 180.0 1.0
o 21250 190.0 1.0
o 21250 200.0 1.0
o 21250 210.0 1.0
o 21250 220.0 1.0
o 21250 230.0 1.0
o 21250 240.0 1.0
o 21250 250.0 0.957
o 21250 260.0 0.484
o 21250 270.0 0.067
o 21250 280.0 0.0
o 21250 290.0 0.0
o 21250 300.0 0.0
o 21250 310.0 0.0
o 21250 320.0 0.0
o 21250 330.0 0.0
o 21250 340.0 0.0
o 21250 350.0 0.0
o 21250 360.0 0.0
o 21250 370.0 0.0
o 21250 380.0 0.0
o 21250 390.0 0.0
o 21250 400.0 0.0
o 21500 0.0 1.0
o 21500 10.0 1.0
o 21500 20.0 1.0
o 21500 30.0 1.0
o 21500 40.0 1.0
o 21500 50.0 1.0
o 21500 60.0 1.0
o 21500 70.0 1.0
o 21500 80.0 1.0
o 21500 90.0 1.0
o 21500 100.0 1.0
o 21500 110.0 1.0
o 21500 120.0 1.0
o 21500 130.0 1.0
o 21500 140.0 1.0
o 21500 150.0 1.0
o 21500 160.0 1.0
o 21500 170.0 1.0
o 21500 180.0 1.0
o 21500 190.0 1.0
o 21500 200.0 1.0
o 21500 210.0 1.0
o 21500 220.0 0.815
o 21500 230.0 0.037
o 21500 240.0 0.0
o 21500 250.0 0.0
o 21500 260.0 0.0
o 21500 270.0 0.0
o 21500 280.0 0.0
o 21500 290.0 0.0
o 21500 300.0 0.0
o 21500 310.0 0.0
o 21500 320.0 0.0
o 21500 330.0 0.0
o 21500 340.0 0.0
o 21500 350.0 0.0
o 21500 360.0 0.0
o 21500 370.0 0.0
o 21500 380.0 0.0
o 21500 390.0 0.0
o 21500 400.0 0.0
o 22750 0.0 1.0
o 22750 10.0 1.0
o 22750 20.0 1.0
o 22750 30.0 1.0
o 22750 40.0 1.0
o 22750 50.0 1.0
o 22750 60.0 1.0
o 22750 70.0 1.0
o 22750 80.0 1.0
o 22750 90.0 1.0
o 22750 100.0 1.0
o 22750 110.0 1.0
o 22750 120.0 1.0
o 22750 130.0 1.0
o 22750 140.0 1.0
o 22750 150.0 1.0
o 22750 160.0 1.0
o 22750 170.0 1.0
o 22750 180.0 1.0
o 22750 190.0 1.0
o 22750 200.0 1.0
o 22750 210.0 1.0
o 22750 220.0 1.0
o 22750 230.0 0.999
o 22750 240.0 0.978
o 22750 250.0 0.921
o 22750 260.0 0.835
o 22750 270.0 0.497
o 22750 280.0 0.052
o 22750 290.0 0.001
o 22750 300.0 0.0
o 22750 310.0 0.0
o 22750 320.0 0.0
o 22750 330.0 0.0
o 22750 340.0 0.0
o 22750 350.0 0.0
o 22750 360.0 0.0
o 22750 370.0 0.0
o 22750 380.0 0.0
o 22750 390.0 0.0
o 22750 400.0 0.0
o 23250 0.0 1.0
o 23250 10.0 1.0
o 23250 20.0 1.0
o 23250 30.0 1.0
o 23250 40.0 1.0
o 23250 50.0 1.0
o 23250 60.0 1.0
o 23250 70.0 1.0
o 23250 80.0 1.0
o 23250 90.0 1.0
o 23250 100.0 1.0
o 23250 110.0 1.0
o 23250 120.0 1.0
o 23250 130.0 1.0
o 23250 140.0 1.0
o 23250 150.0 1.0
o 23250 160.0 1.0
o 23250 170.0 1.0
o 23250 180.0 1.0
o 23250 190.0 1.0
o 23250 200.0 1.0
o 23250 210.0 1.0
o 23250 220.0 0.992
o 23250 230.0 0.055
o 23250 240.0 0.0
o 23250 250.0 0.0
o 23250 260.0 0.0
o 23250 270.0 0.0
o 23250 280.0 0.0
o 23250 290.0 0.0
o 23250 300.0 0.0
o 23250 310.0 0.0
o 23250 320.0 0.0
o 23250 330.0 0.0
o 23250 340.0 0.0
o 23250 350.0 0.0
o 23250 360.0 0.0
o 23250 370.0 0.0
o 23250 380.0 0.0
o 23250 390.0 0.0
o 23250 400.0 0.0
o 23750 0.0 1.0
o 23750 10.0 1.0
o 23750 20.0 1.0
o 23750 30.0 1.0
o 23750 40.0 1.0
o 23750 50.0 1.0
o 23750 60.0 1.0
o 23750 70.0 1.0
o 23750 80.0 1.0
o 23750 90.0 1.0
o 23750 100.0 1.0
o 23750 110.0 1.0
o 23750 120.0 1.0
o 23750 130.0 1.0
o 23750 140.0 1.0
o 23750 150.0 1.0
o 23750 160.0 1.0
o 23750 170.0 1.0
o 23750 180.0 1.0
o 23750 190.0 1.0
o 23750 200.0 1.0
o 23750 210.0 1.0
o 23750 220.0 1.0
o 23750 230.0 1.0
o 23750 240.0 1.0
o 23750 250.0 1.0
o 23750 260.0 1.0
o 23750 270.0 1.0
o 23750 280.0 1.0
o 23750 290.0 0.996
o 23750 300.0 0.964
o 23750 310.0 0.848
o 23750 320.0 0.62
o 23750 330.0 0.257
o 23750 340.0 0.062
o 23750 350.0 0.005
o 23750 360.0 0.001
o 23750 370.0 0.0
o 23750 380.0 0.0
o 23750 390.0 0.0
o 23750 400.0 0.0
o 25000 0.0 1.0
o 25000 10.0 1.0
o 25000 20.0 1.0
o 25000 30.0 1.0
o 25000 40.0 1.0
o 25000 50.0 1.0
o 25000 60.0 1.0
o 25000 70.0 1.0
o 25000 80.0 1.0
o 25000 90.0 1.0
o 25000 100.0 1.0
o 25000 110.0 1.0
o 25000 120.0 1.0
o 25000 130.0 1.0
o 25000 140.0 1.0
o 25000 150.0 1.0
o 25000 160.0 1.0
o 25000 170.0 1.0
o 25000 180.0 1.0
o 25000 190.0 1.0
o 25000 200.0 1.0
o 25000 210.0 1.0
o 25000 220.0 1.0
o 25000 230.0 0.646
o 25000 240.0 0.0
o 25000 250.0 0.0
o 25000 260.0 0.0
o 25000 270.0 0.0
o 25000 280.0 0.0
o 25000 290.0 0.0
o 25000 300.0 0.0
o 25000 310.0 0.0
o 25000 320.0 0.0
o 25000 330.0 0.0
o 25000 340.0 0.0
o 25000 350.0 0.0
o 25000 360.0 0.0
o 25000 370.0 0.0
o 25000 380.0 0.0
o 25000 390.0 0.0
o 25000 400.0 0.0
o 25250 0.0 1.0
o 25250 10.0 1.0
o 25250 20.0 1.0
o 25250 30.0 1.0
o 25250 40.0 0.998
o 25250 50.0 0.999
o 25250 60.0 0.998
o 25250 70.0 1.0
o 25250 80.0 0.995
o 25250 90.0 0.995
o 25250 100.0 0.997
o 25250 110.0 0.999
o 25250 120.0 0.998
o 25250 130.0 1.0
o 25250 140.0 1.0
o 25250 150.0 1.0
o 25250 160.0 1.0
o 25250 170.0 1.0
o 25250 180.0 1.0
o 25250 190.0 1.0
o 25250 200.0 1.0
o 25250 210.0 1.0
o 25250 220.0 0.998
o 25250 230.0 0.815
o 25250 240.0 0.048
o 25250 250.0 0.0
o 25250 260.0 0.0
o 25250 270.0 0.0
o 25250 280.0 0.0
o 25250 290.0 0.0
o 25250 300.0 0.0
o 25250 310.0 0.0
o 25250 320.0 0.0
o 25250 330.0 0.0
o 25250 340.0 0.0
o 25250 350.0 0.0
o 25250 360.0 0.0
o 25250 370.0 0.0
o 25250 380.0 0.0
o 25250 390.0 0.0
o 25250 400.0 0.0
o 25500 0.0 1.0
o 25500 10.0 1.0
o 25500 20.0 1.0
o 25500 30.0 1.0
o 25500 40.0 1.0
o 25500 50.0 1.0
o 25500 60.0 1.0
o 25500 70.0 1.0
o 25500 80.0 1.0
o 25500 90.0 1.0
o 25500 100.0 1.0
o 25500 110.0 1.0
o 25500 120.0 1.0
o 25500 130.0 1.0
o 25500 140.0 1.0
o 25500 150.0 1.0
o 25500 160.0 1.0
o 25500 170.0 1.0
o 25500 180.0 1.0
o 25500 190.0 1.0
o 25500 200.0 1.0
o 25500 210.0 1.0
o 25500 220.0 1.0
o 25500 230.0 0.935
o 25500 240.0 0.011
o 25500 250.0 0.0
o 25500 260.0 0.0
o 25500 270.0 0.0
o 25500 280.0 0.0
o 25500 290.0 0.0
o 25500 300.0 0.0
o 25500 310.0 0.0
o 25500 320.0 0.0
o 25500 330.0 0.0
o 25500 340.0 0.0
o 25500 350.0 0.0
o 25500 360.0 0.0
o 25500 370.0 0.0
o 25500 380.0 0.0
o 25500 390.0 0.0
o 25500 400.0 0.0
o 26250 0.0 1.0
o 26250 10.0 1.0
o 26250 20.0 1.0
o 26250 30.0 1.0
o 26250 40.0 1.0
o 26250 50.0 1.0
o 26250 60.0 1.0
o 26250 70.0 1.0
o 26250 80.0 1.0
o 26250 90.0 1.0
o 26250 100.0 1.0
o 26250 110.0 1.0
o 26250 120.0 1.0
o 26250 130.0 1.0
o 26250 140.0 1.0
o 26250 150.0 1.0
o 26250 160.0 1.0
o 26250 170.0 1.0
o 26250 180.0 1.0
o 26250 190.0 1.0
o 26250 200.0 1.0
o 26250 210.0 1.0
o 26250 220.0 0.994
o 26250 230.0 0.477
o 26250 240.0 0.0
o 26250 250.0 0.0
o 26250 260.0 0.0
o 26250 270.0 0.0
o 26250 280.0 0.0
o 26250 290.0 0.0
o 26250 300.0 0.0
o 26250 310.0 0.0
o 26250 320.0 0.0
o 26250 330.0 0.0
o 26250 340.0 0.0
o 26250 350.0 0.0
o 26250 360.0 0.0
o 26250 370.0 0.0
o 26250 380.0 0.0
o 26250 390.0 0.0
o 26250 400.0 0.0
o 26750 0.0 1.0
o 26750 10.0 1.0
o 26750 20.0 1.0
o 26750 30.0 1.0
o 26750 40.0 1.0
o 26750 50.0 1.0
o 26750 60.0 1.0
o 26750 70.0 1.0
o 26750 80.0 1.0
o 26750 90.0 1.0
o 26750 100.0 0.999
o 26750 110.0 1.0
o 26750 120.0 1.0
o 26750 130.0 1.0
o 26750 140.0 0.999
o 26750 150.0 1.0
o 26750 160.0 0.997
o 26750 170.0 0.995
o 26750 180.0 0.951
o 26750 190.0 0.713
o 26750 200.0 0.201
o 26750 210.0 0.003
o 26750 220.0 0.0
o 26750 230.0 0.0
o 26750 240.0 0.0
o 26750 250.0 0.0
o 26750 260.0 0.0
o 26750 270.0 0.0
o 26750 280.0 0.0
o 26750 290.0 0.0
o 26750 300.0 0.0
o 26750 310.0 0.0
o 26750 320.0 0.0
o 26750 330.0 0.0
o 26750 340.0 0.0
o 26750 350.0 0.0
o 26750 360.0 0.0
o 26750 370.0 0.0
o 26750 380.0 0.0
o 26750 390.0 0.0
o 26750 400.0 0.0
o 27000 0.0 1.0
o 27000 10.0 1.0
o 27000 20.0 1.0
o 27000 30.0 1.0
o 27000 40.0 1.0
o 27000 50.0 1.0
o 27000 60.0 1.0
o 27000 70.0 1.0
o 27000 80.0 1.0
o 27000 90.0 1.0
o 27000 100.0 1.0
o 27000 110.0 1.0
o 27000 120.0 1.0
o 27000 130.0 1.0
o 27000 140.0 1.0
o 27000 150.0 1.0
o 27000 160.0 1.0
o 27000 170.0 1.0
o 27000 180.0 1.0
o 27000 190.0 1.0
o 27000 200.0 1.0
o 27000 210.0 1.0
o 27000 220.0 1.0
o 27000 230.0 0.996
o 27000 240.0 0.929
o 27000 250.0 0.667
o 27000 260.0 0.101
o 27000 270.0 0.0
o 27000 280.0 0.0
o 27000 290.0 0.0
o 27000 300.0 0.0
o 27000 310.0 0.0
o 27000 320.0 0.0
o 27000 330.0 0.0
o 27000 340.0 0.0
o 27000 350.0 0.0
o 27000 360.0 0.0
o 27000 370.0 0.0
o 27000 380.0 0.0
o 27000 390.0 0.0
o 27000 400.0 0.0
o 27500 0.0 1.0
o 27500 10.0 1.0
o 27500 20.0 1.0
o 27500 30.0 1.0
o 27500 40.0 1.0
o 27500 50.0 1.0
o 27500 60.0 1.0
o 27500 70.0 1.0
o 27500 80.0 1.0
o 27500 90.0 1.0
o 27500 100.0 1.0
o 27500 110.0 1.0
o 27500 120.0 1.0
o 27500 130.0 1.0
o 27500 140.0 1.0
o 27500 150.0 1.0
o 27500 160.0 0.997
o 27500 170.0 0.983
o 27500 180.0 0.903
o 27500 190.0 0.657
o 27500 200.0 0.165
o 27500 210.0 0.0
o 27500 220.0 0.0
o 27500 230.0 0.0
o 27500 240.0 0.0
o 27500 250.0 0.0
o 27500 260.0 0.0
o 27500 270.0 0.0
o 27500 280.0 0.0
o 27500 290.0 0.0
o 27500 300.0 0.0
o 27500 310.0 0.0
o 27500 320.0 0.0
o 27500 330.0 0.0
o 27500 340.0 0.0
o 27500 350.0 0.0
o 27500 360.0 0.0
o 27500 370.0 0.0
o 27500 380.0 0.0
o 27500 390.0 0.0
o 27500 400.0 0.0
o 28000 0.0 1.0
o 28000 10.0 1.0
o 28000 20.0 1.0
o 28000 30.0 1.0
o 28000 40.0 1.0
o 28000 50.0 1.0
o 28000 60.0 1.0
o 28000 70.0 1.0
o 28000 80.0 1.0
o 28000 90.0 1.0
o 28000 100.0 1.0
o 28000 110.0 1.0
o 28000 120.0 1.0
o 28000 130.0 1.0
o 28000 140.0 1.0
o 28000 150.0 1.0
o 28000 160.0 1.0
o 28000 170.0 1.0
o 28000 180.0 1.0
o 28000 190.0 1.0
o 28000 200.0 1.0
o 28000 210.0 0.998
o 28000 220.0 0.96
o 28000 230.0 0.196
o 28000 240.0 0.0
o 28000 250.0 0.0
o 28000 260.0 0.0
o 28000 270.0 0.0
o 28000 280.0 0.0
o 28000 290.0 0.0
o 28000 300.0 0.0
o 28000 310.0 0.0
o 28000 320.0 0.0
o 28000 330.0 0.0
o 28000 340.0 0.0
o 28000 350.0 0.0
o 28000 360.0 0.0
o 28000 370.0 0.0
o 28000 380.0 0.0
o 28000 390.0 0.0
o 28000 400.0 0.0
o 28250 0.0 1.0
o 28250 10.0 1.0
o 28250 20.0 1.0
o 28250 30.0 1.0
o 28250 40.0 1.0
o 28250 50.0 1.0
o 28250 60.0 1.0
o 28250 70.0 1.0
o 28250 80.0 1.0
o 28250 90.0 1.0
o 28250 100.0 1.0
o 28250 110.0 1.0
o 28250 120.0 1.0
o 28250 130.0 1.0
o 28250 140.0 1.0
o 28250 150.0 1.0
o 28250 160.0 1.0
o 28250 170.0 1.0
o 28250 180.0 1.0
o 28250 190.0 1.0
o 28250 200.0 1.0
o 28250 210.0 1.0
o 28250 220.0 1.0
o 28250 230.0 1.0
o 28250 240.0 0.982
o 28250 250.0 0.137
o 28250 260.0 0.0
o 28250 270.0 0.0
o 28250 280.0 0.0
o 28250 290.0 0.0
o 28250 300.0 0.0
o 28250 310.0 0.0
o 28250 320.0 0.0
o 28250 330.0 0.0
o 28250 340.0 0.0
o 28250 350.0 0.0
o 28250 360.0 0.0
o 28250 370.0 0.0
o 28250 380.0 0.0
o 28250 390.0 0.0
o 28250 400.0 0.0
o 29750 0.0 1.0
o 29750 10.0 1.0
o 29750 20.0 1.0
o 29750 30.0 1.0
o 29750 40.0 1.0
o 29750 50.0 1.0
o 29750 60.0 1.0
o 29750 70.0 1.0
o 29750 80.0 1.0
o 29750 90.0 1.0
o 29750 100.0 1.0
o 29750 110.0 1.0
o 29750 120.0 1.0
o 29750 130.0 1.0
o 29750 140.0 1.0
o 29750 150.0 1.0
o 29750 160.0 1.0
o 29750 170.0 1.0
o 29750 180.0 1.0
o 29750 190.0 1.0
o 29750 200.0 1.0
o 29750 210.0 1.0
o 29750 220.0 0.991
o 29750 230.0 0.87
o 29750 240.0 0.55
o 29750 250.0 0.184
o 29750 260.0 0.01
o 29750 270.0 0.0
o 29750 280.0 0.0
o 29750 290.0 0.0
o 29750 300.0 0.0
o 29750 310.0 0.0
o 29750 320.0 0.0
o 29750 330.0 0.0
o 29750 340.0 0.0
o 29750 350.0 0.0
o 29750 360.0 0.0
o 29750 370.0 0.0
o 29750 380.0 0.0
o 29750 390.0 0.0
o 29750 400.0 0.0
o 30000 0.0 1.0
o 30000 10.0 0.648
o 30000 20.0 0.591
o 30000 30.0 0.54
o 30000 40.0 0.514
o 30000 50.0 0.511
o 30000 60.0 0.502
o 30000 70.0 0.536
o 30000 80.0 0.515
o 30000 90.0 0.489
o 30000 100.0 0.471
o 30000 110.0 0.406
o 30000 120.0 0.433
o 30000 130.0 0.367
o 30000 140.0 0.303
o 30000 150.0 0.273
o 30000 160.0 0.181
o 30000 170.0 0.139
o 30000 180.0 0.082
o 30000 190.0 0.022
o 30000 200.0 0.008
o 30000 210.0 0.001
o 30000 220.0 0.0
o 30000 230.0 0.0
o 30000 240.0 0.0
o 30000 250.0 0.0
o 30000 260.0 0.0
o 30000 270.0 0.0
o 30000 280.0 0.0
o 30000 290.0 0.0
o 30000 300.0 0.0
o 30000 310.0 0.0
o 30000 320.0 0.0
o 30000 330.0 0.0
o 30000 340.0 0.0
o 30000 350.0 0.0
o 30000 360.0 0.0
o 30000 370.0 0.0
o 30000 380.0 0.0
o 30000 390.0 0.0
o 30000 400.0 0.0
o 30500 0.0 1.0
o 30500 10.0 1.0
o 30500 20.0 1.0
o 30500 30.0 1.0
o 30500 40.0 1.0
o 30500 50.0 1.0
o 30500 60.0 1.0
o 30500 70.0 1.0
o 30500 80.0 1.0
o 30500 90.0 1.0
o 30500 100.0 1.0
o 30500 110.0 1.0
o 30500 120.0 1.0
o 30500 130.0 1.0
o 30500 140.0 1.0
o 30500 150.0 1.0
o 30500 160.0 1.0
o 30500 170.0 1.0
o 30500 180.0 1.0
o 30500 190.0 1.0
o 30500 200.0 1.0
o 30500 210.0 1.0
o 30500 220.0 1.0
o 30500 230.0 0.248
o 30500 240.0 0.0
o 30500 250.0 0.0
o 30500 260.0 0.0
o 30500 270.0 0.0
o 30500 280.0 0.0
o 30500 290.0 0.0
o 30500 300.0 0.0
o 30500 310.0 0.0
o 30500 320.0 0.0
o 30500 330.0 0.0
o 30500 340.0 0.0
o 30500 350.0 0.0
o 30500 360.0 0.0
o 30500 370.0 0.0
o 30500 380.0 0.0
o 30500 390.0 0.0
o 30500 400.0 0.0
o 30750 0.0 1.0
o 30750 10.0 1.0
o 30750 20.0 1.0
o 30750 30.0 1.0
o 30750 40.0 1.0
o 30750 50.0 1.0
o 30750 60.0 1.0
o 30750 70.0 1.0
o 30750 80.0 1.0
o 30750 90.0 1.0
o 30750 100.0 1.0
o 30750 110.0 1.0
o 30750 120.0 1.0
o 30750 130.0 1.0
o 30750 140.0 1.0
o 30750 150.0 1.0
o 30750 160.0 1.0
o 30750 170.0 1.0
o 30750 180.0 1.0
o 30750 190.0 1.0
o 30750 200.0 1.0
o 30750 210.0 1.0
o 30750 220.0 1.0
o 30750 230.0 1.0
o 30750 240.0 0.878
o 30750 250.0 0.079
o 30750 260.0 0.0
o 30750 270.0 0.0
o 30750 280.0 0.0
o 30750 290.0 0.0
o 30750 300.0 0.0
o 30750 310.0 0.0
o 30750 320.0 0.0
o 30750 330.0 0.0
o 30750 340.0 0.0
o 30750 350.0 0.0
o 30750 360.0 0.0
o 30750 370.0 0.0
o 30750 380.0 0.0
o 30750 390.0 0.0
o 30750 400.0 0.0
o 31250 0.0 1.0
o 31250 10.0 1.0
o 31250 20.0 1.0
o 31250 30.0 1.0
o 31250 40.0 1.0
o 31250 50.0 1.0
o 31250 60.0 1.0
o 31250 70.0 1.0
o 31250 80.0 1.0
o 31250 90.0 1.0
o 31250 100.0 1.0
o 31250 110.0 1.0
o 31250 120.0 1.0
o 31250 130.0 1.0
o 31250 140.0 1.0
o 31250 150.0 1.0
o 31250 160.0 1.0
o 31250 170.0 1.0
o 31250 180.0 1.0
o 31250 190.0 1.0
o 31250 200.0 1.0
o 31250 210.0 1.0
o 31250 220.0 1.0
o 31250 230.0 0.999
o 31250 240.0 0.533
o 31250 250.0 0.001
o 31250 260.0 0.0
o 31250 270.0 0.0
o 31250 280.0 0.0
o 31250 290.0 0.0
o 31250 300.0 0.0
o 31250 310.0 0.0
o 31250 320.0 0.0
o 31250 330.0 0.0
o 31250 340.0 0.0
o 31250 350.0 0.0
o 31250 360.0 0.0
o 31250 370.0 0.0
o 31250 380.0 0.0
o 31250 390.0 0.0
o 31250 400.0 0.0
o 32000 0.0 1.0
o 32000 10.0 0.505
o 32000 20.0 0.476
o 32000 30.0 0.495
o 32000 40.0 0.533
o 32000 50.0 0.522
o 32000 60.0 0.584
o 32000 70.0 0.63
o 32000 80.0 0.689
o 32000 90.0 0.77
o 32000 100.0 0.869
o 32000 110.0 0.93
o 32000 120.0 0.983
o 32000 130.0 0.996
o 32000 140.0 1.0
o 32000 150.0 1.0
o 32000 160.0 1.0
o 32000 170.0 1.0
o 32000 180.0 1.0
o 32000 190.0 1.0
o 32000 200.0 1.0
o 32000 210.0 1.0
o 32000 220.0 1.0
o 32000 230.0 1.0
o 32000 240.0 1.0
o 32000 250.0 0.787
o 32000 260.0 0.102
o 32000 270.0 0.005
o 32000 280.0 0.0
o 32000 290.0 0.0
o 32000 300.0 0.0
o 32000 310.0 0.0
o 32000 320.0 0.0
o 32000 330.0 0.0
o 32000 340.0 0.0
o 32000 350.0 0.0
o 32000 360.0 0.0
o 32000 370.0 0.0
o 32000 380.0 0.0
o 32000 390.0 0.0
o 32000 400.0 0.0
o 32250 0.0 1.0
o 32250 10.0 1.0
o 32250 20.0 1.0
o 32250 30.0 1.0
o 32250 40.0 1.0
o 32250 50.0 1.0
o 32250 60.0 1.0
o 32250 70.0 1.0
o 32250 80.0 1.0
o 32250 90.0 1.0
o 32250 100.0 1.0
o 32250 110.0 1.0
o 32250 120.0 1.0
o 32250 130.0 1.0
o 32250 140.0 1.0
o 32250 150.0 1.0
o 32250 160.0 1.0
o 32250 170.0 1.0
o 32250 180.0 1.0
o 32250 190.0 1.0
o 32250 200.0 1.0
o 32250 210.0 1.0
o 32250 220.0 1.0
o 32250 230.0 1.0
o 32250 240.0 0.994
o 32250 250.0 0.801
o 32250 260.0 0.13
o 32250 270.0 0.001
o 32250 280.0 0.0
o 32250 290.0 0.0
o 32250 300.0 0.0
o 32250 310.0 0.0
o 32250 320.0 0.0
o 32250 330.0 0.0
o 32250 340.0 0.0
o 32250 350.0 0.0
o 32250 360.0 0.0
o 32250 370.0 0.0
o 32250 380.0 0.0
o 32250 390.0 0.0
o 32250 400.0 0.0
o 33000 0.0 1.0
o 33000 10.0 1.0
o 33000 20.0 1.0
o 33000 30.0 1.0
o 33000 40.0 1.0
o 33000 50.0 1.0
o 33000 60.0 1.0
o 33000 70.0 1.0
o 33000 80.0 1.0
o 33000 90.0 1.0
o 33000 100.0 1.0
o 33000 110.0 1.0
o 33000 120.0 1.0
o 33000 130.0 1.0
o 33000 140.0 1.0
o 33000 150.0 1.0
o 33000 160.0 1.0
o 33000 170.0 1.0
o 33000 180.0 1.0
o 33000 190.0 1.0
o 33000 200.0 1.0
o 33000 210.0 1.0
o 33000 220.0 0.522
o 33000 230.0 0.0
o 33000 240.0 0.0
o 33000 250.0 0.0
o 33000 260.0 0.0
o 33000 270.0 0.0
o 33000 280.0 0.0
o 33000 290.0 0.0
o 33000 300.0 0.0
o 33000 310.0 0.0
o 33000 320.0 0.0
o 33000 330.0 0.0
o 33000 340.0 0.0
o 33000 350.0 0.0
o 33000 360.0 0.0
o 33000 370.0 0.0
o 33000 380.0 0.0
o 33000 390.0 0.0
o 33000 400.0 0.0
o 33500 0.0 1.0
o 33500 10.0 1.0
o 33500 20.0 1.0
o 33500 30.0 1.0
o 33500 40.0 1.0
o 33500 50.0 1.0
o 33500 60.0 1.0
o 33500 70.0 1.0
o 33500 80.0 1.0
o 33500 90.0 1.0
o 33500 100.0 1.0
o 33500 110.0 1.0
o 33500 120.0 1.0
o 33500 130.0 1.0
o 33500 140.0 1.0
o 33500 150.0 1.0
o 33500 160.0 1.0
o 33500 170.0 1.0
o 33500 180.0 1.0
o 33500 190.0 1.0
o 33500 200.0 1.0
o 33500 210.0 1.0
o 33500 220.0 1.0
o 33500 230.0 0.994
o 33500 240.0 0.341
o 33500 250.0 0.002
o 33500 260.0 0.0
o 33500 270.0 0.0
o 33500 280.0 0.0
o 33500 290.0 0.0
o 33500 300.0 0.0
o 33500 310.0 0.0
o 33500 320.0 0.0
o 33500 330.0 0.0
o 33500 340.0 0.0
o 33500 350.0 0.0
o 33500 360.0 0.0
o 33500 370.0 0.0
o 33500 380.0 0.0
o 33500 390.0 0.0
o 33500 400.0 0.0
o 34250 0.0 1.0
o 34250 10.0 1.0
o 34250 20.0 1.0
o 34250 30.0 1.0
o 34250 40.0 1.0
o 34250 50.0 1.0
o 34250 60.0 1.0
o 34250 70.0 1.0
o 34250 80.0 1.0
o 34250 90.0 1.0
o 34250 100.0 1.0
o 34250 110.0 1.0
o 34250 120.0 1.0
o 34250 130.0 1.0
o 34250 140.0 1.0
o 34250 150.0 1.0
o 34250 160.0 1.0
o 34250 170.0 1.0
o 34250 180.0 1.0
o 34250 190.0 1.0
o 34250 200.0 1.0
o 34250 210.0 1.0
o 34250 220.0 1.0
o 34250 230.0 1.0
o 34250 240.0 0.378
o 34250 250.0 0.0
o 34250 260.0 0.0
o 34250 270.0 0.0
o 34250 280.0 0.0
o 34250 290.0 0.0
o 34250 300.0 0.0
o 34250 310.0 0.0
o 34250 320.0 0.0
o 34250 330.0 0.0
o 34250 340.0 0.0
o 34250 350.0 0.0
o 34250 360.0 0.0
o 34250 370.0 0.0
o 34250 380.0 0.0
o 34250 390.0 0.0
o 34250 400.0 0.0
o 34500 0.0 1.0
o 34500 10.0 1.0
o 34500 20.0 1.0
o 34500 30.0 1.0
o 34500 40.0 1.0
o 34500 50.0 1.0
o 34500 60.0 1.0
o 34500 70.0 1.0
o 34500 80.0 1.0
o 34500 90.0 1.0
o 34500 100.0 1.0
o 34500 110.0 1.0
o 34500 120.0 1.0
o 34500 130.0 1.0
o 34500 140.0 1.0
o 34500 150.0 1.0
o 34500 160.0 1.0
o 34500 170.0 1.0
o 34500 180.0 1.0
o 34500 190.0 1.0
o 34500 200.0 1.0
o 34500 210.0 0.987
o 34500 220.0 0.835
o 34500 230.0 0.228
o 34500 240.0 0.0
o 34500 250.0 0.0
o 34500 260.0 0.0
o 34500 270.0 0.0
o 34500 280.0 0.0
o 34500 290.0 0.0
o 34500 300.0 0.0
o 34500 310.0 0.0
o 34500 320.0 0.0
o 34500 330.0 0.0
o 34500 340.0 0.0
o 34500 350.0 0.0
o 34500 360.0 0.0
o 34500 370.0 0.0
o 34500 380.0 0.0
o 34500 390.0 0.0
o 34500 400.0 0.0
o 35250 0.0 1.0
o 35250 10.0 1.0
o 35250 20.0 1.0
o 35250 30.0 1.0
o 35250 40.0 1.0
o 35250 50.0 1.0
o 35250 60.0 1.0
o 35250 70.0 1.0
o 35250 80.0 1.0
o 35250 90.0 1.0
o 35250 100.0 1.0
o 35250 110.0 1.0
o 35250 120.0 0.997
o 35250 130.0 0.997
o 35250 140.0 0.993
o 35250 150.0 0.995
o 35250 160.0 0.991
o 35250 170.0 0.996
o 35250 180.0 0.99
o 35250 190.0 0.989
o 35250 200.0 0.992
o 35250 210.0 0.957
o 35250 220.0 0.848
o 35250 230.0 0.407
o 35250 240.0 0.016
o 35250 250.0 0.0
o 35250 260.0 0.0
o 35250 270.0 0.0
o 35250 280.0 0.0
o 35250 290.0 0.0
o 35250 300.0 0.0
o 35250 310.0 0.0
o 35250 320.0 0.0
o 35250 330.0 0.0
o 35250 340.0 0.0
o 35250 350.0 0.0
o 35250 360.0 0.0
o 35250 370.0 0.0
o 35250 380.0 0.0
o 35250 390.0 0.0
o 35250 400.0 0.0
o 36250 0.0 1.0
o 36250 10.0 1.0
o 36250 20.0 1.0
o 36250 30.0 1.0
o 36250 40.0 1.0
o 36250 50.0 1.0
o 36250 60.0 1.0
o 36250 70.0 1.0
o 36250 80.0 1.0
o 36250 90.0 0.998
o 36250 100.0 0.992
o 36250 110.0 0.992
o 36250 120.0 0.987
o 36250 130.0 0.985
o 36250 140.0 0.987
o 36250 150.0 0.981
o 36250 160.0 0.973
o 36250 170.0 0.969
o 36250 180.0 0.976
o 36250 190.0 0.96
o 36250 200.0 0.95
o 36250 210.0 0.886
o 36250 220.0 0.577
o 36250 230.0 0.244
o 36250 240.0 0.017
o 36250 250.0 0.0
o 36250 260.0 0.0
o 36250 270.0 0.0
o 36250 280.0 0.0
o 36250 290.0 0.0
o 36250 300.0 0.0
o 36250 310.0 0.0
o 36250 320.0 0.0
o 36250 330.0 0.0
o 36250 340.0 0.0
o 36250 350.0 0.0
o 36250 360.0 0.0
o 36250 370.0 0.0
o 36250 380.0 0.0
o 36250 390.0 0.0
o 36250 400.0 0.0
o 37750 0.0 1.0
o 37750 10.0 1.0
o 37750 20.0 1.0
o 37750 30.0 1.0
o 37750 40.0 1.0
o 37750 50.0 1.0
o 37750 60.0 1.0
o 37750 70.0 1.0
o 37750 80.0 1.0
o 37750 90.0 1.0
o 37750 100.0 1.0
o 37750 110.0 1.0
o 37750 120.0 1.0
o 37750 130.0 1.0
o 37750 140.0 1.0
o 37750 150.0 1.0
o 37750 160.0 1.0
o 37750 170.0 1.0
o 37750 180.0 1.0
o 37750 190.0 1.0
o 37750 200.0 1.0
o 37750 210.0 0.995
o 37750 220.0 0.953
o 37750 230.0 0.872
o 37750 240.0 0.436
o 37750 250.0 0.003
o 37750 260.0 0.0
o 37750 270.0 0.0
o 37750 280.0 0.0
o 37750 290.0 0.0
o 37750 300.0 0.0
o 37750 310.0 0.0
o 37750 320.0 0.0
o 37750 330.0 0.0
o 37750 340.0 0.0
o 37750 350.0 0.0
o 37750 360.0 0.0
o 37750 370.0 0.0
o 37750 380.0 0.0
o 37750 390.0 0.0
o 37750 400.0 0.0
o 38250 0.0 1.0
o 38250 10.0 1.0
o 38250 20.0 1.0
o 38250 30.0 1.0
o 38250 40.0 1.0
o 38250 50.0 1.0
o 38250 60.0 1.0
o 38250 70.0 1.0
o 38250 80.0 1.0
o 38250 90.0 1.0
o 38250 100.0 1.0
o 38250 110.0 1.0
o 38250 120.0 1.0
o 38250 130.0 1.0
o 38250 140.0 1.0
o 38250 150.0 1.0
o 38250 160.0 1.0
o 38250 170.0 1.0
o 38250 180.0 1.0
o 38250 190.0 1.0
o 38250 200.0 1.0
o 38250 210.0 1.0
o 38250 220.0 1.0
o 38250 230.0 0.998
o 38250 240.0 0.96
o 38250 250.0 0.489
o 38250 260.0 0.005
o 38250 270.0 0.0
o 38250 280.0 0.0
o 38250 290.0 0.0
o 38250 300.0 0.0
o 38250 310.0 0.0
o 38250 320.0 0.0
o 38250 330.0 0.0
o 38250 340.0 0.0
o 38250 350.0 0.0
o 38250 360.0 0.0
o 38250 370.0 0.0
o 38250 380.0 0.0
o 38250 390.0 0.0
o 38250 400.0 0.0
o 39250 0.0 1.0
o 39250 10.0 1.0
o 39250 20.0 1.0
o 39250 30.0 1.0
o 39250 40.0 1.0
o 39250 50.0 1.0
o 39250 60.0 1.0
o 39250 70.0 1.0
o 39250 80.0 1.0
o 39250 90.0 1.0
o 39250 100.0 1.0
o 39250 110.0 0.998
o 39250 120.0 1.0
o 39250 130.0 0.999
o 39250 140.0 1.0
o 39250 150.0 0.999
o 39250 160.0 0.998
o 39250 170.0 0.999
o 39250 180.0 0.999
o 39250 190.0 1.0
o 39250 200.0 0.994
o 39250 210.0 0.607
o 39250 220.0 0.0
o 39250 230.0 0.0
o 39250 240.0 0.0
o 39250 250.0 0.0
o 39250 260.0 0.0
o 39250 270.0 0.0
o 39250 280.0 0.0
o 39250 290.0 0.0
o 39250 300.0 0.0
o 39250 310.0 0.0
o 39250 320.0 0.0
o 39250 330.0 0.0
o 39250 340.0 0.0
o 39250 350.0 0.0
o 39250 360.0 0.0
o 39250 370.0 0.0
o 39250 380.0 0.0
o 39250 390.0 0.0
o 39250 400.0 0.0
o 39750 0.0 1.0
o 39750 10.0 1.0
o 39750 20.0 1.0
o 39750 30.0 1.0
o 39750 40.0 1.0
o 39750 50.0 1.0
o 39750 60.0 1.0
o 39750 70.0 1.0
o 39750 80.0 1.0
o 39750 90.0 1.0
o 39750 100.0 1.0
o 39750 110.0 1.0
o 39750 120.0 1.0
o 39750 130.0 1.0
o 39750 140.0 0.997
o 39750 150.0 0.993
o 39750 160.0 0.98
o 39750 170.0 0.949
o 39750 180.0 0.923
o 39750 190.0 0.88
o 39750 200.0 0.88
o 39750 210.0 0.823
o 39750 220.0 0.809
o 39750 230.0 0.942
o 39750 240.0 0.998
o 39750 250.0 0.966
o 39750 260.0 0.259
o 39750 270.0 0.002
o 39750 280.0 0.0
o 39750 290.0 0.0
o 39750 300.0 0.0
o 39750 310.0 0.0
o 39750 320.0 0.0
o 39750 330.0 0.0
o 39750 340.0 0.0
o 39750 350.0 0.0
o 39750 360.0 0.0
o 39750 370.0 0.0
o 39750 380.0 0.0
o 39750 390.0 0.0
o 39750 400.0 0.0
o 40000 0.0 1.0
o 40000 10.0 1.0
o 40000 20.0 1.0
o 40000 30.0 1.0
o 40000 40.0 1.0
o 40000 50.0 1.0
o 40000 60.0 1.0
o 40000 70.0 1.0
o 40000 80.0 1.0
o 40000 90.0 1.0
o 40000 100.0 1.0
o 40000 110.0 1.0
o 40000 120.0 1.0
o 40000 130.0 1.0
o 40000 140.0 1.0
o 40000 150.0 1.0
o 40000 160.0 1.0
o 40000 170.0 1.0
o 40000 180.0 1.0
o 40000 190.0 1.0
o 40000 200.0 1.0
o 40000 210.0 1.0
o 40000 220.0 1.0
o 40000 230.0 1.0
o 40000 240.0 1.0
o 40000 250.0 1.0
o 40000 260.0 0.999
o 40000 270.0 0.945
o 40000 280.0 0.528
o 40000 290.0 0.174
o 40000 300.0 0.021
o 40000 310.0 0.0
o 40000 320.0 0.0
o 40000 330.0 0.0
o 40000 340.0 0.0
o 40000 350.0 0.0
o 40000 360.0 0.0
o 40000 370.0 0.0
o 40000 380.0 0.0
o 40000 390.0 0.0
o 40000 400.0 0.0
o 40500 0.0 1.0
o 40500 10.0 1.0
o 40500 20.0 1.0
o 40500 30.0 1.0
o 40500 40.0 1.0
o 40500 50.0 1.0
o 40500 60.0 1.0
o 40500 70.0 1.0
o 40500 80.0 1.0
o 40500 90.0 1.0
o 40500 100.0 1.0
o 40500 110.0 1.0
o 40500 120.0 1.0
o 40500 130.0 1.0
o 40500 140.0 1.0
o 40500 150.0 1.0
o 40500 160.0 1.0
o 40500 170.0 1.0
o 40500 180.0 1.0
o 40500 190.0 1.0
o 40500 200.0 1.0
o 40500 210.0 0.996
o 40500 220.0 0.522
o 40500 230.0 0.003
o 40500 240.0 0.0
o 40500 250.0 0.0
o 40500 260.0 0.0
o 40500 270.0 0.0
o 40500 280.0 0.0
o 40500 290.0 0.0
o 40500 300.0 0.0
o 40500 310.0 0.0
o 40500 320.0 0.0
o 40500 330.0 0.0
o 40500 340.0 0.0
o 40500 350.0 0.0
o 40500 360.0 0.0
o 40500 370.0 0.0
o 40500 380.0 0.0
o 40500 390.0 0.0
o 40500 400.0 0.0
o 42250 0.0 1.0
o 42250 10.0 1.0
o 42250 20.0 1.0
o 42250 30.0 1.0
o 42250 40.0 1.0
o 42250 50.0 1.0
o 42250 60.0 1.0
o 42250 70.0 1.0
o 42250 80.0 1.0
o 42250 90.0 1.0
o 42250 100.0 1.0
o 42250 110.0 1.0
o 42250 120.0 1.0
o 42250 130.0 1.0
o 42250 140.0 1.0
o 42250 150.0 1.0
o 42250 160.0 1.0
o 42250 170.0 1.0
o 42250 180.0 1.0
o 42250 190.0 1.0
o 42250 200.0 1.0
o 42250 210.0 1.0
o 42250 220.0 1.0
o 42250 230.0 1.0
o 42250 240.0 0.994
o 42250 250.0 0.691
o 42250 260.0 0.025
o 42250 270.0 0.001
o 42250 280.0 0.0
o 42250 290.0 0.0
o 42250 300.0 0.0
o 42250 310.0 0.0
o 42250 320.0 0.0
o 42250 330.0 0.0
o 42250 340.0 0.0
o 42250 350.0 0.0
o 42250 360.0 0.0
o 42250 370.0 0.0
o 42250 380.0 0.0
o 42250 390.0 0.0
o 42250 400.0 0.0
o 44500 0.0 1.0
o 44500 10.0 1.0
o 44500 20.0 1.0
o 44500 30.0 1.0
o 44500 40.0 1.0
o 44500 50.0 1.0
o 44500 60.0 1.0
o 44500 70.0 1.0
o 44500 80.0 1.0
o 44500 90.0 1.0
o 44500 100.0 1.0
o 44500 110.0 1.0
o 44500 120.0 1.0
o 44500 130.0 1.0
o 44500 140.0 1.0
o 44500 150.0 1.0
o 44500 160.0 1.0
o 44500 170.0 1.0
o 44500 180.0 0.998
o 44500 190.0 0.991
o 44500 200.0 0.953
o 44500 210.0 0.854
o 44500 220.0 0.748
o 44500 230.0 0.632
o 44500 240.0 0.449
o 44500 250.0 0.221
o 44500 260.0 0.032
o 44500 270.0 0.0
o 44500 280.0 0.0
o 44500 290.0 0.0
o 44500 300.0 0.0
o 44500 310.0 0.0
o 44500 320.0 0.0
o 44500 330.0 0.0
o 44500 340.0 0.0
o 44500 350.0 0.0
o 44500 360.0 0.0
o 44500 370.0 0.0
o 44500 380.0 0.0
o 44500 390.0 0.0
o 44500 400.0 0.0
o 44750 0.0 1.0
o 44750 10.0 1.0
o 44750 20.0 1.0
o 44750 30.0 1.0
o 44750 40.0 1.0
o 44750 50.0 1.0
o 44750 60.0 1.0
o 44750 70.0 1.0
o 44750 80.0 1.0
o 44750 90.0 1.0
o 44750 100.0 1.0
o 44750 110.0 1.0
o 44750 120.0 1.0
o 44750 130.0 1.0
o 44750 140.0 1.0
o 44750 150.0 1.0
o 44750 160.0 0.999
o 44750 170.0 0.999
o 44750 180.0 0.998
o 44750 190.0 0.99
o 44750 200.0 0.94
o 44750 210.0 0.609
o 44750 220.0 0.038
o 44750 230.0 0.0
o 44750 240.0 0.0
o 44750 250.0 0.0
o 44750 260.0 0.0
o 44750 270.0 0.0
o 44750 280.0 0.0
o 44750 290.0 0.0
o 44750 300.0 0.0
o 44750 310.0 0.0
o 44750 320.0 0.0
o 44750 330.0 0.0
o 44750 340.0 0.0
o 44750 350.0 0.0
o 44750 360.0 0.0
o 44750 370.0 0.0
o 44750 380.0 0.0
o 44750 390.0 0.0
o 44750 400.0 0.0
o 45000 0.0 1.0
o 45000 10.0 1.0
o 45000 20.0 1.0
o 45000 30.0 1.0
o 45000 40.0 1.0
o 45000 50.0 1.0
o 45000 60.0 1.0
o 45000 70.0 1.0
o 45000 80.0 1.0
o 45000 90.0 1.0
o 45000 100.0 1.0
o 45000 110.0 1.0
o 45000 120.0 1.0
o 45000 130.0 1.0
o 45000 140.0 1.0
o 45000 150.0 1.0
o 45000 160.0 1.0
o 45000 170.0 1.0
o 45000 180.0 1.0
o 45000 190.0 1.0
o 45000 200.0 1.0
o 45000 210.0 1.0
o 45000 220.0 0.989
o 45000 230.0 0.255
o 45000 240.0 0.0
o 45000 250.0 0.0
o 45000 260.0 0.0
o 45000 270.0 0.0
o 45000 280.0 0.0
o 45000 290.0 0.0
o 45000 300.0 0.0
o 45000 310.0 0.0
o 45000 320.0 0.0
o 45000 330.0 0.0
o 45000 340.0 0.0
o 45000 350.0 0.0
o 45000 360.0 0.0
o 45000 370.0 0.0
o 45000 380.0 0.0
o 45000 390.0 0.0
o 45000 400.0 0.0
o 45250 0.0 1.0
o 45250 10.0 1.0
o 45250 20.0 1.0
o 45250 30.0 1.0
o 45250 40.0 1.0
o 45250 50.0 1.0
o 45250 60.0 1.0
o 45250 70.0 1.0
o 45250 80.0 1.0
o 45250 90.0 1.0
o 45250 100.0 1.0
o 45250 110.0 1.0
o 45250 120.0 1.0
o 45250 130.0 1.0
o 45250 140.0 1.0
o 45250 150.0 1.0
o 45250 160.0 1.0
o 45250 170.0 1.0
o 45250 180.0 1.0
o 45250 190.0 1.0
o 45250 200.0 1.0
o 45250 210.0 1.0
o 45250 220.0 1.0
o 45250 230.0 0.99
o 45250 240.0 0.126
o 45250 250.0 0.0
o 45250 260.0 0.0
o 45250 270.0 0.0
o 45250 280.0 0.0
o 45250 290.0 0.0
o 45250 300.0 0.0
o 45250 310.0 0.0
o 45250 320.0 0.0
o 45250 330.0 0.0
o 45250 340.0 0.0
o 45250 350.0 0.0
o 45250 360.0 0.0
o 45250 370.0 0.0
o 45250 380.0 0.0
o 45250 390.0 0.0
o 45250 400.0 0.0
o 45750 0.0 1.0
o 45750 10.0 1.0
o 45750 20.0 1.0
o 45750 30.0 1.0
o 45750 40.0 1.0
o 45750 50.0 1.0
o 45750 60.0 1.0
o 45750 70.0 1.0
o 45750 80.0 1.0
o 45750 90.0 1.0
o 45750 100.0 1.0
o 45750 110.0 1.0
o 45750 120.0 1.0
o 45750 130.0 1.0
o 45750 140.0 1.0
o 45750 150.0 1.0
o 45750 160.0 1.0
o 45750 170.0 1.0
o 45750 180.0 1.0
o 45750 190.0 1.0
o 45750 200.0 1.0
o 45750 210.0 1.0
o 45750 220.0 1.0
o 45750 230.0 1.0
o 45750 240.0 1.0
o 45750 250.0 1.0
o 45750 260.0 0.995
o 45750 270.0 0.718
o 45750 280.0 0.173
o 45750 290.0 0.009
o 45750 300.0 0.0
o 45750 310.0 0.0
o 45750 320.0 0.0
o 45750 330.0 0.0
o 45750 340.0 0.0
o 45750 350.0 0.0
o 45750 360.0 0.0
o 45750 370.0 0.0
o 45750 380.0 0.0
o 45750 390.0 0.0
o 45750 400.0 0.0
o 46250 0.0 1.0
o 46250 10.0 1.0
o 46250 20.0 1.0
o 46250 30.0 1.0
o 46250 40.0 1.0
o 46250 50.0 1.0
o 46250 60.0 1.0
o 46250 70.0 1.0
o 46250 80.0 1.0
o 46250 90.0 1.0
o 46250 100.0 1.0
o 46250 110.0 1.0
o 46250 120.0 1.0
o 46250 130.0 1.0
o 46250 140.0 1.0
o 46250 150.0 0.987
o 46250 160.0 0.929
o 46250 170.0 0.757
o 46250 180.0 0.49
o 46250 190.0 0.236
o 46250 200.0 0.058
o 46250 210.0 0.012
o 46250 220.0 0.001
o 46250 230.0 0.0
o 46250 240.0 0.0
o 46250 250.0 0.0
o 46250 260.0 0.0
o 46250 270.0 0.0
o 46250 280.0 0.0
o 46250 290.0 0.0
o 46250 300.0 0.0
o 46250 310.0 0.0
o 46250 320.0 0.0
o 46250 330.0 0.0
o 46250 340.0 0.0
o 46250 350.0 0.0
o 46250 360.0 0.0
o 46250 370.0 0.0
o 46250 380.0 0.0
o 46250 390.0 0.0
o 46250 400.0 0.0
o 47000 0.0 1.0
o 47000 10.0 1.0
o 47000 20.0 1.0
o 47000 30.0 1.0
o 47000 40.0 1.0
o 47000 50.0 1.0
o 47000 60.0 1.0
o 47000 70.0 1.0
o 47000 80.0 1.0
o 47000 90.0 1.0
o 47000 100.0 1.0
o 47000 110.0 1.0
o 47000 120.0 1.0
o 47000 130.0 1.0
o 47000 140.0 1.0
o 47000 150.0 0.999
o 47000 160.0 0.997
o 47000 170.0 0.992
o 47000 180.0 0.973
o 47000 190.0 0.909
o 47000 200.0 0.584
o 47000 210.0 0.076
o 47000 220.0 0.0
o 47000 230.0 0.0
o 47000 240.0 0.0
o 47000 250.0 0.0
o 47000 260.0 0.0
o 47000 270.0 0.0
o 47000 280.0 0.0
o 47000 290.0 0.0
o 47000 300.0 0.0
o 47000 310.0 0.0
o 47000 320.0 0.0
o 47000 330.0 0.0
o 47000 340.0 0.0
o 47000 350.0 0.0
o 47000 360.0 0.0
o 47000 370.0 0.0
o 47000 380.0 0.0
o 47000 390.0 0.0
o 47000 400.0 0.0
o 47250 0.0 1.0
o 47250 10.0 1.0
o 47250 20.0 1.0
o 47250 30.0 1.0
o 47250 40.0 1.0
o 47250 50.0 1.0
o 47250 60.0 1.0
o 47250 70.0 1.0
o 47250 80.0 1.0
o 47250 90.0 1.0
o 47250 100.0 1.0
o 47250 110.0 1.0
o 47250 120.0 1.0
o 47250 130.0 1.0
o 47250 140.0 1.0
o 47250 150.0 1.0
o 47250 160.0 1.0
o 47250 170.0 1.0
o 47250 180.0 1.0
o 47250 190.0 1.0
o 47250 200.0 1.0
o 47250 210.0 1.0
o 47250 220.0 0.971
o 47250 230.0 0.843
o 47250 240.0 0.248
o 47250 250.0 0.011
o 47250 260.0 0.0
o 47250 270.0 0.0
o 47250 280.0 0.0
o 47250 290.0 0.0
o 47250 300.0 0.0
o 47250 310.0 0.0
o 47250 320.0 0.0
o 47250 330.0 0.0
o 47250 340.0 0.0
o 47250 350.0 0.0
o 47250 360.0 0.0
o 47250 370.0 0.0
o 47250 380.0 0.0
o 47250 390.0 0.0
o 47250 400.0 0.0
o 47500 0.0 1.0
o 47500 10.0 1.0
o 47500 20.0 1.0
o 47500 30.0 1.0
o 47500 40.0 1.0
o 47500 50.0 1.0
o 47500 60.0 1.0
o 47500 70.0 1.0
o 47500 80.0 1.0
o 47500 90.0 1.0
o 47500 100.0 1.0
o 47500 110.0 1.0
o 47500 120.0 1.0
o 47500 130.0 1.0
o 47500 140.0 1.0
o 47500 150.0 1.0
o 47500 160.0 1.0
o 47500 170.0 1.0
o 47500 180.0 1.0
o 47500 190.0 1.0
o 47500 200.0 1.0
o 47500 210.0 0.998
o 47500 220.0 0.998
o 47500 230.0 0.977
o 47500 240.0 0.675
o 47500 250.0 0.062
o 47500 260.0 0.0
o 47500 270.0 0.0
o 47500 280.0 0.0
o 47500 290.0 0.0
o 47500 300.0 0.0
o 47500 310.0 0.0
o 47500 320.0 0.0
o 47500 330.0 0.0
o 47500 340.0 0.0
o 47500 350.0 0.0
o 47500 360.0 0.0
o 47500 370.0 0.0
o 47500 380.0 0.0
o 47500 390.0 0.0
o 47500 400.0 0.0
o 47750 0.0 1.0
o 47750 10.0 1.0
o 47750 20.0 1.0
o 47750 30.0 1.0
o 47750 40.0 1.0
o 47750 50.0 1.0
o 47750 60.0 1.0
o 47750 70.0 1.0
o 47750 80.0 1.0
o 47750 90.0 1.0
o 47750 100.0 1.0
o 47750 110.0 1.0
o 47750 120.0 1.0
o 47750 130.0 1.0
o 47750 140.0 1.0
o 47750 150.0 1.0
o 47750 160.0 1.0
o 47750 170.0 1.0
o 47750 180.0 1.0
o 47750 190.0 1.0
o 47750 200.0 1.0
o 47750 210.0 1.0
o 47750 220.0 1.0
o 47750 230.0 1.0
o 47750 240.0 1.0
o 47750 250.0 0.981
o 47750 260.0 0.68
o 47750 270.0 0.122
o 47750 280.0 0.003
o 47750 290.0 0.0
o 47750 300.0 0.0
o 47750 310.0 0.0
o 47750 320.0 0.0
o 47750 330.0 0.0
o 47750 340.0 0.0
o 47750 350.0 0.0
o 47750 360.0 0.0
o 47750 370.0 0.0
o 47750 380.0 0.0
o 47750 390.0 0.0
o 47750 400.0 0.0
o 49000 0.0 1.0
o 49000 10.0 1.0
o 49000 20.0 1.0
o 49000 30.0 1.0
o 49000 40.0 1.0
o 49000 50.0 1.0
o 49000 60.0 1.0
o 49000 70.0 1.0
o 49000 80.0 1.0
o 49000 90.0 1.0
o 49000 100.0 1.0
o 49000 110.0 1.0
o 49000 120.0 1.0
o 49000 130.0 1.0
o 49000 140.0 1.0
o 49000 150.0 1.0
o 49000 160.0 1.0
o 49000 170.0 1.0
o 49000 180.0 1.0
o 49000 190.0 1.0
o 49000 200.0 1.0
o 49000 210.0 1.0
o 49000 220.0 1.0
o 49000 230.0 0.1
o 49000 240.0 0.0
o 49000 250.0 0.0
o 49000 260.0 0.0
o 49000 270.0 0.0
o 49000 280.0 0.0
o 49000 290.0 0.0
o 49000 300.0 0.0
o 49000 310.0 0.0
o 49000 320.0 0.0
o 49000 330.0 0.0
o 49000 340.0 0.0
o 49000 350.0 0.0
o 49000 360.0 0.0
o 49000 370.0 0.0
o 49000 380.0 0.0
o 49000 390.0 0.0
o 49000 400.0 0.0
o 49250 0.0 1.0
o 49250 10.0 1.0
o 49250 20.0 1.0
o 49250 30.0 1.0
o 49250 40.0 1.0
o 49250 50.0 1.0
o 49250 60.0 1.0
o 49250 70.0 1.0
o 49250 80.0 1.0
o 49250 90.0 1.0
o 49250 100.0 1.0
o 49250 110.0 1.0
o 49250 120.0 1.0
o 49250 130.0 1.0
o 49250 140.0 1.0
o 49250 150.0 1.0
o 49250 160.0 1.0
o 49250 170.0 1.0
o 49250 180.0 1.0
o 49250 190.0 1.0
o 49250 200.0 1.0
o 49250 210.0 1.0
o 49250 220.0 1.0
o 49250 230.0 1.0
o 49250 240.0 1.0
o 49250 250.0 1.0
o 49250 260.0 1.0
o 49250 270.0 0.996
o 49250 280.0 0.952
o 49250 290.0 0.829
o 49250 300.0 0.573
o 49250 310.0 0.306
o 49250 320.0 0.075
o 49250 330.0 0.001
o 49250 340.0 0.0
o 49250 350.0 0.0
o 49250 360.0 0.0
o 49250 370.0 0.0
o 49250 380.0 0.0
o 49250 390.0 0.0
o 49250 400.0 0.0
o 49750 0.0 1.0
o 49750 10.0 1.0
o 49750 20.0 1.0
o 49750 30.0 1.0
o 49750 40.0 1.0
o 49750 50.0 1.0
o 49750 60.0 1.0
o 49750 70.0 1.0
o 49750 80.0 1.0
o 49750 90.0 1.0
o 49750 100.0 1.0
o 49750 110.0 1.0
o 49750 120.0 1.0
o 49750 130.0 1.0
o 49750 140.0 1.0
o 49750 150.0 1.0
o 49750 160.0 1.0
o 49750 170.0 1.0
o 49750 180.0 1.0
o 49750 190.0 1.0
o 49750 200.0 1.0
o 49750 210.0 1.0
o 49750 220.0 0.998
o 49750 230.0 0.414
o 49750 240.0 0.0
o 49750 250.0 0.0
o 49750 260.0 0.0
o 49750 270.0 0.0
o 49750 280.0 0.0
o 49750 290.0 0.0
o 49750 300.0 0.0
o 49750 310.0 0.0
o 49750 320.0 0.0
o 49750 330.0 0.0
o 49750 340.0 0.0
o 49750 350.0 0.0
o 49750 360.0 0.0
o 49750 370.0 0.0
o 49750 380.0 0.0
o 49750 390.0 0.0
o 49750 400.0 0.0
