
x disttype general-gaussian
x k 75254
x std 0.5
x N 50000
x alpha 0.0005

o 0 0.000617231858581449 0.006574120542913898
o 50 0 0.0020713641682267793
o 100 0.9999239938640173 1
o 150 0.9970894973736596 0.9985398772559865
o 200 0 0.0020713641682267793
o 250 0.36122246039016737 0.37626178552482914
o 300 0.6981992449357772 0.7124115407455225
o 350 0.12484443020028588 0.16366690676037793
o 400 0.997253441867765 0.9986557844757019
o 450 0.9999239938640173 1
o 500 0.9999239938640173 1
o 550 0.9998341327646891 1
o 600 0.00039780109237607124 0.005802461929782443
o 650 0.9998341327646891 1
o 700 0.9999239938640173 1
o 750 0.9762346763171166 0.9807633266580427
o 800 0.9870679423889834 0.9903662277879905
o 850 0.998039947439641 0.9991883950191731
o 900 0.10210179526154085 0.13801348101447272
o 950 0.9999239938640173 1
o 1000 0.9998341327646891 1
o 1050 0.9999239938640173 1
o 1100 0 0.0020713641682267793
o 1150 0 0.0020713641682267793
o 1200 0.9999239938640173 1
o 1250 0.9999239938640173 1
o 1300 0.1086447572714207 0.14544046625115156
o 1350 0.9999239938640173 1
o 1400 0.04438156358019528 0.07000795225343849
o 1450 0.9999239938640173 1
o 1500 0.994050329381407 0.9962209548041089
o 1550 0.9991034965092045 0.999802411507066
o 1600 0 0.0020713641682267793
o 1650 2.947816983711372e-05 0.003692940350408797
o 1700 5.632956977942948e-06 0.0032118347953750117
o 1750 0.48880805697762364 0.5043930888644461
o 1800 7.381303257431036e-05 0.004146138037869025
o 1850 0.9997848482419177 0.9999999949993749
o 1900 0 0.0020713641682267793
o 1950 0.9999239938640173 1
o 2000 0 0.0020713641682267793
o 2050 0.9999239938640173 1
o 2100 0 0.0020713641682267793
o 2150 0 0.0020713641682267793
o 2200 0.9984828397939827 0.9994647833575536
o 2250 0.9999239938640173 1
o 2300 0.002798082592817977 0.011848799571119218
o 2350 0 0.0020713641682267793
o 2400 0.03027487366724361 0.05218695680400302
o 2450 0.9989962943624098 0.9997500155155601
o 2500 0.029623302498300776 0.051341983725983545
o 2550 0.9660456274243041 0.9714758335437967
o 2600 6.250781184871417e-08 0.0026863809835039826
o 2650 0.2468594080029231 0.26042365441607795
o 2700 0 0.0020713641682267793
o 2750 0.9618008345025637 0.9675620523865072
o 2800 0.9998341327646891 1
o 2850 0.04082244975256129 0.06558494263655006
o 2900 0.005410690075298789 0.01670732743509437
o 2950 0 0.0020713641682267793
o 3000 0 0.0020713641682267793
o 3050 0.9998341327646891 1
o 3100 6.250781184871417e-08 0.0026863809835039826
o 3150 0.26756186924759084 0.2814741504574039
o 3200 0.9992972468519027 0.9998877222821807
o 3250 0.0002119315321281961 0.00499828620196839
o 3300 2.947816983711372e-05 0.003692940350408797
o 3350 0.857109006222426 0.8678487129051526
o 3400 0 0.0020713641682267793
o 3450 0.017691765615135285 0.03534005038344528
o 3500 0.9999239938640173 1
o 3550 0.9999239938640173 1
o 3600 0.9998341327646891 1
o 3650 0.07959907128874692 0.11212075033073286
o 3700 0 0.0020713641682267793
o 3750 0.9396149456930336 0.9468353426529996
o 3800 0.3936571325719362 0.4089361385061343
o 3850 0.9997848482419177 0.9999999949993749
o 3900 0.9618839604414539 0.9676388985744371
o 3950 0.8743992529657639 0.8845527127770384
o 4000 0.9999239938640173 1
o 4050 0.999667827592453 0.9999940967944916
o 4100 0.9997427320109892 0.9999995494141014
o 4150 0.9999239938640173 1
o 4200 0.9912362425330999 0.9939163028757177
o 4250 0.9999239938640173 1
o 4300 0.999667827592453 0.9999940967944916
o 4350 0.9999239938640173 1
o 4400 0.7761219020957161 0.788982821415761
o 4450 0.9999239938640173 1
o 4500 0.9999239938640173 1
o 4550 0.012968659406433254 0.028592414204874326
o 4600 0.7291292745482996 0.7428711575838624
o 4650 0.08144414437799014 0.11426702340490474
o 4700 0.9999239938640173 1
o 4750 0.9997848482419177 0.9999999949993749
o 4800 0.9999239938640173 1
o 4850 0.9997041638433968 0.9999976422569008
o 4900 0.9099036315140672 0.9186365315601029
o 4950 0.9999239938640173 1
o 5000 0.9999239938640173 1
o 5050 0.9999239938640173 1
o 5100 0.9998341327646891 1
o 5150 0.9996330653686876 0.9999891487861117
o 5200 0.9018895554497554 0.9109732706740878
o 5250 0.43746342014640494 0.4529550483349639
o 5300 0.9997041638433968 0.9999976422569008
o 5350 0.07844700293884692 0.11077823082899022
o 5400 0 0.0020713641682267793
o 5450 0.42572778229487973 0.4411746496150184
o 5500 0.9989698028369127 0.9997365968529984
o 5550 0.9999239938640173 1
o 5600 0.9929664007685888 0.9953453963518445
o 5650 0.9997427320109892 0.9999995494141014
o 5700 0 0.0020713641682267793
o 5750 0.9995349878824095 0.9999681957182616
o 5800 0.9999239938640173 1
o 5850 0 0.0020713641682267793
o 5900 0.9820812215792146 0.985994749664033
o 5950 0.2101899337158304 0.2569403027672781
o 6000 0 0.0020713641682267793
o 6050 0.2674626728943144 0.2813733805368811
o 6100 0.9998341327646891 1
o 6150 0.0008616339156207331 0.007321835254920478
o 6200 0.0020008968191502574 0.010157982346740235
o 6250 0.009975735489535082 0.024105655668209307
o 6300 0.5847057180399409 0.6000231477639884
o 6350 0.9999239938640173 1
o 6400 0.9999239938640173 1
o 6450 0.9999239938640173 1
o 6500 0.9876473439686818 0.9908666095041854
o 6550 0.1439819361945811 0.18494290561578414
o 6600 0.9999239938640173 1
o 6650 0.9998341327646891 1
o 6700 0 0.0020713641682267793
o 6750 0.9679221268295044 0.9731987017576768
o 6800 0.9999239938640173 1
o 6850 0.32067147548802855 0.33530651099012326
o 6900 0.9997041638433968 0.9999976422569008
o 6950 0.9999239938640173 1
o 7000 0.9999239938640173 1
o 7050 0.9999239938640173 1
o 7100 0.008417453289400096 0.02167540919287929
o 7150 0.9919567405158374 0.9945155013597209
o 7200 0.03354744263975591 0.05639721730029431
o 7250 0.00029995700032225335 0.005405172829995002
o 7300 0.03464340598526256 0.05779556643151078
o 7350 0.9834185386177984 0.987176958237752
o 7400 0.9999239938640173 1
o 7450 0.10770889240763361 0.1443806216087914
o 7500 0.0005039517802439839 0.006191718166965772
o 7550 0.9998341327646891 1
o 7600 0.9957784861890402 0.9975718466746838
o 7650 0.02832331770289387 0.049648904349102796
o 7700 0.20657930006146744 0.2530668578144272
o 7750 0.04840695649100668 0.07496256460630288
o 7800 0.9999239938640173 1
o 7850 0.9999239938640173 1
o 7900 0.8284055480341523 0.8400017315880692
o 7950 0.9959376483943855 0.9976925834541421
o 8000 0.9995994914601743 0.999983053576263
o 8050 0.6023593657499835 0.6175635679343198
o 8100 0.9998341327646891 1
o 8150 0.03662208978115749 0.06030668485978798
o 8200 0.07017868707442207 0.10108560271643084
o 8250 0 0.0020713641682267793
o 8300 0.14611551588063496 0.1872997282451185
o 8350 0.09907062408435743 0.13455862153731107
o 8400 0 0.0020713641682267793
o 8450 0.9018486931306868 0.9109341465726762
o 8500 0 0.0020713641682267793
o 8550 0.2621067242234796 0.2759311504669278
o 8600 0.7771728466544323 0.7900115258632223
o 8650 0 0.0020713641682267793
o 8700 0.8783702389796951 0.8883804059803798
o 8750 0.3053465518078569 0.31979663358788024
o 8800 0.890885843785728 0.900420639684469
o 8850 0.9141194036392916 0.9226593586691164
o 8900 0.9996330653686876 0.9999891487861117
o 8950 0.9998341327646891 1
o 9000 0.0009913927362599764 0.007688463700958955
o 9050 0.9998341327646891 1
o 9100 0.0002119315321281961 0.00499828620196839
o 9150 0 0.0020713641682267793
o 9200 6.250781184871417e-08 0.0026863809835039826
o 9250 0.9782555474609308 0.9825817592717041
o 9300 0 0.0020713641682267793
o 9350 0.9743024545883628 0.9790162098587294
o 9400 0.9872824186039625 0.9905516716030544
o 9450 0 0.0020713641682267793
o 9500 0.9999239938640173 1
o 9550 0.8834842586309591 0.8933046856648328
o 9600 0 0.0020713641682267793
o 9650 0 0.0020713641682267793
o 9700 0 0.0020713641682267793
o 9750 0.1463526640210214 0.18756151383652367
o 9800 0 0.0020713641682267793
o 9850 0.0023137429626999364 0.010840119172525859
o 9900 0.4439718046484589 0.4594844664475252
o 9950 0.9550383583157 0.9612867911392402
o 10000 0.9759824126902726 0.9805356768574002
o 10050 0.9917599498345682 0.9943523759412465
o 10100 0.729310745190795 0.7430496262283239
o 10150 0.9995037605889316 0.9999597116202773
o 10200 0.9990764961900913 0.9997895193987295
o 10250 0.815049749026593 0.8270019830863546
o 10300 0.9712438362456737 0.9762358688388483
o 10350 0.9956650521574545 0.9974853508716574
o 10400 0.9676717805814439 0.9729691324579033
o 10450 0.037062794198833876 0.06086372074938029
o 10500 0.9977987982532218 0.9990298540327223
o 10550 0.9999239938640173 1
o 10600 0 0.0020713641682267793
o 10650 0.02423709435714391 0.04425733978207613
o 10700 0.15109908098774724 0.19279377722201252
o 10750 0.983652391752387 0.9873830216242862
o 10800 0.9920661683332502 0.9946060265349191
o 10850 0.9999239938640173 1
o 10900 0.9999239938640173 1
o 10950 0.982378116810589 0.9862577495257483
o 11000 0.9997848482419177 0.9999999949993749
o 11050 0.9999239938640173 1
o 11100 0.0012634637878653678 0.008409713721628458
o 11150 0.9864038970311507 0.9897905190541704
o 11200 0 0.0020713641682267793
o 11250 0.995258289616 0.9971723541024932
o 11300 0.9997041638433968 0.9999976422569008
o 11350 0.9990229026390072 0.9997633135035763
o 11400 0.9955065793665351 0.9973639193559743
o 11450 0.9997427320109892 0.9999995494141014
o 11500 0.4544958637689637 0.47003685514382043
o 11550 0 0.0020713641682267793
o 11600 0.6522277179144618 0.6669984760165362
o 11650 0.3953914348703715 0.4106812497417028
o 11700 0.27141102440321496 0.2853836867474882
o 11750 0.9692789922235312 0.9744413781294802
o 11800 0.0015497453856537734 0.009117358764867469
o 11850 0.08329133600289977 0.11641118454121582
o 11900 0.9576286093179794 0.9636956745303933
o 11950 0.9999239938640173 1
o 12000 0 0.0020713641682267793
o 12050 0.9991854194751925 0.9998401310800595
o 12100 0.029406342437765104 0.0510600974603482
o 12150 0.9997427320109892 0.9999995494141014
o 12200 0.9999239938640173 1
o 12250 0.9998341327646891 1
o 12300 0.021260025591116363 0.0402510776006135
o 12350 0.9999239938640173 1
o 12400 0.18090178064239026 0.22535803899790244
o 12450 2.947816983711372e-05 0.003692940350408797
o 12500 2.947816983711372e-05 0.003692940350408797
o 12550 0.9999239938640173 1
o 12600 0.017900054036406904 0.03563052603176117
o 12650 0.6129565253950421 0.6280828488845271
o 12700 0.4874884462371305 0.5030731444613346
o 12750 0.9939614630105271 0.9961498650097435
o 12800 0.9999239938640173 1
o 12850 0 0.0020713641682267793
o 12900 0.9280597831532078 0.9359143469814755
o 12950 0.0038105292841041217 0.013823850644493022
o 13000 0.9924607270579554 0.9949312960475625
o 13050 0.32810859731157194 0.34282686740594254
o 13100 0.9998341327646891 1
o 13150 0.9995668564461055 0.9999760166924246
o 13200 0.07315889418278711 0.10459127296515698
o 13250 6.250781184871417e-08 0.0026863809835039826
o 13300 0.9997848482419177 0.9999999949993749
o 13350 0.9997427320109892 0.9999995494141014
o 13400 0.9998341327646891 1
o 13450 0 0.0020713641682267793
o 13500 0.9998341327646891 1
o 13550 0 0.0020713641682267793
o 13600 0 0.0020713641682267793
o 13650 0.9998341327646891 1
o 13700 0.9998341327646891 1
o 13750 0.9999239938640173 1
o 13800 0.9998341327646891 1
o 13850 0.9999239938640173 1
o 13900 0.9344498602301737 0.9419621458249016
o 13950 0.9959832026584244 0.997726999688919
o 14000 0.9997848482419177 0.9999999949993749
o 14050 0 0.0020713641682267793
o 14100 2.947816983711372e-05 0.003692940350408797
o 14150 0.8931709489575297 0.9026147749038098
o 14200 0.9999239938640173 1
o 14250 0.9927683153359248 0.9951835711588028
o 14300 0.9999239938640173 1
o 14350 0.9726254051042658 0.9774938307785858
o 14400 0.9992409148798206 0.9998643624923792
o 14450 0.9997427320109892 0.9999995494141014
o 14500 0.9999239938640173 1
o 14550 0.9998341327646891 1
o 14600 0 0.0020713641682267793
o 14650 0.9999239938640173 1
o 14700 0.9999239938640173 1
o 14750 0.19000461653258016 0.2352148178417799
o 14800 0.6718940895239015 0.6864455100291948
o 14850 0 0.0020713641682267793
o 14900 0.011961986560252047 0.02710571979410768
o 14950 0.9742604941205373 0.9789781846522273
o 15000 0.9999239938640173 1
o 15050 0.9999239938640173 1
o 15100 0.38385124305555357 0.3990653446361493
o 15150 0 0.0020713641682267793
o 15200 0 0.0020713641682267793
o 15250 0.19432288050090105 0.2398774318424966
o 15300 0.8519681459587485 0.8628712846153651
o 15350 0.999667827592453 0.9999940967944916
o 15400 0.8247562755487605 0.8364522204027252
o 15450 0.9999239938640173 1
o 15500 0.999667827592453 0.9999940967944916
o 15550 0.00029995700032225335 0.005405172829995002
o 15600 0.009779330690055163 0.02380346555290686
o 15650 0.3292223559510026 0.3439527311846208
o 15700 0.06150718980996424 0.09079852899388183
o 15750 0.6894010026660655 0.7037327301269922
o 15800 0.9997041638433968 0.9999976422569008
o 15850 0.9999239938640173 1
o 15900 0.9843759243900472 0.9880192295854808
o 15950 0.4361858585502327 0.4516730413216882
o 16000 0.9999239938640173 1
o 16050 0.9991854194751925 0.9998401310800595
o 16100 0.997418253366345 0.9987708140525822
o 16150 0.9991579479265259 0.9998277281095277
o 16200 0.9999239938640173 1
o 16250 0.030709820032164936 0.05274971086549095
o 16300 0.9969961710611991 0.9984732841570096
o 16350 0.9999239938640173 1
o 16400 0.9999239938640173 1
o 16450 0 0.0020713641682267793
o 16500 0.8622116387818533 0.8727843819955546
o 16550 0.006892892276002266 0.01921208805515954
o 16600 7.381303257431036e-05 0.004146138037869025
o 16650 0.7059128672702875 0.7200153353230787
o 16700 0.9991034965092045 0.999802411507066
o 16750 0.9868535993036632 0.9901806505193312
o 16800 0.7262259438194283 0.7400154597071731
o 16850 0.9488956682162781 0.9555515303644471
o 16900 0 0.0020713641682267793
o 16950 0.9998341327646891 1
o 17000 0.9999239938640173 1
o 17050 0.9681516517545717 0.9734090993796518
o 17100 0.442594151000304 0.4581025851850831
o 17150 0 0.0020713641682267793
o 17200 0.9963490151245966 0.9980009395209775
o 17250 0 0.0020713641682267793
o 17300 0.7432884845437542 0.7567872116378159
o 17350 0.972018139126789 0.9769413031515443
o 17400 0.9998341327646891 1
o 17450 0.0034673555456172247 0.013171012725494915
o 17500 0.9999239938640173 1
o 17550 0.9999239938640173 1
o 17600 0.9994130827814862 0.9999311292217218
o 17650 0 0.0020713641682267793
o 17700 0.9987614482792014 0.9996255579024341
o 17750 0.9751210522877348 0.9797573323659345
o 17800 0.00039780109237607124 0.005802461929782443
o 17850 0.9903014396399595 0.9931314866543454
o 17900 2.947816983711372e-05 0.003692940350408797
o 17950 0.9998341327646891 1
o 18000 0.999667827592453 0.9999940967944916
o 18050 0 0.0020713641682267793
o 18100 0.9999239938640173 1
o 18150 0.9940947906981712 0.9962564714166784
o 18200 0.9992130705901283 0.9998523473218875
o 18250 0.9991854194751925 0.9998401310800595
o 18300 0.9843546281428979 0.9880005334932884
o 18350 0.9579603947754206 0.9640037781145582
o 18400 0.9641091004613793 0.9696930117281606
o 18450 0.009192802791285494 0.022894255628807758
o 18500 0.999667827592453 0.9999940967944916
o 18550 0.9999239938640173 1
o 18600 0.8245941080250055 0.836294441982439
o 18650 0.9974655152195582 0.9988035045674097
o 18700 0.01665365886400863 0.03388437538967969
o 18750 0.9457782288886071 0.9526300081977026
o 18800 0.9997848482419177 0.9999999949993749
o 18850 0.996926335569971 0.9984231783076815
o 18900 0.05810221070973029 0.0867199330802644
o 18950 0.9999239938640173 1
o 19000 0.9869178884583476 0.9902363375040211
o 19050 0 0.0020713641682267793
o 19100 0.9999239938640173 1
o 19150 0.014391154795107606 0.030660820094531686
o 19200 0.6573540793094128 0.6720703952900815
o 19250 0 0.0020713641682267793
o 19300 0.21983067869530645 0.2672571136060987
o 19350 0.9999239938640173 1
o 19400 0.9997427320109892 0.9999995494141014
o 19450 0 0.0020713641682267793
o 19500 0.9998341327646891 1
o 19550 0 0.0020713641682267793
o 19600 0 0.0020713641682267793
o 19650 0.9997427320109892 0.9999995494141014
o 19700 0 0.0020713641682267793
o 19750 0 0.0020713641682267793
o 19800 0.9999239938640173 1
o 19850 0 0.0020713641682267793
o 19900 0.9998341327646891 1
o 19950 0.9999239938640173 1
o 20000 0.95955789322768 0.9654857451164488
o 20050 0 0.0020713641682267793
o 20100 0 0.0020713641682267793
o 20150 0.40573951218510157 0.4210896739017241
o 20200 0.9999239938640173 1
o 20250 0.3150254390227789 0.32959446243973767
o 20300 0.5252587460174885 0.5408101190496896
o 20350 0.9999239938640173 1
o 20400 0 0.0020713641682267793
o 20450 0.20609807779168912 0.2525502031460374
o 20500 0.017068221506663903 0.03446731748127441
o 20550 0.25887394658520674 0.2726450276495349
o 20600 0.9378032249634197 0.945127666000865
o 20650 0 0.0020713641682267793
o 20700 0.9985329522208015 0.9994945720557049
o 20750 0 0.0020713641682267793
o 20800 0.9999239938640173 1
o 20850 0.02445091157197889 0.04454234277422448
o 20900 0 0.0020713641682267793
o 20950 0 0.0020713641682267793
o 21000 0.7174375622687501 0.7313667822673724
o 21050 0 0.0020713641682267793
o 21100 0.04193263067150926 0.06696916371256123
o 21150 0.008032869078573026 0.02106295381068159
o 21200 0.8578000563569304 0.8685174327413636
o 21250 0.9999239938640173 1
o 21300 0.9999239938640173 1
o 21350 0.29354612002377195 0.3078410710872892
o 21400 0.9997848482419177 0.9999999949993749
o 21450 0.9999239938640173 1
o 21500 0.9065699962117207 0.91545127457072
o 21550 0.9999239938640173 1
o 21600 0.9999239938640173 1
o 21650 0.8305753009321863 0.8421112555842674
o 21700 0 0.0020713641682267793
o 21750 0 0.0020713641682267793
o 21800 0.9999239938640173 1
o 21850 0.9997041638433968 0.9999976422569008
o 21900 0 0.0020713641682267793
o 21950 0.9998341327646891 1
o 22000 0.009779330690055163 0.02380346555290686
o 22050 0.2599052102975067 0.2736934131587119
o 22100 0.9999239938640173 1
o 22150 0.563775235873393 0.5792006672867174
o 22200 0.009975735489535082 0.024105655668209307
o 22250 6.250781184871417e-08 0.0026863809835039826
o 22300 0.6350261264048975 0.6499658388044149
o 22350 6.250781184871417e-08 0.0026863809835039826
o 22400 0.8594465608413048 0.870110380213618
o 22450 0.0026347926915506496 0.011514351585061058
o 22500 0.9505694267422169 0.9571172139114876
o 22550 0.9999239938640173 1
o 22600 0.9969961710611991 0.9984732841570096
o 22650 0.9999239938640173 1
o 22700 0.9879266828522247 0.9911071653505178
o 22750 0.9999239938640173 1
o 22800 0 0.0020713641682267793
o 22850 0.9396149456930336 0.9468353426529996
o 22900 0.20850465048140393 0.25513301564321067
o 22950 0 0.0020713641682267793
o 23000 0.0036382898523235952 0.013498064508532212
o 23050 0.9997848482419177 0.9999999949993749
o 23100 0.32651759401729213 0.3412184101064408
o 23150 0 0.0020713641682267793
o 23200 0.000617231858581449 0.006574120542913898
o 23250 0.9999239938640173 1
o 23300 0.9999239938640173 1
o 23350 0 0.0020713641682267793
o 23400 0.9998341327646891 1
o 23450 0 0.0020713641682267793
o 23500 0 0.0020713641682267793
o 23550 0.9999239938640173 1
o 23600 0.9999239938640173 1
o 23650 0.03927147826104409 0.06364377061174017
o 23700 5.632956977942948e-06 0.0032118347953750117
o 23750 0.9999239938640173 1
o 23800 0.9995668564461055 0.9999760166924246
o 23850 0.9991034965092045 0.999802411507066
o 23900 2.947816983711372e-05 0.003692940350408797
o 23950 0 0.0020713641682267793
o 24000 0.027459096153310002 0.04851776904139263
o 24050 0.7835000091978845 0.7962022504787084
o 24100 0 0.0020713641682267793
o 24150 0.9946969897174499 0.9967339632007477
o 24200 5.632956977942948e-06 0.0032118347953750117
o 24250 0.8794090968568734 0.889381202604579
o 24300 0.8783295019600745 0.8883411565484182
o 24350 0.4666018442242361 0.48216679005311625
o 24400 0.0015497453856537734 0.009117358764867469
o 24450 0.9995994914601743 0.999983053576263
o 24500 0.2688713020907088 0.2828042724311575
o 24550 0.9999239938640173 1
o 24600 0.9996330653686876 0.9999891487861117
o 24650 0 0.0020713641682267793
o 24700 0.14208657224859125 0.18284680280078577
o 24750 0 0.0020713641682267793
o 24800 0.0001356941374875258 0.004579646877596001
o 24850 0.026166607946631143 0.04681725339451743
o 24900 0.9999239938640173 1
o 24950 0 0.0020713641682267793
o 25000 0.9999239938640173 1
o 25050 0 0.0020713641682267793
o 25100 0.9987871854159945 0.9996397540167666
o 25150 0.9998341327646891 1
o 25200 0.019573858448065497 0.03794691753949454
o 25250 0.9999239938640173 1
o 25300 0.9973710703762769 0.9987380436441122
o 25350 0.9999239938640173 1
o 25400 0.9998341327646891 1
o 25450 0.5601078367806238 0.5755492999118565
o 25500 0.9999239938640173 1
o 25550 0.9507347954198162 0.9572717900951262
o 25600 0 0.0020713641682267793
o 25650 0.8853187269053631 0.8950696074188859
o 25700 0.9999239938640173 1
o 25750 0 0.0020713641682267793
o 25800 0 0.0020713641682267793
o 25850 0.9998341327646891 1
o 25900 0.9999239938640173 1
o 25950 0 0.0020713641682267793
o 26000 0.9998341327646891 1
o 26050 0 0.0020713641682267793
o 26100 0.9998341327646891 1
o 26150 0.9982351769925621 0.9993128775364319
o 26200 0 0.0020713641682267793
o 26250 0.9998341327646891 1
o 26300 0.9893489500947957 0.9923243525902967
o 26350 0 0.0020713641682267793
o 26400 0 0.0020713641682267793
o 26450 0.22007192354210858 0.2675148078825607
o 26500 0.0005039517802439839 0.006191718166965772
o 26550 0 0.0020713641682267793
o 26600 0.3491185894283739 0.3640497554908231
o 26650 0.9999239938640173 1
o 26700 0.6813704988116797 0.6958059246752029
o 26750 0.9919567405158374 0.9945155013597209
o 26800 0 0.0020713641682267793
o 26850 0.9052411375550922 0.9141805748007398
o 26900 0.9999239938640173 1
o 26950 0.8748878956339334 0.88502390757102
o 27000 0.9998341327646891 1
o 27050 0 0.0020713641682267793
o 27100 0.00398401291346306 0.014148429407498173
o 27150 0.8314270755360446 0.8429391971306869
o 27200 5.632956977942948e-06 0.0032118347953750117
o 27250 0 0.0020713641682267793
o 27300 0.9999239938640173 1
o 27350 0.9999239938640173 1
o 27400 0.9998341327646891 1
o 27450 0.9968334237183395 0.9983561661753735
o 27500 0.24870278043132274 0.2622996545600578
o 27550 0.9999239938640173 1
o 27600 0.9999239938640173 1
o 27650 0.0005039517802439839 0.006191718166965772
o 27700 0.9998341327646891 1
o 27750 0.009779330690055163 0.02380346555290686
o 27800 0 0.0020713641682267793
o 27850 0.9999239938640173 1
o 27900 0 0.0020713641682267793
o 27950 0.9997848482419177 0.9999999949993749
o 28000 0.9337302071308997 0.9412820381850892
o 28050 0 0.0020713641682267793
o 28100 0.9999239938640173 1
o 28150 0.9965559675880805 0.99815383709322
o 28200 0.011761670323976894 0.02680737775650621
o 28250 0.9999239938640173 1
o 28300 0.8975799435017122 0.9068443148863052
o 28350 0 0.0020713641682267793
o 28400 0 0.0020713641682267793
o 28450 0.9999239938640173 1
o 28500 0 0.0020713641682267793
o 28550 0 0.0020713641682267793
o 28600 0.06674835184801288 0.09703226343902692
o 28650 0.9998341327646891 1
o 28700 0.9999239938640173 1
o 28750 0.6048076176378219 0.6199944936178117
o 28800 0 0.0020713641682267793
o 28850 0.8118494249042327 0.8238833744845367
o 28900 0.9944511886390361 0.9965398929401245
o 28950 0.9999239938640173 1
o 29000 0 0.0020713641682267793
o 29050 0.9999239938640173 1
o 29100 0.026381692746177906 0.047100999821437235
o 29150 0.9999239938640173 1
o 29200 0 0.0020713641682267793
o 29250 0.0002119315321281961 0.00499828620196839
o 29300 0.9875399708708448 0.9907740229240057
o 29350 0.041488329139859156 0.06641570312121259
o 29400 0.9945181597784593 0.9965928871040945
o 29450 0.7858050274158147 0.7984564626708306
o 29500 0.9998341327646891 1
o 29550 0.9999239938640173 1
o 29600 0.9995349878824095 0.9999681957182616
o 29650 0.9733797357242094 0.9781792434049182
o 29700 0.8637368128730083 0.8742587003395427
o 29750 0.9998341327646891 1
o 29800 0 0.0020713641682267793
o 29850 0.018108557467100196 0.035920789108048974
o 29900 0.015210274673995317 0.03183658518552615
o 29950 0.9970661424168631 0.9985232526257964
o 30000 0 0.0020713641682267793
o 30050 0 0.0020713641682267793
o 30100 0.9999239938640173 1
o 30150 0.9999239938640173 1
o 30200 0 0.0020713641682267793
o 30250 6.250781184871417e-08 0.0026863809835039826
o 30300 0.9999239938640173 1
o 30350 0.9999239938640173 1
o 30400 0.04259964583331202 0.06779879495009956
o 30450 0 0.0020713641682267793
o 30500 0.9903882232524377 0.9932046682070425
o 30550 0.9984080584682808 0.9994197042904664
o 30600 0.9999239938640173 1
o 30650 0.9518513206540243 0.9583148925018364
o 30700 0.9917599498345682 0.9943523759412465
o 30750 0.9999239938640173 1
o 30800 0 0.0020713641682267793
o 30850 5.632956977942948e-06 0.0032118347953750117
o 30900 0 0.0020713641682267793
o 30950 0.04661524444185787 0.07276314934238934
o 31000 0.35367684030069635 0.36864996072865375
o 31050 0.9999239938640173 1
o 31100 0.9999239938640173 1
o 31150 0.004511386106804395 0.015115441277142825
o 31200 0 0.0020713641682267793
o 31250 0.9999239938640173 1
o 31300 0 0.0020713641682267793
o 31350 0.917396002388833 0.9257816712283448
o 31400 0.04060064479538753 0.0653078685399969
o 31450 0.998039947439641 0.9991883950191731
o 31500 0 0.0020713641682267793
o 31550 0.021260025591116363 0.0402510776006135
o 31600 0.9998341327646891 1
o 31650 0 0.0020713641682267793
o 31700 0 0.0020713641682267793
o 31750 0.7693326156001418 0.7823343757329384
o 31800 0.9936288545622346 0.9958826344391264
o 31850 6.250781184871417e-08 0.0026863809835039826
o 31900 0.0020008968191502574 0.010157982346740235
o 31950 6.250781184871417e-08 0.0026863809835039826
o 32000 0.9999239938640173 1
o 32050 0.9999239938640173 1
o 32100 0.9999239938640173 1
o 32150 0 0.0020713641682267793
o 32200 0.9998341327646891 1
o 32250 0.9999239938640173 1
o 32300 0.9998341327646891 1
o 32350 0.33932783752196116 0.3541638244953621
o 32400 0.3337375288090877 0.3485160277916563
o 32450 0.9997848482419177 0.9999999949993749
o 32500 6.250781184871417e-08 0.0026863809835039826
o 32550 0 0.0020713641682267793
o 32600 0.8075563787882313 0.8196978525087004
o 32650 0.9997427320109892 0.9999995494141014
o 32700 0.006705084918636512 0.018901467609813177
o 32750 0.9547277375253298 0.9609975156619216
o 32800 0.9848873351641633 0.9884676343477365
o 32850 0.9377620604860052 0.9450888441689878
o 32900 0.9999239938640173 1
o 32950 0.9998341327646891 1
o 33000 0.9997848482419177 0.9999999949993749
o 33050 0.9999239938640173 1
o 33100 7.381303257431036e-05 0.004146138037869025
o 33150 0.4240715764011079 0.4395114149777451
o 33200 0 0.0020713641682267793
o 33250 0.46474369705785956 0.48030556406733405
o 33300 0.03223557273136373 0.05471593499218935
o 33350 0.5633543649763121 0.5787816797370609
o 33400 0 0.0020713641682267793
o 33450 0.9998341327646891 1
o 33500 0.997679243799504 0.9989495473086402
o 33550 0.9981372773655357 0.999250926354604
o 33600 0.061052568959021364 0.0902553372576521
o 33650 0 0.0020713641682267793
o 33700 0 0.0020713641682267793
o 33750 0.0009913927362599764 0.007688463700958955
o 33800 0 0.0020713641682267793
o 33850 0.8803462121543745 0.8902837756574762
o 33900 0.9997041638433968 0.9999976422569008
o 33950 0.9999239938640173 1
o 34000 0 0.0020713641682267793
o 34050 0 0.0020713641682267793
o 34100 0.8598938035454732 0.8705429886501429
o 34150 0.8541014154647739 0.864937304875884
o 34200 0.9998341327646891 1
o 34250 0.9999239938640173 1
o 34300 0.016033583751389944 0.0330082146209298
o 34350 0.9999239938640173 1
o 34400 0.9999239938640173 1
o 34450 0.3222024768158668 0.33685499046855916
o 34500 0.9997041638433968 0.9999976422569008
o 34550 0 0.0020713641682267793
o 34600 5.632956977942948e-06 0.0032118347953750117
o 34650 0.8081840608129225 0.8203099611104214
o 34700 0.9999239938640173 1
o 34750 0.9616138156306184 0.9673891339617708
o 34800 0 0.0020713641682267793
o 34850 0 0.0020713641682267793
o 34900 0 0.0020713641682267793
o 34950 0.9997427320109892 0.9999995494141014
o 35000 0 0.0020713641682267793
o 35050 0.9999239938640173 1
o 35100 5.632956977942948e-06 0.0032118347953750117
o 35150 0 0.0020713641682267793
o 35200 0.9667542337259686 0.9721269886102022
o 35250 0.9979431363013734 0.9991253358653118
o 35300 0.0011254779614795 0.008050954653532552
o 35350 0.9994130827814862 0.9999311292217218
o 35400 0 0.0020713641682267793
o 35450 0.9438599064493698 0.9508289693274532
o 35500 0.012162651048216695 0.027403718847155967
o 35550 0.00029995700032225335 0.005405172829995002
o 35600 2.947816983711372e-05 0.003692940350408797
o 35650 0.9992130705901283 0.9998523473218875
o 35700 0.9999239938640173 1
o 35750 0 0.0020713641682267793
o 35800 0.9997848482419177 0.9999999949993749
o 35850 0.9705118691489465 0.9755680840269051
o 35900 0 0.0020713641682267793
o 35950 0.9995668564461055 0.9999760166924246
o 36000 0 0.0020713641682267793
o 36050 0.9938283007061014 0.9960430923297874
o 36100 0.9999239938640173 1
o 36150 0.9998341327646891 1
o 36200 0 0.0020713641682267793
o 36250 0.3325838004230237 0.347350147236443
o 36300 0.9999239938640173 1
o 36350 0.9999239938640173 1
o 36400 0.9998341327646891 1
o 36450 0 0.0020713641682267793
o 36500 0.14493002576097727 0.1859905501272937
o 36550 0 0.0020713641682267793
o 36600 0.9999000177236429 0.9999999949987496
o 36650 0 0.0020713641682267793
o 36700 0.9998341327646891 1
o 36750 0.20393315266541429 0.25022468267542175
o 36800 0.9999239938640173 1
o 36850 0.9973475076700064 0.9987216292808385
o 36900 0.9768867016356035 0.9813510772471148
o 36950 0.9997848482419177 0.9999999949993749
o 37000 0.08954051614080262 0.1236328646512493
o 37050 0.16561443611593663 0.2087134582632685
o 37100 0 0.0020713641682267793
o 37150 0.009192802791285494 0.022894255628807758
o 37200 0 0.0020713641682267793
o 37250 0 0.0020713641682267793
o 37300 0.9999239938640173 1
o 37350 0 0.0020713641682267793
o 37400 0.8211079589155049 0.8329017532330686
o 37450 6.250781184871417e-08 0.0026863809835039826
o 37500 0 0.0020713641682267793
o 37550 0.8874390715750802 0.8971085577727506
o 37600 0 0.0020713641682267793
o 37650 0.9995994914601743 0.999983053576263
o 37700 0.7659186870014949 0.7789894449050243
o 37750 0.9997041638433968 0.9999976422569008
o 37800 0.9999239938640173 1
o 37850 0.9999239938640173 1
o 37900 0.989003490750904 0.9920299460630473
o 37950 0.981085618986923 0.9851107025334831
o 38000 0 0.0020713641682267793
o 38050 0 0.0020713641682267793
o 38100 0.9998341327646891 1
o 38150 0.9999239938640173 1
o 38200 0 0.0020713641682267793
o 38250 0.9902363741416506 0.9930765782058032
o 38300 0.9999239938640173 1
o 38350 0.9999239938640173 1
o 38400 0.1909638819587046 0.23625130265842098
o 38450 0.9999239938640173 1
o 38500 0.8720989074670019 0.8823338234857552
o 38550 0.999667827592453 0.9999940967944916
o 38600 0.2517357779732499 0.2653856248251836
o 38650 0.9666708501349974 0.9720504002918359
o 38700 0.9985329522208015 0.9994945720557049
o 38750 0.0018479170238916607 0.009813601316796733
o 38800 0 0.0020713641682267793
o 38850 0.08167492867003101 0.11453515785391229
o 38900 0 0.0020713641682267793
o 38950 0.9999239938640173 1
o 39000 0.8559912241768646 0.8667668670402155
o 39050 0.9999239938640173 1
o 39100 0 0.0020713641682267793
o 39150 0.9999239938640173 1
o 39200 0 0.0020713641682267793
o 39250 0.9856128669253911 0.9891018391136839
o 39300 0 0.0020713641682267793
o 39350 0 0.0020713641682267793
o 39400 0 0.0020713641682267793
o 39450 0.7713731844774694 0.784333125183889
o 39500 0 0.0020713641682267793
o 39550 0.9999239938640173 1
o 39600 0.9405829655982323 0.9477470007056488
o 39650 0.9994730802517788 0.9999506585660495
o 39700 0.9995349878824095 0.9999681957182616
o 39750 0.09697469906525445 0.13216422422210247
o 39800 0.9999239938640173 1
o 39850 0.011561709336710609 0.026508685905280244
o 39900 0.9997848482419177 0.9999999949993749
o 39950 0.9999239938640173 1
o 40000 0.9999239938640173 1
o 40050 0.9992130705901283 0.9998523473218875
o 40100 0.9972299702688251 0.9986392778683395
o 40150 0.0012634637878653678 0.008409713721628458
o 40200 0.11825833828863103 0.15628295516237123
o 40250 0.4824504315211241 0.4980328577206463
o 40300 0.9981861524596644 0.9992819780723425
o 40350 0 0.0020713641682267793
o 40400 0.0036382898523235952 0.013498064508532212
o 40450 0.9998341327646891 1
o 40500 0.9583337191766778 0.964350328838567
o 40550 0.9977509012387189 0.9989978077068437
o 40600 0.9999239938640173 1
o 40650 0 0.0020713641682267793
o 40700 0.05493439884855477 0.08290311846763104
o 40750 0.999667827592453 0.9999940967944916
o 40800 0.9998341327646891 1
o 40850 0.9988130027235825 0.999653867701342
o 40900 0 0.0020713641682267793
o 40950 0 0.0020713641682267793
o 41000 0.31162648101929613 0.32615457350791677
o 41050 0.9999239938640173 1
o 41100 0.9999239938640173 1
o 41150 0.07568560303874958 0.10755263147485968
o 41200 0.8883159168901252 0.8979514209379792
o 41250 0.8817928295488092 0.8916766771940526
o 41300 0.9900412897098083 0.9929117404334318
o 41350 0 0.0020713641682267793
o 41400 0.1239025808535062 0.16261303359895857
o 41450 0.9997427320109892 0.9999995494141014
o 41500 0.9499080595095651 0.956498801635442
o 41550 0.04549755459883563 0.07138639568317146
o 41600 0.9987614482792014 0.9996255579024341
o 41650 0.9999239938640173 1
o 41700 0.9998341327646891 1
o 41750 0 0.0020713641682267793
o 41800 0 0.0020713641682267793
o 41850 0 0.0020713641682267793
o 41900 0.05855557344390127 0.08726437768384211
o 41950 0.9998341327646891 1
o 42000 0.9988909714709537 0.999695676843098
o 42050 0 0.0020713641682267793
o 42100 0.7140319541366938 0.7280135303175501
o 42150 0.992834312502699 0.9952375443419499
o 42200 0.9998341327646891 1
o 42250 0.9989698028369127 0.9997365968529984
o 42300 0.9129525903862875 0.9215465596122718
o 42350 0 0.0020713641682267793
o 42400 0.2979954555769106 0.31235022492580855
o 42450 0.9997427320109892 0.9999995494141014
o 42500 0.19144358979421158 0.23676947003471735
o 42550 0 0.0020713641682267793
o 42600 0.9999239938640173 1
o 42650 0.9998341327646891 1
o 42700 0.9879266828522247 0.9911071653505178
o 42750 0 0.0020713641682267793
o 42800 0.9247350134937873 0.9327602215322722
o 42850 0 0.0020713641682267793
o 42900 0.005228978767087956 0.016390753158340304
o 42950 0.9965559675880805 0.99815383709322
o 43000 0 0.0020713641682267793
o 43050 0.9995668564461055 0.9999760166924246
o 43100 0.9896516077565986 0.9925815764331852
o 43150 0.9999239938640173 1
o 43200 0.07729580076556919 0.10943484794811435
o 43250 0.8034062115192444 0.8156494042684659
o 43300 0.7912857228779534 0.8038139376160682
o 43350 0.9982351769925621 0.9993128775364319
o 43400 0 0.0020713641682267793
o 43450 0.009192802791285494 0.022894255628807758
o 43500 0.922909474852931 0.9310263667891039
o 43550 0.9907357058411583 0.9934970451141943
o 43600 0.0032977924483657776 0.01284263213829883
o 43650 0.9995668564461055 0.9999760166924246
o 43700 0.9998341327646891 1
o 43750 0 0.0020713641682267793
o 43800 0.0026347926915506496 0.011514351585061058
o 43850 0.9999239938640173 1
o 43900 0.06150718980996424 0.09079852899388183
o 43950 0 0.0020713641682267793
o 44000 0 0.0020713641682267793
o 44050 0.9999239938640173 1
o 44100 0.009192802791285494 0.022894255628807758
o 44150 0.9995668564461055 0.9999760166924246
o 44200 0.9997848482419177 0.9999999949993749
o 44250 0 0.0020713641682267793
o 44300 0.9999239938640173 1
o 44350 0.9987871854159945 0.9996397540167666
o 44400 0 0.0020713641682267793
o 44450 0.999667827592453 0.9999940967944916
o 44500 0.997418253366345 0.9987708140525822
o 44550 0.9999239938640173 1
o 44600 0 0.0020713641682267793
o 44650 0.9995994914601743 0.999983053576263
o 44700 0.9998341327646891 1
o 44750 0.7059732969479178 0.7200748854117986
o 44800 0.7183243110148985 0.7322397367324212
o 44850 0.9999239938640173 1
o 44900 0 0.0020713641682267793
o 44950 0 0.0020713641682267793
o 45000 0.9998341327646891 1
o 45050 0.9713484407385985 0.9763312288647109
o 45100 0.9999239938640173 1
o 45150 0 0.0020713641682267793
o 45200 0 0.0020713641682267793
o 45250 0.9999239938640173 1
o 45300 0.9999239938640173 1
o 45350 0.46006883773461493 0.4756220006238642
o 45400 0.06287216696350151 0.09242699411177899
o 45450 0.18569042705795705 0.23054813428028273
o 45500 0 0.0020713641682267793
o 45550 0.031363068178802724 0.05359301950565987
o 45600 0.41579187293347114 0.43119391581272526
o 45650 0.9978468002059819 0.9990617938017796
o 45700 0.9998341327646891 1
o 45750 0.9999239938640173 1
o 45800 0.9999239938640173 1
o 45850 0.9999239938640173 1
o 45900 0.9999239938640173 1
o 45950 0.9999239938640173 1
o 46000 0.16466089476942153 0.20767125695665023
o 46050 0.0011254779614795 0.008050954653532552
o 46100 0.9999239938640173 1
o 46150 0.15395002876280786 0.19593004268076045
o 46200 0.9998341327646891 1
o 46250 0.29034865983580493 0.3045996170529253
o 46300 0.9999239938640173 1
o 46350 0.9998341327646891 1
o 46400 0 0.0020713641682267793
o 46450 0.026381692746177906 0.047100999821437235
o 46500 6.250781184871417e-08 0.0026863809835039826
o 46550 0.0031296724325380588 0.01251285411303055
o 46600 0.9997427320109892 0.9999995494141014
o 46650 0.05493439884855477 0.08290311846763104
o 46700 0.0001356941374875258 0.004579646877596001
o 46750 0.0009913927362599764 0.007688463700958955
o 46800 0.9994428736959391 0.9999411111022777
o 46850 0.04438156358019528 0.07000795225343849
o 46900 0.0001356941374875258 0.004579646877596001
o 46950 0.9948089425921479 0.9968219504684391
o 47000 0.9992409148798206 0.9998643624923792
o 47050 0.9998341327646891 1
o 47100 0.9999239938640173 1
o 47150 0.9978949113662585 0.9990936226399519
o 47200 0 0.0020713641682267793
o 47250 0.9976078010658791 0.9989010690693864
o 47300 0.9999239938640173 1
o 47350 0 0.0020713641682267793
o 47400 0.9998341327646891 1
o 47450 0.9999239938640173 1
o 47500 0.9999239938640173 1
o 47550 0.9998341327646891 1
o 47600 0 0.0020713641682267793
o 47650 0.9999239938640173 1
o 47700 2.947816983711372e-05 0.003692940350408797
o 47750 0.9999239938640173 1
o 47800 0.9998341327646891 1
o 47850 0.8135102673622571 0.82550197813471
o 47900 0 0.0020713641682267793
o 47950 0.9340591745752104 0.9415929613716998
o 48000 0.9694878677820754 0.9746324319497609
o 48050 0 0.0020713641682267793
o 48100 0.9953033689870664 0.9972072488231145
o 48150 0.9999239938640173 1
o 48200 0.504047491228939 0.5196285185426854
o 48250 0.1537123626290246 0.19566877423979376
o 48300 0 0.0020713641682267793
o 48350 0 0.0020713641682267793
o 48400 0.9808740014539273 0.9849223942398438
o 48450 0.9999239938640173 1
o 48500 0 0.0020713641682267793
o 48550 0.9999239938640173 1
o 48600 0 0.0020713641682267793
o 48650 0.9999239938640173 1
o 48700 0.9998341327646891 1
o 48750 0 0.0020713641682267793
o 48800 0.059009134802038156 0.08780862450805049
o 48850 0.9999239938640173 1
o 48900 0 0.0020713641682267793
o 48950 0.9913888358574474 0.9940436460716644
o 49000 0.9999239938640173 1
o 49050 0 0.0020713641682267793
o 49100 0.9998341327646891 1
o 49150 0.9598900077404562 0.9657935194075777
o 49200 0.9999239938640173 1
o 49250 0.9999239938640173 1
o 49300 0.9999239938640173 1
o 49350 0.5530748439022011 0.5685446587265216
o 49400 0.025522169559743423 0.04596520503553347
o 49450 0.9997041638433968 0.9999976422569008
o 49500 0.622794407141146 0.6378416638002653
o 49550 0.9999239938640173 1
o 49600 0.9983337061651669 0.9993741869624275
o 49650 0.9999239938640173 1
o 49700 0.9999239938640173 1
o 49750 0.9999239938640173 1
o 49800 0.8483932770205068 0.8594073438867202
o 49850 0.9807470654652369 0.9848093746765826
o 49900 0 0.0020713641682267793
o 49950 0 0.0020713641682267793
