0 2.74 0.17714874464905161 0.06912174254326493
10 2.94 0.09458723388969181 0.03324200798430837
20 0.79 0.016756491095200166 0.021670393481781156
30 2.04 0.18570348718214924 0.1001476764360345
40 2.42 0.2695144538433887 0.1253272565933168
50 2.3000000000000003 0.1866381945107376 0.08831341326693899
60 2.95 0.12546033569518222 0.044417976238992136
70 3.08 0.11286951738401374 0.03803995747585112
80 0.08526398951996209 0.0 0.0
90 2.02 0.08198701300610756 0.042304676777878546
100 1.59 0.12683445721955366 0.08668496729258042
110 1.28 0.0531102914961219 0.04328856223016726
120 0.74 0.02477367708661804 0.034637535410757356
130 2.74 0.20466948107516103 0.08072694252185923
140 1.6 0.0956616447214933 0.06359051099497022
150 1.1400000000000001 0.029424898131086064 0.026495189817932016
160 1.22 0.06357609870798808 0.05497646549587728
170 0.86 0.010099587911943986 0.011883260401216976
180 2.71 0.14354991788388993 0.0559332592845636
190 2.2800000000000002 0.1716097403606378 0.08139372660068703
200 1.84 0.1394327662296888 0.08199191626228959
210 1.42 0.05396473096102161 0.039504639582978285
220 1.42 0.05369543361346696 0.03929975419424626
230 1.33 0.06426770763257106 0.050775118893715325
240 1.37 0.10578244343269372 0.08367424015208406
250 0.28046799914618237 0.0 0.0
260 1.83 0.13990622536494945 0.0827801554355527
270 2.2600000000000002 0.13423767918310903 0.06314801888647832
280 1.7 0.09181384362007594 0.05709155202949371
290 0.07238029579223612 0.0 0.0
300 0.0 0.0 0.0
310 1.47 0.06431766853824539 0.04575547909986327
320 0.0 0.0 0.0
330 2.84 0.18282609979119968 0.06880471758993013
340 0.0 0.0 0.0
350 2.36 0.17014288791234877 0.07769588571472906
360 2.62 0.16165088980764875 0.06575587215723015
370 1.8900000000000001 0.1124464980103137 0.06325913559532687
380 2.99 0.1887368539167653 0.06737562452162332
390 2.13 0.18744798936830387 0.09649573774209932
400 1.86 0.07587949198139632 0.04253047461780821
410 2.72 0.14251965809446077 0.055294178495691466
420 0.42 0.0013349299705424644 0.0031885391595925065
430 2.84 0.09019978258706418 0.03280230396953196
440 3.4354225981866815 0.0 0.0
450 1.37 0.01874144992058957 0.013869625409206977
460 0.25 0.005050230950106094 0.020617414622168557
470 1.6600000000000001 0.11652663411555353 0.0754963685743816
480 2.7 0.21108416845572542 0.08480968531778592
490 1.47 0.07887021930822002 0.05669508366717554
500 3.09 0.25311179868741895 0.08922163325657612
510 1.75 0.12196871621105965 0.07491791922278061
520 0.64 0.029052128890965645 0.0475525495133132
530 0.43 0.00046720176337317065 0.0010876975292484934
540 1.26 0.06507120731602134 0.054456138068162394
550 0.45 0.0034619396032056216 0.007752843285361469
560 0.72 0.025631363953561692 0.03691319368844233
570 1.59 0.13982397003374003 0.09641861894310388
580 2.02 0.14402636334275587 0.0767741936925048
590 2.57 0.18615364591724415 0.07808961580028986
600 2.57 0.20214434398817094 0.08537021396339757
610 0.07320320153003135 0.0 0.0
620 2.19 0.16397486571599584 0.08093427023250847
630 1.1300000000000001 0.0466658501979087 0.04307613694854338
640 2.58 0.1522987913077376 0.06273374613088276
650 1.79 0.14246909476053782 0.08647430789156
660 1.54 0.10255330145205432 0.07134407248327872
670 1.32 0.07496557737740206 0.06021165038914435
680 2.72 0.2008286572453506 0.07972012615297124
690 2.42 0.19396856197156698 0.08713648812766203
700 2.66 0.19628200781072191 0.07966902398447975
710 1.57 0.11598552498677495 0.07976916803783538
720 0.27 0.005869506433630267 0.022221994720785235
730 1.6 0.10428296219057942 0.06972104987405166
740 0.0 0.0 0.0
750 2.68 0.1996813425682631 0.08050632606014604
760 0.0 0.0 0.0
770 2.18 0.14893499791986864 0.07332852359099076
780 1.6500000000000001 0.07431383751191212 0.04716284199295551
790 2.73 0.17772707695278234 0.06963482445309566
800 0.0 0.0 0.0
810 0.6529317847148248 0.0 0.0
820 2.5100000000000002 0.17607768428708548 0.07544282134056428
830 0.34 0.0014425127158752549 0.004260761525160621
840 2.59 0.1635220931141661 0.06739071996086377
850 2.9 0.2207776692500425 0.08240363881568696
860 2.97 0.05679523055934643 0.019495790737103363
870 1.28 0.07470932473101022 0.061984487446845156
880 2.24 0.18867050424920517 0.09197474352122598
890 0.97 0.009847146761110426 0.01025581159072015
900 1.22 0.009745948705957241 0.008052812296341052
910 1.73 0.09512664327710452 0.05818594014388119
920 2.46 0.13457978704183304 0.057873319536787766
930 0.02159600597791354 0.0 0.0
940 1.36 0.05876987901970199 0.04516486213478286
950 0.0 0.0 0.0
960 0.0 0.0 0.0
970 1.55 0.15071514292876964 0.10770869288489521
980 2.18 0.21486942685313837 0.1093410431801777
990 0.42 0.005354881336600892 0.012914372063180806
1000 0.5 0.019957540814112273 0.041574532486060946
1010 1.78 0.12017248513861278 0.07240058624323288
1020 2.0300000000000002 0.16482323033037094 0.08836869138122783
1030 2.77 0.1653071948091358 0.06346514048785211
1040 2.67 0.19109442447976477 0.07708822246674756
1050 0.28 0.0010569317816050416 0.0037890591379654936
1060 2.83 0.21503305652236016 0.08223165384889648
1070 1.74 0.13971974615225036 0.08730954832211738
1080 0.98 0.03758113691826803 0.03987731823976531
1090 1.1500000000000001 0.048257643505102754 0.04380120562726705
1100 3.0700000000000003 0.11578061278461682 0.03919160956212884
1110 2.72 0.19765593292378325 0.07836200283052452
1120 0.86 0.039714517972971985 0.04841548319840118
1130 1.3800000000000001 0.0632837856210029 0.048061826025928775
1140 1.79 0.08114425346995446 0.04748455429004098
1150 1.8900000000000001 0.04261860260695283 0.02306973679993451
1160 1.3900000000000001 0.05590751261820648 0.041906774190691276
1170 1.59 0.07539183836722452 0.04977646382543636
1180 2.87 0.12019978258706443 0.04371218746216795
1190 1.71 0.09641513720877048 0.05975213292593026
1200 0.0 0.0 0.0
1210 2.83 0.15580746303142456 0.0582633676810891
1220 2.5100000000000002 0.15446756668989403 0.06557649748546611
1230 1.84 0.06190270704896794 0.03481401568652673
1240 2.43 0.17141793025690166 0.07589625922975628
1250 0.62 0.022746250021215553 0.0380847337032602
1260 0.0 0.0 0.0
1270 0.0 0.0 0.0
1280 2.7800000000000002 0.1773252776518861 0.06813193985758793
1290 0.72 0.0007037824495796929 0.0009784320178638506
1300 1.1500000000000001 0.06388814058269565 0.058822799906605786
1310 0.76 0.018512699199126903 0.024966980795398004
1320 0.0 0.0 0.0
1330 1.2 0.06323308425184115 0.055625373483203934
1340 1.5 0.11304972638427913 0.08150957430475374
1350 2.86 0.17566885026538115 0.06544231708623145
1360 2.67 0.21430514190848893 0.08726863649298845
1370 1.21 0.05790787717493728 0.050263235055318746
1380 0.97 0.04203924625661071 0.0453028278265267
1390 3.11 0.03952186796623591 0.012871567966536268
1400 2.34 0.17845986041604123 0.08256143716599693
1410 0.61 0.03030890045321699 0.05228457100154418
1420 2.5500000000000003 0.24014772101797943 0.10396670090254229
1430 2.95 0.2951867606379066 0.11118927548697737
1440 0.0 0.0 0.0
1450 2.11 0.1582371220827652 0.08107394800521218
1460 1.56 0.14886617375922295 0.1054940155150263
1470 0.71 0.015059667791894826 0.02167044722248916
1480 2.5300000000000002 0.187384070557993 0.07998924117391552
1490 1.67 0.05621482139785039 0.03483414158416259
1500 0.0 0.0 0.0
1510 1.36 0.09286707895568802 0.07328913755879003
1520 2.12 0.16002595698067013 0.08164697769882245
1530 0.0 0.0 0.0
1540 2.0 0.1612819389265625 0.08771433877818476
1550 1.45 0.110362747919029 0.0823825612102032
1560 1.97 0.13525322049922384 0.07371764976528557
1570 1.26 0.011327882551464219 0.009071943221260485
1580 1.08 0.055962648291137285 0.05464903032858088
1590 2.32 0.21598131140732368 0.10265180275170845
1600 1.36 0.02010365843683548 0.015003890833362475
1610 3.24 0.029639712400883145 0.009232519015194193
1620 2.0100000000000002 0.0632488724926572 0.03248944952385478
1630 2.74 0.17173609025585446 0.06686855256746689
1640 0.16 0.0023114725445749773 0.014658469971624144
1650 2.67 0.12799137946088024 0.05035048993411175
1660 0.2 0.0004891959553645631 0.002451977263622866
1670 0.63 0.033931273913842985 0.05692510348033003
1680 1.11 0.0417820361848289 0.03911377415485801
1690 1.6400000000000001 0.10202370816600492 0.06633633347126854
1700 2.62 0.2339699674344886 0.09805826592338363
1710 2.12 0.10030965756999732 0.049665859890833136
1720 2.61 0.18595608398742458 0.07671316627518554
1730 1.0 0.0244861125014999 0.025100731845334748
1740 0.37 0.01091453511074758 0.03039536872959699
1750 0.26 0.005827239782066895 0.022926295394795636
1760 2.62 0.21602258337167557 0.08986048782215932
1770 2.14 0.22798760900164838 0.11923960852712116
1780 2.77 0.20173609025585426 0.07854959511382595
1790 0.0 0.0 0.0
1800 0.71 0.019244119110392477 0.027859508174738156
1810 1.9100000000000001 0.1527090602945489 0.0869002718014043
1820 2.93 0.16397791908406179 0.059282939285055264
1830 2.8000000000000003 0.20723793966858395 0.07992940919618904
1840 2.84 0.23123476736125248 0.0886376299669404
1850 0.0 0.0 0.0
1860 0.68 0.034988371273959484 0.05424455888193032
1870 3.24 0.029639712400883145 0.009232519015194193
1880 1.1500000000000001 0.03348426212669975 0.029989959828492327
1890 3.0700000000000003 0.13409188803867345 0.04567305342165279
1900 2.25 0.21523445748123926 0.10577850518090084
1910 0.6 0.02306093879998461 0.039971186475082084
1920 0.78 0.02985494226611385 0.03979889217200559
1930 1.24 0.058952040959316276 0.049915027165535746
1940 1.32 0.09840315750679118 0.08055289116985273
1950 2.75 0.2163193889984356 0.08537752866685297
1960 1.77 0.13135917387602203 0.08016349390411412
1970 0.0 0.0 0.0
1980 1.51 0.07882420690383474 0.05507653726682218
1990 2.23 0.14094377204681452 0.06746767758611665
2000 1.74 0.13061904235259747 0.08116104625938705
2010 2.41 0.30215892123978616 0.14334995379135007
2020 2.06 0.14405106740442486 0.07518523325633525
2030 1.8800000000000001 0.12661633305970876 0.07221256559362058
2040 0.38 0.0177754205308705 0.04907292751066719
2050 1.8900000000000001 0.1410105155064998 0.08062399274363609
2060 2.97 0.15341969638501718 0.054470201395681254
2070 0.0 0.0 0.0
2080 1.42 0.12316753452982887 0.09497567173040664
2090 0.038569784736738055 0.0 0.0
2100 1.2 0.07565762847976587 0.06729056059451755
2110 0.8 0.01902444575579665 0.024359847952229105
2120 1.48 0.08311570373892563 0.05950077895599128
2130 0.0 0.0 0.0
2140 2.98 0.20036183492194004 0.07208198442487328
2150 2.58 0.24798303929440735 0.10633843727250411
2160 2.3000000000000003 0.18885492603326748 0.08945615740107278
2170 3.0700000000000003 0.12201809357576598 0.04139038075839763
2180 1.05 0.07186074317370639 0.07346678161846645
2190 2.0 0.20305310021541212 0.11299894295137684
2200 0.8300000000000001 0.02259689867201864 0.027987133855260457
2210 1.48 0.10474917702078712 0.0761673254583978
2220 3.15 0.10717828016767728 0.03522331902297037
2230 2.12 0.09443008388577967 0.04661901973096584
2240 3.02 0.13285413026672144 0.046015731889222075
2250 1.23 0.09883330815941993 0.08737289461609157
2260 1.98 0.17965318371177497 0.09978809754120928
2270 2.27 0.1819929323629177 0.08716107104410913
2280 0.6900000000000001 0.009961323454775295 0.014648171932486895
2290 1.19 0.051852331749157266 0.045558527417489066
2300 2.25 0.19431002424323118 0.0945230197815695
2310 1.46 0.09059111730256442 0.06615344653243359
2320 0.35073015103315447 0.0 0.0
2330 1.47 0.04914193053147575 0.03458609384528986
2340 2.91 0.29711292293370617 0.1137105868606077
2350 1.97 0.14250390401672908 0.07797767903851849
2360 2.0300000000000002 0.16125081752567239 0.08628810063861397
2370 1.72 0.0903180447098102 0.05542065702858426
2380 0.42 0.0034790041813845263 0.008352530163688426
2390 1.95 0.12817067119681957 0.07035273237203789
2400 1.47 0.11860937550747042 0.08776838713973635
2410 2.22 0.28198701300610773 0.14550315962717353
2420 1.83 0.15714951240487052 0.09394115826261726
2430 0.0 0.0 0.0
2440 2.1 0.13005773827926648 0.06602109148400205
2450 1.19 0.04868570772021075 0.042657581745480865
2460 0.9500000000000001 0.07017133160648736 0.07975567758506193
2470 2.17 0.20844477755828228 0.106265057018794
2480 0.9500000000000001 0.0326684951924775 0.035612529408691904
2490 1.42 0.09000562354792008 0.06767368730386734
2500 0.24 0.010423537470404837 0.045403336890693306
2510 2.33 0.15196039809521977 0.06976934577421112
2520 1.11 0.08267487311493471 0.08047586002847196
2530 0.97 0.05698115490555122 0.06240961532361001
2540 1.34 0.08399897971667536 0.06687811423730144
2550 1.04 0.04402669139071769 0.04420469003551303
2560 0.76 0.035128073989656894 0.04846107668012467
2570 1.21 0.07746091650867704 0.06839579987816863
2580 2.07 0.18332531784562822 0.09716848356511108
2590 2.6 0.11683850558751141 0.047052318526369215
2600 2.21 0.1547967989141883 0.07531946176047485
2610 0.16 0.004186219320738399 0.026866810512451506
2620 2.89 0.2490068242847716 0.09428529637049747
2630 1.71 0.03513579200423078 0.02097829294846304
2640 1.27 0.09082553610139366 0.0770246803014244
2650 0.25 0.001574513176306802 0.0063379695716334825
2660 1.78 0.1650074795320633 0.10217228714115228
2670 1.11 0.05583411537700411 0.052965208029827494
2680 1.26 0.05050315831281749 0.041755510698455664
2690 0.92 0.057511825273884765 0.06668129136048474
2700 1.68 0.09233942522262573 0.05816068414722322
2710 0.96 0.039576273228110526 0.042997884644839016
2720 0.53 0.009300765276894607 0.017862068266415863
2730 0.0 0.0 0.0
2740 0.63 0.02870994346975153 0.0477472447081906
2750 1.32 0.10333180560281896 0.08493014453625662
2760 0.0 0.0 0.0
2770 0.20219899079526432 0.0 0.0
2780 0.0 0.0 0.0
2790 2.17 0.2056657779423645 0.10469999230931797
2800 1.3 0.08768593365327493 0.07232938731587439
2810 0.0 0.0 0.0
2820 0.7000000000000001 0.039475097945787296 0.05976322440383537
2830 3.02 0.07201809357576572 0.02442962537145295
2840 1.69 0.12216240302123049 0.07791776600882516
2850 0.54 0.026694154967761063 0.052004385350578844
2860 1.6500000000000001 0.0921018309365167 0.05911928825995276
2870 1.6500000000000001 0.12026188796314408 0.07861599774291732
2880 2.84 0.14520246076749732 0.0538825120082498
2890 2.2 0.1615017824025209 0.07922586392685821
2900 2.02 0.18464485114359186 0.10060442593829443
2910 1.97 0.10482323033037066 0.05620015863104361
2920 0.88 0.04817728506693597 0.05791773199029886
2930 0.0 0.0 0.0
2940 1.52 0.06506109861043852 0.04471740947217847
2950 2.92 0.25076081140219 0.09394467624833512
2960 1.8800000000000001 0.1845782833126104 0.10886865580160776
2970 0.0 0.0 0.0
2980 2.96 0.1624493344557889 0.058068415509531957
2990 0.58 0.02149981905142606 0.03849563488933899
3000 2.02 0.19070100094499098 0.10424813059183027
3010 1.49 0.08588698163972075 0.06116813996925933
3020 2.52 0.16547680343869375 0.07028038784258592
3030 0.0 0.0 0.0
3040 1.9000000000000001 0.09708857311242203 0.05385099437748256
3050 2.79 0.1579096916978684 0.05999402497695087
3060 0.0 0.0 0.0
3070 2.7 0.20078524460427705 0.08033933225257583
3080 2.18 0.1594095150460646 0.07889253969722555
3090 2.04 0.2052532204992239 0.1118700535640521
3100 0.0 0.0 0.0
3110 1.24 0.04951475853639109 0.04159208095307133
3120 1.8800000000000001 0.12113745412921317 0.06887260997944544
3130 0.3 0.0017275321340046168 0.0057917921367812725
3140 2.5 0.2959155004582916 0.13425778390974613
3150 1.19 0.06740337862200851 0.06004238507262798
3160 0.0 0.0 0.0
3170 3.19 0.06553777820765383 0.020975698714020014
3180 2.14 0.19286501711858728 0.09905066613983865
3190 1.71 0.09319207133262397 0.0576395437455801
3200 2.39 0.2008084424092007 0.0917272139630348
3210 1.78 0.16278750969763656 0.10065932007933036
3220 2.13 0.13008824637928784 0.06504699327046376
3230 2.9 0.33173609025585415 0.1291674461480488
3240 0.0 0.0 0.0
3250 0.74 0.010439941665936203 0.01430991396345848
3260 1.42 0.09496705941262351 0.07167147057530915
3270 2.43 0.17141793025690166 0.07589625922975628
3280 0.34 0.012679612775444105 0.038737619990487616
3290 2.17 0.1976336476844862 0.10020128737872087
3300 1.09 0.03842166517290546 0.03653714031605922
3310 2.75 0.2725020117655248 0.10999081051109806
3320 2.72 0.184669481075161 0.07283842469323251
3330 0.0 0.0 0.0
3340 1.7 0.1134909753813782 0.0715350329687914
3350 2.49 0.20870600100153158 0.09148579757504183
3360 2.13 0.13351716431084482 0.0668761894287745
3370 1.52 0.04897282223143096 0.03329158221652901
3380 2.79 0.20304893005540148 0.07848966778476793
3390 2.1 0.12641637167489983 0.06405422595757153
3400 2.81 0.15985768461021754 0.06032041512710449
3410 0.84 0.008035098608941582 0.009657977873233319
3420 2.49 0.11582903179820869 0.04878714858767655
3430 2.21 0.16394270018771095 0.08012615296881055
3440 0.9400000000000001 0.047897231305070176 0.053690261913590664
3450 0.8 0.06055182094751688 0.08188784915950026
3460 0.25 0.004800479790986412 0.0195778514855754
3470 1.61 0.12164730752881248 0.08173285011285548
3480 2.85 0.28173609025585433 0.10969904190411697
3490 0.0 0.0 0.0
3500 2.57 0.11031620019745958 0.04484974865725245
3510 1.55 0.1395857229667159 0.09896788854146138
3520 0.0 0.0 0.0
3530 1.2 0.05828970948047463 0.05105472900130418
3540 2.95 0.17036183492194024 0.06128921276958938
3550 0.55 0.0032575417193242417 0.005958091730369968
3560 2.86 0.1101997825870642 0.04007555963128923
3570 1.9000000000000001 0.1834524562696258 0.10687292463274847
3580 0.0 0.0 0.0
3590 1.55 0.13205979059169803 0.09313495006027496
3600 1.1 0.03982664505952349 0.03756616299959695
3610 1.58 0.06962151577281528 0.04609541019014086
3620 2.6 0.1759560839874248 0.072587828473365
3630 2.69 0.1595962219175533 0.06307144468401646
3640 0.85 0.05292349401535856 0.06639700658342867
3650 2.75 0.19071130077082143 0.07451730663612158
3660 3.17 0.08960483723834933 0.02908874754822572
3670 2.12 0.15963116152244616 0.08142914659183098
3680 2.94 0.13117535483161857 0.0467011548966792
3690 1.6400000000000001 0.13181032830501982 0.08739638705845576
3700 1.54 0.06627722478211817 0.04497265421735743
3710 0.89 0.02707300772001131 0.03137346260137277
3720 2.0100000000000002 0.09620243787303373 0.05026782339826776
3730 0.0 0.0 0.0
3740 2.38 0.11745577351461023 0.05191313926139896
3750 1.08 0.08887048091838623 0.08966586022050288
3760 1.6400000000000001 0.15650876385241075 0.10550029554528492
3770 2.07 0.11160086513396994 0.05698576104691975
3780 0.0 0.0 0.0
3790 3.0 0.17140076230825851 0.06059563335247481
3800 1.04 0.08378884453018753 0.08762588059226291
3810 1.05 0.058120292734922696 0.05859611030371669
3820 1.56 0.17499054462018915 0.12634610106123897
3830 3.0100000000000002 0.07994020036758753 0.027282788009178632
3840 1.76 0.14621482139785047 0.09060364622043487
3850 0.20234679002479 0.0 0.0
3860 1.33 0.10299982854942602 0.08394442881589691
3870 3.0300000000000002 0.12219861165196466 0.04202440102739874
3880 1.03 0.06020427044272336 0.062079331355900415
3890 2.2 0.1803096575699974 0.08927589233954386
3900 2.45 0.13472445677698275 0.05818938362275332
3910 2.69 0.15466948107516076 0.061005647950292355
3920 3.0500000000000003 0.0957806127846168 0.03242163164967197
3930 2.74 0.15112306617856142 0.05837398611122422
3940 2.86 0.26330757737938315 0.1014011421166507
3950 0.7000000000000001 0.005377610962764123 0.007741776032036092
3960 2.31 0.2135273777955473 0.10185078285020582
3970 1.22 0.06810847012681931 0.05912750320710998
3980 3.293135005721142 0.0 0.0
3990 2.59 0.16474078466793118 0.06792708326865371
4000 0.0 0.0 0.0
4010 2.83 0.26535430981191066 0.10346626468798883
4020 2.33 0.18072491983764571 0.0840864538493574
4030 0.9500000000000001 0.029886467636169978 0.03248128256454369
4040 1.6600000000000001 0.10319580922679394 0.06628695492882793
4050 2.5 0.23103405540684685 0.1018235006820578
4060 1.37 0.06950449950562732 0.05344462897349952
4070 3.2800000000000002 0.01069291208312162 0.003270696754869509
4080 1.79 0.19363281573029112 0.12129591339530851
4090 2.05 0.18740462433219784 0.10061478020421215
4100 1.74 0.10198923786837555 0.062264082890183155
4110 2.27 0.12313556630755773 0.057356004587478304
4120 1.68 0.07578075869527501 0.047238405290315484
4130 2.5 0.18014616112641368 0.0776540996280543
4140 0.0 0.0 0.0
4150 3.5030029666506945 0.0 0.0
4160 2.0300000000000002 0.13651453793480295 0.07209695594172057
4170 2.5 0.25076915146532297 0.11149106888192174
4180 1.16 0.08941782113220653 0.08352261311389601
4190 2.71 0.15945842204182448 0.06251943642866556
4200 2.5500000000000003 0.17476593934310314 0.07357840738220539
4210 1.6600000000000001 0.1470872256787139 0.09722122000371058
4220 2.38 0.1268993215490859 0.05632208217004029
4230 1.02 0.06169945675732835 0.06438424478875007
4240 1.99 0.13061275455897436 0.0702450524382265
4250 2.5500000000000003 0.15398039378935513 0.06426508088257188
4260 1.78 0.14261779485468673 0.08710110223900337
4270 1.42 0.12923045668584665 0.10011892313017953
4280 1.18 0.05585147691788217 0.04968336102488682
4290 1.61 0.10882597716745512 0.07249391177320859
4300 0.0 0.0 0.0
4310 1.74 0.15750163541785978 0.09952720264544992
4320 3.3883289034129147 0.0 0.0
4330 0.59 0.021404988331295893 0.037645402952932804
4340 0.8200000000000001 0.037935281034773616 0.048506575114354904
4350 0.9400000000000001 0.03463693978927307 0.03825751382126324
4360 0.0 0.0 0.0
4370 0.65 0.015480336571496944 0.024396937500489692
4380 0.0 0.0 0.0
4390 1.74 0.07491233169842437 0.044990022522259455
4400 0.52 0.003029026536874646 0.005859181061140759
4410 1.0 0.05631332058355709 0.05967374745437769
4420 0.71 0.020192677815747295 0.029272924723106494
4430 3.0500000000000003 0.08286951738401394 0.027929178669268223
4440 0.85 0.02335873184840731 0.028257398642386307
4450 2.79 0.13282609979119986 0.04998773312531875
4460 1.74 0.09396071677126128 0.0570829127400626
4470 2.7 0.25085811194385377 0.10242694111240601
4480 0.9400000000000001 0.039810055240085185 0.0442240612348794
4490 2.07 0.11978480668074054 0.06142132780581369
4500 0.0 0.0 0.0
4510 2.84 0.1203292292103697 0.04424404251527595
4520 1.21 0.07155595053321573 0.06285416535553992
4530 2.1 0.1782671073243436 0.09276372798934597
4540 0.6900000000000001 0.051950932987477993 0.0814215327211793
4550 1.6600000000000001 0.07597679434280713 0.047964445262836435
4560 1.44 0.11369832883897191 0.08572584300481338
4570 1.1500000000000001 0.05231000225852056 0.04765462231244659
4580 2.6 0.12250201176552489 0.049445857210492744
4590 1.37 0.06088318040755292 0.046507064531114195
4600 2.5100000000000002 0.1564833979613609 0.06648918381362318
4610 1.42 0.06610243261996351 0.04882380632966208
4620 1.23 0.054870154492684176 0.04669284394610551
4630 0.37 0.0005898687966018334 0.0015967856503563249
4640 0.93 0.05202965062796794 0.05926128446727401
4650 2.99 0.07679523055934645 0.026361082257218543
4660 0.92 0.010740239258745121 0.011812069248494365
4670 2.87 0.12646065657166128 0.04609398326091999
4680 2.95 0.19056786277344884 0.06906053611631294
4690 0.0 0.0 0.0
4700 1.43 0.05652066495237329 0.041151449104557064
4710 1.6500000000000001 0.1352217426200366 0.08926834139666286
4720 2.0300000000000002 0.174753229211426 0.09419406192371217
4730 2.83 0.20227376388016527 0.07697672653253547
4740 0.0 0.0 0.0
4750 0.98 0.02282500217322847 0.02384621644427795
4760 1.81 0.10990263541321621 0.06464490664034911
4770 2.44 0.14164740859372182 0.06162997319182125
4780 2.23 0.22227944121497734 0.11071234004272502
4790 2.29 0.22396494839053105 0.10840326654480492
4800 3.09 0.26140076230825837 0.092413502353049
4810 1.36 0.10399897971667538 0.08280166818114178
4820 1.3900000000000001 0.08311065164780862 0.06359425283601843
4830 0.87 0.050348359316250924 0.06142653392879271
4840 1.62 0.12789483610071617 0.08571435793874713
4850 1.71 0.12540414429580138 0.07913951298330983
4860 0.12540642627042964 0.0 0.0
4870 2.91 0.1538117534630743 0.055805968136006134
4880 1.03 0.03251784895805476 0.032599930659498434
4890 0.0 0.0 0.0
4900 0.44 0.00430952391191175 0.009891251125352685
4910 1.2 0.06135867603755707 0.053887624440004014
4920 3.15 0.037301039568056193 0.011983503718869104
4930 2.63 0.2483253948552826 0.10426503869120847
4940 2.29 0.09545507026234024 0.04349652129188857
4950 0.0 0.0 0.0
4960 2.41 0.1592256612942089 0.07074261446652383
4970 2.0 0.1283086318470763 0.068552237847684
4980 2.02 0.11856196633235339 0.06235384179397187
4990 0.0 0.0 0.0
5000 2.37 0.18543676622680527 0.08488505315843727
5010 2.99 0.17732245655962453 0.06304400480359702
5020 0.74 0.0381195426136951 0.05431059123037337
5030 2.6 0.1890632527150058 0.07841900162993236
5040 1.55 0.05131234585704747 0.034238185465263755
5050 1.18 0.04490787905956606 0.03956320216755578
5060 1.18 0.06290739607237161 0.056313501540689745
5070 1.59 0.12605189946193174 0.08610407665107928
5080 1.8 0.14840050063912913 0.08985259483098447
5090 2.54 0.20416293159258014 0.08740461154329526
5100 1.1500000000000001 0.07384492262793807 0.06861922057577903
5110 2.31 0.10453459894484585 0.04739797726812385
5120 2.72 0.24669166220195926 0.09974157222208134
5130 1.2 0.052715649736354786 0.04594819908790769
5140 0.12 0.0005291861689302735 0.004429417963775959
5150 2.93 0.14686128901014284 0.052768224749354956
5160 2.27 0.21867050424920498 0.10659940526481372
5170 1.79 0.20233942522262582 0.1274450146568629
5180 2.2600000000000002 0.18029820740635794 0.0866942597484152
5190 2.06 0.1866657346092926 0.09964358099773565
5200 0.9500000000000001 0.01687760280150974 0.018087233627851286
5210 0.3308899803153361 0.0 0.0
5220 1.43 0.09062108201383734 0.06765903270307676
5230 2.89 0.23985768461021761 0.09050747320901496
5240 1.85 0.14018875899684358 0.08199078099088528
5250 1.62 0.13440665023270393 0.09047337903993541
5260 1.1400000000000001 0.056572482519179346 0.05221621345811979
5270 2.87 0.21044851044409096 0.07912932359855593
5280 2.99 0.17732245655962453 0.06304400480359702
5290 3.22 0.041847473910431976 0.013167232713629871
5300 1.72 0.13578571412040907 0.08571170916125014
5310 2.96 0.1661162907624183 0.05945712422216367
5320 2.88 0.09332154215716759 0.03348844998407451
5330 2.04 0.1164443751753077 0.06053600617134226
5340 3.351147946512109 0.0 0.0
5350 2.75 0.16686918955581742 0.06459958933598234
5360 0.59 0.0243708569821256 0.04308628238654149
5370 2.81 0.10162271178294846 0.03752162308592079
5380 0.41000000000000003 0.008439210782248074 0.021016023000372665
5390 2.93 0.14686128901014284 0.052768224749354956
5400 1.78 0.11204160378752781 0.06717290074017855
5410 1.2 0.033613345492804925 0.02881835569955724
5420 0.79 0.02275797438493421 0.02966205398705851
5430 3.3883289034129147 0.0 0.0
5440 0.99 0.027020636419912702 0.02805941377544951
5450 2.3000000000000003 0.1365893882038205 0.063136136736621
5460 2.47 0.09688858409822165 0.04082765918573787
5470 3.22 0.041847473910431976 0.013167232713629871
5480 1.6500000000000001 0.13181580813033844 0.08682464804748476
5490 2.73 0.15807906203450006 0.061463422028652015
5500 2.32 0.19079262892635684 0.08960734943827972
5510 1.27 0.06503192117190837 0.053969829005890396
5520 2.84 0.21658068977274691 0.0825566423668604
5530 1.05 0.06501571009750118 0.06600684981883002
5540 2.65 0.11301180714288561 0.04454565750880125
5550 2.93 0.22162271178294857 0.08182859631378933
5560 0.6429931259313284 0.0 0.0
5570 1.57 0.10699027760886581 0.0731302574216674
5580 1.8900000000000001 0.09220501199388353 0.05128783460240119
5590 2.7800000000000002 0.20807906203450033 0.0809041440438289
5600 0.0 0.0 0.0
5610 1.36 0.051874320141613195 0.03965545584827058
5620 0.047472038775998864 0.0 0.0
5630 2.41 0.17884500735345643 0.08015803829984697
5640 1.34 0.04036102364492633 0.031055565721891148
5650 2.11 0.15512544593589217 0.07935314601818948
5660 2.6 0.2183253948552828 0.09166885954263963
5670 1.6400000000000001 0.05349097538137837 0.03371614945224593
5680 1.26 0.049312410031446374 0.040730912284916716
5690 2.25 0.18246794545266987 0.08825398622060047
5700 1.93 0.15569906655766763 0.08775234438703411
5710 1.06 0.06469563001419032 0.0650008499561925
5720 0.0 0.0 0.0
5730 0.76 0.016468758526805294 0.022149383385928666
5740 2.08 0.0700867489547452 0.034870534297088
5750 3.12 0.05907087719730031 0.019298348582215075
5760 1.99 0.127404624332198 0.06840166468604017
5770 2.62 0.20077619722371676 0.08299198982471463
5780 0.9400000000000001 0.04442817264329768 0.04960872069237405
5790 1.74 0.13241110235041265 0.08236627072008731
5800 1.5 0.08525442290380592 0.060261310785500434
5810 2.75 0.3402322556180697 0.1411888163958034
5820 2.83 0.12983900019998718 0.048085651266573985
5830 3.1 0.09004454177321053 0.029915572845804546
5840 1.69 0.12438608856024058 0.07944876297493644
5850 2.85 0.2244341112880881 0.0854802815092156
5860 2.69 0.15466948107516076 0.061005647950292355
5870 1.73 0.12360218468542916 0.07694369570667334
5880 2.91 0.14729085375414197 0.05331391976397153
5890 1.07 0.10734365538245438 0.11150776285082399
5900 1.83 0.12400063938153894 0.07268504446366619
5910 0.97 0.0341295670554248 0.036468260833971713
5920 2.5100000000000002 0.21598192365955748 0.09415005308245217
5930 3.351147946512109 0.0 0.0
5940 1.73 0.14099371464945998 0.08873074697647046
5950 0.73 0.02415617510487711 0.034223116010778064
5960 1.21 0.07746091650867704 0.06839579987816863
5970 2.5500000000000003 0.2559819236595575 0.11158670731484185
5980 2.69 0.24983953093952227 0.10238651683252482
5990 3.09 0.10229642918460291 0.034239149487204454
6000 1.12 0.04631626059455041 0.04313771261935842
6010 2.35 0.2138174177809833 0.10009323152465494
6020 1.36 0.10123212101044432 0.08042159535537709
6030 0.86 0.03399618369896429 0.04115741722744588
6040 2.24 0.2456467203831978 0.1231711166190158
6050 1.76 0.11904450799694088 0.07254584818240699
6060 2.91 0.3133075773793834 0.12065640683896987
6070 1.19 0.06283723298929256 0.055748144658770156
6080 1.25 0.08850882786077219 0.07620275554721362
6090 1.18 0.06473321699855172 0.058042809115447014
6100 2.74 0.1946034662584557 0.0764531041347821
6110 2.41 0.23196039809521984 0.10649962374070768
6120 2.12 0.17972245898331485 0.09262719130848783
6130 3.16 0.010179703385235328 0.003231836240364523
6140 3.5030029666506945 0.0 0.0
6150 2.04 0.14238143965936256 0.07503164367964654
6160 0.92 0.014178807220337375 0.015652986851441786
6170 2.32 0.13871182755861122 0.0635917020552856
6180 2.85 0.20900682428477158 0.07913947911969473
6190 1.53 0.08637176640002098 0.059829646158024705
6200 1.78 0.1417792947210399 0.08654468489146423
6210 1.08 0.05015721154636976 0.04870375566904127
6220 1.95 0.1066589674075471 0.05786176595740572
6230 1.6600000000000001 0.1193702467501323 0.07748146269298499
6240 2.8000000000000003 0.15900682428477175 0.06020720755619137
6250 2.47 0.14270654060449361 0.06131867041879641
6260 1.92 0.0876820446551565 0.047853072879294405
6270 2.33 0.24460542029716503 0.11729455071856035
6280 3.21 0.06017970338523515 0.019105757699863904
6290 1.98 0.10765231495139638 0.0574958998326221
6300 1.85 0.10075314700931992 0.05759801530416515
6310 2.68 0.2203162001974599 0.08957094412507273
6320 2.91 0.19602612572754285 0.07222844979673658
6330 3.12 0.029288420372892254 0.009476270955190805
6340 2.95 0.16686128901014285 0.05995435597631302
6350 2.75 0.2163193889984356 0.08537752866685297
6360 3.0300000000000002 0.11679523055934649 0.040091665297448904
6370 1.04 0.018032947074658967 0.017645331151371617
6380 2.29 0.10213583702233553 0.046682896840967276
6390 0.5700000000000001 0.03590054594527703 0.06721696806227911
6400 0.65 0.013899474001413115 0.02185106509634295
6410 1.37 0.06668346215318888 0.05116444103698368
6420 1.55 0.10652286624112839 0.07379601917471226
6430 2.94 0.2145281143152169 0.07871228297822491
6440 2.63 0.1998406192071891 0.08223354434555377
6450 2.38 0.21408139812097637 0.09884092501687365
6460 1.1 0.050557439487523226 0.048175518498920405
6470 2.62 0.19352209311416635 0.07975431903376963
6480 1.56 0.15016107079805674 0.1065093803893309
6490 1.75 0.08049001861719907 0.048211762442133946
6500 2.18 0.1965636669479549 0.09910258457627895
6510 3.4354225981866815 0.0 0.0
6520 1.8 0.1296009709513033 0.07758683326409253
6530 1.27 0.0991000958645516 0.0846358390794503
6540 2.57 0.1728540689049325 0.07210827954306856
6550 2.71 0.21375839881613867 0.08563209535277441
6560 0.0 0.0 0.0
6570 0.3 0.0057172242264046935 0.019427654953218215
6580 2.65 0.1355352093473714 0.05390221006522556
6590 2.37 0.17003078180290077 0.07728780039124501
6600 0.99 0.06942249788676358 0.07541189929951624
6610 0.87 0.048304877920261835 0.0587868622099162
6620 1.24 0.10343102104264656 0.09100285416687193
6630 2.58 0.17487153141816592 0.07270777162322543
6640 2.91 0.08140076230825866 0.028777764351900617
6650 0.2 0.004767798591833211 0.024421169035866684
6660 2.23 0.19939531493784424 0.09819504328177045
6670 2.66 0.16817186566964537 0.06748935183478827
6680 2.5 0.14948747911625748 0.0635978229378048
6690 1.31 0.030849028621503516 0.024116800371310816
6700 0.20578581174737176 0.0 0.0
6710 1.6600000000000001 0.15365511900582618 0.10200527179699724
6720 2.68 0.17778722214375753 0.07105199994065883
6730 1.81 0.11271334714421943 0.06640796176330785
6740 0.0 0.0 0.0
6750 3.19 0.07730103956805623 0.024834087893076978
6760 3.14 0.05960483723834953 0.019349737319062765
6770 3.5030029666506945 0.0 0.0
6780 1.27 0.0358834348839272 0.02907621200316053
6790 1.54 0.17812353534751368 0.13079272604433026
6800 2.09 0.18751470153281669 0.09856302263354978
6810 1.83 0.1743012622304938 0.10527353693903624
6820 2.36 0.16207320289367777 0.07373912684765255
6830 2.45 0.15941523882611985 0.0695958698094292
6840 2.27 0.16869146573482263 0.08027924647144387
6850 1.75 0.121350477607852 0.07450987823925023
6860 1.86 0.15185976650700517 0.08890357098870356
6870 0.7000000000000001 0.006962770675762675 0.01004674840131156
6880 1.37 0.08128054057803658 0.0630707792792186
6890 1.98 0.12411840792791073 0.06687840886946494
6900 1.72 0.1365496601752112 0.08623551793251731
6910 1.18 0.05565762847976585 0.049502384584608906
6920 2.0300000000000002 0.18324177299194178 0.09922347728690649
6930 1.8 0.12401423721449967 0.07399480351693866
6940 1.34 0.1126677391078259 0.09179888991586134
6950 1.78 0.16399954328511734 0.10148483721255064
6960 2.8000000000000003 0.09712333407415441 0.03593332070921027
6970 2.18 0.2068224838381001 0.10481696762914575
6980 1.28 0.0733100333640142 0.06075299819421566
6990 0.0 0.0 0.0
7000 2.8000000000000003 0.13564016604475126 0.05090910180979312
7010 1.35 0.12067211919601384 0.09816105294634146
7020 3.02 0.1175030612926089 0.04048344021507846
7030 0.66 0.025601821791468082 0.04035607709934588
7040 2.5 0.15738407055799275 0.06718304463825635
7050 2.41 0.15141793025690164 0.06704114598506691
7060 1.76 0.091155048409304 0.05462164014842576
7070 1.6 0.11018171599793813 0.07395647991509388
7080 2.29 0.18543745646942078 0.08811211481429009
7090 0.92 0.05707300772001134 0.0661388602171494
7100 2.39 0.2215589402580047 0.10217429672004373
7110 2.94 0.20562339031899457 0.07519936704804638
7120 2.81 0.19503305652236014 0.07458337360968166
7130 0.0 0.0 0.0
7140 1.8800000000000001 0.17542319501497228 0.10291304827212705
7150 2.83 0.19348815327217395 0.07338793243516506
7160 1.8800000000000001 0.1780207127745319 0.10459628628309434
7170 0.97 0.04663052228682396 0.050500393842678744
7180 2.43 0.1445101313593642 0.06322939048743889
7190 1.93 0.15893140673077033 0.08973757839463326
7200 1.54 0.10450096147907617 0.07279765341170095
7210 1.3 0.08768593365327493 0.07232938731587439
7220 1.49 0.03196920120073199 0.021926286623752792
7230 2.04 0.12225118127395107 0.06374723325610594
7240 1.42 0.1381110281982907 0.10774024212422555
7250 2.63 0.2631865210002422 0.1111986742239899
7260 2.0 0.12402636334275585 0.06611306306188593
7270 2.9 0.11686128901014259 0.041989027908917786
7280 2.8000000000000003 0.22438296255276535 0.08711813879564856
7290 2.89 0.13056786277344878 0.04731693199191333
7300 1.48 0.03561360129968705 0.024656560967157307
7310 2.67 0.10173609025585417 0.039612786625962154
7320 1.06 0.004761112353355745 0.004511881062281363
7330 3.0300000000000002 0.11679523055934649 0.040091665297448904
7340 2.94 0.20861996906731894 0.07637896107634709
7350 0.9500000000000001 0.04555258703411269 0.05036510291376197
7360 1.72 0.10157289872062858 0.06276025570773926
7370 0.91 0.027115905692522202 0.0307128714486487
7380 1.72 0.1290651794704638 0.0811253722056979
7390 1.6400000000000001 0.04616109578952998 0.028962209209215224
7400 1.58 0.11275798975370366 0.07685030074539353
7410 2.11 0.18351480353157834 0.09525887033442693
7420 1.94 0.15752907140899164 0.08837679699691585
7430 0.41000000000000003 0.013862886799970053 0.0349951729793365
7440 1.87 0.21321787723720642 0.12869397509049138
7450 2.12 0.13656366694795485 0.06885205472555565
7460 2.08 0.13171253271082772 0.0676042601116206
7470 2.9 0.23805307344969906 0.08942818170991838
7480 2.86 0.15162271178294828 0.05598286193086593
7490 1.4000000000000001 0.12061121669189867 0.09427252940270085
7500 1.28 0.048782288314531685 0.039621171667317434
7510 1.25 0.0414758665092525 0.03431943588040068
7520 2.12 0.14192656221864453 0.07174989538195914
7530 1.43 0.11127636847963296 0.08438187184932869
7540 2.6 0.2073398953956027 0.08665664420809337
7550 2.18 0.1800882463792881 0.09004809639887854
7560 1.12 0.06045640033772548 0.05705890758718728
7570 2.56 0.22703153015663924 0.09731444427617253
7580 0.52 0.009396767517347415 0.018403266802010824
7590 2.46 0.20299150058883164 0.08993829692789822
7600 2.87 0.23348815327217398 0.0885594933176409
7610 2.43 0.23410562447664818 0.10661060344528334
7620 1.68 0.11457121013693539 0.07318838830539041
7630 1.52 0.10814513910410817 0.07659791533775981
7640 1.5 0.05074150865742588 0.035012048547957524
7650 2.33 0.1097462950374517 0.04942961914314334
7660 2.0100000000000002 0.13137272206119777 0.06993016848202996
7670 2.72 0.2589766170235759 0.10523127037922043
7680 1.01 0.02410496633352044 0.02444983036771738
7690 1.77 0.14011117212369162 0.08596363735203454
7700 1.1500000000000001 0.059145417551957236 0.05421934188443886
7710 2.22 0.2016550556294101 0.09991109606504607
7720 0.81 0.040603725153949055 0.05277348809892988
7730 1.69 0.10559534958018224 0.06664670515338539
7740 2.59 0.12492750486355364 0.05067903889643565
7750 2.47 0.18535296458641826 0.08112980329710512
7760 2.32 0.11591550045829146 0.05259122346824434
7770 1.78 0.14030911095898602 0.08557046446787717
7780 3.4354225981866815 0.0 0.0
7790 2.21 0.15818843896673673 0.0770969624944872
7800 0.54 0.011136751872315998 0.021057904688486197
7810 3.0 0.09750306129260888 0.03359282140570707
7820 2.98 0.20036183492194004 0.07208198442487328
7830 3.02 0.1175030612926089 0.04048344021507846
7840 2.5 0.18289933173642314 0.07893456432062874
7850 0.54 0.00817925272995046 0.015379717267399447
7860 1.02 0.03003667297924517 0.030341197657936518
7870 1.6500000000000001 0.14080119307009098 0.09329532492575719
7880 3.0100000000000002 0.28744211921579055 0.10557796447398037
7890 2.61 0.21059066883408173 0.0877677127027558
7900 1.71 0.09015324071011577 0.05565541320071385
7910 2.72 0.19284230467048724 0.07630798229444988
7920 1.8900000000000001 0.10089802197140463 0.05639590320199845
7930 2.44 0.20290944637925667 0.09070238397406248
7940 2.99 0.17732245655962453 0.06304400480359702
7950 2.56 0.10298012263655076 0.041912612749008565
7960 2.87 0.10729085375414193 0.038835377911545794
7970 2.97 0.1494663708650683 0.05299223144200206
7980 2.72 0.15535430981191078 0.06057534980612359
7990 1.31 0.02667817758896396 0.02078837679144459
8000 1.32 0.046764700962675265 0.03672903272320002
8010 1.6 0.07701358942968972 0.05056748300259
8020 1.59 0.0977308498847822 0.06549143623135037
8030 2.31 0.13646715612466176 0.0627858725526987
8040 3.12 0.17811954017996134 0.06054615155602118
8050 2.22 0.2281892567840278 0.11456372427010511
8060 1.93 0.11698968891496708 0.06452786738148898
8070 2.83 0.1243847137677574 0.045972801233309026
8080 2.19 0.14203298781661156 0.06935316192675714
8090 2.63 0.2190632527150056 0.09086229780258534
8100 2.67 0.16324255161662116 0.06512099992837246
8110 1.08 0.024940296894242042 0.023638754111095128
8120 1.46 0.14453526981123588 0.10987392249619314
8130 2.72 0.1830118071428859 0.0721374295939395
8140 2.87 0.17520246076749757 0.06501507375481591
8150 1.44 0.07959338965894491 0.05850705888513052
8160 0.79 0.04627099088951425 0.06221485288688046
8170 1.96 0.21255209416479381 0.12163572570891772
8180 1.83 0.14814152382899115 0.08808203896338322
8190 2.7 0.20670652062082784 0.08290500991174836
8200 2.56 0.1728730933792142 0.07241889524170005
8210 1.34 0.07520017646947186 0.059456188299868755
8220 2.36 0.2027934334728858 0.09400742451816418
8230 1.09 0.06837761941004517 0.06693042430272449
8240 2.62 0.22845291920382582 0.09552516069546545
8250 1.72 0.12167959235060755 0.07612966196781439
8260 2.63 0.2744675666898937 0.11652039377959182
8270 1.76 0.16207029423766128 0.10142517136593374
8280 2.16 0.19646173780581044 0.10005495772018769
8290 0.9 0.009927699549934998 0.011153812499181312
8300 2.62 0.18110464664522574 0.07425683369157714
8310 1.96 0.19000382881409683 0.10734702815023246
8320 1.35 0.045823128144810266 0.03513566996447877
8330 1.3800000000000001 0.08765963567843449 0.06783014606562474
8340 2.91 0.19032922921037 0.06998245201389201
8350 2.29 0.08314852915275228 0.03767744691981022
8360 2.7800000000000002 0.2242365214478994 0.08773758735097607
8370 2.7600000000000002 0.0756688502653815 0.028189089216083627
8380 3.09 0.23581000292709664 0.08261888772959408
8390 2.73 0.20445392606287882 0.08095434416056871
8400 2.0 0.11736604004480111 0.06234140174949042
8410 0.014079787329015808 0.0 0.0
8420 2.84 0.10562339031899448 0.03862796000559579
8430 1.54 0.03365511900582607 0.022342240100828702
8440 1.48 0.10597665980972693 0.07712871878512007
8450 3.02 0.25397791908406164 0.09182064049176339
8460 3.18 0.07853435314445045 0.025321690480135817
8470 2.99 0.10285413026672163 0.0356248471353557
8480 3.14 0.05960483723834953 0.019349737319062765
8490 3.0 0.0699402003675873 0.023869888381241083
8500 2.67 0.17227490201997941 0.06897272328299976
8510 1.47 0.07691143904091224 0.05520929623308491
8520 0.0 0.0 0.0
8530 0.68 0.036518588730761414 0.05675158301578613
8540 2.7 0.21826271886610904 0.08794755211413276
8550 3.14 0.13004454177321056 0.04320480604381494
8560 3.02 0.12271104129129684 0.04235374622280965
8570 2.12 0.08755122341318167 0.04307671830244614
8580 2.7800000000000002 0.17933084334774563 0.06895565431267374
8590 1.71 0.11226593843976929 0.07026572265107658
8600 2.95 0.17382210567549716 0.06261201993966291
8610 1.19 0.04868570772021075 0.042657581745480865
8620 2.36 0.11764298763616354 0.052463986326667614
8630 2.15 0.16656366694795466 0.08397731965091719
8640 1.33 0.06903385927016448 0.05474679853830834
8650 2.89 0.23044851044409098 0.08664938857136817
8660 2.0100000000000002 0.07871472325042683 0.04075768825976176
8670 1.36 0.0804925957828373 0.06290905040294381
8680 1.67 0.10067604267720243 0.06415249203800574
8690 1.85 0.14233624929118882 0.08335144974068132
8700 1.61 0.08821789367295652 0.05797012154774132
8710 1.36 0.0801359869396141 0.06261289177745882
8720 2.96 0.16974022523711918 0.060833126281779226
8730 3.22 0.009639712400883127 0.0030026886509028653
8740 3.02 0.1278269170974946 0.04419753363073659
8750 1.86 0.1331869114185178 0.07712873634049547
8760 2.67 0.14122268174701968 0.05584623079606873
8770 1.92 0.08372910734303485 0.04559736130320306
8780 2.99 0.16946637086506833 0.060083088219389284
8790 2.38 0.14066050352054926 0.06281338927915436
8800 3.3200488304595535 0.0 0.0
8810 2.52 0.21283180445391459 0.09224806620721436
8820 3.0 0.15458723388969187 0.05432857957582488
8830 3.16 0.035537778207654025 0.011374046375016753
8840 2.33 0.15131291028442018 0.06945141915912925
8850 2.86 0.13158802340556752 0.04822879555374696
8860 2.7800000000000002 0.12985768461021774 0.04900026834638814
8870 2.94 0.13117535483161857 0.0467011548966792
8880 2.99 0.16946637086506833 0.060083088219389284
8890 2.8000000000000003 0.23354991788389023 0.09100115350434627
8900 1.86 0.13145582889364915 0.07605002584892646
8910 2.52 0.1583557932403914 0.06705319657683322
8920 1.24 0.06186456235906079 0.05251056914384684
8930 2.91 0.20438471376775746 0.07554093695721885
8940 2.0 0.12468753713488256 0.06648893963216346
8950 3.15 0.12411814527800002 0.04101883392582202
8960 2.1 0.16498907937710028 0.08526519288272988
8970 2.7 0.12438296255276526 0.04829249098151822
8980 2.65 0.2136213465653496 0.0876798630065979
8990 3.0100000000000002 0.05578061278461677 0.018881675824758228
9000 2.89 0.17032922921036997 0.06262862072857316
9010 0.25 0.0018767981456738747 0.007563976813324167
9020 2.18 0.17096508908913277 0.08509811758901674
9030 2.73 0.2232425516166212 0.08905630329754939
9040 2.42 0.16141793025690143 0.07146870260741149
9050 2.41 0.19614971517290414 0.0886011653621029
9060 3.5030029666506945 0.0 0.0
9070 3.18 0.030179703385235346 0.009581404824164304
9080 3.5030029666506945 0.0 0.0
9090 2.7 0.26236544016832664 0.10763116198452807
9100 2.58 0.16435034403279802 0.06803567049833383
9110 1.59 0.10115964915642439 0.06794526296866378
9120 2.74 0.09216910082984775 0.03480928516195432
9130 2.21 0.12356198262769391 0.05922149692388652
9140 2.8000000000000003 0.1871129229337063 0.07161156124044732
9150 1.73 0.1307005004300561 0.08172359240104923
9160 2.43 0.21260439715418267 0.09588022853537052
9170 1.3 0.05666363374007566 0.04557385698491658
9180 2.92 0.2698576846102174 0.1018276199897313
9190 2.8000000000000003 0.2663193889984359 0.10511166555170495
9200 2.7600000000000002 0.21289683868831544 0.0835839089370372
9210 1.8 0.15289590869202074 0.09282710758772071
9220 3.4354225981866815 0.0 0.0
9230 3.3883289034129147 0.0 0.0
9240 1.86 0.09160920032067299 0.05180370783272851
9250 1.76 0.13031804470981023 0.0799653234711095
9260 2.2800000000000002 0.23536941194902905 0.11511586167425636
9270 2.49 0.16176652901028543 0.06948037257686175
9280 0.0 0.0 0.0
9290 1.51 0.1078793314496036 0.076940119256024
9300 3.21 0.046433005722408716 0.014677421343186005
9310 3.16 0.09907087719730034 0.03236627612814092
9320 1.29 0.04824576563363392 0.038852910099599895
9330 1.22 0.05310197996209287 0.04550695866324962
9340 2.35 0.10076915146532306 0.04480160474900648
9350 1.1400000000000001 0.05629551474730743 0.051947293301255214
9360 1.99 0.1705373346997019 0.09372950484342865
9370 2.29 0.12029175827361005 0.055441444135316785
9380 1.9000000000000001 0.13850817477018817 0.07863117658926279
9390 2.88 0.1878510536983371 0.06977736278536792
9400 0.99 0.024186711702901875 0.025042844197709666
9410 1.58 0.10865642068615022 0.07384843500443407
9420 2.4 0.14534039890216732 0.06446223582105191
9430 2.12 0.15287017338445374 0.07771229499756374
9440 3.0 0.15887969462810814 0.05592149488626156
9450 1.1500000000000001 0.048257643505102754 0.04380120562726705
9460 2.5300000000000002 0.16526238645289393 0.06988614106957954
9470 2.27 0.1825170849277442 0.08743404969205537
9480 3.13 0.05952186796623593 0.01938521149043683
9490 1.8900000000000001 0.14126775841906714 0.0807829552518313
9500 2.39 0.10703273362124266 0.046883166130987926
9510 2.92 0.11873685391676503 0.04238689752613372
9520 2.5300000000000002 0.1450636730648851 0.06082496686664445
9530 0.014916538896748741 0.0 0.0
9540 2.46 0.176194015843953 0.07714929248206842
9550 1.8900000000000001 0.06519623139727049 0.035727804007765665
9560 0.32 0.0016572302928955507 0.005205804719297717
9570 2.92 0.11873685391676503 0.04238689752613372
9580 1.05 0.055030896707843 0.05530915133520889
9590 2.44 0.21251130597899026 0.09540398860358294
9600 1.87 0.1616213674509317 0.09460512111988709
9610 0.31 0.0032740340203512575 0.010674133863738453
9620 0.2942827757735953 0.0 0.0
9630 2.08 0.1611678105891452 0.08399265526112998
9640 1.48 0.11544294883024753 0.08460104231720121
9650 2.38 0.21282179065805673 0.09820225662137835
9660 2.48 0.21425803333031368 0.0945641809535982
9670 0.52 0.014338818301591338 0.028356573176984416
9680 0.32 0.0033557933350082947 0.010597993787262656
9690 2.29 0.1727311322975389 0.0815820488991447
9700 0.0 0.0 0.0
9710 2.12 0.16238586065526084 0.08295090303629259
9720 1.1500000000000001 0.06462914522133545 0.059545679651141
9730 1.97 0.18284136815690855 0.10230841565997126
9740 0.25 0.0028852044036855595 0.011675563159717947
9750 2.46 0.15461088522060518 0.06706498448761873
9760 2.7 0.18082865724535058 0.07178100757831703
9770 0.0 0.0 0.0
9780 0.68 0.03468174932345147 0.05374363624008974
9790 1.72 0.11459339645155953 0.07137967179048162
9800 2.38 0.1881403612664343 0.08583595315215527
9810 2.73 0.16714874464905138 0.06521983837339891
9820 1.56 0.10227899836036247 0.07016363093165259
9830 0.76 0.029982852179436414 0.041071435471000915
9840 1.21 0.06779331582434289 0.05935293214753866
9850 1.58 0.014200908976905069 0.009069432380131335
9860 1.86 0.06418141527487076 0.035739364666779225
9870 1.06 0.05315873449472974 0.052797532556487656
9880 0.87 0.04435052703297393 0.05371592726099294
9890 0.0 0.0 0.0
9900 1.37 0.11227091425124414 0.08926478326960738
9910 1.2 0.06834331389123993 0.06039226801746803
9920 2.15 0.15903366218929316 0.0798776248342645
9930 2.62 0.20789058552875872 0.0861862170436951
9940 0.46 0.007798461891903974 0.01724554481731948
9950 2.84 0.1732095078248106 0.06495054948374698
9960 1.02 0.008825921118854385 0.008728389407113938
9970 0.29 0.01034457960289309 0.03699044913273602
9980 0.64 0.0024380020198816466 0.0038239450086510218
9990 2.32 0.12545507026234004 0.05716678139614904
