
x disttype general-gaussian
x k 75260
x std 0.2
x N 50000
x alpha 0.0005

o 0 0.0015497453856537734 0.009117358764867469
o 50 0 0.0020713641682267793
o 100 0.9946969897174499 0.9967339632007477
o 150 0.9843972216233694 0.9880379246895299
o 200 0 0.0020713641682267793
o 250 0 0.0020713641682267793
o 300 0.39955815485137003 0.41487312090375583
o 350 6.250781184871417e-08 0.0026863809835039826
o 400 0.9998341327646891 1
o 450 0.9998341327646891 1
o 500 0.9998341327646891 1
o 550 0.9966482500970759 0.9982214850281314
o 600 0 0.0020713641682267793
o 650 0.9998341327646891 1
o 700 0.9998341327646891 1
o 750 0.9992409148798206 0.9998643624923792
o 800 0.9998341327646891 1
o 850 0.9994428736959391 0.9999411111022777
o 900 0.9592258369926943 0.9651779125045681
o 950 0.9998341327646891 1
o 1000 0.9793312928865113 0.9835456409521649
o 1050 0.9888093654679426 0.9918641462272585
o 1100 0 0.0020713641682267793
o 1150 2.947816983711372e-05 0.003692940350408797
o 1200 0.9998341327646891 1
o 1250 0.9998341327646891 1
o 1300 0.06606340648526234 0.09622047807385739
o 1350 0.9998341327646891 1
o 1400 0.3261795180421583 0.34087660070593473
o 1450 0.9998341327646891 1
o 1500 0.9994428736959391 0.9999411111022777
o 1550 0.16442254592160707 0.20741067019414736
o 1600 0 0.0020713641682267793
o 1650 0.030057569148642566 0.05190541237527137
o 1700 0.03027487366724361 0.05218695680400302
o 1750 0.1056045869416073 0.14199458396294756
o 1800 0 0.0020713641682267793
o 1850 0.9998341327646891 1
o 1900 0 0.0020713641682267793
o 1950 0.9998341327646891 1
o 2000 0.15014927651665153 0.19174784476945467
o 2050 0.9998341327646891 1
o 2100 0 0.0020713641682267793
o 2150 0 0.0020713641682267793
o 2200 0.9998341327646891 1
o 2250 0.9998341327646891 1
o 2300 0 0.0020713641682267793
o 2350 0 0.0020713641682267793
o 2400 0.02897277414708325 0.050495975813402816
o 2450 0.99758403254 0.9988848632863719
o 2500 0.977791979462148 0.9821654874415144
o 2550 0.0846780856259526 0.11801795362739631
o 2600 0.08282934264910012 0.11587533910387471
o 2650 0.9995037605889316 0.9999597116202773
o 2700 0 0.0020713641682267793
o 2750 0.9988648919050603 0.9996818331281274
o 2800 0.9998341327646891 1
o 2850 0 0.0020713641682267793
o 2900 5.632956977942948e-06 0.0032118347953750117
o 2950 0 0.0020713641682267793
o 3000 0 0.0020713641682267793
o 3050 0.9998341327646891 1
o 3100 0.6430227529254835 0.6578865289605634
o 3150 0.005048157084681507 0.016073311665877735
o 3200 0.9998341327646891 1
o 3250 0 0.0020713641682267793
o 3300 0 0.0020713641682267793
o 3350 0.8289733001431099 0.8405537902599959
o 3400 0 0.0020713641682267793
o 3450 0.9599107668490015 0.9658127533478293
o 3500 0.9998341327646891 1
o 3550 0.9998341327646891 1
o 3600 0.0001356941374875258 0.004579646877596001
o 3650 0.00039780109237607124 0.005802461929782443
o 3700 0 0.0020713641682267793
o 3750 0.9838225364047143 0.9875328161274717
o 3800 0.9911273222151877 0.9938252682624837
o 3850 0.9997041638433968 0.9999976422569008
o 3900 0.9987102018538931 0.9995969315746575
o 3950 0.9066313349893683 0.9155099154107476
o 4000 0.9998341327646891 1
o 4050 0.9992130705901283 0.9998523473218875
o 4100 0.9998341327646891 1
o 4150 0.967546624735813 0.9728543305134574
o 4200 0.5462236932169742 0.5617181146608692
o 4250 0.9998341327646891 1
o 4300 0.4930271764202846 0.5086125472295813
o 4350 0.9998341327646891 1
o 4400 0 0.0020713641682267793
o 4450 0.9998341327646891 1
o 4500 0.9998341327646891 1
o 4550 0.000736709291167083 0.006950583915313205
o 4600 0.9266638982847739 0.9345906957485534
o 4650 0.8649367765753888 0.8754183373223906
o 4700 0.9997427320109892 0.9999995494141014
o 4750 0.9979431363013734 0.9991253358653118
o 4800 0.9998341327646891 1
o 4850 0.9998341327646891 1
o 4900 0.5762035095286873 0.5915682143929191
o 4950 0.9998341327646891 1
o 5000 0.9998341327646891 1
o 5050 0.9998341327646891 1
o 5100 0.9998341327646891 1
o 5150 0.5602080332381403 0.575649069751365
o 5200 6.250781184871417e-08 0.0026863809835039826
o 5250 0.031581034698160045 0.05387390684095952
o 5300 0.9991034965092045 0.999802411507066
o 5350 0.6965279440136329 0.7107634014302044
o 5400 0 0.0020713641682267793
o 5450 0 0.0020713641682267793
o 5500 0.9987614482792014 0.9996255579024341
o 5550 0.9997427320109892 0.9999995494141014
o 5600 0.9879266828522247 0.9911071653505178
o 5650 0.9998341327646891 1
o 5700 0 0.0020713641682267793
o 5750 0.9998341327646891 1
o 5800 0.9998341327646891 1
o 5850 0 0.0020713641682267793
o 5900 0.9998341327646891 1
o 5950 0.8702061253512237 0.880507235289208
o 6000 0 0.0020713641682267793
o 6050 0.6198025389084955 0.6348745365285038
o 6100 0.9998341327646891 1
o 6150 0 0.0020713641682267793
o 6200 0 0.0020713641682267793
o 6250 0.1852113283650642 0.23002935850761255
o 6300 0.00039780109237607124 0.005802461929782443
o 6350 0.9998341327646891 1
o 6400 0.9998341327646891 1
o 6450 0.9998341327646891 1
o 6500 0.00029995700032225335 0.005405172829995002
o 6550 0.9945851794921465 0.9966458324047432
o 6600 0.9998341327646891 1
o 6650 0.9998341327646891 1
o 6700 0 0.0020713641682267793
o 6750 0.9998341327646891 1
o 6800 0.9998341327646891 1
o 6850 0.30922164182083406 0.32372022863101085
o 6900 0.9997041638433968 0.9999976422569008
o 6950 0.9998341327646891 1
o 7000 0.9998341327646891 1
o 7050 0.9998341327646891 1
o 7100 2.947816983711372e-05 0.003692940350408797
o 7150 0.9993545677321739 0.9999100498624323
o 7200 0.9421694884440683 0.9492399499559772
o 7250 0 0.0020713641682267793
o 7300 0 0.0020713641682267793
o 7350 0.999667827592453 0.9999940967944916
o 7400 0.9998341327646891 1
o 7450 0.5804944251819415 0.5958358562054595
o 7500 0 0.0020713641682267793
o 7550 0.9989171466500019 0.9997094220119277
o 7600 0.9989962943624098 0.9997500155155601
o 7650 0 0.0020713641682267793
o 7700 0.5281613783273887 0.543706509391146
o 7750 0.009387853681607328 0.02319777590041299
o 7800 0.9998341327646891 1
o 7850 0.720259153300643 0.7341442468995891
o 7900 0.9883569286283961 0.9914767563241097
o 7950 0.9934076463397389 0.9957039472638924
o 8000 0.999667827592453 0.9999940967944916
o 8050 0 0.0020713641682267793
o 8100 0.9998341327646891 1
o 8150 0.08167492867003101 0.11453515785391229
o 8200 0.020626344067932217 0.039388372400076845
o 8250 0 0.0020713641682267793
o 8300 0 0.0020713641682267793
o 8350 0 0.0020713641682267793
o 8400 0.021895276610801418 0.04111222892847161
o 8450 0.0020008968191502574 0.010157982346740235
o 8500 0 0.0020713641682267793
o 8550 0.9993836603972313 0.9999207619417313
o 8600 0 0.0020713641682267793
o 8650 0 0.0020713641682267793
o 8700 0.9967870510985684 0.9983225759189072
o 8750 6.250781184871417e-08 0.0026863809835039826
o 8800 0.9998341327646891 1
o 8850 0.9995037605889316 0.9999597116202773
o 8900 0.9998341327646891 1
o 8950 0.9998341327646891 1
o 9000 0 0.0020713641682267793
o 9050 0.9998341327646891 1
o 9100 0.0057766540611287566 0.01733799708540771
o 9150 0 0.0020713641682267793
o 9200 0 0.0020713641682267793
o 9250 0.9998341327646891 1
o 9300 0 0.0020713641682267793
o 9350 0.11473685024811374 0.15232050560231425
o 9400 0.34617304038146407 0.36107630235007704
o 9450 0 0.0020713641682267793
o 9500 0.9998341327646891 1
o 9550 0.8962528783431023 0.9055718211180386
o 9600 0 0.0020713641682267793
o 9650 5.632956977942948e-06 0.0032118347953750117
o 9700 0 0.0020713641682267793
o 9750 0.9653998441417291 0.9708818341371994
o 9800 0 0.0020713641682267793
o 9850 0.6303457258199673 0.6453278102410043
o 9900 0.9995349878824095 0.9999681957182616
o 9950 0.9001939794607389 0.9093494101547406
o 10000 0 0.0020713641682267793
o 10050 0.9582714935706272 0.9642925752605402
o 10100 0.9072652047190453 0.9161158350531214
o 10150 0.9998341327646891 1
o 10200 0.9998341327646891 1
o 10250 0.02168335538424684 0.04082534769308467
o 10300 0.8835046393761783 0.8933242981426687
o 10350 0.9663165240710863 0.9717248456921823
o 10400 0.9197523195721471 0.9280245711207955
o 10450 0.587533624814398 0.6028342905190354
o 10500 0.23764502218907238 0.25104117756153627
o 10550 0.9998341327646891 1
o 10600 0.22465762842180886 0.27240894834490276
o 10650 0 0.0020713641682267793
o 10700 0.0011254779614795 0.008050954653532552
o 10750 0.9727929872024569 0.9776461916768389
o 10800 0.9993545677321739 0.9999100498624323
o 10850 0.9998341327646891 1
o 10900 0.9998341327646891 1
o 10950 0.9900196238792516 0.9928934148751358
o 11000 0.5065680945738679 0.5221470659250126
o 11050 0.9998341327646891 1
o 11100 0.20321172121670897 0.24944929915539518
o 11150 0.9995037605889316 0.9999597116202773
o 11200 0 0.0020713641682267793
o 11250 0.10981511499943016 0.14676474663013495
o 11300 0.9221097418961255 0.9302663654844171
o 11350 0.9997848482419177 0.9999999949993749
o 11400 0.9991579479265259 0.9998277281095277
o 11450 0.9998341327646891 1
o 11500 0 0.0020713641682267793
o 11550 0.20032705665340675 0.24634670502133496
o 11600 0.9986338594808787 0.9995534508999316
o 11650 0.9998341327646891 1
o 11700 0.09907062408435743 0.13455862153731107
o 11750 0 0.0020713641682267793
o 11800 0.004511386106804395 0.015115441277142825
o 11850 0 0.0020713641682267793
o 11900 0.9995994914601743 0.999983053576263
o 11950 0.9998341327646891 1
o 12000 0 0.0020713641682267793
o 12050 0.8171566671632472 0.8290543623908387
o 12100 0 0.0020713641682267793
o 12150 0.9994428736959391 0.9999411111022777
o 12200 0.9998341327646891 1
o 12250 0.9795212983136481 0.9837155694730488
o 12300 0.016860824610016138 0.03417596064129381
o 12350 0.9998341327646891 1
o 12400 0 0.0020713641682267793
o 12450 0 0.0020713641682267793
o 12500 0.6801228764621177 0.6945739651156583
o 12550 0.9998341327646891 1
o 12600 0.9984080584682808 0.9994197042904664
o 12650 0.9209821382239423 0.9291943438345494
o 12700 0.559426509356759 0.5748708565158136
o 12750 0.9998341327646891 1
o 12800 0.999667827592453 0.9999940967944916
o 12850 0.06469467571346613 0.09459575181604124
o 12900 0.03772450704632426 0.06169862252700232
o 12950 0.5219961015416508 0.537553862197744
o 13000 0.48327005463931094 0.49885295825205705
o 13050 0.9904533334436372 0.9932595318152867
o 13100 0.9998341327646891 1
o 13150 0.9998341327646891 1
o 13200 0.9764870136768699 0.9809909026306641
o 13250 0 0.0020713641682267793
o 13300 0 0.0020713641682267793
o 13350 0.9998341327646891 1
o 13400 0.9998341327646891 1
o 13450 0 0.0020713641682267793
o 13500 0.9998341327646891 1
o 13550 0 0.0020713641682267793
o 13600 0 0.0020713641682267793
o 13650 0.9998341327646891 1
o 13700 0.2729389627081847 0.2869352290797254
o 13750 0.9998341327646891 1
o 13800 0.9998341327646891 1
o 13850 0.9998341327646891 1
o 13900 0.9998341327646891 1
o 13950 0.9984828397939827 0.9994647833575536
o 14000 0.9998341327646891 1
o 14050 0 0.0020713641682267793
o 14100 0 0.0020713641682267793
o 14150 0.9998341327646891 1
o 14200 0.9998341327646891 1
o 14250 0.9796268794152063 0.9838099516420418
o 14300 0.9998341327646891 1
o 14350 0.9983090111814497 0.9993589235528288
o 14400 0.9998341327646891 1
o 14450 0.401571942862879 0.41689865206178955
o 14500 0.9998341327646891 1
o 14550 0.9963260758000195 0.9979838949949406
o 14600 0 0.0020713641682267793
o 14650 0.9998341327646891 1
o 14700 0.9960744214638676 0.9977957209692974
o 14750 0.6300645243368288 0.6450491061092105
o 14800 0.9998341327646891 1
o 14850 0 0.0020713641682267793
o 14900 2.947816983711372e-05 0.003692940350408797
o 14950 0.07890772720364679 0.11131534137416063
o 15000 0.9997848482419177 0.9999999949993749
o 15050 0.9998341327646891 1
o 15100 0.8273309392904106 0.8389566984873539
o 15150 0 0.0020713641682267793
o 15200 0 0.0020713641682267793
o 15250 0.46248609394036605 0.47804392883961255
o 15300 0.995325919142395 0.9972246856405338
o 15350 0.9998341327646891 1
o 15400 0.43961942308343477 0.4551183174279199
o 15450 0.9998341327646891 1
o 15500 0.9998341327646891 1
o 15550 0.3986210912047799 0.4139305013734729
o 15600 0 0.0020713641682267793
o 15650 0.18161974377573256 0.22613688669378046
o 15700 0.05200228236893753 0.07934955281571657
o 15750 0.9890466485450932 0.9920667715745636
o 15800 0.9998341327646891 1
o 15850 0.9998341327646891 1
o 15900 0.14943709283665355 0.19096322603226945
o 15950 0.5289020922585183 0.5444455460672486
o 16000 0.9998341327646891 1
o 16050 0.9998341327646891 1
o 16100 0.03027487366724361 0.05218695680400302
o 16150 0.9998341327646891 1
o 16200 0.9996330653686876 0.9999891487861117
o 16250 0.343745187168828 0.35862497809257193
o 16300 0.9998341327646891 1
o 16350 0.9998341327646891 1
o 16400 0.9998341327646891 1
o 16450 0.04549755459883563 0.07138639568317146
o 16500 0.6132174879646429 0.6283417986766704
o 16550 0.0009913927362599764 0.007688463700958955
o 16600 0 0.0020713641682267793
o 16650 0.16466089476942153 0.20767125695665023
o 16700 0.8953342857082206 0.9046907190731608
o 16750 5.632956977942948e-06 0.0032118347953750117
o 16800 0.9995668564461055 0.9999760166924246
o 16850 0.00029995700032225335 0.005405172829995002
o 16900 0 0.0020713641682267793
o 16950 0.9998341327646891 1
o 17000 0.9998341327646891 1
o 17050 0.9997041638433968 0.9999976422569008
o 17100 0.9989171466500019 0.9997094220119277
o 17150 0 0.0020713641682267793
o 17200 0.7749093482525042 0.7877957802445517
o 17250 0.6965279440136329 0.7107634014302044
o 17300 0.9826539483676363 0.9865018203029363
o 17350 0.006145812368992141 0.017965548614434453
o 17400 0.9692789922235312 0.9744413781294802
o 17450 0.031363068178802724 0.05359301950565987
o 17500 0.9998341327646891 1
o 17550 0.9998341327646891 1
o 17600 0.9977748368846212 0.9990138439272555
o 17650 0.17850943289163704 0.22276101843639395
o 17700 0.9994730802517788 0.9999506585660495
o 17750 0.9430558123426391 0.9500733310819425
o 17800 0 0.0020713641682267793
o 17850 0.9912144535290658 0.9938981009114534
o 17900 0 0.0020713641682267793
o 17950 0.9971362553709815 0.9985730778766531
o 18000 0.9998341327646891 1
o 18050 0 0.0020713641682267793
o 18100 0.9998341327646891 1
o 18150 0.9998341327646891 1
o 18200 0.7597185904256737 0.7729116132703796
o 18250 7.381303257431036e-05 0.004146138037869025
o 18300 0.9991854194751925 0.9998401310800595
o 18350 0.9878621980834297 0.9910516744692223
o 18400 0.20008674507113466 0.24608807846517441
o 18450 0 0.0020713641682267793
o 18500 0.9998341327646891 1
o 18550 0.9991579479265259 0.9998277281095277
o 18600 0.00029995700032225335 0.005405172829995002
o 18650 0.9998341327646891 1
o 18700 0 0.0020713641682267793
o 18750 0.02104862118281601 0.03996368465216251
o 18800 0.9997848482419177 0.9999999949993749
o 18850 0.9958921299523235 0.9976581311058531
o 18900 0.5566612733568421 0.572117022714848
o 18950 0.9998341327646891 1
o 19000 0.9857837653357607 0.9892508783119249
o 19050 0 0.0020713641682267793
o 19100 0.9998341327646891 1
o 19150 0.9631105376517729 0.9687719098621
o 19200 6.250781184871417e-08 0.0026863809835039826
o 19250 0 0.0020713641682267793
o 19300 0 0.0020713641682267793
o 19350 0.9998341327646891 1
o 19400 0.9998341327646891 1
o 19450 0 0.0020713641682267793
o 19500 0.9930986175276094 0.9954531192790135
o 19550 0 0.0020713641682267793
o 19600 0 0.0020713641682267793
o 19650 0.9998341327646891 1
o 19700 0 0.0020713641682267793
o 19750 0 0.0020713641682267793
o 19800 0.9998341327646891 1
o 19850 0 0.0020713641682267793
o 19900 0.9998341327646891 1
o 19950 0.9998341327646891 1
o 20000 0.9987357880946691 0.999611282711116
o 20050 0 0.0020713641682267793
o 20100 0 0.0020713641682267793
o 20150 0.3547319118416757 0.36971453187197395
o 20200 0.9998341327646891 1
o 20250 0.7483735563404086 0.7617804395803136
o 20300 0 0.0020713641682267793
o 20350 0.9933855477319591 0.9956860562216823
o 20400 0 0.0020713641682267793
o 20450 0.0001356941374875258 0.004579646877596001
o 20500 0.00029995700032225335 0.005405172829995002
o 20550 0.9998341327646891 1
o 20600 0.9998341327646891 1
o 20650 0 0.0020713641682267793
o 20700 0 0.0020713641682267793
o 20750 0.000736709291167083 0.006950583915313205
o 20800 0.9998341327646891 1
o 20850 0.9657122848677906 0.9711692882915176
o 20900 0.3988005266786825 0.41411100523126027
o 20950 0 0.0020713641682267793
o 21000 0 0.0020713641682267793
o 21050 0.22272633189368532 0.2703487305865621
o 21100 0 0.0020713641682267793
o 21150 0 0.0020713641682267793
o 21200 0.10256851132521207 0.13854461677723534
o 21250 0.9998341327646891 1
o 21300 0.9998341327646891 1
o 21350 0 0.0020713641682267793
o 21400 0.9998341327646891 1
o 21450 0.9998341327646891 1
o 21500 0.77769834151845 0.7905258555000686
o 21550 0.9835460812487156 0.9872893700986843
o 21600 0.9998341327646891 1
o 21650 0.4653430875524899 0.4809059713636477
o 21700 0 0.0020713641682267793
o 21750 0 0.0020713641682267793
o 21800 0.9796902358717012 0.9838665731360748
o 21850 0.9965098982706067 0.9981199404896446
o 21900 0.0001356941374875258 0.004579646877596001
o 21950 0.9998341327646891 1
o 22000 0.988292352505559 0.9914213570394912
o 22050 0.0674336773386064 0.09784367010821637
o 22100 0.9998341327646891 1
o 22150 0 0.0020713641682267793
o 22200 0.6578768209975725 0.6725874782952043
o 22250 0 0.0020713641682267793
o 22300 0.9998341327646891 1
o 22350 0.0008616339156207331 0.007321835254920478
o 22400 0.524478082999996 0.5400310449399034
o 22450 0 0.0020713641682267793
o 22500 0 0.0020713641682267793
o 22550 0.999667827592453 0.9999940967944916
o 22600 0.9989962943624098 0.9997500155155601
o 22650 0.9998341327646891 1
o 22700 0.011362110836926634 0.026209637177877672
o 22750 0.9998341327646891 1
o 22800 0 0.0020713641682267793
o 22850 0 0.0020713641682267793
o 22900 0.978108018143755 0.9824493395950153
o 22950 0.03376643991046851 0.056677081189168185
o 23000 0.035302134902024634 0.05863343277186418
o 23050 0.9998341327646891 1
o 23100 0.9762346763171166 0.9807633266580427
o 23150 0 0.0020713641682267793
o 23200 0 0.0020713641682267793
o 23250 0.9997041638433968 0.9999976422569008
o 23300 0.9998341327646891 1
o 23350 0 0.0020713641682267793
o 23400 0.9998341327646891 1
o 23450 0 0.0020713641682267793
o 23500 0 0.0020713641682267793
o 23550 0.9998341327646891 1
o 23600 0.9998341327646891 1
o 23650 0 0.0020713641682267793
o 23700 0.000617231858581449 0.006574120542913898
o 23750 0.9998341327646891 1
o 23800 0.654720417312487 0.669464940556551
o 23850 0.9988130027235825 0.999653867701342
o 23900 0.9705745913032897 0.9756253406261653
o 23950 0 0.0020713641682267793
o 24000 7.381303257431036e-05 0.004146138037869025
o 24050 0.26401091370011814 0.2778663134213671
o 24100 0 0.0020713641682267793
o 24150 0.9994730802517788 0.9999506585660495
o 24200 0.043712806482961934 0.06918005322945461
o 24250 0.06127985591593974 0.09052695649860938
o 24300 0 0.0020713641682267793
o 24350 0.9920661683332502 0.9946060265349191
o 24400 0.025951658223482412 0.04653337303384187
o 24450 0.9976554062814149 0.9989334115040921
o 24500 0.20898610289634348 0.25564944041308524
o 24550 0.9998341327646891 1
o 24600 0.9992972468519027 0.9998877222821807
o 24650 0 0.0020713641682267793
o 24700 0 0.0020713641682267793
o 24750 5.632956977942948e-06 0.0032118347953750117
o 24800 0.9998341327646891 1
o 24850 0.11215755823678884 0.149411583566736
o 24900 0.9998341327646891 1
o 24950 0 0.0020713641682267793
o 25000 0.9998341327646891 1
o 25050 0 0.0020713641682267793
o 25100 0.9998341327646891 1
o 25150 0.9997848482419177 0.9999999949993749
o 25200 0 0.0020713641682267793
o 25250 0.9992972468519027 0.9998877222821807
o 25300 0.9703655302967666 0.9754344724408119
o 25350 0.9998341327646891 1
o 25400 0.7967681807460335 0.8091696499638743
o 25450 0 0.0020713641682267793
o 25500 0.9955291951801479 0.9973812900439153
o 25550 0.9998341327646891 1
o 25600 0 0.0020713641682267793
o 25650 0.9984329360206247 0.9994347812916488
o 25700 0.9998341327646891 1
o 25750 0 0.0020713641682267793
o 25800 0 0.0020713641682267793
o 25850 0.9998341327646891 1
o 25900 0.9998341327646891 1
o 25950 0 0.0020713641682267793
o 26000 0.9998341327646891 1
o 26050 0.015827378292362755 0.03271568072776581
o 26100 0.9919348635956496 0.9944973876467749
o 26150 2.947816983711372e-05 0.003692940350408797
o 26200 0.01096403153110873 0.025610439608068823
o 26250 0.978529607104443 0.9828276047938267
o 26300 0 0.0020713641682267793
o 26350 0 0.0020713641682267793
o 26400 0 0.0020713641682267793
o 26450 0.019363930124675768 0.03765806373316445
o 26500 0 0.0020713641682267793
o 26550 0 0.0020713641682267793
o 26600 0.002798082592817977 0.011848799571119218
o 26650 0.9998341327646891 1
o 26700 0.019994291215445444 0.038524055122341305
o 26750 0.9983090111814497 0.9993589235528288
o 26800 0 0.0020713641682267793
o 26850 0.4331718177377296 0.4486480999490727
o 26900 0.9998341327646891 1
o 26950 0.9857410339165188 0.9892136253439642
o 27000 0.9998341327646891 1
o 27050 0 0.0020713641682267793
o 27100 0 0.0020713641682267793
o 27150 0.9995668564461055 0.9999760166924246
o 27200 0 0.0020713641682267793
o 27250 0.0002119315321281961 0.00499828620196839
o 27300 0.9998341327646891 1
o 27350 0.9998341327646891 1
o 27400 0.9998341327646891 1
o 27450 0.9996330653686876 0.9999891487861117
o 27500 0.6364524951758463 0.6513789913563892
o 27550 0.9998341327646891 1
o 27600 0.9998341327646891 1
o 27650 0 0.0020713641682267793
o 27700 0.9996330653686876 0.9999891487861117
o 27750 0.05878232941383507 0.08753652570038421
o 27800 0 0.0020713641682267793
o 27850 0.9998341327646891 1
o 27900 0 0.0020713641682267793
o 27950 0.9998341327646891 1
o 28000 0.9998341327646891 1
o 28050 0 0.0020713641682267793
o 28100 0.9998341327646891 1
o 28150 0.9970894973736596 0.9985398772559865
o 28200 0.7834191368192576 0.796123149859927
o 28250 0.9998341327646891 1
o 28300 0.9997427320109892 0.9999995494141014
o 28350 0 0.0020713641682267793
o 28400 0 0.0020713641682267793
o 28450 0.9998341327646891 1
o 28500 0 0.0020713641682267793
o 28550 0 0.0020713641682267793
o 28600 0.09325400967967185 0.1279021325600458
o 28650 0.8986009334915502 0.9078229855640242
o 28700 0.9998341327646891 1
o 28750 0.5973430791187707 0.6125815398532786
o 28800 7.381303257431036e-05 0.004146138037869025
o 28850 0.9986085425177147 0.9995388235318347
o 28900 0.9910619993917804 0.9937706180212529
o 28950 0.9998341327646891 1
o 29000 0 0.0020713641682267793
o 29050 0.9998341327646891 1
o 29100 0 0.0020713641682267793
o 29150 0.9998341327646891 1
o 29200 0 0.0020713641682267793
o 29250 0 0.0020713641682267793
o 29300 0.9998341327646891 1
o 29350 0 0.0020713641682267793
o 29400 0.9998341327646891 1
o 29450 0.09953667459096248 0.13509042118339273
o 29500 0.06241699049349844 0.09188435575151181
o 29550 0.9998341327646891 1
o 29600 0.7389308217730333 0.7525063316984433
o 29650 0.9988130027235825 0.999653867701342
o 29700 0.9690283870810151 0.9742120679725605
o 29750 0.981212624481271 0.9852236524779421
o 29800 0 0.0020713641682267793
o 29850 0 0.0020713641682267793
o 29900 0.9993836603972313 0.9999207619417313
o 29950 0.009192802791285494 0.022894255628807758
o 30000 0 0.0020713641682267793
o 30050 0 0.0020713641682267793
o 30100 0.9998341327646891 1
o 30150 0.8963549514641961 0.9056697140705698
o 30200 0.9838225364047143 0.9875328161274717
o 30250 7.381303257431036e-05 0.004146138037869025
o 30300 0.9998341327646891 1
o 30350 0.9998341327646891 1
o 30400 0 0.0020713641682267793
o 30450 0 0.0020713641682267793
o 30500 0.9998341327646891 1
o 30550 0.9998341327646891 1
o 30600 0.9998341327646891 1
o 30650 0.04549755459883563 0.07138639568317146
o 30700 0.9669835639055795 0.9723375811582864
o 30750 0.9998341327646891 1
o 30800 0 0.0020713641682267793
o 30850 0.0001356941374875258 0.004579646877596001
o 30900 0 0.0020713641682267793
o 30950 0 0.0020713641682267793
o 31000 0 0.0020713641682267793
o 31050 0.9903231323547395 0.9931497852413662
o 31100 0.9998341327646891 1
o 31150 0 0.0020713641682267793
o 31200 0.3584747468196118 0.37349042944567296
o 31250 0.999667827592453 0.9999940967944916
o 31300 0 0.0020713641682267793
o 31350 0 0.0020713641682267793
o 31400 0 0.0020713641682267793
o 31450 0.7080682862037178 0.7221391947170422
o 31500 0 0.0020713641682267793
o 31550 0.6454342407051568 0.660274232121545
o 31600 0.9998341327646891 1
o 31650 0 0.0020713641682267793
o 31700 0 0.0020713641682267793
o 31750 0.981085618986923 0.9851107025334831
o 31800 0.9496600906622832 0.9562668531411461
o 31850 0 0.0020713641682267793
o 31900 0 0.0020713641682267793
o 31950 0 0.0020713641682267793
o 32000 0.9998341327646891 1
o 32050 0.9998341327646891 1
o 32100 6.250781184871417e-08 0.0026863809835039826
o 32150 0 0.0020713641682267793
o 32200 0.9998341327646891 1
o 32250 0.9998341327646891 1
o 32300 0.996602084488877 0.9981876856532611
o 32350 0.962071008381975 0.9678117879078072
o 32400 0 0.0020713641682267793
o 32450 0.9997848482419177 0.9999999949993749
o 32500 0 0.0020713641682267793
o 32550 0 0.0020713641682267793
o 32600 0.9882277904269471 0.9913659436727504
o 32650 0.9998341327646891 1
o 32700 0 0.0020713641682267793
o 32750 0.9987357880946691 0.999611282711116
o 32800 2.947816983711372e-05 0.003692940350408797
o 32850 0.9998341327646891 1
o 32900 0.9998341327646891 1
o 32950 0.9997041638433968 0.9999976422569008
o 33000 0.9997848482419177 0.9999999949993749
o 33050 0.9998341327646891 1
o 33100 0.12861498769022553 0.16787924558501235
o 33150 0 0.0020713641682267793
o 33200 0 0.0020713641682267793
o 33250 0.999667827592453 0.9999940967944916
o 33300 0.9550797777140226 0.9613253579077785
o 33350 0 0.0020713641682267793
o 33400 0 0.0020713641682267793
o 33450 0.9998341327646891 1
o 33500 0.9998341327646891 1
o 33550 0.9997041638433968 0.9999976422569008
o 33600 0.010567495605677591 0.025009723427006234
o 33650 0 0.0020713641682267793
o 33700 0 0.0020713641682267793
o 33750 0 0.0020713641682267793
o 33800 0 0.0020713641682267793
o 33850 0.8419774882039764 0.8531852694413042
o 33900 0.9997041638433968 0.9999976422569008
o 33950 0.9998341327646891 1
o 34000 0.8023536590371997 0.8146223079178211
o 34050 0 0.0020713641682267793
o 34100 0.9998341327646891 1
o 34150 0.010765566517951755 0.025310275367281882
o 34200 0.11778852713061819 0.15575490737233863
o 34250 0.9998341327646891 1
o 34300 0 0.0020713641682267793
o 34350 0.9998341327646891 1
o 34400 0.9998341327646891 1
o 34450 6.250781184871417e-08 0.0026863809835039826
o 34500 0.9980156978384667 0.9991726778445826
o 34550 0 0.0020713641682267793
o 34600 0 0.0020713641682267793
o 34650 0 0.0020713641682267793
o 34700 0.9998341327646891 1
o 34750 0.9958011978544926 0.9975891207832348
o 34800 0 0.0020713641682267793
o 34850 0 0.0020713641682267793
o 34900 0 0.0020713641682267793
o 34950 0.9989171466500019 0.9997094220119277
o 35000 0.996602084488877 0.9981876856532611
o 35050 0.9998341327646891 1
o 35100 0 0.0020713641682267793
o 35150 0 0.0020713641682267793
o 35200 0.008804132869596573 0.022285809144585247
o 35250 0.9790991339078006 0.9833378805568523
o 35300 0.0016974653738742154 0.009466791134271763
o 35350 0.9998341327646891 1
o 35400 0 0.0020713641682267793
o 35450 0.5462236932169742 0.5617181146608692
o 35500 0.3204925330960805 0.3351255140673189
o 35550 0.09209275364410538 0.12656877345581302
o 35600 0 0.0020713641682267793
o 35650 0.5530948786866838 0.5685646172015137
o 35700 0.8595685342519757 0.8702283662052979
o 35750 0.8090952574221519 0.8211984605662467
o 35800 0.9997848482419177 0.9999999949993749
o 35850 0.736651469932113 0.7502664458908677
o 35900 0 0.0020713641682267793
o 35950 0.9998341327646891 1
o 36000 0 0.0020713641682267793
o 36050 0.37924837369244585 0.39442977121936695
o 36100 0.9998341327646891 1
o 36150 0.2730183389175822 0.28701582589062424
o 36200 0 0.0020713641682267793
o 36250 0 0.0020713641682267793
o 36300 0.9998341327646891 1
o 36350 0.9998341327646891 1
o 36400 0.5551384936249186 0.5706003147287244
o 36450 0 0.0020713641682267793
o 36500 0 0.0020713641682267793
o 36550 0 0.0020713641682267793
o 36600 0.9998341327646891 1
o 36650 0 0.0020713641682267793
o 36700 0.0018479170238916607 0.009813601316796733
o 36750 0 0.0020713641682267793
o 36800 0.9998341327646891 1
o 36850 0.9986085425177147 0.9995388235318347
o 36900 0.8041349423998163 0.8163604302672545
o 36950 0.9998341327646891 1
o 37000 0 0.0020713641682267793
o 37050 0.9649208939374587 0.9704409454158842
o 37100 0 0.0020713641682267793
o 37150 0.9997427320109892 0.9999995494141014
o 37200 0 0.0020713641682267793
o 37250 0 0.0020713641682267793
o 37300 0.9998341327646891 1
o 37350 0 0.0020713641682267793
o 37400 0.8352201677809685 0.8466248409808392
o 37450 0.9343676072814368 0.9418844261207485
o 37500 0 0.0020713641682267793
o 37550 0.7883732553081738 0.8009673773909317
o 37600 0 0.0020713641682267793
o 37650 0.9993836603972313 0.9999207619417313
o 37700 0.01915419722294795 0.0373690165936654
o 37750 0.9998341327646891 1
o 37800 0.9998341327646891 1
o 37850 0.9998341327646891 1
o 37900 0.9393266533332016 0.9465637309142709
o 37950 0.999667827592453 0.9999940967944916
o 38000 0 0.0020713641682267793
o 38050 0 0.0020713641682267793
o 38100 0.9981616966934627 0.9992664707710156
o 38150 0.9998341327646891 1
o 38200 0 0.0020713641682267793
o 38250 0.6777284145664366 0.6922092294674707
o 38300 0.9998341327646891 1
o 38350 0.9998341327646891 1
o 38400 0 0.0020713641682267793
o 38450 0.9635889389552996 0.9692133479455581
o 38500 0.9970428031898106 0.9985066120860044
o 38550 0.988917195825138 0.9919562743179686
o 38600 0.9774339568365142 0.9818436335734934
o 38650 0.7426428487914524 0.7561530632892852
o 38700 0.16299276110321048 0.20584684180105753
o 38750 0 0.0020713641682267793
o 38800 0 0.0020713641682267793
o 38850 0.0048682594885901005 0.015754969810488965
o 38900 0 0.0020713641682267793
o 38950 0.9998341327646891 1
o 39000 0.00559325865062509 0.017023065641255584
o 39050 0.9998341327646891 1
o 39100 0 0.0020713641682267793
o 39150 0.9998341327646891 1
o 39200 0 0.0020713641682267793
o 39250 0.386481775142558 0.4017139227177991
o 39300 0 0.0020713641682267793
o 39350 0 0.0020713641682267793
o 39400 0 0.0020713641682267793
o 39450 0.953796133009539 0.9601294312068619
o 39500 0 0.0020713641682267793
o 39550 0.9998341327646891 1
o 39600 0.9020938708313337 0.9111688873938453
o 39650 0.9997848482419177 0.9999999949993749
o 39700 0.03993570185290307 0.06447617710557049
o 39750 0 0.0020713641682267793
o 39800 0.9998341327646891 1
o 39850 0.026812262164505572 0.047668096208991935
o 39900 0.9981861524596644 0.9992819780723425
o 39950 0.9998341327646891 1
o 40000 0.9998341327646891 1
o 40050 0 0.0020713641682267793
o 40100 0.9462528466140467 0.953075232413016
o 40150 0 0.0020713641682267793
o 40200 0 0.0020713641682267793
o 40250 0 0.0020713641682267793
o 40300 0.9998341327646891 1
o 40350 0 0.0020713641682267793
o 40400 0.011162882316066536 0.02591022426690886
o 40450 0.9997848482419177 0.9999999949993749
o 40500 0.9998341327646891 1
o 40550 0 0.0020713641682267793
o 40600 0.9998341327646891 1
o 40650 0 0.0020713641682267793
o 40700 0.009192802791285494 0.022894255628807758
o 40750 0.18569042705795705 0.23054813428028273
o 40800 0.9998341327646891 1
o 40850 0.9998341327646891 1
o 40900 0 0.0020713641682267793
o 40950 0 0.0020713641682267793
o 41000 0.5389134276363589 0.554430840500884
o 41050 0.9998341327646891 1
o 41100 0.9988648919050603 0.9996818331281274
o 41150 0.9918473843023254 0.9944249042949578
o 41200 0.9997427320109892 0.9999995494141014
o 41250 0.9998341327646891 1
o 41300 0 0.0020713641682267793
o 41350 0 0.0020713641682267793
o 41400 6.250781184871417e-08 0.0026863809835039826
o 41450 0.9998341327646891 1
o 41500 6.250781184871417e-08 0.0026863809835039826
o 41550 0 0.0020713641682267793
o 41600 0.9998341327646891 1
o 41650 0.9998341327646891 1
o 41700 0 0.0020713641682267793
o 41750 0 0.0020713641682267793
o 41800 0 0.0020713641682267793
o 41850 0 0.0020713641682267793
o 41900 0.9906053334597118 0.993387470409354
o 41950 0.9997848482419177 0.9999999949993749
o 42000 0.9993257723589519 0.9998990270247116
o 42050 0 0.0020713641682267793
o 42100 0.0032977924483657776 0.01284263213829883
o 42150 0.9864038970311507 0.9897905190541704
o 42200 0.9998341327646891 1
o 42250 0 0.0020713641682267793
o 42300 0 0.0020713641682267793
o 42350 0 0.0020713641682267793
o 42400 0 0.0020713641682267793
o 42450 0.9837161890582471 0.9874392015150351
o 42500 0.9996330653686876 0.9999891487861117
o 42550 0 0.0020713641682267793
o 42600 0.9998341327646891 1
o 42650 0.9968334237183395 0.9983561661753735
o 42700 0.3640899211631101 0.37915335396097377
o 42750 0 0.0020713641682267793
o 42800 0.04215489450379866 0.0672457815895094
o 42850 0 0.0020713641682267793
o 42900 0.549909507770638 0.5653910598587628
o 42950 0.9998341327646891 1
o 43000 0 0.0020713641682267793
o 43050 0.9998341327646891 1
o 43100 0 0.0020713641682267793
o 43150 0.9998341327646891 1
o 43200 0.13333509719490513 0.1731377698485817
o 43250 0.03794525043174892 0.061976751766614005
o 43300 0.623858702720441 0.638897010914736
o 43350 0.9998341327646891 1
o 43400 0 0.0020713641682267793
o 43450 0.998039947439641 0.9991883950191731
o 43500 0.1276718797053752 0.1668266285698944
o 43550 0.7660802794097669 0.7791477985063713
o 43600 0 0.0020713641682267793
o 43650 0.5796121321040528 0.5949584458801958
o 43700 0.9998341327646891 1
o 43750 0.008610537935773608 0.02198085951972012
o 43800 0.49326714300147945 0.5088524997654184
o 43850 0.9998341327646891 1
o 43900 0 0.0020713641682267793
o 43950 0 0.0020713641682267793
o 44000 0 0.0020713641682267793
o 44050 0.9998341327646891 1
o 44100 0 0.0020713641682267793
o 44150 0.9984828397939827 0.9994647833575536
o 44200 0.9998341327646891 1
o 44250 0 0.0020713641682267793
o 44300 0.9998341327646891 1
o 44350 0.9997848482419177 0.9999999949993749
o 44400 0 0.0020713641682267793
o 44450 0.9997427320109892 0.9999995494141014
o 44500 0.9979672929505856 0.9991411475683077
o 44550 0.9994428736959391 0.9999411111022777
o 44600 0 0.0020713641682267793
o 44650 0.9993545677321739 0.9999100498624323
o 44700 0.9998341327646891 1
o 44750 0.677788776444497 0.6922688473595628
o 44800 0.1936028908666759 0.23910060815038517
o 44850 0.9998341327646891 1
o 44900 0 0.0020713641682267793
o 44950 0 0.0020713641682267793
o 45000 0.9998341327646891 1
o 45050 0.5087087623422555 0.5242856769482924
o 45100 0.9998341327646891 1
o 45150 0 0.0020713641682267793
o 45200 0 0.0020713641682267793
o 45250 0.9998341327646891 1
o 45300 0.9865537361173755 0.9899206246918223
o 45350 0 0.0020713641682267793
o 45400 0 0.0020713641682267793
o 45450 6.250781184871417e-08 0.0026863809835039826
o 45500 0 0.0020713641682267793
o 45550 0.019363930124675768 0.03765806373316445
o 45600 0.8475200391873585 0.8585608725117402
o 45650 0.0005039517802439839 0.006191718166965772
o 45700 0.9998341327646891 1
o 45750 0.9998341327646891 1
o 45800 0.9998341327646891 1
o 45850 0.9998341327646891 1
o 45900 0.9998341327646891 1
o 45950 0.9998341327646891 1
o 46000 0.2169365926864167 0.2641639309806854
o 46050 0 0.0020713641682267793
o 46100 0.9990764961900913 0.9997895193987295
o 46150 0.8259523194802165 0.8376157778004707
o 46200 0.9998341327646891 1
o 46250 0.060143894854725884 0.08916838851576123
o 46300 0.9998341327646891 1
o 46350 0.9997848482419177 0.9999999949993749
o 46400 0 0.0020713641682267793
o 46450 0.9498254005881289 0.9564214881112304
o 46500 0.576424056080314 0.5917875936926408
o 46550 0.8752340333223393 0.8853576547483093
o 46600 0.9993545677321739 0.9999100498624323
o 46650 0.0009913927362599764 0.007688463700958955
o 46700 0 0.0020713641682267793
o 46750 0.8521103513493316 0.8630090318780581
o 46800 0.9995349878824095 0.9999681957182616
o 46850 0 0.0020713641682267793
o 46900 0.014187062340971382 0.030366200354406736
o 46950 0.6637483026404565 0.6783940277923332
o 47000 0 0.0020713641682267793
o 47050 0.9990764961900913 0.9997895193987295
o 47100 0.9992972468519027 0.9998877222821807
o 47150 0.004158684424564943 0.014471854702196658
o 47200 0 0.0020713641682267793
o 47250 0.9980156978384667 0.9991726778445826
o 47300 0.9998341327646891 1
o 47350 0 0.0020713641682267793
o 47400 0.9998341327646891 1
o 47450 0.9988909714709537 0.999695676843098
o 47500 0.980556709348835 0.9846397973882118
o 47550 0.9995037605889316 0.9999597116202773
o 47600 0 0.0020713641682267793
o 47650 0.9998341327646891 1
o 47700 0 0.0020713641682267793
o 47750 0.9998341327646891 1
o 47800 0.9998341327646891 1
o 47850 0.9987102018538931 0.9995969315746575
o 47900 0 0.0020713641682267793
o 47950 0.5488678209742774 0.5643530971607031
o 48000 0.0012634637878653678 0.008409713721628458
o 48050 0 0.0020713641682267793
o 48100 0.043712806482961934 0.06918005322945461
o 48150 0.9998341327646891 1
o 48200 0 0.0020713641682267793
o 48250 0 0.0020713641682267793
o 48300 0 0.0020713641682267793
o 48350 0.0001356941374875258 0.004579646877596001
o 48400 0.9998341327646891 1
o 48450 0.9994730802517788 0.9999506585660495
o 48500 0 0.0020713641682267793
o 48550 0.9998341327646891 1
o 48600 0 0.0020713641682267793
o 48650 0.9998341327646891 1
o 48700 0.9998341327646891 1
o 48750 0 0.0020713641682267793
o 48800 0.01644672774551629 0.033592558316139734
o 48850 0.9998341327646891 1
o 48900 0.0569696855523345 0.08535794368278005
o 48950 0.9876258665005826 0.9908480950439241
o 49000 0.9998341327646891 1
o 49050 0 0.0020713641682267793
o 49100 0.9997427320109892 0.9999995494141014
o 49150 0.9965790200213358 0.9981707674489856
o 49200 0.9998341327646891 1
o 49250 0.9998341327646891 1
o 49300 0.9998341327646891 1
o 49350 0.9997848482419177 0.9999999949993749
o 49400 0.797941782245546 0.8103156568238903
o 49450 0 0.0020713641682267793
o 49500 0.000736709291167083 0.006950583915313205
o 49550 0.9998341327646891 1
o 49600 0.9998341327646891 1
o 49650 0.9998341327646891 1
o 49700 0.9998341327646891 1
o 49750 0.9991306438647725 0.9998151511351706
o 49800 0.9998341327646891 1
o 49850 0.9997848482419177 0.9999999949993749
o 49900 0 0.0020713641682267793
o 49950 0 0.0020713641682267793
