
x disttype general-gaussian
x k 1530
x std 0.5
x N 50000
x alpha 0.0005

o 0 0.5543370601999998 0.5698020177752687
o 10 0.9998341327646891 1
o 20 0.3583951068967746 0.3734100963353134
o 30 0.9998341327646891 1
o 40 0.13146289969815086 0.14217961796926926
o 50 0.9998341327646891 1
o 60 0.9934076463397341 0.9957039472638908
o 70 0.15652858353260451 0.168025326279703
o 80 0.9998341327646891 1
o 90 0.8317718569426634 0.8432743008302469
o 100 0.4930471735668721 0.5086325433427524
o 110 0.4721769342061919 0.48774981953139296
o 120 0.9998341327646891 1
o 130 0.0034601070598776255 0.0055488113609629686
o 140 0.12218422401784065 0.1325814878738668
o 150 0.9998341327646891 1
o 160 0.47363580992719406 0.4892104517703625
o 170 0.91098797597977 0.9196718267965499
o 180 0.9998341327646891 1
o 190 0.6461979217617713 0.6610302948611186
o 200 0.008671006333979204 0.011815243217333848
o 210 0.0007180219276559361 0.0018138475403408627
o 220 0.9998341327646891 1
o 230 0.9998341327646891 1
o 240 0.9998341327646891 1
o 250 0.2075158741466331 0.2203005970953391
o 260 0.03634284225454727 0.04241286002997835
o 270 0.6726182802191565 0.6871610765833059
o 280 0.9998341327646891 1
o 290 0.9998341327646891 1
o 300 0.9918473843023324 0.9944249042949562
o 310 0.9998341327646891 1
o 320 0.007785996484222579 0.010780650376298384
o 330 0.9623204372514624 0.9680422753785413
o 340 0.0006410764471717533 0.0016909888185497879
o 350 0.9997041638433971 0.9999976422569008
o 360 0.3214469065927641 0.3360908169166368
o 370 0.4402582671395743 0.4557592576773627
o 380 0.9865751466801107 0.9899392062209095
o 390 0.9998341327646891 1
o 400 0.9998341327646891 1
o 410 0.24588823444377333 0.2594351585603978
o 420 0.7122588151830178 0.7262672628253148
o 430 0.10679337747247192 0.11661764434717814
o 440 0.9859547370383811 0.9893998440563269
o 450 0.6635874231580354 0.6782349612168674
o 460 0.9997041638433971 0.9999976422569008
o 470 0.000304323156902096 0.0011090285290428215
o 480 2.398330757498869e-05 0.00043314355389612036
o 490 0.9998341327646891 1
o 500 0.0016102992078156333 0.003120148603596995
o 510 0.9998341327646891 1
o 520 0.9905618938848829 0.9933509275612022
o 530 0.966108137566994 0.9715333023578046
o 540 0.015944731254285673 0.02009853330118072
o 550 0 0.00016586723531085122
o 560 0.9998341327646891 1
o 570 0.9886584732879916 0.9917350963815065
o 580 0.2794487193296872 0.2935432601801542
o 590 0.9997427320109885 0.9999995494141014
o 600 0.9741556008629663 0.978883113714596
o 610 0.9998341327646891 1
o 620 0.44940314043916413 0.46493129726741644
o 630 0.03136246845842832 0.03703503516796014
o 640 0 0.00016586723531085122
o 650 0.9998341327646891 1
o 660 0.9998341327646891 1
o 670 0.9995037605889281 0.9999597116202779
o 680 0.9957784861890406 0.9975718466746825
o 690 0 0.00016586723531085122
o 700 0.9998341327646891 1
o 710 0.015115276085592084 0.019168313400007353
o 720 5.903205508420937e-06 0.0003321724075481258
o 730 0.4755344463910294 0.491111174980821
o 740 0 0.00016586723531085122
o 750 0.9998341327646891 1
o 760 0.00026340314700223097 0.001030197163089941
o 770 0.9577322864055204 0.9637919627724791
o 780 0.8638995115098327 0.8744159475599154
o 790 0 0.00016586723531085122
o 800 0.9998341327646891 1
o 810 0.3968866031889288 0.41218557585090077
o 820 7.923805826870094e-05 0.0006163396027676349
o 830 0.9684647040798897 0.9736959413760747
o 840 0.9998341327646891 1
o 850 0 0.00016586723531085122
o 860 0.9997041638433971 0.9999976422569008
o 870 8.995013756807068e-05 0.0006454322678265401
o 880 0.9998341327646891 1
o 890 0.999297246851899 0.9998877222821806
o 900 0 0.00016586723531085122
o 910 0.09952057983432802 0.10905295703989215
o 920 0.04495126082927675 0.0516413616331457
o 930 0.998064229430307 0.9992040792410983
o 940 0.999599491460172 0.9999830535762632
o 950 0.005683904867058998 0.00828375083241406
o 960 0.9998341327646891 1
o 970 0.9998341327646891 1
o 980 0 0.00016586723531085122
o 990 0.9787193999196558 0.9829977462392272
o 1000 0.9998341327646891 1
o 1010 0.9998341327646891 1
o 1020 0.9987357880946652 0.999611282711117
o 1030 7.923805826870094e-05 0.0006163396027676349
o 1040 0 0.00016586723531085122
o 1050 8.995013756807068e-05 0.0006454322678265401
o 1060 0.9998341327646891 1
o 1070 0.6170117428422817 0.632106269665635
o 1080 0.9998341327646891 1
o 1090 0.7407060588475484 0.75425050092154
o 1100 0 0.00016586723531085122
o 1110 0.9998341327646891 1
o 1120 0.039928454657465216 0.04626596039961106
o 1130 0 0.00016586723531085122
o 1140 0.8221010184623683 0.8338683626229861
o 1150 0 0.00016586723531085122
o 1160 0.5589055042493557 0.5743520368784483
o 1170 0.8741345823808148 0.8842974714010114
o 1180 0.9533615142166743 0.9597241950631922
o 1190 0.9993836603972324 0.9999207619417313
o 1200 0.5328862269569795 0.5484200700375097
o 1210 0.9930545307500314 0.9954172262285641
o 1220 0.0013442155242978542 0.002746558132236565
o 1230 0.04216796268470391 0.04866565173314441
o 1240 0 0.00016586723531085122
o 1250 0.9916507186090978 0.9942616533994505
o 1260 0 0.00016586723531085122
o 1270 0.11672356995113031 0.1269240241266424
o 1280 0 0.00016586723531085122
o 1290 0.9998341327646891 1
o 1300 0.0004758668143244943 0.001416712981098911
o 1310 0.9995668564461039 0.999976016692425
o 1320 0.08081649494683789 0.08952353231725096
o 1330 0.10430296388032784 0.1140289186972242
o 1340 0.9998341327646891 1
o 1350 0 0.00016586723531085122
o 1360 0.9943619676638918 0.9964691597439114
o 1370 0.9997041638433971 0.9999976422569008
o 1380 0 0.00016586723531085122
o 1390 0.999784848241918 0.9999999949993749
o 1400 0.829683023796754 0.841243830077671
o 1410 0.9998341327646891 1
o 1420 0.01155103742402133 0.015133985354106927
o 1430 0.5950559291667469 0.6103094582892248
o 1440 0.9995668564461039 0.999976016692425
o 1450 4.934143394975716e-05 0.0005269197482213883
o 1460 0.999599491460172 0.9999830535762632
o 1470 0.04023720750290801 0.04659709703057413
o 1480 0.47093794130804534 0.48650923032687443
o 1490 0.9996330653686861 0.9999891487861118
o 1500 0.06885672182813607 0.07696747741703336
o 1510 0.00044654910006778687 0.001366140519119985
o 1520 0.9963260758000116 0.9979838949949381
o 1530 0 0.00016586723531085122
o 1540 0.9998341327646891 1
o 1550 0.5360298404110979 0.5515553983437409
o 1560 0.9998341327646891 1
o 1570 0.929702579626973 0.9374710045148485
o 1580 1.694642373683569e-05 0.00040050853982798174
o 1590 0 0.00016586723531085122
o 1600 0 0.00016586723531085122
o 1610 0 0.00016586723531085122
o 1620 0.25064543449395355 0.26427633935044126
o 1630 0.9505074162755718 0.9570592450534933
o 1640 0.016794370116435683 0.021048564169746875
o 1650 0.9998341327646891 1
o 1660 0.498826870749914 0.5144108982279695
o 1670 0.06517568646987369 0.07308980134869536
o 1680 0.9998341327646891 1
o 1690 0.1646917157906158 0.17641939635806303
o 1700 0.0004758668143244943 0.001416712981098911
o 1710 0.18936821807365045 0.20173445089732078
o 1720 0.00038871728888304033 0.0012642119053347667
o 1730 0 0.00016586723531085122
o 1740 5.903205508420937e-06 0.0003321724075481258
o 1750 0.9964408811586623 0.9980690078933331
o 1760 0.017834512558483413 0.022208020537848094
o 1770 0.42109860895662193 0.43652538677380504
o 1780 0.9144265005613614 0.9229521597100896
o 1790 0.00033210463993232117 0.0011610963483328351
o 1800 0 0.00016586723531085122
o 1810 7.923805826870094e-05 0.0006163396027676349
o 1820 0.45185952843911725 0.4673940802012033
o 1830 0 0.00016586723531085122
o 1840 0 0.00016586723531085122
o 1850 0 0.00016586723531085122
o 1860 0.9998341327646891 1
o 1870 0.9995668564461039 0.999976016692425
o 1880 0.9996678275924519 0.9999940967944916
o 1890 0.9082672617244358 0.91707344507964
o 1900 0.9998341327646891 1
o 1910 0.11583996941468107 0.12600792939845806
o 1920 0.9998341327646891 1
o 1930 0.029597399837390324 0.03512074680891475
o 1940 5.000625091698381e-09 0.00021515175808195508
o 1950 0.0017785149718718824 0.003351749902930523
o 1960 0 0.00016586723531085122
o 1970 0.9997427320109885 0.9999995494141014
o 1980 0.9998341327646891 1
o 1990 0 0.00016586723531085122
o 2000 0.37086144718095077 0.3859795358343453
o 2010 5.903205508420937e-06 0.0003321724075481258
o 2020 0.9998341327646891 1
o 2030 2.357743099213211e-06 0.0002958361566028911
o 2040 0.0009222776277140118 0.0021291581429572215
o 2050 0.9998341327646891 1
o 2060 0.9998341327646891 1
o 2070 0 0.00016586723531085122
o 2080 0.999103496509203 0.9998024115070666
o 2090 0.9998341327646891 1
o 2100 0.21447960345057995 0.22741449185149798
o 2110 0.8370866944799217 0.8484376924071215
o 2120 0 0.00016586723531085122
o 2130 0.9333190373579778 0.9408933446522226
o 2140 0.9998341327646891 1
o 2150 0.9975602862033369 0.9988686350034939
o 2160 0 0.00016586723531085122
o 2170 0.9998341327646891 1
o 2180 0.015473285719387688 0.01957016319698124
o 2190 0.9989962943624112 0.9997500155155598
o 2200 0.9998341327646891 1
o 2210 0 0.00016586723531085122
o 2220 0.9998341327646891 1
o 2230 0.7962218774340851 0.8086361355880373
o 2240 0.9998341327646891 1
o 2250 0.0938408431382651 0.10313466096460056
o 2260 0.5306638593070785 0.5462031858676818
o 2270 0.9969961710612005 0.998473284157013
o 2280 0.04394578710866969 0.05056719332981796
o 2290 0.9954839710957356 0.9973465410699824
o 2300 0.10679337747247192 0.11661764434717814
o 2310 0.9062019762794213 0.915099416793178
o 2320 0.0022386208961311434 0.003971206558449625
o 2330 0.11252237845158958 0.12256666498503199
o 2340 0.9998341327646891 1
o 2350 5.000625091698381e-09 0.00021515175808195508
o 2360 0.9996678275924519 0.9999940967944916
o 2370 0.9000918499774031 0.9092515735795823
o 2380 0.9998341327646891 1
o 2390 0.24848473864810855 0.26207777055449644
o 2400 0.999784848241918 0.9999999949993749
o 2410 0.9980399474396386 0.9991883950191714
o 2420 0.03166966664299434 0.037367725342515645
o 2430 0.9876043904606929 0.9908295791518182
o 2440 0.9985078691024893 0.9994797052294327
o 2450 0.9998341327646891 1
o 2460 0.8503430677175182 0.8612969039404025
o 2470 0.9998341327646891 1
o 2480 0.9998341327646891 1
o 2490 0.2823667920151571 0.29650419605305967
o 2500 0.8142799883384518 0.8262520004690574
o 2510 0.9988389036516672 0.9996678953600677
o 2520 0.8481495761897916 0.8591711258697483
o 2530 0.9998341327646891 1
o 2540 0 0.00016586723531085122
o 2550 0.9433032035158891 0.9503058575670491
o 2560 0.8423022563216612 0.8535003931475329
o 2570 0.9969030863289797 0.9984064467814524
o 2580 0.07156597386845613 0.07981727844842246
o 2590 5.000625091698381e-09 0.00021515175808195508
o 2600 0.9998341327646891 1
o 2610 0.9998341327646891 1
o 2620 0.6433442726628352 0.6582049013491131
o 2630 4.5058589854506926e-07 0.0002572679890114893
o 2640 0.9998341327646891 1
o 2650 0 0.00016586723531085122
o 2660 0.0014435142497940508 0.002887131717500435
o 2670 0.5202348121242321 0.5357957447623323
o 2680 0.9998341327646891 1
o 2690 5.000625091698381e-09 0.00021515175808195508
o 2700 0.9989434220919977 0.9997230637730928
o 2710 0.9998341327646891 1
o 2720 0.024451002242309748 0.02950903750047018
o 2730 0.999442873695936 0.9999411111022777
o 2740 0.9808951599568537 0.9849412283248714
o 2750 0.9998341327646891 1
o 2760 0.9482140717472509 0.954913353960532
o 2770 4.5058589854506926e-07 0.0002572679890114893
o 2780 0.9998341327646891 1
o 2790 0.9998341327646891 1
o 2800 0.0022902038706671237 0.004039578994391002
o 2810 0 0.00016586723531085122
o 2820 0.9998341327646891 1
o 2830 0.9998341327646891 1
o 2840 0.9998341327646891 1
o 2850 0.9998341327646891 1
o 2860 0 0.00016586723531085122
o 2870 0.3989002135127655 0.4142112846925181
o 2880 0.9998341327646891 1
o 2890 0.9020121439208464 0.9110906414639819
o 2900 0 0.00016586723531085122
o 2910 0.9997041638433971 0.9999976422569008
o 2920 0.06107021556077901 0.06875671240390235
o 2930 0.8800202475096576 0.8899698487045797
o 2940 0.007546989809300159 0.010499766615612804
o 2950 0.030076809976608967 0.03564116174556431
o 2960 0.9998341327646891 1
o 2970 0.8410844200737674 0.8523186350487606
o 2980 0.020489629532273693 0.0251518924541142
o 2990 0.9809163191787338 0.9849600616897576
o 3000 0.9998341327646891 1
o 3010 0.9998341327646891 1
o 3020 0.9998341327646891 1
o 3030 0.8621303025053471 0.8727057453409854
o 3040 0.9998341327646891 1
o 3050 0.2938043183486383 0.30810278509201305
o 3060 0.9998341327646891 1
o 3070 0.9998341327646891 1
o 3080 0.004654603648156423 0.007033599231415444
o 3090 0.9997427320109885 0.9999995494141014
o 3100 0.9998341327646891 1
o 3110 0 0.00016586723531085122
o 3120 0 0.00016586723531085122
o 3130 2.398330757498869e-05 0.00043314355389612036
o 3140 0.9998341327646891 1
o 3150 0.10236219121038889 0.11201036248636154
o 3160 0 0.00016586723531085122
o 3170 0.9788670505487661 0.9831300444302943
o 3180 0.7093374552010367 0.7233896008040391
o 3190 0.00061059424850451 0.0016415551285525742
o 3200 0.0004906179844303899 0.0014419090925856803
o 3210 0.9998341327646891 1
o 3220 0.3403425713336332 0.3551887468318894
o 3230 0.005810973395088759 0.008436617796737211
o 3240 0.8848091113591351 0.8945793924111463
o 3250 0 0.00016586723531085122
o 3260 0.9997427320109885 0.9999995494141014
o 3270 0.9998341327646891 1
o 3280 0 0.00016586723531085122
o 3290 0.9998341327646891 1
o 3300 0.9590598305066332 0.9650239745513494
o 3310 0.9997427320109885 0.9999995494141014
o 3320 0 0.00016586723531085122
o 3330 0.00026340314700223097 0.001030197163089941
o 3340 0.7664034682861426 0.7794645016488699
o 3350 0.9998341327646891 1
o 3360 2.357743099213211e-06 0.0002958361566028911
o 3370 0.9998341327646891 1
o 3380 0.999442873695936 0.9999411111022777
o 3390 0 0.00016586723531085122
o 3400 0 0.00016586723531085122
o 3410 0.9856128669253832 0.9891018391136819
o 3420 5.000625091698381e-09 0.00021515175808195508
o 3430 0.9998341327646891 1
o 3440 0 0.00016586723531085122
o 3450 0 0.00016586723531085122
o 3460 0.9998341327646891 1
o 3470 0.7570735390751858 0.7703175486219584
o 3480 0.9998341327646891 1
o 3490 0 0.00016586723531085122
o 3500 0.9971128682824996 0.998556485750206
o 3510 0.24105286821791727 0.2545121710186977
o 3520 0.9998341327646891 1
o 3530 0.9998341327646891 1
o 3540 0.9991306438647708 0.9998151511351715
o 3550 5.888889772228268e-05 0.0005571263040640151
o 3560 0 0.00016586723531085122
o 3570 0.0032836516387508095 0.005325383578612675
o 3580 0.002845103687389532 0.0047642397117935165
o 3590 0.9998341327646891 1
o 3600 0 0.00016586723531085122
o 3610 0.9628194047469764 0.9685031404760643
o 3620 0.30826771869869657 0.3227544754288517
o 3630 0.9998341327646891 1
o 3640 0 0.00016586723531085122
o 3650 0.9998341327646891 1
o 3660 0.0501204560734298 0.05715033189168395
o 3670 0.9996678275924519 0.9999940967944916
o 3680 4.5058589854506926e-07 0.0002572679890114893
o 3690 0.9951907220735846 0.9971199601512736
o 3700 0.26789914012300664 0.2818167649131237
o 3710 0.985847871059998 0.9893067491495369
o 3720 0.9998341327646891 1
o 3730 0.991476088187719 0.9941163572591979
o 3740 0.9998341327646891 1
o 3750 0.8078195971922113 0.8199545463032529
o 3760 0.9998341327646891 1
o 3770 0.9997427320109885 0.9999995494141014
o 3780 0.07256042847297307 0.08086247655669132
o 3790 0.9145288700126306 0.9230497562452519
o 3800 0.9500733853017217 0.9566534207299326
o 3810 0.9035446929563393 0.9125575831367748
o 3820 0.9963260758000116 0.9979838949949381
o 3830 0.9884645870495095 0.9915690568296796
o 3840 0 0.00016586723531085122
o 3850 0.9998341327646891 1
o 3860 0.9998341327646891 1
o 3870 7.923805826870094e-05 0.0006163396027676349
o 3880 0.005177016253924449 0.007670902926190881
o 3890 0.9983584448714474 0.9993894057514955
o 3900 0 0.00016586723531085122
o 3910 0.031880903555878595 0.03759641170714412
o 3920 0.0011638875009322325 0.0024871414296815386
o 3930 0.9992130705901301 0.9998523473218889
o 3940 0.8687613500801656 0.8791124912386932
o 3950 0.9998341327646891 1
o 3960 0.8615406335738228 0.872135610518714
o 3970 0 0.00016586723531085122
o 3980 0.5488678209742416 0.5643530971607369
o 3990 0.9731491878092046 0.9779698698380511
o 4000 0 0.00016586723531085122
o 4010 0.61347845283714 0.628600746165815
o 4020 0.991323423552558 0.9939890856380003
o 4030 0.9792257566198349 0.9834512138810432
o 4040 0.9998341327646891 1
o 4050 0 0.00016586723531085122
o 4060 0.08505697142965288 0.093961581148582
o 4070 0.9537961330095166 0.9601294312068775
o 4080 0.8896619628217104 0.8992449275115589
o 4090 0.01916080642123858 0.023681219482125093
o 4100 0.9998341327646891 1
o 4110 0.9998341327646891 1
o 4120 0.0001238396693464139 0.0007310322321077978
o 4130 0.9998341327646891 1
o 4140 0.4539166501200972 0.46945626426305864
o 4150 0.9998341327646891 1
o 4160 0.020489629532273693 0.0251518924541142
o 4170 0.03253401093213118 0.038303067341677655
o 4180 0.9148974158805356 0.92340108792336
o 4190 0.00015986891994112005 0.0008145805248086502
o 4200 0.02653352629954357 0.031785743696231994
o 4210 2.398330757498869e-05 0.00043314355389612036
o 4220 0 0.00016586723531085122
o 4230 0.8949056492107239 0.9042794980430116
o 4240 0.0053577838876159274 0.007890040129527764
o 4250 0.0029150030905273953 0.004854289244072829
o 4260 0.9975128585703185 0.9988361124990678
o 4270 0.9997427320109885 0.9999995494141014
o 4280 0.9694252014691147 0.9745751194526666
o 4290 0.7136491060337391 0.7276365065749508
o 4300 0.9998341327646891 1
o 4310 0.003495463160749242 0.005593432284956235
o 4320 0 0.00016586723531085122
o 4330 0.9998341327646891 1
o 4340 0.9996678275924519 0.9999940967944916
o 4350 0.976949827769416 0.9814079293915114
o 4360 0.5202147980286197 0.5357757655983153
o 4370 0.9998341327646891 1
o 4380 0.9998341327646891 1
o 4390 0.9998341327646891 1
o 4400 0.0002905779880734113 0.0010828533499978032
o 4410 0.9520167748962689 0.9584693830690687
o 4420 0.1679070954845912 0.17972291536194762
o 4430 0.9986592401095487 0.9995680130057608
o 4440 0.053863136946294896 0.06112632812753305
o 4450 0.9607828599379244 0.9666203681505278
o 4460 0.952885596208399 0.9592802718915597
o 4470 0.9974182533663415 0.9987708140525817
o 4480 0.9991306438647708 0.9998151511351715
o 4490 0.2319797767671024 0.24526835278122794
o 4500 0.003725777451774938 0.005882971507938928
o 4510 0.9998341327646891 1
o 4520 0 0.00016586723531085122
o 4530 0.30065749469711894 0.3150472821589875
o 4540 0.9998341327646891 1
o 4550 0 0.00016586723531085122
o 4560 0.9998341327646891 1
o 4570 0.5214757104905451 0.5370344284969097
o 4580 0.875111865579635 0.8852398631269845
o 4590 0 0.00016586723531085122
o 4600 1.0851213888255374e-05 0.0003669346313138755
o 4610 0.9793946222691893 0.9836022895607931
o 4620 0 0.00016586723531085122
o 4630 0.3546522824261433 0.3696341882547072
o 4640 0.036689531352734436 0.042786046154413615
o 4650 0.7496853826230763 0.7630681747220662
o 4660 0.017172395206172142 0.021470392895567292
o 4670 0.999784848241918 0.9999999949993749
o 4680 0.015510985649318437 0.019612448493615764
o 4690 0.6904075101300352 0.7047258854736278
o 4700 0.5530948786866685 0.5685646172015317
o 4710 0.17951233470076008 0.19163370416234826
o 4720 0.8198717975801687 0.8316983266952914
o 4730 0.039079631795691044 0.04535508735989946
o 4740 0.11014787707105463 0.12010198606449574
o 4750 0.004046007623922551 0.006282545803314332
o 4760 0.9772865825833865 0.9817110586182115
o 4770 0.8770056508398354 0.8870654479700868
o 4780 0.9992130705901301 0.9998523473218889
o 4790 2.357743099213211e-06 0.0002958361566028911
o 4800 0.9998341327646891 1
o 4810 0.9998341327646891 1
o 4820 0.8956200574986095 0.9049648522975327
o 4830 0 0.00016586723531085122
o 4840 0.9998341327646891 1
o 4850 0 0.00016586723531085122
o 4860 0.9998341327646891 1
o 4870 0.42834197323966144 0.44379957565579964
o 4880 0.006777041762201833 0.00959007550468538
o 4890 0.9998341327646891 1
o 4900 0.00033210463993232117 0.0011610963483328351
o 4910 0.9757092089159536 0.9802889743142518
o 4920 0.9998341327646891 1
o 4930 0.9998341327646891 1
o 4940 0.7410288449875355 0.7545676068344076
o 4950 0.9997041638433971 0.9999976422569008
o 4960 0.1390376816833495 0.1500022316834424
o 4970 0.01668101052675122 0.020921967684537912
o 4980 0 0.00016586723531085122
o 4990 0.3945342384859134 0.40981873598838836
o 5000 0.9998341327646891 1
o 5010 0.9998341327646891 1
o 5020 0.9998341327646891 1
o 5030 0.9998341327646891 1
o 5040 0.9998341327646891 1
o 5050 0 0.00016586723531085122
o 5060 0.9996678275924519 0.9999940967944916
o 5070 0 0.00016586723531085122
o 5080 0.9998341327646891 1
o 5090 0.5693072091465927 0.5847068335897834
o 5100 0.9990764961900899 0.99978951939873
o 5110 0.9998341327646891 1
o 5120 0.5199546159236055 0.5355160353272396
o 5130 0 0.00016586723531085122
o 5140 0.9995349878824064 0.9999681957182619
o 5150 3.180428173812004e-05 0.0004650121175936439
o 5160 0.5076084012656542 0.5231864087394916
o 5170 0.9998341327646891 1
o 5180 0.0006563832567626617 0.0017156412629433238
o 5190 0.29569123488694843 0.3100152278895629
o 5200 0.9998341327646891 1
o 5210 0.9997041638433971 0.9999976422569008
o 5220 0.9998341327646891 1
o 5230 0.005992724996472816 0.008654774890707873
o 5240 0.15698195413468113 0.16849180023231658
o 5250 0.9998341327646891 1
o 5260 0.9998341327646891 1
o 5270 0.9998341327646891 1
o 5280 0 0.00016586723531085122
o 5290 0 0.00016586723531085122
o 5300 0.9890682300440816 0.9920851817209045
o 5310 0.7422796872907833 0.755796346232578
o 5320 0.999784848241918 0.9999999949993749
o 5330 0 0.00016586723531085122
o 5340 0 0.00016586723531085122
o 5350 0.999297246851899 0.9998877222821806
o 5360 0.9998341327646891 1
o 5370 0.24240031449548252 0.25588426594601554
o 5380 0 0.00016586723531085122
o 5390 0.9998341327646891 1
o 5400 0.9759824126902625 0.9805356768574014
o 5410 0 0.00016586723531085122
o 5420 0.9981861524596591 0.9992819780723441
o 5430 0.9994730802517786 0.9999506585660503
o 5440 0.9998341327646891 1
o 5450 0 0.00016586723531085122
o 5460 0.999599491460172 0.9999830535762632
o 5470 0.9998341327646891 1
o 5480 0.9635265308452305 0.9691557770116559
o 5490 0.04162717221556925 0.04808663532419333
o 5500 0.7351185888768995 0.7487598396679026
o 5510 0.9362804563522725 0.9436909410222412
o 5520 5.000625091698381e-09 0.00021515175808195508
o 5530 0 0.00016586723531085122
o 5540 0.011588384082978666 0.015176623281622392
o 5550 0.36166052610954524 0.376703571489577
o 5560 0.0009701459672754151 0.002201201746783621
o 5570 0.9998341327646891 1
o 5580 0.04686670066116756 0.053685240931354405
o 5590 0 0.00016586723531085122
o 5600 5.000625091698381e-09 0.00021515175808195508
o 5610 0.4819306813707197 0.49751278311769886
o 5620 0 0.00016586723531085122
o 5630 0 0.00016586723531085122
o 5640 0.022963409234275207 0.027877184046292025
o 5650 0 0.00016586723531085122
o 5660 0.998064229430307 0.9992040792410983
o 5670 7.923805826870094e-05 0.0006163396027676349
o 5680 0 0.00016586723531085122
o 5690 0.9586241313140296 0.9646198195416413
o 5700 0.7641614566436713 0.7772672624003669
o 5710 0 0.00016586723531085122
o 5720 0.9998341327646891 1
o 5730 0 0.00016586723531085122
o 5740 4.5058589854506926e-07 0.0002572679890114893
o 5750 0.16070809299265357 0.17232438410834783
o 5760 0.9994730802517786 0.9999506585660503
o 5770 0.9998341327646891 1
o 5780 0.9998341327646891 1
o 5790 0.998064229430307 0.9992040792410983
o 5800 0.11517242042532301 0.12531570864492392
o 5810 0.9979431363013752 0.9991253358653104
o 5820 0.1364596740138776 0.14734112538471034
o 5830 0 0.00016586723531085122
o 5840 0.7843289723416461 0.7970130105561581
o 5850 0 0.00016586723531085122
o 5860 0.7412507632807325 0.7547856143274062
o 5870 0.999297246851899 0.9998877222821806
o 5880 0.999442873695936 0.9999411111022777
o 5890 0.000780270257940891 0.001911455441719001
o 5900 0.9300312157441367 0.937782259168111
o 5910 0 0.00016586723531085122
o 5920 0.9998341327646891 1
o 5930 0 0.00016586723531085122
o 5940 0 0.00016586723531085122
o 5950 0.37974648511590725 0.3949314912646248
o 5960 0 0.00016586723531085122
o 5970 0.9998341327646891 1
o 5980 0.9998341327646891 1
o 5990 0.9336274105826053 0.9411848689086965
o 6000 0.19432815906128706 0.20681281510761573
o 6010 0.0002366864964226909 0.0009770973609918299
o 6020 0.9973475076700078 0.9987216292808397
o 6030 0.025749710239270675 0.030929848820563932
o 6040 0 0.00016586723531085122
o 6050 0 0.00016586723531085122
o 6060 0.006831918298993045 0.009655172810060897
o 6070 0.007638878896105506 0.010607835279892841
o 6080 0.7170949638516607 0.7310294953522909
o 6090 0.9998341327646891 1
o 6100 0.9992689677678922 0.9998761603306536
o 6110 0.9998341327646891 1
o 6120 0.9998341327646891 1
o 6130 0.12918172492185784 0.1398215776130034
o 6140 0.9998341327646891 1
o 6150 0 0.00016586723531085122
o 6160 0 0.00016586723531085122
o 6170 0.999784848241918 0.9999999949993749
o 6180 0.7190700123186109 0.7329737858545329
o 6190 0.23106873590629584 0.2443397040419596
o 6200 0.9835673415242364 0.987308102232489
o 6210 0 0.00016586723531085122
o 6220 0 0.00016586723531085122
o 6230 0 0.00016586723531085122
o 6240 0.1436048134986726 0.15471353096455764
o 6250 0.8992952926031113 0.9084883956832407
o 6260 0 0.00016586723531085122
o 6270 0 0.00016586723531085122
o 6280 0 0.00016586723531085122
o 6290 0.007970053936948737 0.010996509249102782
o 6300 0.011439022463838613 0.01500604660653182
o 6310 0.9998341327646891 1
o 6320 0.9998341327646891 1
o 6330 0.9463766728678251 0.953191364919378
o 6340 0.9998341327646891 1
o 6350 0.9998341327646891 1
o 6360 0.9991579479265237 0.999827728109528
o 6370 0.004099519679760314 0.006349001893457107
o 6380 0.021440211278099443 0.026200952506589603
o 6390 0.9998341327646891 1
o 6400 0.03925322478860878 0.04554143214571449
o 6410 0.9998341327646891 1
o 6420 0.997136255370979 0.9985730778766523
o 6430 0.9974891765373674 0.9988198190301265
o 6440 0 0.00016586723531085122
o 6450 0.9998341327646891 1
o 6460 3.180428173812004e-05 0.0004650121175936439
o 6470 0.05252452755799221 0.059705410196393194
o 6480 0.9992130705901301 0.9998523473218889
o 6490 0 0.00016586723531085122
o 6500 2.357743099213211e-06 0.0002958361566028911
o 6510 0 0.00016586723531085122
o 6520 0.0001848488648285143 0.0008693561352292045
o 6530 6.887077827747213e-05 0.0005869172185136717
o 6540 0.9998341327646891 1
o 6550 0.9997427320109885 0.9999995494141014
o 6560 0.9997427320109885 0.9999995494141014
o 6570 0 0.00016586723531085122
o 6580 0.8341450086127047 0.8455803583847026
o 6590 0.0877944500357473 0.09682315163184596
o 6600 0.9998341327646891 1
o 6610 0.9993545677321735 0.9999100498624319
o 6620 0.9998341327646891 1
o 6630 0.9425817009683327 0.949627600249629
o 6640 0 0.00016586723531085122
o 6650 0.981509074455219 0.9854870983561402
o 6660 0.9998341327646891 1
o 6670 0 0.00016586723531085122
o 6680 0.9998341327646891 1
o 6690 0.9993836603972324 0.9999207619417313
o 6700 0.9994730802517786 0.9999506585660503
o 6710 0.9996678275924519 0.9999940967944916
o 6720 0.9998341327646891 1
o 6730 0.9998341327646891 1
o 6740 0.17467566452979974 0.1866720291790792
o 6750 0.037363842438728194 0.043511492579607625
o 6760 0.9624451653370794 0.9681575054522047
o 6770 0.999442873695936 0.9999411111022777
o 6780 0.9998341327646891 1
o 6790 0 0.00016586723531085122
o 6800 0.9997427320109885 0.9999995494141014
o 6810 0.9996678275924519 0.9999940967944916
o 6820 0.9998341327646891 1
o 6830 3.180428173812004e-05 0.0004650121175936439
o 6840 0.9995668564461039 0.999976016692425
o 6850 0.9936509981065429 0.9959004803202396
o 6860 0.9998341327646891 1
o 6870 0.9853353097985743 0.9888594972946587
o 6880 0.2210303493902567 0.23410151195449036
o 6890 0.054037781986389394 0.06131162145432589
o 6900 0.26264226093338366 0.27647543162712396
o 6910 0.9976078010658749 0.9989010690693881
o 6920 0 0.00016586723531085122
o 6930 0 0.00016586723531085122
o 6940 0.9998341327646891 1
o 6950 0.01596359783948335 0.02011965935508897
o 6960 0 0.00016586723531085122
o 6970 0.9568822897806831 0.9630022435858316
o 6980 4.028837972215593e-05 0.0004962394110719082
o 6990 0.9998341327646891 1
o 7000 0.3342945187287241 0.3490788490858172
o 7010 0.9998341327646891 1
o 7020 0.9998341327646891 1
o 7030 0.9818056727482859 0.9857503956665763
o 7040 0 0.00016586723531085122
o 7050 0 0.00016586723531085122
o 7060 0.9986846867396864 0.9995825074237993
o 7070 0.039696921293779504 0.04601757667591655
o 7080 0 0.00016586723531085122
o 7090 0.4921873075061397 0.5077726992341001
o 7100 0.0001848488648285143 0.0008693561352292045
o 7110 0.2638323889778196 0.2776848988527333
o 7120 0.9900412897098091 0.9929117404334288
o 7130 0.9998341327646891 1
o 7140 0.9923290970738091 0.9948229837460756
o 7150 0 0.00016586723531085122
o 7160 0.9472642531222645 0.954023489025488
o 7170 0.9997041638433971 0.9999976422569008
o 7180 0.9998341327646891 1
o 7190 0.5059679329709339 0.5215474297357201
o 7200 0.08449008458924534 0.09336866501062602
o 7210 0.3794077684320221 0.39459032254976856
o 7220 0.998064229430307 0.9992040792410983
o 7230 0.9998341327646891 1
o 7240 2.398330757498869e-05 0.00043314355389612036
o 7250 0.9998341327646891 1
o 7260 0.02180172520605963 0.026599302805760616
o 7270 0.9484825587804326 0.9551647774648324
o 7280 0.6232763474895107 0.63831956165301
o 7290 0 0.00016586723531085122
o 7300 0.0023936136390990924 0.004176082015706184
o 7310 0 0.00016586723531085122
o 7320 0.9773286867549997 0.9817489399384544
o 7330 0.10455785046972678 0.11429394399000514
o 7340 0.000276936226907186 0.0010565779080022875
o 7350 0.9998341327646891 1
o 7360 0 0.00016586723531085122
o 7370 0 0.00016586723531085122
o 7380 0.9998341327646891 1
o 7390 0 0.00016586723531085122
o 7400 0.9853139669525077 0.9888408478975932
o 7410 4.5058589854506926e-07 0.0002572679890114893
o 7420 0 0.00016586723531085122
o 7430 0.675635955708875 0.6901423896220564
o 7440 0.8629233585244873 0.8734724253946158
o 7450 0.9998341327646891 1
o 7460 0.9998341327646891 1
o 7470 0.0004319869942391821 0.0013407598904513485
o 7480 0 0.00016586723531085122
o 7490 0.9919129895267552 0.9944792710712045
o 7500 0.9998341327646891 1
o 7510 0.9998341327646891 1
o 7520 0.3459143246021564 0.36081510577563203
o 7530 0.09489808534488205 0.10423705235272007
o 7540 0.9998341327646891 1
o 7550 0.9998341327646891 1
o 7560 0.9425817009683327 0.949627600249629
o 7570 0.9998341327646891 1
o 7580 0.999103496509203 0.9998024115070666
o 7590 0.0878335661194292 0.09686402196639698
o 7600 0.00013563750762027172 0.0007590851201833004
o 7610 0.8941504939948617 0.9035549042656855
o 7620 0 0.00016586723531085122
o 7630 0.9998341327646891 1
o 7640 0.9989698028369101 0.9997365968529978
o 7650 0.002740462099535131 0.0046289593214706715
o 7660 0.16019543797996802 0.17179721482036103
o 7670 0.9709509942805933 0.9759688100979722
o 7680 0.009782223518686385 0.013103542562286186
o 7690 0.9998341327646891 1
o 7700 0.9998341327646891 1
o 7710 0.5569417934538092 0.5723964082499902
o 7720 0.9664415703565075 0.9718397572969845
o 7730 1.694642373683569e-05 0.00040050853982798174
o 7740 0.20108877672493722 0.21372988846036312
o 7750 0 0.00016586723531085122
o 7760 0.013085461378934278 0.016878935813865903
o 7770 0.9998341327646891 1
o 7780 0 0.00016586723531085122
o 7790 0.9541273262960986 0.9604381273604881
o 7800 0.9998341327646891 1
o 7810 0.9998341327646891 1
o 7820 0.290944427971762 0.3052036465963115
o 7830 0 0.00016586723531085122
o 7840 0.9998341327646891 1
o 7850 0.009207456912076013 0.012438557350260115
o 7860 0.5747800196032437 0.5901521829134162
o 7870 0.9998341327646891 1
o 7880 0.9900846274508407 0.992948385450678
o 7890 0.999784848241918 0.9999999949993749
o 7900 0 0.00016586723531085122
o 7910 0 0.00016586723531085122
o 7920 0.008874340662178449 0.012051819259471075
o 7930 0 0.00016586723531085122
o 7940 5.000625091698381e-09 0.00021515175808195508
o 7950 0.9998341327646891 1
o 7960 0.9993836603972324 0.9999207619417313
o 7970 0.5647973744936442 0.5802181848938561
o 7980 0.7777185531608306 0.7905456371076619
o 7990 0.9661914885863669 0.9716099232770218
o 8000 0.9997427320109885 0.9999995494141014
o 8010 0.008412487857096335 0.011513876491404229
o 8020 0.9061610865201652 0.9150603201398376
o 8030 0.7474654173828754 0.7608888821631188
o 8040 0.8868681545397854 0.8965596646224324
o 8050 0.37938784404237685 0.39457025368060794
o 8060 0.9976078010658749 0.9989010690693881
o 8070 0.9998341327646891 1
o 8080 0.2587351263492271 0.2725038951059845
o 8090 0.8525979262688742 0.863481294624562
o 8100 0 0.00016586723531085122
o 8110 0 0.00016586723531085122
o 8120 0.05642557841848897 0.0638429831595898
o 8130 0.9998341327646891 1
o 8140 0 0.00016586723531085122
o 8150 0.9998341327646891 1
o 8160 0.9906705095265624 0.9934422679202571
o 8170 0.9126660418724186 0.9212732033363199
o 8180 0.21782395044161426 0.23082900423239527
o 8190 0.023077755568851166 0.028002795042345152
o 8200 0 0.00016586723531085122
o 8210 0.9998341327646891 1
o 8220 0.6963064547637906 0.7105449648649749
o 8230 0.9998341327646891 1
o 8240 0.9998341327646891 1
o 8250 0.9998341327646891 1
o 8260 0.9998341327646891 1
o 8270 0.9998341327646891 1
o 8280 0 0.00016586723531085122
o 8290 5.000625091698381e-09 0.00021515175808195508
o 8300 4.5058589854506926e-07 0.0002572679890114893
o 8310 0.028332614167894694 0.033745995017564256
o 8320 0.5868115812246736 0.6021165767826746
o 8330 0.9998341327646891 1
o 8340 0.9255967539017489 0.9335781947621873
o 8350 0.9998341327646891 1
o 8360 0.9998341327646891 1
o 8370 0.1711035022320378 0.1830054141694668
o 8380 0.9995037605889281 0.9999597116202779
o 8390 0.9996330653686861 0.9999891487861118
o 8400 0.07778963608267667 0.08635144516301851
o 8410 0.02529115627651415 0.030428572249766694
o 8420 0 0.00016586723531085122
o 8430 0.9998341327646891 1
o 8440 0.13905736351332604 0.15002254309025986
o 8450 2.357743099213211e-06 0.0002958361566028911
o 8460 0.9998341327646891 1
o 8470 0.9998341327646891 1
o 8480 0.8125785527172819 0.8245940035022931
o 8490 0.005122845917917665 0.007605102059639601
o 8500 0.822871194127372 0.8346179302086993
o 8510 0.9998341327646891 1
o 8520 0.041762356999107034 0.04823140225236899
o 8530 1.0851213888255374e-05 0.0003669346313138755
o 8540 0.12185020400219301 0.13223562296817326
o 8550 0.9998341327646891 1
o 8560 0.9998341327646891 1
o 8570 0.9987871854159925 0.9996397540167659
o 8580 0 0.00016586723531085122
o 8590 0.9964638754550494 0.998085996940606
o 8600 0.8564383232327543 0.867199619151008
o 8610 0.9915415547531746 0.9941708632296149
o 8620 8.995013756807068e-05 0.0006454322678265401
o 8630 0.9995037605889281 0.9999597116202779
o 8640 0.9998341327646891 1
o 8650 0.16240394265102584 0.17406795331103142
o 8660 0.3536569336694527 0.36862987410170667
o 8670 0.043791137687411934 0.05040189784669491
o 8680 5.903205508420937e-06 0.0003321724075481258
o 8690 0.9996330653686861 0.9999891487861118
o 8700 0.9998341327646891 1
o 8710 0.8269862713697236 0.8386214812855897
o 8720 0 0.00016586723531085122
o 8730 0 0.00016586723531085122
o 8740 0.014889297466521107 0.01891438101307874
o 8750 0.9998341327646891 1
o 8760 0.9998341327646891 1
o 8770 0 0.00016586723531085122
o 8780 0.999297246851899 0.9998877222821806
o 8790 0.02909900022456984 0.03457932850272405
o 8800 0.9998341327646891 1
o 8810 0 0.00016586723531085122
o 8820 0.999784848241918 0.9999999949993749
o 8830 0.9998341327646891 1
o 8840 0 0.00016586723531085122
o 8850 0.99863385948088 0.9995534508999322
o 8860 0.999784848241918 0.9999999949993749
o 8870 0.9998341327646891 1
o 8880 0.999784848241918 0.9999999949993749
o 8890 0.9998341327646891 1
o 8900 0.13913609119128384 0.15010378835956728
o 8910 0.24810812637594595 0.26169451101011143
o 8920 0.9998341327646891 1
o 8930 0.9965559675880834 0.9981538370932204
o 8940 0 0.00016586723531085122
o 8950 0.9998341327646891 1
o 8960 0.9998341327646891 1
o 8970 0.8267024337027744 0.8383454135566575
o 8980 0.9998341327646891 1
o 8990 0.9998341327646891 1
o 9000 0.9998341327646891 1
o 9010 0.1355939186986933 0.14644717832246623
o 9020 0.9020734390089094 0.9111493260062142
o 9030 0.745709793905892 0.7591650926399595
o 9040 0 0.00016586723531085122
o 9050 0 0.00016586723531085122
o 9060 0.4301979822247313 0.44566293980000027
o 9070 0.8837695936083765 0.8935792558091433
o 9080 0.7148379705118145 0.7288072441422279
o 9090 0.34485958520843174 0.35975020249724265
o 9100 0 0.00016586723531085122
o 9110 0.9998341327646891 1
o 9120 0.5396944441793556 0.5552095610817973
o 9130 0.2080103660648261 0.22080593642243684
o 9140 0.9973004383367889 0.9986887437647816
o 9150 0.9998341327646891 1
o 9160 0.9995668564461039 0.999976016692425
o 9170 5.000625091698381e-09 0.00021515175808195508
o 9180 0.9998341327646891 1
o 9190 0.6250033659544717 0.6400319634065146
o 9200 0.9998341327646891 1
o 9210 0.28119554926298274 0.2953158367281554
o 9220 0.9998341327646891 1
o 9230 0 0.00016586723531085122
o 9240 0.999442873695936 0.9999411111022777
o 9250 5.903205508420937e-06 0.0003321724075481258
o 9260 0.9997427320109885 0.9999995494141014
o 9270 0.9996330653686861 0.9999891487861118
o 9280 0.8557270378698333 0.8665111412926897
o 9290 0 0.00016586723531085122
o 9300 0.8349564412487888 0.8463686553834054
o 9310 8.995013756807068e-05 0.0006454322678265401
o 9320 0.9998341327646891 1
o 9330 0.8427488265400723 0.853933674184791
o 9340 0.9998341327646891 1
o 9350 0.9838650818641929 0.9875702554390068
o 9360 5.000625091698381e-09 0.00021515175808195508
o 9370 8.995013756807068e-05 0.0006454322678265401
o 9380 0.8787979890742906 0.8887925136249123
o 9390 0.9998341327646891 1
o 9400 0.7301576276817033 0.7438824604084626
o 9410 0.9998341327646891 1
o 9420 0.9996678275924519 0.9999940967944916
o 9430 0.9998341327646891 1
o 9440 0.9998341327646891 1
o 9450 0.2895146090869068 0.30375395105212455
o 9460 0 0.00016586723531085122
o 9470 0.9998341327646891 1
o 9480 0.0005802957095331146 0.0015919415317193764
o 9490 0.9994130827814863 0.9999311292217226
o 9500 0.6887769881564275 0.7031169536929089
o 9510 0.8346521480723026 0.8460730499476432
o 9520 0.8611543168727859 0.8717620557914352
o 9530 0.9998341327646891 1
o 9540 0.9998341327646891 1
o 9550 0.9612398375734931 0.9670432373791082
o 9560 0 0.00016586723531085122
o 9570 0.9998341327646891 1
o 9580 0.9500113868852995 0.9565954398145767
o 9590 0.9997427320109885 0.9999995494141014
o 9600 0.999784848241918 0.9999999949993749
o 9610 0.6485091890452888 0.6633182522187366
o 9620 0.00564762405874368 0.008240050165434498
o 9630 0.999784848241918 0.9999999949993749
o 9640 5.000625091698381e-09 0.00021515175808195508
o 9650 0.9998341327646891 1
o 9660 0.9998341327646891 1
o 9670 0.9236067876362868 0.9316888222960469
o 9680 0.9997041638433971 0.9999976422569008
o 9690 0.21376727827207548 0.2266870600116161
o 9700 0.9998341327646891 1
o 9710 5.000625091698381e-09 0.00021515175808195508
o 9720 0.12870982322161495 0.13933364171156848
o 9730 0.9998341327646891 1
o 9740 0 0.00016586723531085122
o 9750 0.28766788506413027 0.30188130227781984
o 9760 0.6355886295107938 0.650523146924757
o 9770 0 0.00016586723531085122
o 9780 0 0.00016586723531085122
o 9790 0.24572967981645874 0.25927376716113637
o 9800 0.9998341327646891 1
o 9810 0.7491202780571736 0.762513468213652
o 9820 0.19304356384933202 0.2054978491959063
o 9830 0.010395450609080118 0.013810054580031261
o 9840 0 0.00016586723531085122
o 9850 0 0.00016586723531085122
o 9860 0.14100604097639002 0.15203319610039778
o 9870 0.8227090483955258 0.8344601299934729
o 9880 0.9981372773655336 0.9992509263546009
o 9890 0.9998341327646891 1
o 9900 0.13138422983994372 0.14209831489023783
o 9910 6.887077827747213e-05 0.0005869172185136717
o 9920 0.9998341327646891 1
o 9930 0 0.00016586723531085122
o 9940 0 0.00016586723531085122
o 9950 7.923805826870094e-05 0.0006163396027676349
o 9960 0 0.00016586723531085122
o 9970 0 0.00016586723531085122
o 9980 0.9998341327646891 1
o 9990 0.9998341327646891 1
