
x disttype L1-general-gaussian
x k 0
x std 0.75
x N 50000
x alpha 0.0005

o 0 0.9993257723589525 0.9998990270247117
o 10 0.9996678275924519 0.9999940967944916
o 20 0.9470165280779186 0.9537912965894189
o 30 0.9993257723589525 0.9998990270247117
o 40 0.9941837707771213 0.996327446879261
o 50 0.998064229430307 0.9992040792410983
o 60 0.9997041638433971 0.9999976422569008
o 70 0.9996678275924519 0.9999940967944916
o 80 0.9420870523867374 0.9491624134464592
o 90 0.9956650521574533 0.9974853508716593
o 100 0.9963490151246003 0.9980009395209813
o 110 0.99263641260362 0.9950755327842701
o 120 0.9848873351641612 0.9884676343477257
o 130 0.9995349878824064 0.9999681957182619
o 140 0.9953710406785294 0.9972595379004648
o 150 0.987840706111888 0.9910331745497277
o 160 0.9849939533934682 0.9885609775361613
o 170 0.9615514804458555 0.967331490044163
o 180 0.9974891765373674 0.9988198190301265
o 190 0.9916507186090978 0.9942616533994505
o 200 0.9971128682824996 0.998556485750206
o 210 0.9854420404313491 0.9889527278425213
o 220 0.9910837712416973 0.9937888372015838
o 230 0.9907357058411598 0.9934970451141907
o 240 0.994764143998584 0.996786773113775
o 250 0.8990297940878487 0.9082339824360293
o 260 0.9984578626277146 0.999449808165806
o 270 0.9972769311337085 0.9986722731996572
o 280 0.9992409148798167 0.9998643624923798
o 290 0.9630273516196016 0.9686951238154012
o 300 0.9320857878668414 0.9397270041146163
o 310 0.9687151996137097 0.973925361248246
o 320 0.7015824660064315 0.7157471866412083
o 330 0.9986085425177087 0.999538823531834
o 340 0.5016471005559472 0.5172297180463691
o 350 0.9975365616713056 0.998852384613813
o 360 0.9994730802517786 0.9999506585660503
o 370 0.998064229430307 0.9992040792410983
o 380 0.999784848241918 0.9999999949993749
o 390 0.999784848241918 0.9999999949993749
o 400 0.9943842650976894 0.9964868508983944
o 410 0.999784848241918 0.9999999949993749
o 420 0.8552393260072273 0.866039015513175
o 430 0.9984578626277146 0.999449808165806
o 440 0.9998341327646891 1
o 450 0.9413658276287029 0.9484838781994175
o 460 0.9429733530088265 0.9499958178607166
o 470 0.9916725594185783 0.9942798033643983
o 480 0.9953936121760423 0.9972769532249312
o 490 0.9905836125642096 0.9933692000971092
o 500 0.999784848241918 0.9999999949993749
o 510 0.9956877226395184 0.9975026664820278
o 520 0.9965098982706061 0.9981199404896446
o 530 0.9243247178228561 0.9323706535446314
o 540 0.994518159778464 0.9965928871040928
o 550 0.9063859835202567 0.915275348408076
o 560 0.9641923420117647 0.969769742210875
o 570 0.99678705109857 0.9983225759189072
o 580 0.9960059934406409 0.9977441940439223
o 590 0.9991579479265237 0.999827728109528
o 600 0.9989698028369101 0.9997365968529978
o 610 0.9723740812934887 0.977265240039881
o 620 0.9914542712242681 0.9940981833577129
o 630 0.983928907088528 0.9876264073575797
o 640 0.9963260758000116 0.9979838949949381
o 650 0.9923729611989206 0.9948591004358006
o 660 0.996717592406219 0.9982720892569996
o 670 0.9878836915278659 0.9910701729119886
o 680 0.9996678275924519 0.9999940967944916
o 690 0.9995349878824064 0.9999681957182619
o 700 0.9987357880946652 0.999611282711117
o 710 0.996717592406219 0.9982720892569996
o 720 0.6824169382028529 0.6968391346247588
o 730 0.9903448271899391 0.9931680817010069
o 740 0.2654590005500205 0.2793377341567139
o 750 0.999442873695936 0.9999411111022777
o 760 0.7536819215909629 0.7669902997431383
o 770 0.9957784861890406 0.9975718466746825
o 780 0.9838863559990058 0.9875889736869883
o 790 0.994764143998584 0.996786773113775
o 800 0.9728139368301115 0.9776652349216496
o 810 0.9975602862033369 0.9988686350034939
o 820 0.999599491460172 0.9999830535762632
o 830 0.94482922609952 0.9517393269802747
o 840 0.9960972496712833 0.9978128775862452
o 850 0.9984080584682806 0.9994197042904669
o 860 0.9998341327646891 1
o 870 0.9712647563788931 0.9762549416102156
o 880 0.9990496341945716 0.9997764839702489
o 890 0.970156505756051 0.9752435677523101
o 900 0.5715723946636516 0.5869608863723785
o 910 0.9976554062814149 0.9989334115040904
o 920 0.9916288804942436 0.9942435007295501
o 930 0.9837587252117892 0.9874766501503918
o 940 0.8881731680024548 0.8978142172839161
o 950 0.9608243985605122 0.9666588156101877
o 960 0.9487923848626663 0.9554548481376128
o 970 0.9966251611325634 0.998204591561967
o 980 0.9997041638433971 0.9999976422569008
o 990 0.9314898547733252 0.9391631353026698
o 1000 0.9826327255814038 0.9864830506107929
o 1010 0.9967407321599208 0.9982889314230393
o 1020 0.9969728777400151 0.998456597194961
o 1030 0.998088544558281 0.9992197297420591
o 1040 0.9977748368846215 0.9990138439272586
o 1050 0.9180310773188811 0.9263863852857592
o 1060 0.9998341327646891 1
o 1070 0.9991306438647708 0.9998151511351715
o 1080 0.9555975862005611 0.9618073764632983
o 1090 0.975772248462549 0.9803459131581002
o 1100 0.9998341327646891 1
o 1110 0.9994130827814863 0.9999311292217226
o 1120 0.99561973517329 0.9974506954889379
o 1130 0.9765080451566432 0.9810098639242136
o 1140 0.9953710406785294 0.9972595379004648
o 1150 0.9855060920244496 0.9890086529294174
o 1160 0.9950108340448901 0.9969799488864464
o 1170 0.9991579479265237 0.999827728109528
o 1180 0.9993545677321735 0.9999100498624319
o 1190 0.9957104012102794 0.9975199739418538
o 1200 0.9121134535770353 0.9207459752382516
o 1210 0.9987357880946652 0.999611282711117
o 1220 0.9989698028369101 0.9997365968529978
o 1230 0.9938948615616364 0.9960964990743865
o 1240 0.99051846314176 0.9933143758515232
o 1250 0.9929664007685846 0.9953453963518437
o 1260 0.06383265308778803 0.07167330548413431
o 1270 0.475894200722519 0.4914712993245184
o 1280 0.9983090111814502 0.9993589235528282
o 1290 0.8439871295512105 0.8551349587326056
o 1300 0.9832272851597632 0.9870082798445644
o 1310 0.9824417578823841 0.9863140859376422
o 1320 0.9592880931305526 0.9652356355287497
o 1330 0.9909966982747094 0.9937159459961112
o 1340 0.9968566305867083 0.998372940528608
o 1350 0.999103496509203 0.9998024115070666
o 1360 0.9964638754550494 0.998085996940606
o 1370 0.9874326330868017 0.9906814009407237
o 1380 0.9751210522877285 0.9797573323659328
o 1390 0.9995349878824064 0.9999681957182619
o 1400 0.99863385948088 0.9995534508999322
o 1410 0.9956423896922855 0.9974680271834279
o 1420 0.9995349878824064 0.9999681957182619
o 1430 0.9993545677321735 0.9999100498624319
o 1440 0.8320355193590953 0.8435305505529929
o 1450 0.9998341327646891 1
o 1460 0.9891761637793659 0.9921772061360322
o 1470 0.9610321060314616 0.9668510385394348
o 1480 0.9993836603972324 0.9999207619417313
o 1490 0.9789092419571287 0.9831678383911127
o 1500 0.102381792417419 0.11203075449968358
o 1510 0.9930986175276119 0.9954531192790149
o 1520 0.9444785849456168 0.9514100848733531
o 1530 0.21428173250718532 0.2272124302894526
o 1540 0.9966020844888756 0.998187685653262
o 1550 0.9972299702688214 0.9986392778683405
o 1560 0.999599491460172 0.9999830535762632
o 1570 0.8811204276525413 0.891029302692569
o 1580 0.9831847941370394 0.9869707859933108
o 1590 0.9993257723589525 0.9998990270247117
o 1600 0.9510035426957294 0.9575229532048652
o 1610 0.9998341327646891 1
o 1620 0.9875185005044568 0.9907555013440043
o 1630 0.9976078010658749 0.9989010690693881
o 1640 0.9258635162098741 0.9338313438055549
o 1650 0.9965790200213357 0.9981707674489865
o 1660 0.9495774396450707 0.9561895317081038
o 1670 0.9123999741234903 0.9210193594904972
o 1680 0.9697176711919773 0.9748425508165596
o 1690 0.9918036615141346 0.994388645694132
o 1700 0.9992130705901301 0.9998523473218889
o 1710 0.9983090111814502 0.9993589235528282
o 1720 0.9995668564461039 0.999976016692425
o 1730 0.8358693637164266 0.8472554287457769
o 1740 0.9730025022660309 0.9778366053168595
o 1750 0.9561569583898032 0.9623278173866693
o 1760 0.9961657922277294 0.9978642890092243
o 1770 0.9990229026390082 0.9997633135035773
o 1780 0.998532952220799 0.9994945720557045
o 1790 0.4253885522217525 0.4408339942780385
o 1800 0.9609074786726854 0.966735707660265
o 1810 0.996879851396403 0.9983897007921845
o 1820 0.9991306438647708 0.9998151511351715
o 1830 0.9981616966934683 0.9992664707710186
o 1840 0.9995349878824064 0.9999681957182619
o 1850 0.8992135996591183 0.9084101157775601
o 1860 0.9831847941370394 0.9869707859933108
o 1870 0.9998341327646891 1
o 1880 0.9477597696225748 0.9544878074490954
o 1890 0.9998341327646891 1
o 1900 0.9789303385851122 0.9831867344463622
o 1910 0.9723112595087119 0.977208083177143
o 1920 0.9719762711861992 0.9769031853126422
o 1930 0.987346787962391 0.9906072781883117
o 1940 0.9960972496712833 0.9978128775862452
o 1950 0.9995037605889281 0.9999597116202779
o 1960 0.9966251611325634 0.998204591561967
o 1970 0.943777425540973 0.9507514776919103
o 1980 0.9960287934415504 0.997761379103869
o 1990 0.994518159778464 0.9965928871040928
o 2000 0.994786540360217 0.9968043647446723
o 2010 0.9965098982706061 0.9981199404896446
o 2020 0.9911926670051865 0.9938798964580051
o 2030 0.9978227858521463 0.9990458375033571
o 2040 0.9447879720537137 0.9517005947612315
o 2050 0.9982597477012427 0.9993282676995614
o 2060 0.999784848241918 0.9999999949993749
o 2070 0.353895814171093 0.36887091269824823
o 2080 0.9989962943624112 0.9997500155155598
o 2090 0.8382229746679515 0.8495410336663242
o 2100 0.9928343125026933 0.995237544341956
o 2110 0.966108137566994 0.9715333023578046
o 2120 0.9955518186013934 0.9973986530682086
o 2130 0.2615315326234122 0.2753465376890468
o 2140 0.9998341327646891 1
o 2150 0.9989434220919977 0.9997230637730928
o 2160 0.9981128936006963 0.9992353457234481
o 2170 0.999784848241918 0.9999999949993749
o 2180 0.9916725594185783 0.9942798033643983
o 2190 0.9982843587370567 0.9993436167432374
o 2200 0.9946298867843653 0.9966811016233338
o 2210 0.9927023488544208 0.995129567153622
o 2220 0.9995668564461039 0.999976016692425
o 2230 0.9978227858521463 0.9990458375033571
o 2240 0.9998341327646891 1
o 2250 0.9865323268056655 0.9899020419087813
o 2260 0.9983090111814502 0.9993589235528282
o 2270 0.9949883769998344 0.9969624183275306
o 2280 0.7181630814528801 0.7320810202562289
o 2290 0.9745122842484625 0.9792063085377084
o 2300 0.9997041638433971 0.9999976422569008
o 2310 0.9890250687825238 0.9920483596867744
o 2320 0.9751420513591479 0.9797763261089357
o 2330 0.9810856189869213 0.9851107025334789
o 2340 0.9997041638433971 0.9999976422569008
o 2350 0.99863385948088 0.9995534508999322
o 2360 0.998088544558281 0.9992197297420591
o 2370 0.9951457107559273 0.9970849969094725
o 2380 0.9542929410087301 0.9605924573563352
o 2390 0.999297246851899 0.9998877222821806
o 2400 0.990171327453822 0.9930216508854749
o 2410 0.996879851396403 0.9983897007921845
o 2420 0.9987102018538886 0.9995969315746592
o 2430 0.8942321286335703 0.9036332424920933
o 2440 0.9973475076700078 0.9987216292808397
o 2450 0.9709509942805933 0.9759688100979722
o 2460 0.9790358310016802 0.9832812054323887
o 2470 0.9995037605889281 0.9999597116202779
o 2480 0.9405829655982414 0.9477470007056465
o 2490 0.9854633898561419 0.9889713706467704
o 2500 0.9646294322970386 0.9701725050387012
o 2510 0.9804721248693984 0.9845644114364628
o 2520 0.9968102306136053 0.9983393779131835
o 2530 0.9818056727482859 0.9857503956665763
o 2540 0.9988389036516672 0.9996678953600677
o 2550 0.9810432896783715 0.9850730466861483
o 2560 0.8590603209477513 0.869736748664736
o 2570 0.9844824204610135 0.9881126951815113
o 2580 0.9958239179842938 0.9976063863609007
o 2590 0.9954161909056825 0.9972943612656486
o 2600 0.9993545677321735 0.9999100498624319
o 2610 0.9512929951616629 0.9577934042117552
o 2620 0.9997427320109885 0.9999995494141014
o 2630 0.9719762711861992 0.9769031853126422
o 2640 0.9945404942367145 0.9966105410165468
o 2650 0.9478217154582502 0.9545458409754034
o 2660 0.9955065793665261 0.9973639193559748
o 2670 0.9925705061400958 0.9950214684973474
o 2680 0.9853353097985743 0.9888594972946587
o 2690 0.9766973520184984 0.9811804919914258
o 2700 0.9884215189204483 0.9915321414010584
o 2710 0.942746601106553 0.9497826452309222
o 2720 0.6357895261657929 0.6507221828504745
o 2730 0.9119497340220587 0.9205897491918608
o 2740 0.9553283104833042 0.9615567421288423
o 2750 0.9897597892642745 0.9926733523329196
o 2760 0.8644486386169484 0.8749466377172304
o 2770 0.9341825446601161 0.9417095502701951
o 2780 0.9930324928363503 0.9953992742027516
o 2790 0.9995668564461039 0.999976016692425
o 2800 0.9977987982532164 0.9990298540327246
o 2810 0.5573425407916677 0.5727955261008394
o 2820 0.9906922393703285 0.9934605292537396
o 2830 0.9996678275924519 0.9999940967944916
o 2840 0.9962573212126038 0.9979326974599837
o 2850 0.9779815871332721 0.9823358142931325
o 2860 0.9536098578055798 0.9599557685872306
o 2870 0.996234423774403 0.9979156106725443
o 2880 0.997323963754113 0.9987051958885018
o 2890 0.9981372773655336 0.9992509263546009
o 2900 0.9991854194751913 0.9998401310800589
o 2910 0.9945404942367145 0.9966105410165468
o 2920 0.9424786427833974 0.9495306927326175
o 2930 0.9285936224658796 0.9364203302489982
o 2940 0.9988389036516672 0.9996678953600677
o 2950 0.9980156978384686 0.999172677844584
o 2960 0.9989962943624112 0.9997500155155598
o 2970 0.8148471765631634 0.8268046231014469
o 2980 0.9997427320109885 0.9999995494141014
o 2990 0.9527821485068323 0.959183754111242
o 3000 0.9944735070159787 0.9965575630291789
o 3010 0.9770340034667672 0.9814837247217502
o 3020 0.9969961710612005 0.998473284157013
o 3030 0.6723366481454887 0.6868828030601106
o 3040 0.9948761849382639 0.9968746717641922
o 3050 0.9983832285394911 0.9994045786411975
o 3060 0.19648255599269696 0.2090176822394404
o 3070 0.9969495993090236 0.9984398951779412
o 3080 0.9993257723589525 0.9998990270247117
o 3090 0.9978227858521463 0.9990458375033571
o 3100 0.9411597930761849 0.9482899813071443
o 3110 0.9897165109013889 0.9926366477506107
o 3120 0.9996330653686861 0.9999891487861118
o 3130 0.8985396698648731 0.9077642695518081
o 3140 0.9996330653686861 0.9999891487861118
o 3150 0.9907574424854098 0.993515299623861
o 3160 0.813469756828282 0.8254625021785074
o 3170 0.999784848241918 0.9999999949993749
o 3180 0.9993836603972324 0.9999207619417313
o 3190 0.9906270565796824 0.9934057384895714
o 3200 0.9991854194751913 0.9998401310800589
o 3210 0.9982843587370567 0.9993436167432374
o 3220 0.999784848241918 0.9999999949993749
o 3230 0.9990229026390082 0.9997633135035773
o 3240 0.8801628555284151 0.8901071932601177
o 3250 0.9613229369736594 0.967120110126409
o 3260 0.9855060920244496 0.9890086529294174
o 3270 0.9997427320109885 0.9999995494141014
o 3280 0.9606374822589211 0.9664857945360283
o 3290 0.9972534418677634 0.9986557844757022
o 3300 0.9688195869863447 0.9740209386143448
o 3310 0.9996330653686861 0.9999891487861118
o 3320 0.9964408811586623 0.9980690078933331
o 3330 0.7705852159562558 0.7835613569273003
o 3340 0.9981372773655336 0.9992509263546009
o 3350 0.9978468002059815 0.9990617938017794
o 3360 0.9969495993090236 0.9984398951779412
o 3370 0.9911491013581167 0.993843480123594
o 3380 0.9982106455758747 0.9992974473203111
o 3390 0.9987614482791993 0.999625557902435
o 3400 0.999599491460172 0.9999830535762632
o 3410 0.9384413362667745 0.9457293424626783
o 3420 0.9915415547531746 0.9941708632296149
o 3430 0.9812761371747609 0.9852801174874855
o 3440 0.9899113248435923 0.9928017568708557
o 3450 0.9903882232524459 0.9932046682070498
o 3460 0.9327229184583521 0.9403296617252126
o 3470 0.9980156978384686 0.999172677844584
o 3480 0.9983337061651681 0.9993741869624272
o 3490 0.7089949743934547 0.7230521962718033
o 3500 0.9993257723589525 0.9998990270247117
o 3510 0.9976315921770181 0.9989172519476788
o 3520 0.042535004955019745 0.04905847846261879
o 3530 0.984035301353711 0.9877199749605755
o 3540 0.9997041638433971 0.9999976422569008
o 3550 0.8539795034009661 0.8648192575263578
o 3560 0.9997427320109885 0.9999995494141014
o 3570 0.9990496341945716 0.9997764839702489
o 3580 0.8225469045250803 0.8343023279166458
o 3590 0.9979431363013752 0.9991253358653104
o 3600 0.9974655152195606 0.9988035045674075
o 3610 0.9948313507369801 0.9968395302420648
o 3620 0.9995037605889281 0.9999597116202779
o 3630 0.999784848241918 0.9999999949993749
o 3640 0.9631105376517531 0.9687719098620992
o 3650 0.9994130827814863 0.9999311292217226
o 3660 0.9997427320109885 0.9999995494141014
o 3670 0.9987102018538886 0.9995969315746592
o 3680 0.9950782432968917 0.997032502195308
o 3690 0.9910619993917708 0.9937706180212463
o 3700 0.9903014396399556 0.9931314866543459
o 3710 0.8990706393456797 0.908273123603397
o 3720 0.9953710406785294 0.9972595379004648
o 3730 0.723101247562066 0.7369412015334138
o 3740 0.9990229026390082 0.9997633135035773
o 3750 0.9926583880225167 0.9950935475867196
o 3760 0.9954839710957356 0.9973465410699824
o 3770 0.9973475076700078 0.9987216292808397
o 3780 0.32077088845450236 0.33540706430964873
o 3790 0.9997427320109885 0.9999995494141014
o 3800 0.9860402508164849 0.9894742989395224
o 3810 0.9465417829230379 0.9533461998730987
o 3820 0.9990229026390082 0.9997633135035773
o 3830 0.9998341327646891 1
o 3840 0.9961429349554335 0.9978471617053387
o 3850 0.920736150115516 0.9289604136784951
o 3860 0.9934518554915925 0.9957397173533522
o 3870 0.999103496509203 0.9998024115070666
o 3880 0.9918036615141346 0.994388645694132
o 3890 0.9992130705901301 0.9998523473218889
o 3900 0.9948986110824958 0.9968922334240068
o 3910 0.9998341327646891 1
o 3920 0.9998341327646891 1
o 3930 0.9974182533663415 0.9987708140525817
o 3940 0.9997041638433971 0.9999976422569008
o 3950 0.915388849151046 0.9238694913680705
o 3960 0.9992689677678922 0.9998761603306536
o 3970 0.9277518290002262 0.9356224034801245
o 3980 0.999784848241918 0.9999999949993749
o 3990 0.9922633240622374 0.9947687854383376
o 4000 0.8810796777258599 0.8909900661704959
o 4010 0.9983832285394911 0.9994045786411975
o 4020 0.9992689677678922 0.9998761603306536
o 4030 0.9288811019875525 0.9366927551825932
o 4040 0.9921099598704722 0.9946422161123841
o 4050 0.9935845800559939 0.9958469300305962
o 4060 0.9849939533934682 0.9885609775361613
o 4070 0.9998341327646891 1
o 4080 0.9985580909074143 0.9995093820155696
o 4090 0.9966944655818283 0.9982552340301704
o 4100 0.9950108340448901 0.9969799488864464
o 4110 0.9820176215811868 0.9859383721066028
o 4120 0.9877547528718306 0.9909591601876834
o 4130 0.9992409148798167 0.9998643624923798
o 4140 0.8903146750973596 0.8998719982482313
o 4150 0.9998341327646891 1
o 4160 0.9985832870189011 0.9995241331856756
o 4170 0.9975128585703185 0.9988361124990678
o 4180 0.9940058868960785 0.9961854192572273
o 4190 0.9977748368846215 0.9990138439272586
o 4200 0.9997427320109885 0.9999995494141014
o 4210 0.9935624490461487 0.9958290715514998
o 4220 0.9973004383367889 0.9986887437647816
o 4230 0.9991579479265237 0.999827728109528
o 4240 0.9992409148798167 0.9998643624923798
o 4250 0.9970894973736582 0.998539877255987
o 4260 0.9981616966934683 0.9992664707710186
o 4270 0.9974891765373674 0.9988198190301265
o 4280 0.9855060920244496 0.9890086529294174
o 4290 0.9975128585703185 0.9988361124990678
o 4300 0.7814783098260248 0.7942246249041087
o 4310 0.998064229430307 0.9992040792410983
o 4320 0.999784848241918 0.9999999949993749
o 4330 0.9495774396450707 0.9561895317081038
o 4340 0.9861685569028579 0.9895859457654106
o 4350 0.9674631938588968 0.9727777895244251
o 4360 0.672718863830695 0.68726045925635
o 4370 0.9521822404257766 0.9586238623421067
o 4380 0.8829543767285958 0.8927947437637702
o 4390 0.9966020844888756 0.998187685653262
o 4400 0.8308389396412943 0.842367529017747
o 4410 0.97604547175037 0.98059259616294
o 4420 0.9810009632809082 0.9850353879229906
o 4430 0.9997427320109885 0.9999995494141014
o 4440 0.9953259191424008 0.9972246856405348
o 4450 0.9991306438647708 0.9998151511351715
o 4460 0.9871751636341711 0.9904589665992187
o 4470 0.9991854194751913 0.9998401310800589
o 4480 0.9782977039699254 0.982619588182082
o 4490 0.996211536534311 0.9978985135971825
o 4500 0.5926485893864697 0.6079176069952984
o 4510 0.9997427320109885 0.9999995494141014
o 4520 0.995960421005609 0.997709796129333
o 4530 0.9990764961900899 0.99978951939873
o 4540 0.9846528661265439 0.9882621880785143
o 4550 0.9935181993949288 0.9957933421626776
o 4560 0.997371070376275 0.9987380436441108
o 4570 0.9380502219627577 0.9453605868525666
o 4580 0.9945851794921386 0.9966458324047529
o 4590 0.9856555847328274 0.9891391057232686
o 4600 0.9996678275924519 0.9999940967944916
o 4610 0.9889387669872588 0.9919746948309158
o 4620 0.8315284809029851 0.8430377579715888
o 4630 0.8822207493785879 0.8920886150656722
o 4640 0.9863610969728132 0.9897533348799479
o 4650 0.9997041638433971 0.9999976422569008
o 4660 0.9785928659490329 0.9828843240439431
o 4670 0.9985580909074143 0.9995093820155696
o 4680 0.999784848241918 0.9999999949993749
o 4690 0.7679992929649045 0.7810281438059353
o 4700 0.9866179715714114 0.9899763655044277
o 4710 0.9985078691024893 0.9994797052294327
o 4720 0.9988648919050572 0.999681833128126
o 4730 0.999784848241918 0.9999999949993749
o 4740 0.4285814520703592 0.4440400159385287
o 4750 0.9805990057808115 0.9846774861651671
o 4760 0.9982106455758747 0.9992974473203111
o 4770 0.997894911366256 0.9990936226399529
o 4780 0.9988909714709572 0.9996956768430979
o 4790 0.999442873695936 0.9999411111022777
o 4800 0.9997041638433971 0.9999976422569008
o 4810 0.9990229026390082 0.9997633135035773
o 4820 0.9924168378207178 0.99489520457616
o 4830 0.9728767882121068 0.9777223621542853
o 4840 0.9874970315467146 0.9907369783518111
o 4850 0.9967638850029287 0.998305760365681
o 4860 0.5807150023998212 0.5960552048383387
o 4870 0.9998341327646891 1
o 4880 0.8494493728832037 0.8604308963541731
o 4890 0.9158188898793822 0.9242793077534244
o 4900 0.9399444528674186 0.9471457258624919
o 4910 0.9843759243900332 0.9880192295854896
o 4920 0.9998341327646891 1
o 4930 0.9982351769925596 0.9993128775364343
o 4940 0.9993545677321735 0.9999100498624319
o 4950 0.8731574028542028 0.8833549759812157
o 4960 0.9996330653686861 0.9999891487861118
o 4970 0.9971830790248064 0.9986062120708106
o 4980 0.996879851396403 0.9983897007921845
o 4990 0.7843491914397512 0.7970327847073717
o 5000 0.9988389036516672 0.9996678953600677
o 5010 0.9998341327646891 1
o 5020 0.969237221264995 0.97440316320813
o 5030 0.9997041638433971 0.9999976422569008
o 5040 0.9829511559422791 0.9867645072661508
o 5050 0.9904967510616145 0.9932960966941817
o 5060 0.9948313507369801 0.9968395302420648
o 5070 0.9966482500970695 0.9982214850281281
o 5080 0.9983832285394911 0.9994045786411975
o 5090 0.9939614630105198 0.9961498650097489
o 5100 0.9904533334436405 0.9932595318152856
o 5110 0.996833423718342 0.9983561661753741
o 5120 0.999784848241918 0.9999999949993749
o 5130 0.9890466485450916 0.9920667715745632
o 5140 0.9638177892713021 0.9694244207737656
o 5150 0.9998341327646891 1
o 5160 0.9993545677321735 0.9999100498624319
o 5170 0.9989698028369101 0.9997365968529978
o 5180 0.9972534418677634 0.9986557844757022
o 5190 0.9952357602882066 0.9971548963126106
o 5200 0.9556597314902473 0.9618652104131882
o 5210 0.9328051363531737 0.9404074164984357
o 5220 0.9853993448876318 0.9889154389210214
o 5230 0.9997427320109885 0.9999995494141014
o 5240 0.99678705109857 0.9983225759189072
o 5250 0.9896299771889749 0.9925632155016828
o 5260 0.9877762389931612 0.990977665972518
o 5270 0.9997041638433971 0.9999976422569008
o 5280 0.9997427320109885 0.9999995494141014
o 5290 0.999599491460172 0.9999830535762632
o 5300 0.9990764961900899 0.99978951939873
o 5310 0.9985832870189011 0.9995241331856756
o 5320 0.9996678275924519 0.9999940967944916
o 5330 0.9933413623431583 0.9956502622527129
o 5340 0.9998341327646891 1
o 5350 0.9971128682824996 0.998556485750206
o 5360 0.9777077242088275 0.9820897717752662
o 5370 0.9988130027235841 0.999653867701341
o 5380 0.9922852453284942 0.9947868546246592
o 5390 0.999784848241918 0.9999999949993749
o 5400 0.9984329360206239 0.9994347812916474
o 5410 0.9796479975822888 0.9838288261261076
o 5420 0.9870250632338723 0.9903291228977766
o 5430 0.9998341327646891 1
o 5440 0.9549969396944807 0.9612482235930887
o 5450 0.6465998675380189 0.6614282142403498
o 5460 0.9933413623431583 0.9956502622527129
o 5470 0.9997427320109885 0.9999995494141014
o 5480 0.997323963754113 0.9987051958885018
o 5490 0.9976792437995069 0.9989495473086407
o 5500 0.9997041638433971 0.9999976422569008
o 5510 0.9977031051647232 0.9989656589179493
o 5520 0.9991579479265237 0.999827728109528
o 5530 0.9901062993756211 0.9929667048952392
o 5540 0.99863385948088 0.9995534508999322
o 5550 0.9992130705901301 0.9998523473218889
o 5560 0.9699684145255039 0.9750717226452555
o 5570 0.999103496509203 0.9998024115070666
o 5580 0.9938726701356374 0.996078701324011
o 5590 0.9984828397939801 0.999464783357556
o 5600 0.4732960658054826 0.4888703104766381
o 5610 0.9931868354253945 0.9955248608293064
o 5620 0.9108652098870498 0.9195546336808322
o 5630 0.9943396753794747 0.9964514634102983
o 5640 0.9731282314631197 0.9779508333192178
o 5650 0.9994130827814863 0.9999311292217226
o 5660 0.999784848241918 0.9999999949993749
o 5670 0.9881632422694118 0.9913105163475819
o 5680 0.9916944029342062 0.9942979506127954
o 5690 0.999103496509203 0.9998024115070666
o 5700 0.9956423896922855 0.9974680271834279
o 5710 0.9946075303645595 0.9966634698045075
o 5720 0.9064677662648792 0.9153535384876987
o 5730 0.9448085990048994 0.9517199609425132
o 5740 0.9898463692657422 0.9927467381495034
o 5750 0.9993545677321735 0.9999100498624319
o 5760 0.9977748368846215 0.9990138439272586
o 5770 0.9976078010658749 0.9989010690693881
o 5780 0.9963031471150466 0.9979668397331242
o 5790 0.99863385948088 0.9995534508999322
o 5800 0.9931647753590979 0.9955069310599574
o 5810 0.9996678275924519 0.9999940967944916
o 5820 0.9994130827814863 0.9999311292217226
o 5830 0.9980156978384686 0.999172677844584
o 5840 0.9918036615141346 0.994388645694132
o 5850 0.9997427320109885 0.9999995494141014
o 5860 0.999599491460172 0.9999830535762632
o 5870 0.978424187671335 0.9827330607186132
o 5880 0.9989171466500022 0.9997094220119266
o 5890 0.9906922393703285 0.9934605292537396
o 5900 0.999103496509203 0.9998024115070666
o 5910 0.9879051864494105 0.9910886698738385
o 5920 0.999784848241918 0.9999999949993749
o 5930 0.9998341327646891 1
o 5940 0.9953033689870637 0.9972072488231104
o 5950 0.9627778184797311 0.968464740698412
o 5960 0.9866179715714114 0.9899763655044277
o 5970 0.9985832870189011 0.9995241331856756
o 5980 0.9995668564461039 0.999976016692425
o 5990 0.9995668564461039 0.999976016692425
o 6000 0.9702401112215511 0.9753199339829564
o 6010 0.9989962943624112 0.9997500155155598
o 6020 0.9889387669872588 0.9919746948309158
o 6030 0.9744493305511616 0.9791492837390441
o 6040 0.9991579479265237 0.999827728109528
o 6050 0.9970894973736582 0.998539877255987
o 6060 0.9989962943624112 0.9997500155155598
o 6070 0.9948089425921502 0.9968219504684411
o 6080 0.9925485438632544 0.9950034404956384
o 6090 0.9969495993090236 0.9984398951779412
o 6100 0.999442873695936 0.9999411111022777
o 6110 0.9911708829515093 0.9938616895254021
o 6120 0.9993836603972324 0.9999207619417313
o 6130 0.9998341327646891 1
o 6140 0.9998341327646891 1
o 6150 0.999442873695936 0.9999411111022777
o 6160 0.9933413623431583 0.9956502622527129
o 6170 0.9989698028369101 0.9997365968529978
o 6180 0.999784848241918 0.9999999949993749
o 6190 0.996717592406219 0.9982720892569996
o 6200 0.9983337061651681 0.9993741869624272
o 6210 0.9949434816817062 0.9969273383152467
o 6220 0.9982106455758747 0.9992974473203111
o 6230 0.9957330879426143 0.9975372731773589
o 6240 0.999784848241918 0.9999999949993749
o 6250 0.9963031471150466 0.9979668397331242
o 6260 0.9954387769278694 0.997311761961519
o 6270 0.999784848241918 0.9999999949993749
o 6280 0.9998341327646891 1
o 6290 0.9939836726426157 0.9961676444566422
o 6300 0.9965329270499892 0.9981368947272495
o 6310 0.9963949261562345 0.9980349958952714
o 6320 0.9985580909074143 0.9995093820155696
o 6330 0.9998341327646891 1
o 6340 0.9998341327646891 1
o 6350 0.9997427320109885 0.9999995494141014
o 6360 0.9998341327646891 1
o 6370 0.9904750411649235 0.9932778153460734
o 6380 0.9972065160734749 0.9986227536460907
o 6390 0.9835460812487175 0.98728937009869
o 6400 0.9625906930191855 0.9682919289467069
o 6410 0.995937648394377 0.9976925834541458
o 6420 0.9892841417648939 0.9922691861713484
o 6430 0.9984329360206239 0.9994347812916474
o 6440 0.9996678275924519 0.9999940967944916
o 6450 0.9995349878824064 0.9999681957182619
o 6460 0.986489511922755 0.9898648725935079
o 6470 0.9994130827814863 0.9999311292217226
o 6480 0.9992130705901301 0.9998523473218889
o 6490 0.9959832026584181 0.9977269996889246
o 6500 0.9994730802517786 0.9999506585660503
o 6510 0.9998341327646891 1
o 6520 0.9984578626277146 0.999449808165806
o 6530 0.9920442769644893 0.9945879273285018
o 6540 0.9952808258303961 0.9971898049580897
o 6550 0.9998341327646891 1
o 6560 0.5814168495163666 0.596753121791932
o 6570 0.8812223033191687 0.8911273931476175
o 6580 0.997371070376275 0.9987380436441108
o 6590 0.9958466466570662 0.997623643328015
o 6600 0.9767604637803443 0.9812373585268428
o 6610 0.922273778811125 0.9304222740628969
o 6620 0.9948313507369801 0.9968395302420648
o 6630 0.999784848241918 0.9999999949993749
o 6640 0.9995037605889281 0.9999597116202779
o 6650 0.9593295983490646 0.9652741164173909
o 6660 0.9978468002059815 0.9990617938017794
o 6670 0.9960516027518843 0.9977785547768216
o 6680 0.9923290970738091 0.9948229837460756
o 6690 0.9952582896159897 0.9971723541024977
o 6700 0.9785717790666391 0.9828654182289509
o 6710 0.995937648394377 0.9976925834541458
o 6720 0.9965329270499892 0.9981368947272495
o 6730 0.9852926251940278 0.9888221974105836
o 6740 0.9473674784003803 0.9541202293606215
o 6750 0.9998341327646891 1
o 6760 0.999784848241918 0.9999999949993749
o 6770 0.9998341327646891 1
o 6780 0.9756461738243439 0.9802320310098276
o 6790 0.9993836603972324 0.9999207619417313
o 6800 0.9984578626277146 0.999449808165806
o 6810 0.9992689677678922 0.9998761603306536
o 6820 0.9988648919050572 0.999681833128126
o 6830 0.9969495993090236 0.9984398951779412
o 6840 0.9993836603972324 0.9999207619417313
o 6850 0.9977987982532164 0.9990298540327246
o 6860 0.9990496341945716 0.9997764839702489
o 6870 0.949432806670182 0.9560542128913295
o 6880 0.9973475076700078 0.9987216292808397
o 6890 0.9990764961900899 0.99978951939873
o 6900 0.9988648919050572 0.999681833128126
o 6910 0.9593711044704873 0.9653125964025068
o 6920 0.9983584448714474 0.9993894057514955
o 6930 0.9975602862033369 0.9988686350034939
o 6940 0.9960516027518843 0.9977785547768216
o 6950 0.999442873695936 0.9999411111022777
o 6960 0.9994130827814863 0.9999311292217226
o 6970 0.9994730802517786 0.9999506585660503
o 6980 0.955183329616704 0.9614217714199914
o 6990 0.9491848830114494 0.9558222191821583
o 7000 0.9976315921770181 0.9989172519476788
o 7010 0.9976315921770181 0.9989172519476788
o 7020 0.999784848241918 0.9999999949993749
o 7030 0.9487510726431405 0.9554161741243464
o 7040 0.9984329360206239 0.9994347812916474
o 7050 0.9993836603972324 0.9999207619417313
o 7060 0.9961429349554335 0.9978471617053387
o 7070 0.9975840325399995 0.9988848632863743
o 7080 0.9990764961900899 0.99978951939873
o 7090 0.9968102306136053 0.9983393779131835
o 7100 0.9975602862033369 0.9988686350034939
o 7110 0.999784848241918 0.9999999949993749
o 7120 0.9997427320109885 0.9999995494141014
o 7130 0.9893489500947826 0.9923243525902947
o 7140 0.9995349878824064 0.9999681957182619
o 7150 0.9989434220919977 0.9997230637730928
o 7160 0.9992409148798167 0.9998643624923798
o 7170 0.9973946521725114 0.9987544386726732
o 7180 0.9982106455758747 0.9992974473203111
o 7190 0.9965790200213357 0.9981707674489865
o 7200 0.9904316278897556 0.9932412461098594
o 7210 0.9683186037768906 0.9735620910043894
o 7220 0.9901279733461981 0.9929850222874228
o 7230 0.9902580605410123 0.9930948831289347
o 7240 0.9883999872409587 0.9915136812951999
o 7250 0.9997427320109885 0.9999995494141014
o 7260 0.9927463231219569 0.9951655732255644
o 7270 0.9994130827814863 0.9999311292217226
o 7280 0.9983337061651681 0.9993741869624272
o 7290 0.9987614482791993 0.999625557902435
o 7300 0.9898463692657422 0.9927467381495034
o 7310 0.9998341327646891 1
o 7320 0.9750580579332797 0.9797003482736851
o 7330 0.9998341327646891 1
o 7340 0.9991306438647708 0.9998151511351715
o 7350 0.9105992255783302 0.9193007063685728
o 7360 0.9972534418677634 0.9986557844757022
o 7370 0.9760664924477193 0.9806115682528456
o 7380 0.9888524925412426 0.991901002547524
o 7390 0.9877977265708879 0.9909961702972301
o 7400 0.996211536534311 0.9978985135971825
o 7410 0.9974418742737955 0.998787169461314
o 7420 0.9840991493349867 0.9877761040779134
o 7430 0.9625283224809751 0.9682343204104416
o 7440 0.9991854194751913 0.9998401310800589
o 7450 0.9997427320109885 0.9999995494141014
o 7460 0.9958239179842938 0.9976063863609007
o 7470 0.9997041638433971 0.9999976422569008
o 7480 0.999297246851899 0.9998877222821806
o 7490 0.9933855477319553 0.9956860562216858
o 7500 0.998064229430307 0.9992040792410983
o 7510 0.9954161909056825 0.9972943612656486
o 7520 0.996717592406219 0.9982720892569996
o 7530 0.9958466466570662 0.997623643328015
o 7540 0.999784848241918 0.9999999949993749
o 7550 0.9988130027235841 0.999653867701341
o 7560 0.9954613703038478 0.997329155250577
o 7570 0.9998341327646891 1
o 7580 0.9359307219039461 0.9433607917667006
o 7590 0.9988648919050572 0.999681833128126
o 7600 0.9989171466500022 0.9997094220119266
o 7610 0.9978708418570428 0.999077722372286
o 7620 0.9964408811586623 0.9980690078933331
o 7630 0.9974891765373674 0.9988198190301265
o 7640 0.9860402508164849 0.9894742989395224
o 7650 0.9987102018538886 0.9995969315746592
o 7660 0.9989434220919977 0.9997230637730928
o 7670 0.9997041638433971 0.9999976422569008
o 7680 0.9585411520377851 0.9645428265809111
o 7690 0.9953033689870637 0.9972072488231104
o 7700 0.9785717790666391 0.9828654182289509
o 7710 0.999784848241918 0.9999999949993749
o 7720 0.9701356052925495 0.9752244752908934
o 7730 0.9941837707771213 0.996327446879261
o 7740 0.9998341327646891 1
o 7750 0.9997427320109885 0.9999995494141014
o 7760 0.9966713515299861 0.9982383659018511
o 7770 0.9952357602882066 0.9971548963126106
o 7780 0.9997427320109885 0.9999995494141014
o 7790 0.9884430521883876 0.9915505999141437
o 7800 0.9559912032763034 0.9621736278844403
o 7810 0.9998341327646891 1
o 7820 0.9998341327646891 1
o 7830 0.999784848241918 0.9999999949993749
o 7840 0.9997427320109885 0.9999995494141014
o 7850 0.9609282492991504 0.9667549300739203
o 7860 0.9986592401095487 0.9995680130057608
o 7870 0.996234423774403 0.9979156106725443
o 7880 0.999784848241918 0.9999999949993749
o 7890 0.9969263355699712 0.9984231783076815
o 7900 0.9777919794621519 0.9821654874415168
o 7910 0.9998341327646891 1
o 7920 0.9785928659490329 0.9828843240439431
o 7930 0.999784848241918 0.9999999949993749
o 7940 0.9997427320109885 0.9999995494141014
o 7950 0.9995349878824064 0.9999681957182619
o 7960 0.9996678275924519 0.9999940967944916
o 7970 0.9998341327646891 1
o 7980 0.998064229430307 0.9992040792410983
o 7990 0.9438186657156755 0.9507902237893074
o 8000 0.9886584732879916 0.9917350963815065
o 8010 0.9952132377921347 0.9971374316439408
o 8020 0.9926144404943138 0.9950575146577324
o 8030 0.996717592406219 0.9982720892569996
o 8040 0.9998341327646891 1
o 8050 0.9997427320109885 0.9999995494141014
o 8060 0.999103496509203 0.9998024115070666
o 8070 0.9997427320109885 0.9999995494141014
o 8080 0.9996330653686861 0.9999891487861118
o 8090 0.9955518186013934 0.9973986530682086
o 8100 0.9982843587370567 0.9993436167432374
o 8110 0.9283266945158659 0.936167346912211
o 8120 0.9983090111814502 0.9993589235528282
o 8130 0.999442873695936 0.9999411111022777
o 8140 0.999599491460172 0.9999830535762632
o 8150 0.9891113982734092 0.9921219967670716
o 8160 0.904934517764021 0.9138872964816929
o 8170 0.9984828397939801 0.999464783357556
o 8180 0.9971596588721757 0.9985896533979276
o 8190 0.999442873695936 0.9999411111022777
o 8200 0.9998341327646891 1
o 8210 0.9925046290312628 0.9949673747285386
o 8220 0.9996678275924519 0.9999940967944916
o 8230 0.9855487986349326 0.9890459307602811
o 8240 0.9997427320109885 0.9999995494141014
o 8250 0.9968102306136053 0.9983393779131835
o 8260 0.9995668564461039 0.999976016692425
o 8270 0.9955744496960323 0.9974160083623181
o 8280 0.9949434816817062 0.9969273383152467
o 8290 0.9702610134927006 0.9753390246348898
o 8300 0.999784848241918 0.9999999949993749
o 8310 0.9987614482791993 0.999625557902435
o 8320 0.9905401774134504 0.9933326528099155
o 8330 0.9985832870189011 0.9995241331856756
o 8340 0.9990229026390082 0.9997633135035773
o 8350 0.9980156978384686 0.999172677844584
o 8360 0.9975365616713056 0.998852384613813
o 8370 0.9994730802517786 0.9999506585660503
o 8380 0.999784848241918 0.9999999949993749
o 8390 0.9961429349554335 0.9978471617053387
o 8400 0.9984329360206239 0.9994347812916474
o 8410 0.930195543545522 0.9379378767479712
o 8420 0.9983584448714474 0.9993894057514955
o 8430 0.9756881967246331 0.9802699937075149
o 8440 0.9987871854159925 0.9996397540167659
o 8450 0.999784848241918 0.9999999949993749
o 8460 0.9998341327646891 1
o 8470 0.9998341327646891 1
o 8480 0.9998341327646891 1
o 8490 0.9996678275924519 0.9999940967944916
o 8500 0.9997041638433971 0.9999976422569008
o 8510 0.9691954516841588 0.9743649469077416
o 8520 0.4534373088827169 0.4689757672689331
o 8530 0.993850483192733 0.996060899066795
o 8540 0.9989434220919977 0.9997230637730928
o 8550 0.9986846867396864 0.9995825074237993
o 8560 0.9997427320109885 0.9999995494141014
o 8570 0.9983584448714474 0.9993894057514955
o 8580 0.9995668564461039 0.999976016692425
o 8590 0.9955518186013934 0.9973986530682086
o 8600 0.9990496341945716 0.9997764839702489
o 8610 0.9932530382717406 0.9955786273822332
o 8620 0.99863385948088 0.9995534508999322
o 8630 0.9994130827814863 0.9999311292217226
o 8640 0.9866822183709741 0.9900320949448694
o 8650 0.9982843587370567 0.9993436167432374
o 8660 0.9970894973736582 0.998539877255987
o 8670 0.9934297489189166 0.9957218343152169
o 8680 0.9978227858521463 0.9990458375033571
o 8690 0.996833423718342 0.9983561661753741
o 8700 0.9895002333843872 0.9924530101907
o 8710 0.9916070450625526 0.9942253453662099
o 8720 0.9989962943624112 0.9997500155155598
o 8730 0.9998341327646891 1
o 8740 0.9988130027235841 0.999653867701341
o 8750 0.9952808258303961 0.9971898049580897
o 8760 0.9998341327646891 1
o 8770 0.9972299702688214 0.9986392778683405
o 8780 0.9998341327646891 1
o 8790 0.9996330653686861 0.9999891487861118
o 8800 0.9998341327646891 1
o 8810 0.9998341327646891 1
o 8820 0.9998341327646891 1
o 8830 0.9998341327646891 1
o 8840 0.999599491460172 0.9999830535762632
o 8850 0.9986085425177087 0.999538823531834
o 8860 0.9998341327646891 1
o 8870 0.9998341327646891 1
o 8880 0.999784848241918 0.9999999949993749
o 8890 0.9998341327646891 1
o 8900 0.9974182533663415 0.9987708140525817
o 8910 0.9986846867396864 0.9995825074237993
o 8920 0.9976554062814149 0.9989334115040904
o 8930 0.9992689677678922 0.9998761603306536
o 8940 0.999297246851899 0.9998877222821806
o 8950 0.9997427320109885 0.9999995494141014
o 8960 0.9989698028369101 0.9997365968529978
o 8970 0.9997427320109885 0.9999995494141014
o 8980 0.9969495993090236 0.9984398951779412
o 8990 0.999784848241918 0.9999999949993749
o 9000 0.9995349878824064 0.9999681957182619
o 9010 0.984141719448559 0.9878135186873485
o 9020 0.9994730802517786 0.9999506585660503
o 9030 0.9966482500970695 0.9982214850281281
o 9040 0.999297246851899 0.9998877222821806
o 9050 0.9983832285394911 0.9994045786411975
o 9060 0.9998341327646891 1
o 9070 0.999784848241918 0.9999999949993749
o 9080 0.9998341327646891 1
o 9090 0.9969728777400151 0.998456597194961
o 9100 0.999784848241918 0.9999999949993749
o 9110 0.9986846867396864 0.9995825074237993
o 9120 0.9982351769925596 0.9993128775364343
o 9130 0.9996330653686861 0.9999891487861118
o 9140 0.9986592401095487 0.9995680130057608
o 9150 0.9984080584682806 0.9994197042904669
o 9160 0.9996678275924519 0.9999940967944916
o 9170 0.9739248751852241 0.9786739181163336
o 9180 0.9992409148798167 0.9998643624923798
o 9190 0.9989434220919977 0.9997230637730928
o 9200 0.9994130827814863 0.9999311292217226
o 9210 0.9894353866586473 0.9923978822824006
o 9220 0.9998341327646891 1
o 9230 0.9997427320109885 0.9999995494141014
o 9240 0.9992689677678922 0.9998761603306536
o 9250 0.9983584448714474 0.9993894057514955
o 9260 0.9994130827814863 0.9999311292217226
o 9270 0.9994730802517786 0.9999506585660503
o 9280 0.5623322735081795 0.5777641149770576
o 9290 0.9964408811586623 0.9980690078933331
o 9300 0.9998341327646891 1
o 9310 0.9997427320109885 0.9999995494141014
o 9320 0.9890898132850111 0.9921035901202688
o 9330 0.9844398190570547 0.9880753119246692
o 9340 0.9987357880946652 0.999611282711117
o 9350 0.9765921762956034 0.9810857038717272
o 9360 0.9989962943624112 0.9997500155155598
o 9370 0.9993545677321735 0.9999100498624319
o 9380 0.9993545677321735 0.9999100498624319
o 9390 0.9997041638433971 0.9999976422569008
o 9400 0.9759403758366075 0.9804977281307443
o 9410 0.9963949261562345 0.9980349958952714
o 9420 0.9992130705901301 0.9998523473218889
o 9430 0.999297246851899 0.9998877222821806
o 9440 0.9997041638433971 0.9999976422569008
o 9450 0.9962573212126038 0.9979326974599837
o 9460 0.9998341327646891 1
o 9470 0.9989962943624112 0.9997500155155598
o 9480 0.999784848241918 0.9999999949993749
o 9490 0.9976078010658749 0.9989010690693881
o 9500 0.9906053334597175 0.9933874704093597
o 9510 0.9998341327646891 1
o 9520 0.9913888358574415 0.9940436460716633
o 9530 0.803264517722081 0.8155111453386532
o 9540 0.9621125773434616 0.9678502050050412
o 9550 0.9963031471150466 0.9979668397331242
o 9560 0.9840778657180443 0.9877573953305411
o 9570 0.9988389036516672 0.9996678953600677
o 9580 0.9846954876430422 0.988299551182129
o 9590 0.999784848241918 0.9999999949993749
o 9600 0.9987102018538886 0.9995969315746592
o 9610 0.9547484442270573 0.9610168020455985
o 9620 0.8675202358360601 0.8779140184258213
o 9630 0.9917599498345655 0.994352375941256
o 9640 0.99263641260362 0.9950755327842701
o 9650 0.9992130705901301 0.9998523473218889
o 9660 0.9979914799067023 0.9991569284568658
o 9670 0.9811914550613007 0.9852048293278227
o 9680 0.9610736504080044 0.9668894802407094
o 9690 0.9976078010658749 0.9989010690693881
o 9700 0.7096799409201258 0.7237270004244237
o 9710 0.9983584448714474 0.9993894057514955
o 9720 0.9982106455758747 0.9992974473203111
o 9730 0.9978708418570428 0.999077722372286
o 9740 0.937885555364224 0.9452053082179623
o 9750 0.9960287934415504 0.997761379103869
o 9760 0.996833423718342 0.9983561661753741
o 9770 0.39088644348436097 0.4061477645961591
o 9780 0.9916507186090978 0.9942616533994505
o 9790 0.9970194794753219 0.9984899558577263
o 9800 0.9987357880946652 0.999611282711117
o 9810 0.9981372773655336 0.9992509263546009
o 9820 0.9862969060507 0.9896975494321776
o 9830 0.9961886593866747 0.9978814063409817
o 9840 0.9825690622253582 0.9864267365227166
o 9850 0.6993067958012468 0.7135036189494737
o 9860 0.9938283007060976 0.9960430923297887
o 9870 0.9906487819325005 0.9934240043293557
o 9880 0.9887015770536661 0.9917719760749888
o 9890 0.9433032035158891 0.9503058575670491
o 9900 0.9956877226395184 0.9975026664820278
o 9910 0.9983337061651681 0.9993741869624272
o 9920 0.9981128936006963 0.9992353457234481
o 9930 0.9998341327646891 1
o 9940 0.9544585678542855 0.9607467752113908
o 9950 0.9987357880946652 0.999611282711117
o 9960 0.9700311083728483 0.9751290075803772
o 9970 0.9844185198449767 0.9880566188032942
o 9980 0.9562605618870376 0.9624241792698636
o 9990 0.9992130705901301 0.9998523473218889
