0.0 0.0 0.0
0.2 0.0642704411732684 0.32542366214351937
0.2 0.19909597511938448 0.038426399790352506
0.2 0.33392150906550055 0.1329934953548823
0.4 0.20325292696925948 0.5380316379180201
0.4 0.39960902986590896 0.10628775012795635
0.4 0.5959651327625584 0.2851200459377521
0.6 0.40403479067217213 0.7133079690324254
0.6 0.6003909254686017 0.229754573248654
0.6 0.7967470602650314 0.45997038110387806
0.8 0.6660792068402224 0.8659605146200513
0.8 0.8009043612835374 0.4698902866606368
0.8 0.9357295157268525 0.6716843653940459
1.0 1.0 1.0
