0 0.0001068115234375
10 252.57642889022827
20 2.86102294921875e-05
30 265.91956090927124
40 2.4557113647460938e-05
50 266.3969552516937
60 253.3426148891449
70 3.528594970703125e-05
80 266.7828993797302
90 254.1836395263672
100 215.179851770401
110 2.3365020751953125e-05
120 266.26682329177856
130 2.4080276489257812e-05
140 1.8358230590820312e-05
150 2.1219253540039062e-05
160 240.4230239391327
170 253.58774256706238
180 265.5696840286255
190 227.82389855384827
200 3.314018249511719e-05
210 1.621246337890625e-05
220 2.2649765014648438e-05
230 266.55726170539856
240 2.9087066650390625e-05
250 9.655952453613281e-05
260 1.3113021850585938e-05
270 1.0728836059570312e-05
280 252.59972071647644
290 2.6464462280273438e-05
300 254.5897445678711
310 2.8133392333984375e-05
320 1.7642974853515625e-05
330 254.83157587051392
340 2.8133392333984375e-05
350 268.1067171096802
360 216.10097932815552
370 2.384185791015625e-05
380 254.56978344917297
390 2.7179718017578125e-05
400 267.2066307067871
410 2.5272369384765625e-05
420 229.4678521156311
430 2.4318695068359375e-05
440 254.43823885917664
450 2.4318695068359375e-05
460 267.4738132953644
470 4.1484832763671875e-05
480 1.8835067749023438e-05
490 2.1696090698242188e-05
500 0.00010776519775390625
510 251.27142977714539
520 253.3924150466919
530 240.93060207366943
540 2.5033950805664062e-05
550 3.075599670410156e-05
560 266.05350637435913
570 253.5702359676361
580 2.4318695068359375e-05
590 266.1458749771118
600 254.14228749275208
610 266.4295172691345
620 2.288818359375e-05
630 2.3126602172851562e-05
640 1.6927719116210938e-05
650 266.2035768032074
660 2.6941299438476562e-05
670 266.20752024650574
680 265.4848647117615
690 2.5272369384765625e-05
700 266.01310777664185
710 2.4080276489257812e-05
720 1.71661376953125e-05
730 1.6689300537109375e-05
740 1.6450881958007812e-05
750 250.92249250411987
760 2.47955322265625e-05
770 240.62839674949646
780 252.721107006073
790 2.288818359375e-05
800 2.1696090698242188e-05
810 1.6689300537109375e-05
820 1.6927719116210938e-05
830 252.57515144348145
840 2.6464462280273438e-05
850 1.9311904907226562e-05
860 265.3541581630707
870 3.0517578125e-05
880 2.3126602172851562e-05
890 265.99431896209717
900 2.3365020751953125e-05
910 3.4332275390625e-05
920 1.6927719116210938e-05
930 265.2358720302582
940 265.6192214488983
950 2.5987625122070312e-05
960 2.2649765014648438e-05
970 1.8358230590820312e-05
980 1.6450881958007812e-05
990 252.51013588905334
1000 251.00897026062012
1010 2.7894973754882812e-05
1020 265.65682435035706
1030 2.384185791015625e-05
1040 1.5974044799804688e-05
1050 1.6689300537109375e-05
1060 265.9787721633911
1070 4.100799560546875e-05
1080 2.2649765014648438e-05
1090 1.7404556274414062e-05
1100 1.6450881958007812e-05
1110 1.8596649169921875e-05
1120 1.6450881958007812e-05
1130 1.621246337890625e-05
1140 241.09004426002502
1150 3.361701965332031e-05
1160 1.4543533325195312e-05
1170 178.6168668270111
1180 1.8596649169921875e-05
1190 154.74579572677612
1200 146.02626061439514
1210 139.6868588924408
1220 2.1219253540039062e-05
1230 138.13040804862976
1240 1.71661376953125e-05
1250 238.45809888839722
1260 3.4809112548828125e-05
1270 1.5497207641601562e-05
1280 1.6927719116210938e-05
1290 265.68364548683167
1300 2.5510787963867188e-05
1310 266.04441690444946
1320 2.384185791015625e-05
1330 1.5735626220703125e-05
1340 265.49709010124207
1350 2.5033950805664062e-05
1360 253.1534447669983
1370 265.60987305641174
1380 4.172325134277344e-05
1390 265.62178349494934
1400 240.64221501350403
1410 265.6252336502075
1420 3.266334533691406e-05
1430 1.621246337890625e-05
1440 241.25802206993103
1450 2.5272369384765625e-05
1460 265.7450416088104
1470 3.457069396972656e-05
1480 110.35274934768677
1490 266.06224846839905
1500 9.560585021972656e-05
1510 1.2159347534179688e-05
1520 238.94050908088684
1530 2.4080276489257812e-05
1540 266.4566795825958
1550 215.11304545402527
1560 266.6561028957367
1570 242.07519507408142
1580 2.574920654296875e-05
1590 1.9788742065429688e-05
1600 1.8596649169921875e-05
1610 1.6927719116210938e-05
1620 1.71661376953125e-05
1630 241.4688744544983
1640 2.5510787963867188e-05
1650 2.1219253540039062e-05
1660 1.71661376953125e-05
1670 1.6450881958007812e-05
1680 1.7642974853515625e-05
1690 1.5974044799804688e-05
1700 1.5974044799804688e-05
1710 1.6450881958007812e-05
1720 1.6450881958007812e-05
1730 1.6927719116210938e-05
1740 1.5974044799804688e-05
1750 251.66950464248657
1760 2.4318695068359375e-05
1770 1.6450881958007812e-05
1780 228.33500289916992
1790 2.3365020751953125e-05
1800 1.9311904907226562e-05
1810 1.621246337890625e-05
1820 1.5974044799804688e-05
1830 1.5974044799804688e-05
1840 1.621246337890625e-05
1850 1.621246337890625e-05
1860 266.7605893611908
1870 254.15102338790894
1880 266.96448254585266
1890 242.12227702140808
1900 266.63572239875793
1910 2.384185791015625e-05
1920 267.0243809223175
1930 2.8371810913085938e-05
1940 1.7642974853515625e-05
1950 1.8358230590820312e-05
1960 1.621246337890625e-05
1970 266.80395913124084
1980 3.886222839355469e-05
1990 1.6927719116210938e-05
2000 200.3682119846344
2010 2.384185791015625e-05
2020 266.5760316848755
2030 2.4557113647460938e-05
2040 1.7881393432617188e-05
2050 2.09808349609375e-05
2060 1.811981201171875e-05
2070 1.5974044799804688e-05
2080 254.18764567375183
2090 266.7527072429657
2100 2.574920654296875e-05
2110 1.7642974853515625e-05
2120 1.6450881958007812e-05
2130 266.94429183006287
2140 3.123283386230469e-05
2150 266.7352466583252
2160 2.7894973754882812e-05
2170 2.1457672119140625e-05
2180 1.6927719116210938e-05
2190 254.04962706565857
2200 2.9325485229492188e-05
2210 1.7642974853515625e-05
2220 267.2176585197449
2230 2.4318695068359375e-05
2240 2.1457672119140625e-05
2250 9.036064147949219e-05
2260 199.61347579956055
2270 253.90901255607605
2280 2.6226043701171875e-05
2290 253.2380940914154
2300 2.4318695068359375e-05
2310 253.20755887031555
2320 2.3603439331054688e-05
2330 3.457069396972656e-05
2340 265.98354053497314
2350 2.5987625122070312e-05
2360 252.88303112983704
2370 227.63409733772278
2380 266.15903520584106
2390 2.3126602172851562e-05
2400 265.8099081516266
2410 266.22720766067505
2420 2.4318695068359375e-05
2430 253.41105580329895
2440 253.55237293243408
2450 266.20650839805603
2460 266.4119291305542
2470 2.8371810913085938e-05
2480 266.06275272369385
2490 2.3126602172851562e-05
2500 228.39231419563293
2510 254.14577460289001
2520 241.71002984046936
2530 267.07802748680115
2540 2.288818359375e-05
2550 253.93013048171997
2560 241.80648612976074
2570 254.2125494480133
2580 2.6941299438476562e-05
2590 1.811981201171875e-05
2600 2.1219253540039062e-05
2610 1.8835067749023438e-05
2620 228.73969173431396
2630 2.5987625122070312e-05
2640 2.2411346435546875e-05
2650 1.6927719116210938e-05
2660 1.71661376953125e-05
2670 241.68717408180237
2680 2.7418136596679688e-05
2690 1.8358230590820312e-05
2700 266.6933345794678
2710 2.7418136596679688e-05
2720 1.7881393432617188e-05
2730 266.9224283695221
2740 254.09180784225464
2750 161.40864658355713
2760 146.06198501586914
2770 1.8358230590820312e-05
2780 1.5735626220703125e-05
2790 1.239776611328125e-05
2800 1.0728836059570312e-05
2810 1.0728836059570312e-05
2820 1.1682510375976562e-05
2830 161.18204545974731
2840 2.2172927856445312e-05
2850 1.1682510375976562e-05
2860 1.5974044799804688e-05
2870 1.4781951904296875e-05
2880 1.049041748046875e-05
2890 153.5248830318451
2900 2.288818359375e-05
2910 1.5735626220703125e-05
2920 1.1205673217773438e-05
2930 1.0728836059570312e-05
2940 1.1682510375976562e-05
2950 1.0967254638671875e-05
2960 161.34237432479858
2970 1.6927719116210938e-05
2980 1.1205673217773438e-05
2990 153.91074466705322
3000 2.956390380859375e-05
3010 267.1828954219818
3020 267.3945369720459
3030 228.4166955947876
3040 2.765655517578125e-05
3050 241.98690843582153
3060 266.9621322154999
3070 2.8371810913085938e-05
3080 1.7404556274414062e-05
3090 267.03594160079956
3100 3.075599670410156e-05
3110 1.8835067749023438e-05
3120 1.6927719116210938e-05
3130 1.7404556274414062e-05
3140 1.9073486328125e-05
3150 1.621246337890625e-05
3160 1.6450881958007812e-05
3170 242.04840803146362
3180 2.6226043701171875e-05
3190 1.811981201171875e-05
3200 1.5974044799804688e-05
3210 2.1457672119140625e-05
3220 215.625581741333
3230 2.6702880859375e-05
3240 2.0265579223632812e-05
3250 3.075599670410156e-05
3260 254.58721899986267
3270 2.9325485229492188e-05
3280 1.8358230590820312e-05
3290 1.9073486328125e-05
3300 253.93532943725586
3310 267.1278579235077
3320 3.361701965332031e-05
3330 1.6689300537109375e-05
3340 241.92942833900452
3350 3.314018249511719e-05
3360 1.5735626220703125e-05
3370 1.8835067749023438e-05
3380 254.13280129432678
3390 2.3126602172851562e-05
3400 1.7642974853515625e-05
3410 254.30274176597595
3420 4.1961669921875e-05
3430 2.2411346435546875e-05
3440 1.71661376953125e-05
3450 1.6689300537109375e-05
3460 1.8358230590820312e-05
3470 228.24306273460388
3480 3.170967102050781e-05
3490 1.8835067749023438e-05
3500 265.59578037261963
3510 2.3603439331054688e-05
3520 265.110808134079
3530 265.52887630462646
3540 265.21439385414124
3550 2.5033950805664062e-05
3560 1.71661376953125e-05
3570 1.6450881958007812e-05
3580 1.621246337890625e-05
3590 265.4518828392029
3600 2.9325485229492188e-05
3610 240.56732296943665
3620 252.6340754032135
3630 2.7179718017578125e-05
3640 1.8358230590820312e-05
3650 1.8596649169921875e-05
3660 1.6689300537109375e-05
3670 252.6523072719574
3680 2.288818359375e-05
3690 252.78230810165405
3700 2.3126602172851562e-05
3710 252.91592979431152
3720 3.266334533691406e-05
3730 253.2210602760315
3740 265.22711396217346
3750 2.6702880859375e-05
3760 2.09808349609375e-05
3770 265.7567045688629
3780 2.7418136596679688e-05
3790 240.35351753234863
3800 265.0964753627777
3810 2.3365020751953125e-05
3820 252.24755954742432
3830 253.03969359397888
3840 2.5510787963867188e-05
3850 265.63435339927673
3860 2.7418136596679688e-05
3870 2.1696090698242188e-05
3880 1.9073486328125e-05
3890 266.19366979599
3900 2.4318695068359375e-05
3910 1.7881393432617188e-05
3920 1.7404556274414062e-05
3930 2.1219253540039062e-05
3940 214.01815557479858
3950 264.85215616226196
3960 2.4080276489257812e-05
3970 1.7881393432617188e-05
3980 1.6450881958007812e-05
3990 240.52918362617493
4000 1.9311904907226562e-05
4010 146.21355605125427
4020 154.149418592453
4030 153.68899035453796
4040 160.9725136756897
4050 1.9073486328125e-05
4060 137.74654364585876
4070 1.8358230590820312e-05
4080 145.5700707435608
4090 1.7404556274414062e-05
4100 1.8358230590820312e-05
4110 161.68813800811768
4120 1.8596649169921875e-05
4130 1.3589859008789062e-05
4140 1.2159347534179688e-05
4150 162.32408714294434
4160 2.765655517578125e-05
4170 1.7404556274414062e-05
4180 153.70004653930664
4190 2.1696090698242188e-05
4200 1.4543533325195312e-05
4210 1.3828277587890625e-05
4220 1.4543533325195312e-05
4230 145.74917197227478
4240 1.71661376953125e-05
4250 2.6464462280273438e-05
4260 265.7148587703705
4270 266.47472977638245
4280 240.60326838493347
4290 253.1336374282837
4300 265.738112449646
4310 2.6226043701171875e-05
4320 1.5974044799804688e-05
4330 2.0503997802734375e-05
4340 253.19186758995056
4350 253.17676210403442
4360 240.77798008918762
4370 2.7418136596679688e-05
4380 265.77456974983215
4390 3.218650817871094e-05
4400 1.8835067749023438e-05
4410 240.66811800003052
4420 2.3126602172851562e-05
4430 264.75064730644226
4440 2.4557113647460938e-05
4450 239.66787099838257
4460 213.3620536327362
4470 263.91036915779114
4480 264.64198422431946
4490 2.5510787963867188e-05
4500 253.27352142333984
4510 266.2137825489044
4520 2.4318695068359375e-05
4530 1.7881393432617188e-05
4540 265.8914215564728
4550 2.7418136596679688e-05
4560 266.41157698631287
4570 228.14244198799133
4580 241.36059546470642
4590 2.4318695068359375e-05
4600 1.8358230590820312e-05
4610 228.55857181549072
4620 2.6226043701171875e-05
4630 241.1933798789978
4640 2.7418136596679688e-05
4650 233.3351092338562
4660 1.7404556274414062e-05
4670 153.70437359809875
4680 2.2172927856445312e-05
4690 1.52587890625e-05
4700 122.14023232460022
4710 1.6450881958007812e-05
4720 152.99258613586426
4730 1.9073486328125e-05
4740 129.36461186408997
4750 3.075599670410156e-05
4760 240.3362283706665
4770 253.26759672164917
4780 266.3105022907257
4790 2.4318695068359375e-05
4800 2.288818359375e-05
4810 1.9073486328125e-05
4820 1.7881393432617188e-05
4830 1.621246337890625e-05
4840 1.8835067749023438e-05
4850 1.621246337890625e-05
4860 1.7881393432617188e-05
4870 215.53431725502014
4880 2.5510787963867188e-05
4890 2.3126602172851562e-05
4900 1.7404556274414062e-05
4910 253.26997256278992
4920 265.8124508857727
4930 254.3240315914154
4940 241.15085697174072
4950 266.3356463909149
4960 2.6464462280273438e-05
4970 1.7404556274414062e-05
4980 1.6927719116210938e-05
4990 1.621246337890625e-05
5000 3.3855438232421875e-05
5010 266.5455982685089
5020 266.7053461074829
5030 266.3465242385864
5040 266.11773586273193
5050 2.4557113647460938e-05
5060 266.51696586608887
5070 2.3603439331054688e-05
5080 2.2172927856445312e-05
5090 1.71661376953125e-05
5100 266.04104924201965
5110 2.7418136596679688e-05
5120 228.13410305976868
5130 2.3126602172851562e-05
5140 264.78454184532166
5150 2.2411346435546875e-05
5160 202.33962416648865
5170 159.36489510536194
5180 1.71661376953125e-05
5190 1.0967254638671875e-05
5200 1.3828277587890625e-05
5210 159.40024423599243
5220 159.44022679328918
5230 1.6927719116210938e-05
5240 1.2874603271484375e-05
5250 267.66975235939026
5260 2.9325485229492188e-05
5270 2.0265579223632812e-05
5280 1.7642974853515625e-05
5290 1.6689300537109375e-05
5300 254.6861355304718
5310 229.2256772518158
5320 2.8133392333984375e-05
5330 3.790855407714844e-05
5340 1.7404556274414062e-05
5350 1.9311904907226562e-05
5360 1.7881393432617188e-05
5370 1.6689300537109375e-05
5380 1.621246337890625e-05
5390 1.8596649169921875e-05
5400 254.7673215866089
5410 2.4557113647460938e-05
5420 254.69561076164246
5430 267.2294645309448
5440 2.765655517578125e-05
5450 1.811981201171875e-05
5460 214.14348101615906
5470 2.956390380859375e-05
5480 152.75250935554504
5490 1.811981201171875e-05
5500 241.00626921653748
5510 228.49319195747375
5520 2.7418136596679688e-05
5530 1.71661376953125e-05
5540 1.6927719116210938e-05
5550 215.20105814933777
5560 2.384185791015625e-05
5570 266.60032773017883
5580 2.47955322265625e-05
5590 1.6450881958007812e-05
5600 1.9311904907226562e-05
5610 1.52587890625e-05
5620 1.811981201171875e-05
5630 2.4318695068359375e-05
5640 1.6689300537109375e-05
5650 1.621246337890625e-05
5660 266.8817584514618
5670 2.4080276489257812e-05
5680 1.8358230590820312e-05
5690 253.56838822364807
5700 210.77936720848083
5710 1.621246337890625e-05
5720 1.7404556274414062e-05
5730 9.775161743164062e-06
5740 1.0728836059570312e-05
5750 1.71661376953125e-05
5760 162.27289748191833
5770 2.002716064453125e-05
5780 2.384185791015625e-05
5790 163.0750391483307
5800 1.6927719116210938e-05
5810 161.3198583126068
5820 1.6689300537109375e-05
5830 1.0728836059570312e-05
5840 1.3113021850585938e-05
5850 9.5367431640625e-06
5860 9.775161743164062e-06
5870 154.48904371261597
5880 153.65207266807556
5890 1.7881393432617188e-05
5900 146.09260892868042
5910 1.811981201171875e-05
5920 1.9073486328125e-05
5930 1.430511474609375e-05
5940 1.3828277587890625e-05
5950 122.72753405570984
5960 1.8358230590820312e-05
5970 161.9433994293213
5980 2.193450927734375e-05
5990 146.17798256874084
6000 3.0994415283203125e-05
6010 1.9073486328125e-05
6020 254.26662802696228
6030 2.3603439331054688e-05
6040 3.0994415283203125e-05
6050 1.71661376953125e-05
6060 1.6927719116210938e-05
6070 1.621246337890625e-05
6080 242.40413618087769
6090 266.843896150589
6100 240.06945323944092
6110 1.9311904907226562e-05
6120 1.430511474609375e-05
6130 1.1444091796875e-05
6140 161.4360067844391
6150 2.09808349609375e-05
6160 1.4781951904296875e-05
6170 160.53489565849304
6180 1.6689300537109375e-05
6190 1.1682510375976562e-05
6200 145.10403394699097
6210 1.7642974853515625e-05
6220 1.0967254638671875e-05
6230 1.0967254638671875e-05
6240 9.5367431640625e-06
6250 3.170967102050781e-05
6260 2.0265579223632812e-05
6270 1.811981201171875e-05
6280 1.621246337890625e-05
6290 1.6450881958007812e-05
6300 1.6689300537109375e-05
6310 2.09808349609375e-05
6320 1.8596649169921875e-05
6330 227.09335494041443
6340 252.05225658416748
6350 2.956390380859375e-05
6360 251.76033186912537
6370 2.3365020751953125e-05
6380 1.5974044799804688e-05
6390 2.1696090698242188e-05
6400 1.6927719116210938e-05
6410 263.0242133140564
6420 262.9391188621521
6430 137.25094962120056
6440 1.71661376953125e-05
6450 2.09808349609375e-05
6460 1.1920928955078125e-05
6470 9.298324584960938e-06
6480 158.91599893569946
6490 1.621246337890625e-05
6500 3.0040740966796875e-05
6510 1.7881393432617188e-05
6520 1.7404556274414062e-05
6530 1.7404556274414062e-05
6540 265.36779141426086
6550 251.15306949615479
6560 263.3574175834656
6570 3.6716461181640625e-05
6580 1.811981201171875e-05
6590 1.6927719116210938e-05
6600 2.1457672119140625e-05
6610 263.22222661972046
6620 180.01040410995483
6630 136.08152508735657
6640 1.7642974853515625e-05
6650 136.40048241615295
6660 158.9530589580536
6670 1.3828277587890625e-05
6680 151.14115166664124
6690 151.40485405921936
6700 152.94253373146057
6710 129.68039464950562
6720 160.11505460739136
6730 2.1696090698242188e-05
6740 1.049041748046875e-05
6750 2.5510787963867188e-05
6760 252.66695284843445
6770 214.01678228378296
6780 2.1696090698242188e-05
6790 2.5272369384765625e-05
6800 158.5008397102356
6810 159.28730058670044
6820 2.0742416381835938e-05
6830 1.7642974853515625e-05
6840 150.94189381599426
6850 150.7679407596588
6860 2.09808349609375e-05
6870 150.92931461334229
6880 1.9788742065429688e-05
6890 137.0086669921875
6900 127.92919969558716
6910 150.54961776733398
6920 1.71661376953125e-05
6930 1.0251998901367188e-05
6940 1.3589859008789062e-05
6950 1.0013580322265625e-05
6960 9.775161743164062e-06
6970 151.09216141700745
6980 1.6450881958007812e-05
6990 1.6450881958007812e-05
7000 2.002716064453125e-05
7010 2.8848648071289062e-05
7020 1.3113021850585938e-05
7030 154.3103425502777
7040 2.09808349609375e-05
7050 1.5020370483398438e-05
7060 153.30719780921936
7070 1.7881393432617188e-05
7080 1.4781951904296875e-05
7090 106.01990842819214
7100 1.6927719116210938e-05
7110 1.1682510375976562e-05
7120 151.83259224891663
7130 2.2172927856445312e-05
7140 151.8370077610016
7150 1.8358230590820312e-05
7160 144.5623083114624
7170 159.2737855911255
7180 1.9788742065429688e-05
7190 1.2636184692382812e-05
7200 1.1205673217773438e-05
7210 1.0728836059570312e-05
7220 159.0615804195404
7230 159.41104364395142
7240 1.9550323486328125e-05
7250 1.6450881958007812e-05
7260 1.0013580322265625e-05
7270 152.3020944595337
7280 151.7653453350067
7290 1.7404556274414062e-05
7300 1.0728836059570312e-05
7310 1.33514404296875e-05
7320 9.298324584960938e-06
7330 89.99850249290466
7340 1.7404556274414062e-05
7350 1.33514404296875e-05
7360 1.430511474609375e-05
7370 1.0728836059570312e-05
7380 159.7816023826599
7390 1.7404556274414062e-05
7400 152.73125982284546
7410 1.7642974853515625e-05
7420 1.2636184692382812e-05
7430 129.69520378112793
7440 130.30189085006714
7450 1.8358230590820312e-05
7460 1.2159347534179688e-05
7470 9.5367431640625e-06
7480 9.298324584960938e-06
7490 145.24162316322327
7500 1.7881393432617188e-05
7510 160.91279220581055
7520 137.43214893341064
7530 1.6689300537109375e-05
7540 1.71661376953125e-05
7550 160.4672360420227
7560 2.288818359375e-05
7570 1.3589859008789062e-05
7580 160.53370594978333
7590 2.002716064453125e-05
7600 1.049041748046875e-05
7610 152.33586168289185
7620 1.7881393432617188e-05
7630 1.4066696166992188e-05
7640 160.88353991508484
7650 1.7642974853515625e-05
7660 1.0728836059570312e-05
7670 145.51849722862244
7680 1.7642974853515625e-05
7690 1.5497207641601562e-05
7700 1.2636184692382812e-05
7710 1.1205673217773438e-05
7720 144.64587926864624
7730 1.7642974853515625e-05
7740 129.11126804351807
7750 1.5020370483398438e-05
7760 1.0013580322265625e-05
7770 1.4781951904296875e-05
7780 9.5367431640625e-06
7790 152.8787202835083
7800 159.95997142791748
7810 2.002716064453125e-05
7820 1.5735626220703125e-05
7830 1.1205673217773438e-05
7840 1.0728836059570312e-05
7850 1.1444091796875e-05
7860 1.3589859008789062e-05
7870 1.0251998901367188e-05
7880 137.39584064483643
7890 159.83282136917114
7900 2.193450927734375e-05
7910 1.2636184692382812e-05
7920 1.1444091796875e-05
7930 1.1444091796875e-05
7940 1.1920928955078125e-05
7950 1.2636184692382812e-05
7960 160.69107961654663
7970 152.4892201423645
7980 1.8358230590820312e-05
7990 152.13288950920105
8000 159.8867928981781
8010 1.6689300537109375e-05
8020 146.0076560974121
8030 1.7642974853515625e-05
8040 129.83663606643677
8050 138.0099630355835
8060 153.159441947937
8070 160.77631759643555
8080 1.7642974853515625e-05
8090 1.0728836059570312e-05
8100 9.775161743164062e-06
8110 1.0728836059570312e-05
8120 1.2159347534179688e-05
8130 160.6538553237915
8140 1.4781951904296875e-05
8150 160.11775135993958
8160 160.05092310905457
8170 145.3291563987732
8180 1.8358230590820312e-05
8190 1.0013580322265625e-05
8200 9.775161743164062e-06
8210 1.2636184692382812e-05
8220 145.44869351387024
8230 2.002716064453125e-05
8240 1.1444091796875e-05
8250 151.8019576072693
8260 158.76259922981262
8270 158.56121826171875
8280 2.6941299438476562e-05
8290 1.0251998901367188e-05
8300 9.775161743164062e-06
8310 1.1205673217773438e-05
8320 1.0013580322265625e-05
8330 1.239776611328125e-05
8340 136.38810658454895
8350 1.8596649169921875e-05
8360 158.3169105052948
8370 1.811981201171875e-05
8380 159.17390418052673
8390 158.61148929595947
8400 2.5272369384765625e-05
8410 1.049041748046875e-05
8420 9.775161743164062e-06
8430 158.2723388671875
8440 135.8776843547821
8450 1.3828277587890625e-05
8460 1.2159347534179688e-05
8470 9.775161743164062e-06
8480 134.88671445846558
8490 1.4781951904296875e-05
8500 144.02564215660095
8510 1.9311904907226562e-05
8520 1.0728836059570312e-05
8530 9.5367431640625e-06
8540 128.99232363700867
8550 2.1219253540039062e-05
8560 158.99460124969482
8570 150.92454934120178
8580 1.4543533325195312e-05
8590 158.92390513420105
8600 145.09933972358704
8610 151.35431265830994
8620 1.7642974853515625e-05
8630 158.84058570861816
8640 1.9311904907226562e-05
8650 1.0728836059570312e-05
8660 1.1920928955078125e-05
8670 1.239776611328125e-05
8680 9.5367431640625e-06
8690 152.01900172233582
8700 158.40237760543823
8710 141.56649541854858
8720 1.4781951904296875e-05
8730 9.059906005859375e-06
8740 7.867813110351562e-06
8750 160.6253457069397
8760 160.70440220832825
8770 1.9073486328125e-05
8780 161.65185928344727
8790 1.71661376953125e-05
8800 1.6450881958007812e-05
8810 1.0013580322265625e-05
8820 160.56052541732788
8830 3.266334533691406e-05
8840 1.621246337890625e-05
8850 152.002286195755
8860 2.1696090698242188e-05
8870 1.1920928955078125e-05
8880 159.7008581161499
8890 2.09808349609375e-05
8900 1.2159347534179688e-05
8910 1.0728836059570312e-05
8920 1.1444091796875e-05
8930 159.5757954120636
8940 1.3828277587890625e-05
8950 158.01187300682068
8960 1.621246337890625e-05
8970 148.77805352210999
8980 1.71661376953125e-05
8990 9.775161743164062e-06
9000 3.24249267578125e-05
9010 155.69276189804077
9020 152.74345779418945
9030 152.65712976455688
9040 1.430511474609375e-05
9050 9.059906005859375e-06
9060 8.106231689453125e-06
9070 145.33427667617798
9080 1.6450881958007812e-05
9090 1.2159347534179688e-05
9100 1.1205673217773438e-05
9110 1.4781951904296875e-05
9120 1.0967254638671875e-05
9130 1.1682510375976562e-05
9140 145.3435139656067
9150 160.17709970474243
9160 160.11429905891418
9170 1.7642974853515625e-05
9180 1.7642974853515625e-05
9190 151.94238376617432
9200 1.71661376953125e-05
9210 103.8924663066864
9220 1.7642974853515625e-05
9230 9.059906005859375e-06
9240 156.00177383422852
9250 1.621246337890625e-05
9260 159.3997242450714
9270 158.73122024536133
9280 1.430511474609375e-05
9290 8.821487426757812e-06
9300 152.6649055480957
9310 1.7881393432617188e-05
9320 160.43449449539185
9330 145.71412897109985
9340 159.42081785202026
9350 159.96482467651367
9360 1.7404556274414062e-05
9370 1.1444091796875e-05
9380 149.1263747215271
9390 1.6927719116210938e-05
9400 141.39963459968567
9410 1.7404556274414062e-05
9420 155.8651988506317
9430 155.0719940662384
9440 1.6689300537109375e-05
9450 9.775161743164062e-06
9460 8.106231689453125e-06
9470 9.059906005859375e-06
9480 2.3126602172851562e-05
9490 155.04471588134766
9500 144.13635396957397
9510 151.478919506073
9520 152.97188925743103
9530 1.9550323486328125e-05
9540 160.02885460853577
9550 151.9870491027832
9560 1.4543533325195312e-05
9570 1.239776611328125e-05
9580 144.05037450790405
9590 158.3859748840332
9600 155.68222308158875
9610 1.3828277587890625e-05
9620 8.821487426757812e-06
9630 155.09718680381775
9640 1.4781951904296875e-05
9650 1.1444091796875e-05
9660 9.059906005859375e-06
9670 140.41697096824646
9680 155.03683233261108
9690 1.4066696166992188e-05
9700 1.1920928955078125e-05
9710 8.106231689453125e-06
9720 8.344650268554688e-06
9730 9.298324584960938e-06
9740 1.049041748046875e-05
9750 2.1457672119140625e-05
9760 152.58351302146912
9770 1.8596649169921875e-05
9780 1.0251998901367188e-05
9790 9.5367431640625e-06
9800 1.3828277587890625e-05
9810 145.63278579711914
9820 2.0265579223632812e-05
9830 1.049041748046875e-05
9840 9.298324584960938e-06
9850 1.1682510375976562e-05
9860 1.0251998901367188e-05
9870 144.9514307975769
9880 159.47230648994446
9890 159.27150630950928
9900 1.52587890625e-05
9910 9.5367431640625e-06
9920 1.239776611328125e-05
9930 8.344650268554688e-06
9940 1.0251998901367188e-05
9950 7.867813110351562e-06
9960 1.0013580322265625e-05
9970 9.298324584960938e-06
9980 1.239776611328125e-05
9990 1.1682510375976562e-05
