0 0.0 0.0 0.0
50 0.0 0.0 0.0
100 0.5 0.11227220731210819 0.2895645074442307
150 0.46544262868429553 0.0 0.0
200 0.0 0.0 0.0
250 0.0 0.0 0.0
300 0.07 0.010148625862843055 0.169563790458448
350 0.0 0.0 0.0
400 0.81 0.017234504402649953 0.021739725679740547
450 0.87 0.04087233461024076 0.04929558657414639
500 0.87 0.04087233461024076 0.04929558657414639
550 0.56 0.0384418997320336 0.07370588188024095
600 0.0 0.0 0.0
650 0.87 0.04087233461024076 0.04929558657414639
700 0.87 0.04087233461024076 0.04929558657414639
750 0.67 0.06919322408728201 0.1151671832964381
800 0.81 0.008331491220133103 0.010392688659822206
850 0.7000000000000001 0.03132817605340554 0.04685134759903935
900 0.35123496689854894 0.0 0.0
950 0.87 0.04087233461024076 0.04929558657414639
1000 0.39 0.04969907446636024 0.14604448809072468
1050 0.45 0.04478751366070888 0.11052846388155856
1100 0.0 0.0 0.0
1150 0.0 0.0 0.0
1200 0.87 0.04087233461024076 0.04929558657414639
1250 0.87 0.04087233461024076 0.04929558657414639
1300 0.0 0.0 0.0
1350 0.87 0.04087233461024076 0.04929558657414639
1400 0.0 0.0 0.0
1450 0.87 0.04087233461024076 0.04929558657414639
1500 0.71 0.09962332327854884 0.16321613698226628
1550 0.0 0.0 0.0
1600 0.0 0.0 0.0
1650 0.0 0.0 0.0
1700 0.0 0.0 0.0
1750 0.0 0.0 0.0
1800 0.0 0.0 0.0
1850 0.87 0.04087233461024076 0.04929558657414639
1900 0.0 0.0 0.0
1950 0.87 0.04087233461024076 0.04929558657414639
2000 0.0 0.0 0.0
2050 0.87 0.04087233461024076 0.04929558657414639
2100 0.0 0.0 0.0
2150 0.0 0.0 0.0
2200 0.87 0.04087233461024076 0.04929558657414639
2250 0.81 0.008331491220133103 0.010392688659822206
2300 0.0 0.0 0.0
2350 0.0 0.0 0.0
2400 0.0 0.0 0.0
2450 0.59 0.049801212864320044 0.09219053069034684
2500 0.37 0.059994003083684966 0.19352529847956498
2550 0.0 0.0 0.0
2600 0.0 0.0 0.0
2650 0.7000000000000001 0.06367026789393238 0.10005860905352036
2700 0.0 0.0 0.0
2750 0.64 0.027755516211387055 0.045334040479440375
2800 0.87 0.04087233461024076 0.04929558657414639
2850 0.0 0.0 0.0
2900 0.0 0.0 0.0
2950 0.0 0.0 0.0
3000 0.0 0.0 0.0
3050 0.87 0.04087233461024076 0.04929558657414639
3100 0.054373350730022835 0.0 0.0
3150 0.0 0.0 0.0
3200 0.87 0.04087233461024076 0.04929558657414639
3250 0.0 0.0 0.0
3300 0.0 0.0 0.0
3350 0.14 0.0067866380920862945 0.050945625835775304
3400 0.0 0.0 0.0
3450 0.28 0.09538130248523147 0.5166394507663638
3500 0.87 0.04087233461024076 0.04929558657414639
3550 0.87 0.04087233461024076 0.04929558657414639
3600 0.0 0.0 0.0
3650 0.0 0.0 0.0
3700 0.0 0.0 0.0
3750 0.41000000000000003 0.05293067139052138 0.14823639878744907
3800 0.47000000000000003 0.05357745063173874 0.12866126177129228
3850 0.7000000000000001 0.10320097627921532 0.17292417074646285
3900 0.64 0.11339990997204386 0.21534350661813156
3950 0.22 0.0051877697415021184 0.024150253154856822
4000 0.87 0.04087233461024076 0.04929558657414639
4050 0.67 0.12094445175627522 0.22027726000245823
4100 0.87 0.057054310493191984 0.07018219203278546
4150 0.4594273415344889 0.0 0.0
4200 0.0 0.0 0.0
4250 0.87 0.04087233461024076 0.04929558657414639
4300 0.005637021469340746 0.0 0.0
4350 0.87 0.04087233461024076 0.04929558657414639
4400 0.0 0.0 0.0
4450 0.87 0.04087233461024076 0.04929558657414639
4500 0.87 0.04087233461024076 0.04929558657414639
4550 0.0 0.0 0.0
4600 0.21 0.030745743336746262 0.1715202969740634
4650 0.16 0.006922040613854125 0.045219054667386654
4700 0.76 0.060730661747810055 0.08684874114401349
4750 0.62 0.015412026077967433 0.025491784062438138
4800 0.87 0.04087233461024076 0.04929558657414639
4850 0.87 0.04087233461024076 0.04929558657414639
4900 0.0 0.0 0.0
4950 0.87 0.04087233461024076 0.04929558657414639
5000 0.87 0.04087233461024076 0.04929558657414639
5050 0.87 0.04087233461024076 0.04929558657414639
5100 0.87 0.04087233461024076 0.04929558657414639
5150 0.0 0.0 0.0
5200 0.0 0.0 0.0
5250 0.0 0.0 0.0
5300 0.68 0.05041847696795576 0.08008252326901527
5350 0.08 0.0008155115171836064 0.010298879651922967
5400 0.0 0.0 0.0
5450 0.0 0.0 0.0
5500 0.64 0.08313923697039105 0.14929986540633755
5550 0.74 0.0480388695323517 0.06942423124241903
5600 0.45 0.029136425942666078 0.06923009673129099
5650 0.77 0.014933980612531927 0.019778377292950906
5700 0.0 0.0 0.0
5750 0.87 0.04087233461024076 0.04929558657414639
5800 0.87 0.057054310493191984 0.07018219203278546
5850 0.0 0.0 0.0
5900 0.87 0.04087233461024076 0.04929558657414639
5950 0.15 0.018634058244338975 0.14184847301592132
6000 0.0 0.0 0.0
6050 0.014988854559978405 0.0 0.0
6100 0.87 0.04087233461024076 0.04929558657414639
6150 0.0 0.0 0.0
6200 0.0 0.0 0.0
6250 0.0 0.0 0.0
6300 0.0 0.0 0.0
6350 0.87 0.04087233461024076 0.04929558657414639
6400 0.87 0.04087233461024076 0.04929558657414639
6450 0.87 0.04087233461024076 0.04929558657414639
6500 0.0 0.0 0.0
6550 0.52 0.12550806908880252 0.31815116927462617
6600 0.87 0.04087233461024076 0.04929558657414639
6650 0.87 0.04087233461024076 0.04929558657414639
6700 0.0 0.0 0.0
6750 0.87 0.057054310493191984 0.07018219203278546
6800 0.87 0.04087233461024076 0.04929558657414639
6850 0.0 0.0 0.0
6900 0.74 0.07032945467786211 0.10502097661176195
6950 0.87 0.04087233461024076 0.04929558657414639
7000 0.87 0.04087233461024076 0.04929558657414639
7050 0.87 0.04087233461024076 0.04929558657414639
7100 0.0 0.0 0.0
7150 0.67 0.09015946179809331 0.15549009746313877
7200 0.25 0.07106097190725291 0.3971239402866368
7250 0.0 0.0 0.0
7300 0.0 0.0 0.0
7350 0.74 0.0571036469577908 0.08361978608232701
7400 0.87 0.04087233461024076 0.04929558657414639
7450 0.0 0.0 0.0
7500 0.0 0.0 0.0
7550 0.66 0.10313923697039107 0.18521548620028563
7600 0.67 0.026975356350078417 0.04195073488468735
7650 0.0 0.0 0.0
7700 0.0 0.0 0.0
7750 0.0 0.0 0.0
7800 0.79 0.04214783839110048 0.05635851650201196
7850 0.07 0.0007226470516140254 0.010431216275720327
7900 0.44 0.04404657206794044 0.11124180007225055
7950 0.49 0.08560520540751804 0.21168720901510218
8000 0.78 0.0011255417681325097 0.0014450875314201675
8050 0.0 0.0 0.0
8100 0.87 0.057054310493191984 0.07018219203278546
8150 0.0 0.0 0.0
8200 0.0 0.0 0.0
8250 0.0 0.0 0.0
8300 0.0 0.0 0.0
8350 0.0 0.0 0.0
8400 0.0 0.0 0.0
8450 0.0 0.0 0.0
8500 0.0 0.0 0.0
8550 0.71 0.04973892473169772 0.07533220811401901
8600 0.0 0.0 0.0
8650 0.0 0.0 0.0
8700 0.55 0.06167561032347757 0.1263004912868123
8750 0.0 0.0 0.0
8800 0.87 0.04087233461024076 0.04929558657414639
8850 0.67 0.11387694833946493 0.20476933656937663
8900 0.87 0.04087233461024076 0.04929558657414639
8950 0.87 0.04087233461024076 0.04929558657414639
9000 0.0 0.0 0.0
9050 0.81 0.008331491220133103 0.010392688659822206
9100 0.0 0.0 0.0
9150 0.0 0.0 0.0
9200 0.0 0.0 0.0
9250 0.87 0.057054310493191984 0.07018219203278546
9300 0.0 0.0 0.0
9350 0.0 0.0 0.0
9400 0.0 0.0 0.0
9450 0.0 0.0 0.0
9500 0.8 0.031964602741942016 0.04161865827546225
9550 0.2 0.022865544484428346 0.12908580895724303
9600 0.0 0.0 0.0
9650 0.0 0.0 0.0
9700 0.0 0.0 0.0
9750 0.32 0.03828385551582708 0.13589514220395665
9800 0.0 0.0 0.0
9850 0.0 0.0 0.0
9900 0.71 0.09916047131833661 0.16233473222066758
9950 0.17 0.03354439244033258 0.24582641226865487
10000 0.0 0.0 0.0
10050 0.31 0.034991073679464024 0.12723613792332059
10100 0.18 0.034073670620052676 0.23349912770940265
10150 0.87 0.057054310493191984 0.07018219203278546
10200 0.87 0.04087233461024076 0.04929558657414639
10250 0.0 0.0 0.0
10300 0.23273564641022054 0.0 0.0
10350 0.33 0.038152668986905 0.13072817508546314
10400 0.29702007031415983 0.0 0.0
10450 0.0 0.0 0.0
10500 0.0 0.0 0.0
10550 0.87 0.04087233461024076 0.04929558657414639
10600 0.0 0.0 0.0
10650 0.0 0.0 0.0
10700 0.0 0.0 0.0
10750 0.35000000000000003 0.06611958044475424 0.23291349416893037
10800 0.6900000000000001 0.10622602707297757 0.18196430810432324
10850 0.87 0.04087233461024076 0.04929558657414639
10900 0.87 0.04087233461024076 0.04929558657414639
10950 0.45 0.07343645471556887 0.1950174296879955
11000 0.17 0.0339975216649164 0.24997722159998537
11050 0.87 0.04087233461024076 0.04929558657414639
11100 0.0 0.0 0.0
11150 0.71 0.09437987627974143 0.15330862758253205
11200 0.0 0.0 0.0
11250 0.0 0.0 0.0
11300 0.23 0.01739203694641736 0.08180331863691354
11350 0.75 0.04424477654123615 0.06269139082584672
11400 0.65 0.11976236327025802 0.22586545159052895
11450 0.87 0.04087233461024076 0.04929558657414639
11500 0.0 0.0 0.0
11550 0.0 0.0 0.0
11600 0.62 0.06934367464141766 0.12592913483062543
11650 0.78 0.058923066122312684 0.08171536677153995
11700 0.0 0.0 0.0
11750 0.0 0.0 0.0
11800 0.0 0.0 0.0
11850 0.0 0.0 0.0
11900 0.75 0.019589445725497923 0.026819773633960715
11950 0.87 0.04087233461024076 0.04929558657414639
12000 0.0 0.0 0.0
12050 0.09 0.014544016157071599 0.1927483470011721
12100 0.0 0.0 0.0
12150 0.72 0.08106234742816487 0.12687051248564682
12200 0.87 0.04087233461024076 0.04929558657414639
12250 0.39 0.032481512891907316 0.0908526805275018
12300 0.0 0.0 0.0
12350 0.87 0.04087233461024076 0.04929558657414639
12400 0.0 0.0 0.0
12450 0.0 0.0 0.0
12500 0.03 0.0003095223105904661 0.010424969036482408
12550 0.87 0.04087233461024076 0.04929558657414639
12600 0.62 0.01279104962016353 0.02106531798018154
12650 0.22 0.021277579584315837 0.1070718620466063
12700 0.0 0.0 0.0
12750 0.81 0.008331491220133103 0.010392688659822206
12800 0.75 0.011510034261964175 0.015585904746127754
12850 0.0 0.0 0.0
12900 0.0 0.0 0.0
12950 0.0 0.0 0.0
13000 0.0 0.0 0.0
13050 0.46 0.11646714090862226 0.33902765871267837
13100 0.87 0.04087233461024076 0.04929558657414639
13150 0.87 0.04087233461024076 0.04929558657414639
13200 0.38 0.048587476744525016 0.1466072442503041
13250 0.0 0.0 0.0
13300 0.0 0.0 0.0
13350 0.87 0.04087233461024076 0.04929558657414639
13400 0.87 0.04087233461024076 0.04929558657414639
13450 0.0 0.0 0.0
13500 0.8 0.04094449486850282 0.05394137133806794
13550 0.0 0.0 0.0
13600 0.0 0.0 0.0
13650 0.8 0.03664204808901772 0.04800113498167983
13700 0.0 0.0 0.0
13750 0.87 0.04087233461024076 0.04929558657414639
13800 0.87 0.057054310493191984 0.07018219203278546
13850 0.87 0.04087233461024076 0.04929558657414639
13900 0.87 0.04087233461024076 0.04929558657414639
13950 0.62 0.0512727902550113 0.09015357341176182
14000 0.87 0.04087233461024076 0.04929558657414639
14050 0.0 0.0 0.0
14100 0.0 0.0 0.0
14150 0.87 0.057054310493191984 0.07018219203278546
14200 0.87 0.04087233461024076 0.04929558657414639
14250 0.37 0.033643985875020044 0.10002492734534228
14300 0.87 0.04087233461024076 0.04929558657414639
14350 0.62 0.10917937078492057 0.21373328432856015
14400 0.81 0.008331491220133103 0.010392688659822206
14450 0.08 0.008848985748204488 0.12436907388120869
14500 0.87 0.04087233461024076 0.04929558657414639
14550 0.56 0.08787966003793662 0.18613826306445105
14600 0.0 0.0 0.0
14650 0.87 0.04087233461024076 0.04929558657414639
14700 0.53 0.04986290724023856 0.1038513957620593
14750 0.0 0.0 0.0
14800 0.87 0.057054310493191984 0.07018219203278546
14850 0.0 0.0 0.0
14900 0.0 0.0 0.0
14950 0.0 0.0 0.0
15000 0.81 0.017234504402649953 0.021739725679740547
15050 0.87 0.04087233461024076 0.04929558657414639
15100 0.12 0.012317853323694061 0.11439085961688435
15150 0.0 0.0 0.0
15200 0.0 0.0 0.0
15250 0.07 0.0019851930510528942 0.029187659865637913
15300 0.53 0.12218367012735176 0.29960465331416947
15350 0.75 0.07829070628116774 0.11655444849917336
15400 0.0 0.0 0.0
15450 0.87 0.04087233461024076 0.04929558657414639
15500 0.87 0.04087233461024076 0.04929558657414639
15550 0.0 0.0 0.0
15600 0.0 0.0 0.0
15650 0.0 0.0 0.0
15700 0.0 0.0 0.0
15750 0.45 0.03196344191091138 0.07646087714677717
15800 0.87 0.057054310493191984 0.07018219203278546
15850 0.87 0.057054310493191984 0.07018219203278546
15900 0.0 0.0 0.0
15950 0.0 0.0 0.0
16000 0.87 0.04087233461024076 0.04929558657414639
16050 0.81 0.024681252143563315 0.03142832411798638
16100 0.0 0.0 0.0
16150 0.8 0.026831111007152852 0.03470278148685452
16200 0.76 0.018553413026903165 0.02502326310873742
16250 0.0 0.0 0.0
16300 0.87 0.057054310493191984 0.07018219203278546
16350 0.87 0.04087233461024076 0.04929558657414639
16400 0.87 0.04087233461024076 0.04929558657414639
16450 0.0 0.0 0.0
16500 0.0 0.0 0.0
16550 0.0 0.0 0.0
16600 0.0 0.0 0.0
16650 0.0 0.0 0.0
16700 0.2971862918718363 0.0 0.0
16750 0.0 0.0 0.0
16800 0.71 0.08273385528794874 0.13189593601600802
16850 0.0 0.0 0.0
16900 0.0 0.0 0.0
16950 0.81 0.008331491220133103 0.010392688659822206
17000 0.87 0.04087233461024076 0.04929558657414639
17050 0.77 0.044432269865362195 0.06123793550895276
17100 0.68 0.10634169914407698 0.1853746367574749
17150 0.0 0.0 0.0
17200 0.05 0.005811926133222151 0.13152703036444774
17250 0.01390013526018004 0.0 0.0
17300 0.39 0.08775850008597308 0.29035886902009195
17350 0.0 0.0 0.0
17400 0.36 0.012208878556611569 0.03510405471520602
17450 0.0 0.0 0.0
17500 0.87 0.04087233461024076 0.04929558657414639
17550 0.87 0.04087233461024076 0.04929558657414639
17600 0.6 0.1144368919356068 0.23567872030432488
17650 0.0 0.0 0.0
17700 0.71 0.02948856969228597 0.04333295280426343
17750 0.26 0.019835060767417312 0.08258932727981774
17800 0.0 0.0 0.0
17850 0.46 0.07303670078367602 0.18874322430987528
17900 0.0 0.0 0.0
17950 0.6 0.11678013765516693 0.2416708143752395
18000 0.87 0.04087233461024076 0.04929558657414639
18050 0.0 0.0 0.0
18100 0.87 0.04087233461024076 0.04929558657414639
18150 0.87 0.057054310493191984 0.07018219203278546
18200 0.10226663463481406 0.0 0.0
18250 0.0 0.0 0.0
18300 0.67 0.0848733245912755 0.14505119687457338
18350 0.43 0.06021637912373207 0.1628422020992673
18400 0.0 0.0 0.0
18450 0.0 0.0 0.0
18500 0.87 0.04087233461024076 0.04929558657414639
18550 0.66 0.07032457942152315 0.11925981135950028
18600 0.0 0.0 0.0
18650 0.77 0.06756728899818232 0.09619040790656953
18700 0.0 0.0 0.0
18750 0.0 0.0 0.0
18800 0.8 0.026831111007152852 0.03470278148685452
18850 0.55 0.02178004335399586 0.041232905118335265
18900 0.010124735286197785 0.0 0.0
18950 0.87 0.04087233461024076 0.04929558657414639
19000 0.43 0.08399511876533133 0.24275703413664812
19050 0.0 0.0 0.0
19100 0.87 0.04087233461024076 0.04929558657414639
19150 0.33 0.015077138910161214 0.04787565709896216
19200 0.0 0.0 0.0
19250 0.0 0.0 0.0
19300 0.0 0.0 0.0
19350 0.87 0.04087233461024076 0.04929558657414639
19400 0.87 0.04087233461024076 0.04929558657414639
19450 0.0 0.0 0.0
19500 0.49 0.1427811198803594 0.41121358329121266
19550 0.0 0.0 0.0
19600 0.0 0.0 0.0
19650 0.87 0.04087233461024076 0.04929558657414639
19700 0.0 0.0 0.0
19750 0.0 0.0 0.0
19800 0.87 0.04087233461024076 0.04929558657414639
19850 0.0 0.0 0.0
19900 0.87 0.04087233461024076 0.04929558657414639
19950 0.87 0.04087233461024076 0.04929558657414639
20000 0.66 0.02106234742816493 0.03296463644517633
20050 0.0 0.0 0.0
20100 0.0 0.0 0.0
20150 0.0 0.0 0.0
20200 0.87 0.04087233461024076 0.04929558657414639
20250 0.12154627517914865 0.0 0.0
20300 0.0 0.0 0.0
20350 0.51 0.06279226884619304 0.14040962280367436
20400 0.0 0.0 0.0
20450 0.0 0.0 0.0
20500 0.0 0.0 0.0
20550 0.81 0.024681252143563315 0.03142832411798638
20600 0.8 0.026831111007152852 0.03470278148685452
20650 0.0 0.0 0.0
20700 0.0 0.0 0.0
20750 0.0 0.0 0.0
20800 0.87 0.04087233461024076 0.04929558657414639
20850 0.41000000000000003 0.0016442267381505116 0.004026456452462559
20900 0.0 0.0 0.0
20950 0.0 0.0 0.0
21000 0.0 0.0 0.0
21050 0.0 0.0 0.0
21100 0.0 0.0 0.0
21150 0.0 0.0 0.0
21200 0.0 0.0 0.0
21250 0.87 0.04087233461024076 0.04929558657414639
21300 0.8 0.026831111007152852 0.03470278148685452
21350 0.0 0.0 0.0
21400 0.87 0.057054310493191984 0.07018219203278546
21450 0.87 0.04087233461024076 0.04929558657414639
21500 0.06 0.005673390158719545 0.10443114663872473
21550 0.49016554296420406 0.0 0.0
21600 0.87 0.04087233461024076 0.04929558657414639
21650 0.0 0.0 0.0
21700 0.0 0.0 0.0
21750 0.0 0.0 0.0
21800 0.46732270717949903 0.0 0.0
21850 0.55 0.1338982634528052 0.32179212844409333
21900 0.0 0.0 0.0
21950 0.81 0.024681252143563315 0.03142832411798638
22000 0.42 0.06129016542292198 0.17086279637463417
22050 0.0 0.0 0.0
22100 0.87 0.04087233461024076 0.04929558657414639
22150 0.0 0.0 0.0
22200 0.05630453008493343 0.0 0.0
22250 0.0 0.0 0.0
22300 0.81 0.024681252143563315 0.03142832411798638
22350 0.0 0.0 0.0
22400 0.0021167613767294775 0.0 0.0
22450 0.0 0.0 0.0
22500 0.0 0.0 0.0
22550 0.76 0.03205883306667934 0.044040417719109326
22600 0.66 0.07622602707297754 0.13057455557804826
22650 0.87 0.04087233461024076 0.04929558657414639
22700 0.0 0.0 0.0
22750 0.81 0.024681252143563315 0.03142832411798638
22800 0.0 0.0 0.0
22850 0.0 0.0 0.0
22900 0.36 0.12022180798168428 0.5013875822889723
22950 0.0 0.0 0.0
23000 0.0 0.0 0.0
23050 0.87 0.04087233461024076 0.04929558657414639
23100 0.37 0.11469156191071717 0.44922746294272053
23150 0.0 0.0 0.0
23200 0.0 0.0 0.0
23250 0.74 0.01892306612231265 0.02624278386017888
23300 0.81 0.024681252143563315 0.03142832411798638
23350 0.0 0.0 0.0
23400 0.87 0.04087233461024076 0.04929558657414639
23450 0.0 0.0 0.0
23500 0.0 0.0 0.0
23550 0.87 0.04087233461024076 0.04929558657414639
23600 0.87 0.04087233461024076 0.04929558657414639
23650 0.0 0.0 0.0
23700 0.0 0.0 0.0
23750 0.87 0.04087233461024076 0.04929558657414639
23800 0.04576185190998554 0.0 0.0
23850 0.65 0.031879192228608244 0.05157437159177235
23900 0.34 0.06489375828763083 0.23588617213374227
23950 0.0 0.0 0.0
24000 0.0 0.0 0.0
24050 0.0 0.0 0.0
24100 0.0 0.0 0.0
24150 0.66 0.11729511520314795 0.21613056836047168
24200 0.0 0.0 0.0
24250 0.0 0.0 0.0
24300 0.0 0.0 0.0
24350 0.48 0.1357969530788684 0.3945257146720843
24400 0.0 0.0 0.0
24450 0.55 0.13440845606517227 0.3234148000043281
24500 0.0 0.0 0.0
24550 0.87 0.04087233461024076 0.04929558657414639
24600 0.67 0.11114140050185894 0.19887213080672766
24650 0.0 0.0 0.0
24700 0.0 0.0 0.0
24750 0.0 0.0 0.0
24800 0.87 0.04087233461024076 0.04929558657414639
24850 0.0 0.0 0.0
24900 0.87 0.04087233461024076 0.04929558657414639
24950 0.0 0.0 0.0
25000 0.87 0.057054310493191984 0.07018219203278546
25050 0.0 0.0 0.0
25100 0.87 0.04087233461024076 0.04929558657414639
25150 0.75 0.014325892113360772 0.019473149808839355
25200 0.0 0.0 0.0
25250 0.7000000000000001 0.10665085991342582 0.1797438518203037
25300 0.35000000000000003 0.0351076355262116 0.11149090764674274
25350 0.87 0.04087233461024076 0.04929558657414639
25400 0.1 0.002124486886646279 0.02170601020692297
25450 0.0 0.0 0.0
25500 0.53 0.06926424311214152 0.15033398662175074
25550 0.87 0.057054310493191984 0.07018219203278546
25600 0.0 0.0 0.0
25650 0.67 0.006120819171155478 0.00921977876081867
25700 0.87 0.04087233461024076 0.04929558657414639
25750 0.0 0.0 0.0
25800 0.0 0.0 0.0
25850 0.87 0.057054310493191984 0.07018219203278546
25900 0.87 0.04087233461024076 0.04929558657414639
25950 0.0 0.0 0.0
26000 0.74 0.07795192011645546 0.117743593683056
26050 0.0 0.0 0.0
26100 0.47000000000000003 0.08880116210117611 0.23295234211796134
26150 0.0 0.0 0.0
26200 0.0 0.0 0.0
26250 0.38 0.06430487762526749 0.2036929716922807
26300 0.0 0.0 0.0
26350 0.0 0.0 0.0
26400 0.0 0.0 0.0
26450 0.0 0.0 0.0
26500 0.0 0.0 0.0
26550 0.0 0.0 0.0
26600 0.0 0.0 0.0
26650 0.87 0.04087233461024076 0.04929558657414639
26700 0.0 0.0 0.0
26750 0.61 0.08339990997204383 0.1583742797454066
26800 0.0 0.0 0.0
26850 0.0 0.0 0.0
26900 0.87 0.04087233461024076 0.04929558657414639
26950 0.42 0.04832658743715906 0.13002433266325772
27000 0.87 0.04087233461024076 0.04929558657414639
27050 0.0 0.0 0.0
27100 0.0 0.0 0.0
27150 0.72 0.07191032556098897 0.11095736963134745
27200 0.0 0.0 0.0
27250 0.0 0.0 0.0
27300 0.87 0.04087233461024076 0.04929558657414639
27350 0.87 0.04087233461024076 0.04929558657414639
27400 0.87 0.04087233461024076 0.04929558657414639
27450 0.72 0.03075398447839095 0.0446197493867511
27500 0.05486427873523036 0.0 0.0
27550 0.87 0.04087233461024076 0.04929558657414639
27600 0.87 0.04087233461024076 0.04929558657414639
27650 0.0 0.0 0.0
27700 0.71 0.09962332327854884 0.16321613698226628
27750 0.0 0.0 0.0
27800 0.0 0.0 0.0
27850 0.87 0.04087233461024076 0.04929558657414639
27900 0.0 0.0 0.0
27950 0.81 0.008331491220133103 0.010392688659822206
28000 0.87 0.04087233461024076 0.04929558657414639
28050 0.0 0.0 0.0
28100 0.87 0.04087233461024076 0.04929558657414639
28150 0.55 0.08066172266554056 0.17186265548944235
28200 0.05 0.00939218199763879 0.23128999438218192
28250 0.87 0.04087233461024076 0.04929558657414639
28300 0.75 0.042517537431609576 0.060096948943804414
28350 0.0 0.0 0.0
28400 0.0 0.0 0.0
28450 0.81 0.008331491220133103 0.010392688659822206
28500 0.0 0.0 0.0
28550 0.0 0.0 0.0
28600 0.0 0.0 0.0
28650 0.34 0.0011816075429750827 0.003487436246911996
28700 0.87 0.04087233461024076 0.04929558657414639
28750 0.0 0.0 0.0
28800 0.0 0.0 0.0
28850 0.63 0.13371194567965605 0.2694240663575345
28900 0.47000000000000003 0.015834148385592994 0.03486424249931587
28950 0.87 0.04087233461024076 0.04929558657414639
29000 0.0 0.0 0.0
29050 0.87 0.04087233461024076 0.04929558657414639
29100 0.0 0.0 0.0
29150 0.87 0.04087233461024076 0.04929558657414639
29200 0.0 0.0 0.0
29250 0.0 0.0 0.0
29300 0.87 0.04087233461024076 0.04929558657414639
29350 0.0 0.0 0.0
29400 0.8 0.031964602741942016 0.04161865827546225
29450 0.0 0.0 0.0
29500 0.0 0.0 0.0
29550 0.81 0.008331491220133103 0.010392688659822206
29600 0.05159471788985652 0.0 0.0
29650 0.65 0.05739828162244942 0.09685810864605118
29700 0.34 0.0462374597575676 0.15739739899923716
29750 0.4 0.07555097231183994 0.23285929642068387
29800 0.0 0.0 0.0
29850 0.0 0.0 0.0
29900 0.72 0.01592699240494677 0.02262122284640567
29950 0.0 0.0 0.0
30000 0.0 0.0 0.0
30050 0.0 0.0 0.0
30100 0.87 0.04087233461024076 0.04929558657414639
30150 0.2806561543026278 0.0 0.0
30200 0.41000000000000003 0.0582552802618827 0.16561806615108596
30250 0.0 0.0 0.0
30300 0.87 0.04087233461024076 0.04929558657414639
30350 0.87 0.04087233461024076 0.04929558657414639
30400 0.0 0.0 0.0
30450 0.0 0.0 0.0
30500 0.87 0.04087233461024076 0.04929558657414639
30550 0.87 0.057054310493191984 0.07018219203278546
30600 0.87 0.04087233461024076 0.04929558657414639
30650 0.0 0.0 0.0
30700 0.32 0.03647768834729004 0.12865896914656938
30750 0.87 0.04087233461024076 0.04929558657414639
30800 0.0 0.0 0.0
30850 0.0 0.0 0.0
30900 0.0 0.0 0.0
30950 0.0 0.0 0.0
31000 0.0 0.0 0.0
31050 0.46 0.05933205835484212 0.14808286909909094
31100 0.87 0.04087233461024076 0.04929558657414639
31150 0.0 0.0 0.0
31200 0.0 0.0 0.0
31250 0.72 0.046190880716209026 0.06855187826087379
31300 0.0 0.0 0.0
31350 0.0 0.0 0.0
31400 0.0 0.0 0.0
31450 0.13795658686921608 0.0 0.0
31500 0.0 0.0 0.0
31550 0.0 0.0 0.0
31600 0.87 0.04087233461024076 0.04929558657414639
31650 0.0 0.0 0.0
31700 0.0 0.0 0.0
31750 0.39 0.12202425492906294 0.45535559532360415
31800 0.27 0.04533729100673822 0.20180158607496362
31850 0.0 0.0 0.0
31900 0.0 0.0 0.0
31950 0.0 0.0 0.0
32000 0.87 0.04087233461024076 0.04929558657414639
32050 0.87 0.04087233461024076 0.04929558657414639
32100 0.0 0.0 0.0
32150 0.0 0.0 0.0
32200 0.87 0.04087233461024076 0.04929558657414639
32250 0.87 0.04087233461024076 0.04929558657414639
32300 0.56 0.016444808879349293 0.03025416581054987
32350 0.34 0.017276244357718573 0.05353260816928575
32400 0.0 0.0 0.0
32450 0.78 0.03855341302690318 0.0519975595063358
32500 0.0 0.0 0.0
32550 0.0 0.0 0.0
32600 0.51904972032636 0.0 0.0
32650 0.87 0.04087233461024076 0.04929558657414639
32700 0.0 0.0 0.0
32750 0.63 0.08117115666261887 0.14789885343675457
32800 0.0 0.0 0.0
32850 0.87 0.04087233461024076 0.04929558657414639
32900 0.87 0.04087233461024076 0.04929558657414639
32950 0.71 0.09584441443469693 0.15605885004933465
33000 0.79 0.016831111007152844 0.021768996718268825
33050 0.87 0.04087233461024076 0.04929558657414639
33100 0.0 0.0 0.0
33150 0.0 0.0 0.0
33200 0.0 0.0 0.0
33250 0.71 0.04424176930144852 0.06645320667688559
33300 0.29 0.06857570515469646 0.3097027144316137
33350 0.0 0.0 0.0
33400 0.0 0.0 0.0
33450 0.81 0.017234504402649953 0.021739725679740547
33500 0.87 0.04087233461024076 0.04929558657414639
33550 0.77 0.00196460274194199 0.002557958590132387
33600 0.0 0.0 0.0
33650 0.0 0.0 0.0
33700 0.0 0.0 0.0
33750 0.0 0.0 0.0
33800 0.0 0.0 0.0
33850 0.15 0.002672044812998986 0.018136712816026003
33900 0.76 0.05074341550293637 0.07154451098810553
33950 0.87 0.04087233461024076 0.04929558657414639
34000 0.11 7.465453908063469e-05 0.0006791385441419955
34050 0.0 0.0 0.0
34100 0.87 0.04087233461024076 0.04929558657414639
34150 0.0 0.0 0.0
34200 0.0 0.0 0.0
34250 0.87 0.04087233461024076 0.04929558657414639
34300 0.0 0.0 0.0
34350 0.87 0.04087233461024076 0.04929558657414639
34400 0.87 0.04087233461024076 0.04929558657414639
34450 0.0 0.0 0.0
34500 0.59 0.007556893491064587 0.01297447494289926
34550 0.0 0.0 0.0
34600 0.0 0.0 0.0
34650 0.0 0.0 0.0
34700 0.87 0.04087233461024076 0.04929558657414639
34750 0.54 0.046307265470520775 0.09379774550390044
34800 0.0 0.0 0.0
34850 0.0 0.0 0.0
34900 0.0 0.0 0.0
34950 0.63 0.13091389194072822 0.2623072247989335
35000 0.5700000000000001 0.0266581032254527 0.04906322038426227
35050 0.87 0.04087233461024076 0.04929558657414639
35100 0.0 0.0 0.0
35150 0.0 0.0 0.0
35200 0.0 0.0 0.0
35250 0.4 0.019432315016587265 0.0510613900847473
35300 0.0 0.0 0.0
35350 0.87 0.04087233461024076 0.04929558657414639
35400 0.0 0.0 0.0
35450 0.04626071399052889 0.0 0.0
35500 0.0 0.0 0.0
35550 0.0 0.0 0.0
35600 0.0 0.0 0.0
35650 0.0 0.0 0.0
35700 0.20479013784309735 0.0 0.0
35750 0.05 0.0063783850463667024 0.14622074522335948
35800 0.8 0.03664204808901772 0.04800113498167983
35850 0.04297386509357944 0.0 0.0
35900 0.0 0.0 0.0
35950 0.87 0.04087233461024076 0.04929558657414639
36000 0.0 0.0 0.0
36050 0.0 0.0 0.0
36100 0.87 0.04087233461024076 0.04929558657414639
36150 0.014580854320110298 0.0 0.0
36200 0.0 0.0 0.0
36250 0.0 0.0 0.0
36300 0.87 0.057054310493191984 0.07018219203278546
36350 0.87 0.04087233461024076 0.04929558657414639
36400 0.0 0.0 0.0
36450 0.0 0.0 0.0
36500 0.0 0.0 0.0
36550 0.0 0.0 0.0
36600 0.87 0.04087233461024076 0.04929558657414639
36650 0.0 0.0 0.0
36700 0.0 0.0 0.0
36750 0.0 0.0 0.0
36800 0.87 0.04087233461024076 0.04929558657414639
36850 0.66 0.0014827414239519943 0.0022516363916690904
36900 0.1424706144257203 0.0 0.0
36950 0.8 0.021125541768132527 0.0271231666988925
37000 0.0 0.0 0.0
37050 0.33 0.0983436178768326 0.4245236715496365
37100 0.0 0.0 0.0
37150 0.74 0.08566899777982395 0.13092608708611542
37200 0.0 0.0 0.0
37250 0.0 0.0 0.0
37300 0.87 0.04087233461024076 0.04929558657414639
37350 0.0 0.0 0.0
37400 0.11 0.00803699553274144 0.07882266293283077
37450 0.24 0.034198681121390934 0.16617328454324856
37500 0.0 0.0 0.0
37550 0.06 0.008055728374190038 0.15508405685656634
37600 0.0 0.0 0.0
37650 0.6900000000000001 0.03727861347381789 0.05711259695689864
37700 0.0 0.0 0.0
37750 0.87 0.04087233461024076 0.04929558657414639
37800 0.87 0.04087233461024076 0.04929558657414639
37850 0.81 0.017234504402649953 0.021739725679740547
37900 0.28 0.003620461989113255 0.013099602145549005
37950 0.71 0.07619234749525272 0.1202136755435941
38000 0.0 0.0 0.0
38050 0.0 0.0 0.0
38100 0.62 0.06700730121068688 0.1211721264266027
38150 0.87 0.04087233461024076 0.04929558657414639
38200 0.0 0.0 0.0
38250 0.11692172433841655 0.0 0.0
38300 0.87 0.04087233461024076 0.04929558657414639
38350 0.87 0.04087233461024076 0.04929558657414639
38400 0.0 0.0 0.0
38450 0.31 0.045743715669470886 0.17310360578693032
38500 0.5700000000000001 0.021622357689045746 0.03942968498483188
38550 0.44 0.1259684288322246 0.4011330082634409
38600 0.36 0.10228206774171206 0.3968760219572295
38650 0.03 0.0038271786095634246 0.14622720846449735
38700 0.0 0.0 0.0
38750 0.0 0.0 0.0
38800 0.0 0.0 0.0
38850 0.0 0.0 0.0
38900 0.0 0.0 0.0
38950 0.87 0.04087233461024076 0.04929558657414639
39000 0.0 0.0 0.0
39050 0.87 0.04087233461024076 0.04929558657414639
39100 0.0 0.0 0.0
39150 0.87 0.04087233461024076 0.04929558657414639
39200 0.0 0.0 0.0
39250 0.0 0.0 0.0
39300 0.0 0.0 0.0
39350 0.0 0.0 0.0
39400 0.0 0.0 0.0
39450 0.43746943028769714 0.0 0.0
39500 0.0 0.0 0.0
39550 0.87 0.04087233461024076 0.04929558657414639
39600 0.22 0.00962906036382824 0.04577181801099201
39650 0.78 0.054432269865362204 0.07502024635971839
39700 0.0 0.0 0.0
39750 0.0 0.0 0.0
39800 0.87 0.04087233461024076 0.04929558657414639
39850 0.0 0.0 0.0
39900 0.56 0.13101781223434528 0.30541550668280415
39950 0.87 0.04087233461024076 0.04929558657414639
40000 0.87 0.04087233461024076 0.04929558657414639
40050 0.0 0.0 0.0
40100 0.29 0.018565339648227652 0.06839708541336412
40150 0.0 0.0 0.0
40200 0.0 0.0 0.0
40250 0.0 0.0 0.0
40300 0.87 0.04087233461024076 0.04929558657414639
40350 0.0 0.0 0.0
40400 0.0 0.0 0.0
40450 0.73 0.03803886953235169 0.05497255244184579
40500 0.87 0.04087233461024076 0.04929558657414639
40550 0.0 0.0 0.0
40600 0.87 0.04087233461024076 0.04929558657414639
40650 0.0 0.0 0.0
40700 0.0 0.0 0.0
40750 0.0 0.0 0.0
40800 0.87 0.04087233461024076 0.04929558657414639
40850 0.77 0.03701463890157275 0.05049846950026922
40900 0.0 0.0 0.0
40950 0.0 0.0 0.0
41000 0.0 0.0 0.0
41050 0.87 0.04087233461024076 0.04929558657414639
41100 0.6828963530422092 0.0 0.0
41150 0.49 0.023075248995785502 0.04941963120643657
41200 0.75 0.08612081917115544 0.12972363294121486
41250 0.87 0.04087233461024076 0.04929558657414639
41300 0.0 0.0 0.0
41350 0.0 0.0 0.0
41400 0.0 0.0 0.0
41450 0.87 0.04087233461024076 0.04929558657414639
41500 0.0 0.0 0.0
41550 0.0 0.0 0.0
41600 0.87 0.04087233461024076 0.04929558657414639
41650 0.87 0.04087233461024076 0.04929558657414639
41700 0.0 0.0 0.0
41750 0.0 0.0 0.0
41800 0.0 0.0 0.0
41850 0.0 0.0 0.0
41900 0.46 0.10774373771270002 0.305867486962728
41950 0.76 0.0758803370656369 0.11091676087801197
42000 0.68 0.09854237705725011 0.1694747358518207
42050 0.0 0.0 0.0
42100 0.0 0.0 0.0
42150 0.44 0.12651873979403672 0.40359267316620917
42200 0.8 0.03664204808901772 0.04800113498167983
42250 0.0 0.0 0.0
42300 0.0 0.0 0.0
42350 0.0 0.0 0.0
42400 0.0 0.0 0.0
42450 0.41000000000000003 0.10838424414202369 0.35934543218312254
42500 0.76 0.07075398447839099 0.10265417990823732
42550 0.0 0.0 0.0
42600 0.87 0.04087233461024076 0.04929558657414639
42650 0.55 0.13332089962745142 0.3199606111951632
42700 0.0 0.0 0.0
42750 0.0 0.0 0.0
42800 0.0 0.0 0.0
42850 0.0 0.0 0.0
42900 0.0 0.0 0.0
42950 0.8 0.026831111007152852 0.03470278148685452
43000 0.0 0.0 0.0
43050 0.87 0.057054310493191984 0.07018219203278546
43100 0.0 0.0 0.0
43150 0.87 0.04087233461024076 0.04929558657414639
43200 0.0 0.0 0.0
43250 0.0 0.0 0.0
43300 0.0 0.0 0.0
43350 0.87 0.04087233461024076 0.04929558657414639
43400 0.0 0.0 0.0
43450 0.61 0.09546671723086597 0.1855404119186998
43500 0.0 0.0 0.0
43550 0.27 0.016049471489450018 0.06319920491436688
43600 0.0 0.0 0.0
43650 0.0 0.0 0.0
43700 0.87 0.057054310493191984 0.07018219203278546
43750 0.0 0.0 0.0
43800 0.0 0.0 0.0
43850 0.87 0.04087233461024076 0.04929558657414639
43900 0.0 0.0 0.0
43950 0.0 0.0 0.0
44000 0.0 0.0 0.0
44050 0.87 0.04087233461024076 0.04929558657414639
44100 0.0 0.0 0.0
44150 0.62 0.059097887549722006 0.10536221247510603
44200 0.8 0.04094449486850282 0.05394137133806794
44250 0.0 0.0 0.0
44300 0.87 0.04087233461024076 0.04929558657414639
44350 0.81 0.024681252143563315 0.03142832411798638
44400 0.0 0.0 0.0
44450 0.77 0.03151003426196419 0.04266819553935785
44500 0.62 0.13561520495847224 0.2799741163362602
44550 0.71 0.07923437729976446 0.12561619474531785
44600 0.0 0.0 0.0
44650 0.67 0.03039636452396599 0.04752375195826251
44700 0.87 0.04087233461024076 0.04929558657414639
44750 0.23 0.02384908355222007 0.115687497117003
44800 0.0 0.0 0.0
44850 0.87 0.04087233461024076 0.04929558657414639
44900 0.0 0.0 0.0
44950 0.0 0.0 0.0
45000 0.87 0.04087233461024076 0.04929558657414639
45050 0.0 0.0 0.0
45100 0.87 0.04087233461024076 0.04929558657414639
45150 0.0 0.0 0.0
45200 0.0 0.0 0.0
45250 0.87 0.04087233461024076 0.04929558657414639
45300 0.45 0.005346170774671255 0.012023219914658776
45350 0.0 0.0 0.0
45400 0.0 0.0 0.0
45450 0.0 0.0 0.0
45500 0.0 0.0 0.0
45550 0.0 0.0 0.0
45600 0.12 0.016657783690031985 0.16119050166359977
45650 0.0 0.0 0.0
45700 0.87 0.04087233461024076 0.04929558657414639
45750 0.87 0.04087233461024076 0.04929558657414639
45800 0.87 0.04087233461024076 0.04929558657414639
45850 0.87 0.04087233461024076 0.04929558657414639
45900 0.87 0.04087233461024076 0.04929558657414639
45950 0.87 0.04087233461024076 0.04929558657414639
46000 0.0 0.0 0.0
46050 0.0 0.0 0.0
46100 0.6853660282182672 0.0 0.0
46150 0.1 0.010867102721761904 0.12192022310055795
46200 0.81 0.024681252143563315 0.03142832411798638
46250 0.0 0.0 0.0
46300 0.87 0.04087233461024076 0.04929558657414639
46350 0.78 0.0011255417681325097 0.0014450875314201675
46400 0.0 0.0 0.0
46450 0.31 0.0015703485259760952 0.005091431768869183
46500 0.0 0.0 0.0
46550 0.20248595510344464 0.0 0.0
46600 0.68 0.007248402346262228 0.01077426255328337
46650 0.0 0.0 0.0
46700 0.0 0.0 0.0
46750 0.17 0.0010072450735486849 0.005960285539975107
46800 0.71 0.0898199116340257 0.14482875751570742
46850 0.0 0.0 0.0
46900 0.0 0.0 0.0
46950 0.0 0.0 0.0
47000 0.0 0.0 0.0
47050 0.6900000000000001 0.08669205198106034 0.14369452990919127
47100 0.6919611304676483 0.0 0.0
47150 0.0 0.0 0.0
47200 0.0 0.0 0.0
47250 0.59 0.05422748715114034 0.10121364170550087
47300 0.87 0.04087233461024076 0.04929558657414639
47350 0.0 0.0 0.0
47400 0.87 0.04087233461024076 0.04929558657414639
47450 0.62 0.12921335250109123 0.2632780519999345
47500 0.4796880239345276 0.0 0.0
47550 0.7513437876598841 0.0 0.0
47600 0.0 0.0 0.0
47650 0.81 0.024681252143563315 0.03142832411798638
47700 0.0 0.0 0.0
47750 0.87 0.04087233461024076 0.04929558657414639
47800 0.87 0.04087233461024076 0.04929558657414639
47850 0.63 0.09939051563161849 0.18731386935144853
47900 0.0 0.0 0.0
47950 0.0 0.0 0.0
48000 0.0 0.0 0.0
48050 0.0 0.0 0.0
48100 0.0 0.0 0.0
48150 0.87 0.04087233461024076 0.04929558657414639
48200 0.0 0.0 0.0
48250 0.0 0.0 0.0
48300 0.0 0.0 0.0
48350 0.0 0.0 0.0
48400 0.8 0.03664204808901772 0.04800113498167983
48450 0.68 0.03484597864644223 0.05401187544849219
48500 0.0 0.0 0.0
48550 0.87 0.04087233461024076 0.04929558657414639
48600 0.0 0.0 0.0
48650 0.87 0.04087233461024076 0.04929558657414639
48700 0.87 0.04087233461024076 0.04929558657414639
48750 0.0 0.0 0.0
48800 0.0 0.0 0.0
48850 0.87 0.04087233461024076 0.04929558657414639
48900 0.0 0.0 0.0
48950 0.45 0.008321453049558392 0.018840518986067253
49000 0.81 0.017234504402649953 0.021739725679740547
49050 0.0 0.0 0.0
49100 0.79 0.04855341302690319 0.06548470770513498
49150 0.5700000000000001 0.013385797996454007 0.024048610237165185
49200 0.87 0.04087233461024076 0.04929558657414639
49250 0.87 0.04087233461024076 0.04929558657414639
49300 0.87 0.04087233461024076 0.04929558657414639
49350 0.76 0.07710364695779082 0.11290680732779534
49400 0.09 3.875385030244205e-06 4.306168789849849e-05
49450 0.0 0.0 0.0
49500 0.0 0.0 0.0
49550 0.87 0.04087233461024076 0.04929558657414639
49600 0.81 0.008331491220133103 0.010392688659822206
49650 0.87 0.04087233461024076 0.04929558657414639
49700 0.87 0.04087233461024076 0.04929558657414639
49750 0.66 0.0496233232785489 0.08129950761731806
49800 0.87 0.04087233461024076 0.04929558657414639
49850 0.77 0.03151003426196419 0.04266819553935785
49900 0.0 0.0 0.0
49950 0.0 0.0 0.0
