6.270408630371094e-05
4.673004150390625e-05
895.6141929626465
223.16315984725952
6.29425048828125e-05
6.29425048828125e-05
244.59872364997864
4.410743713378906e-05
358.02137660980225
7.464437007904053
7.0786449909210205
402.1108298301697
6.651878356933594e-05
4.427511930465698
4.44689416885376
299.26459312438965
158.02373552322388
382.8355441093445
229.64734959602356
6.177050828933716
611.6176385879517
441.07702708244324
0.00011134147644042969
4.076957702636719e-05
8.146995067596436
5.839967727661133
6.318092346191406e-05
4.20236349105835
155.94103503227234
6.108873605728149
20.771251440048218
4.6190221309661865
4.696846008300781e-05
9.489059448242188e-05
3.743171691894531e-05
176.8069155216217
9.393692016601562e-05
6.584336042404175
0.00027251243591308594
4.3958494663238525
131.43417310714722
7.135792970657349
4.506111145019531e-05
3.814697265625e-05
6.322859764099121
147.20875644683838
8.177757263183594e-05
0.0001575946807861328
4.363059997558594e-05
575.1415152549744
408.23025035858154
179.9810185432434
5.793571472167969e-05
463.9912312030792
5.817413330078125e-05
405.891330242157
8.048910140991211
3.695487976074219e-05
3.695487976074219e-05
3.695487976074219e-05
3.552436828613281e-05
7.8814756870269775
241.6258683204651
7.796287536621094e-05
7.688218593597412
5.650520324707031e-05
4.172325134277344e-05
182.62308311462402
6.937980651855469e-05
871.7022035121918
8.01450800895691
6.567566871643066
0.00022673606872558594
3.838539123535156e-05
5.14984130859375e-05
414.71864581108093
449.92592692375183
1349.6328732967377
478.6244058609009
212.20184540748596
7.492939710617065
940.3039493560791
205.8691668510437
447.0397279262543
166.3596293926239
6.3732452392578125
228.74917554855347
5.927210092544556
4.363059997558594e-05
9.226910591125488
7.0800065994262695
4.792213439941406e-05
328.60082268714905
187.27300214767456
568.1875360012054
221.37081217765808
5.701233863830566
7.8245790004730225
192.79159474372864
5.994472980499268
6.012985706329346
6.4642791748046875
6.156282424926758
178.91643238067627
5.173683166503906e-05
5.650520324707031e-05
303.36657667160034
200.36784958839417
9.083747863769531e-05
5.2928924560546875e-05
30.746612787246704
553.9443893432617
466.5541982650757
174.43460774421692
0.00010848045349121094
7.9403886795043945
208.06282496452332
0.00010371208190917969
4.377233982086182
328.8543403148651
6.818771362304688e-05
191.63841485977173
9.206526279449463
7.510185241699219e-05
6.961822509765625e-05
194.14120507240295
7.271766662597656e-05
7.249110698699951
7.343268156051636
5.9088664054870605
6.031990051269531e-05
791.396947145462
8.312093257904053
8.656182527542114
0.00010156631469726562
198.84634637832642
6.699725866317749
201.28401446342468
479.23451685905457
6.756572723388672
6.564404726028442
6.324480056762695
6.341934204101562e-05
33.90113425254822
149.82191276550293
7.319450378417969e-05
4.792213439941406e-05
337.64308524131775
9.331124544143677
178.56074261665344
4.601478576660156e-05
25.13391423225403
422.79928946495056
7.581710815429688e-05
231.78575491905212
9.512901306152344e-05
288.8270227909088
191.56043791770935
662.488082408905
27.581719398498535
7.873309135437012
5.507469177246094e-05
186.9536430835724
3.719329833984375e-05
3.910064697265625e-05
0.00010132789611816406
6.437301635742188e-05
8.463859558105469e-05
8.273124694824219e-05
5.7697296142578125e-05
5.030632019042969e-05
330.42531967163086
5.91278076171875e-05
3.337860107421875e-05
576.5418486595154
3.409385681152344e-05
6.108259439468384
1106.5199491977692
6.591512441635132
8.355268716812134
5.316734313964844e-05
175.4110074043274
5.459785461425781e-05
3.123283386230469e-05
0.00015044212341308594
159.3231589794159
9.5367431640625e-05
153.43425369262695
5.398790121078491
6.794929504394531e-05
138.31243777275085
410.7276179790497
4.172325134277344e-05
3.266334533691406e-05
3.457069396972656e-05
372.0213375091553
0.00011968612670898438
160.92120504379272
25.15476417541504
400.67285227775574
4.57763671875e-05
455.54330587387085
580.6585397720337
192.94391107559204
5.961998701095581
0.00015783309936523438
240.62279295921326
452.3387749195099
198.46405935287476
163.12537813186646
183.5627579689026
5.862752199172974
217.06010842323303
8.130073547363281e-05
5.316734313964844e-05
394.7527503967285
47.34624695777893
5.904536485671997
7.799225330352783
222.57401776313782
221.72424149513245
4.3954994678497314
3.3562068939208984
19.199430465698242
5.6743621826171875e-05
174.67455291748047
176.59871077537537
362.88594150543213
1084.7814645767212
7.513196706771851
5.555152893066406e-05
176.24824023246765
25.631685733795166
364.0934443473816
7.05718994140625e-05
4.291534423828125e-05
2.0503997802734375e-05
4.029273986816406e-05
160.03360247612
6.041970729827881
6.175041198730469e-05
152.00666570663452
4.4345855712890625e-05
562.6063601970673
6.90746283531189
458.85104870796204
3.8623809814453125e-05
4.448843240737915
5.6743621826171875e-05
5.078315734863281e-05
186.10781288146973
6.019679546356201
174.4242925643921
409.961523771286
184.11919331550598
179.31570649147034
393.39702916145325
4.076957702636719e-05
4.553794860839844e-05
210.88326978683472
187.74830985069275
911.3117735385895
8.054166555404663
8.337174892425537
401.2132947444916
5.53131103515625e-05
5.125999450683594e-05
9.652279138565063
8.730882406234741
8.487701416015625e-05
190.05659174919128
0.00010776519775390625
3.4809112548828125e-05
193.07002925872803
223.99057531356812
8.355542182922363
193.20890974998474
6.837233304977417
8.440141677856445
395.8243672847748
8.311201095581055
0.00036597251892089844
3.743171691894531e-05
195.58462619781494
6.36622953414917
631.788672208786
6.630805730819702
22.986992120742798
186.43675565719604
225.39603996276855
8.45317268371582
220.70229411125183
8.296966552734375e-05
8.727221488952637
604.1966395378113
192.04494786262512
190.933531999588
4.124641418457031e-05
3.7670135498046875e-05
3.719329833984375e-05
187.25511193275452
6.66741418838501
200.46959948539734
7.653236389160156e-05
7.152557373046875e-05
266.393682718277
710.4713368415833
49.15358304977417
185.80353498458862
8.63572359085083
6.509162425994873
165.5607032775879
3.62396240234375e-05
5.163016319274902
7.104873657226562e-05
450.5494842529297
197.8409035205841
190.70393872261047
199.4991478919983
191.82871770858765
6.627715587615967
367.6912009716034
189.57494044303894
177.1193823814392
400.4675977230072
209.1434772014618
183.14984726905823
7.933952569961548
6.607470273971558
0.00010609626770019531
203.1496081352234
4.482269287109375e-05
9.059906005859375e-05
5.970517635345459
235.7096652984619
5.9604644775390625e-05
21.772788524627686
8.153915405273438e-05
4.100799560546875e-05
189.4486587047577
5.771294355392456
355.21825337409973
539.099093914032
3.8623809814453125e-05
363.36664748191833
186.30416464805603
624.6961619853973
9.775161743164062e-05
450.8707206249237
4.9114227294921875e-05
7.886422395706177
7.854645252227783
662.0856056213379
196.13087368011475
386.2288980484009
427.5209422111511
5.7697296142578125e-05
202.43567395210266
3.5762786865234375e-05
23.29919743537903
7.366409540176392
6.723403930664062e-05
6.600454807281494
179.33062720298767
212.74214339256287
5.412101745605469e-05
20.766534566879272
535.8948750495911
188.34687876701355
5.435943603515625e-05
5.81177282333374
215.62386512756348
5.1975250244140625e-05
28.831364631652832
7.891654968261719e-05
6.508827209472656e-05
193.77117943763733
420.3928771018982
233.17385506629944
5.748852252960205
421.5920009613037
7.176399230957031e-05
7.286013841629028
230.28535389900208
6.985664367675781e-05
6.365776062011719e-05
3.838539123535156e-05
7.479806184768677
8.069941282272339
4.696846008300781e-05
1312.1336250305176
7.891654968261719e-05
6.198883056640625e-05
6.792088270187378
0.000102996826171875
0.000110626220703125
8.116735458374023
5.221366882324219e-05
7.667791128158569
7.059118270874023
411.1626069545746
6.413459777832031e-05
8.0108642578125e-05
167.02303266525269
6.399871110916138
229.65946078300476
4.792213439941406e-05
631.6463775634766
8.368492126464844e-05
6.127357482910156e-05
7.414817810058594e-05
347.79305624961853
200.79217195510864
6.794929504394531e-05
6.008148193359375e-05
5.078315734863281e-05
9.299521207809448
10.194457769393921
223.89692378044128
6.723403930664062e-05
5.412101745605469e-05
199.46176886558533
6.413459777832031e-05
6.532669067382812e-05
178.34302639961243
7.925005674362183
190.1911702156067
8.296966552734375e-05
179.5541808605194
6.913193941116333
182.6030557155609
7.9041523933410645
8.164779663085938
267.6672601699829
3.4809112548828125e-05
0.000247955322265625
6.009719610214233
1063.0730352401733
0.00010180473327636719
341.01016211509705
21.869712591171265
213.37961792945862
6.613063097000122
7.033348083496094e-05
224.0342447757721
5.9604644775390625e-05
355.6133334636688
6.628036499023438e-05
246.87741661071777
4.4345855712890625e-05
3.4332275390625e-05
337.63236713409424
574.7316994667053
6.0580949783325195
5.078315734863281e-05
359.7547597885132
7.891654968261719e-05
4.76837158203125e-05
1285.2776792049408
5.1975250244140625e-05
3.218650817871094e-05
5.819785833358765
650.0571727752686
6.985664367675781e-05
3.790855407714844e-05
372.81596326828003
347.7770881652832
0.00010657310485839844
6.356333017349243
6.365776062011719e-05
6.079673767089844e-05
6.361036539077759
6.754572629928589
6.29425048828125e-05
3.409385681152344e-05
8.137979507446289
213.75087356567383
397.8692727088928
401.9441750049591
0.00010323524475097656
4.601478576660156e-05
142.12689924240112
6.532669067382812e-05
1451.7844233512878
3.838539123535156e-05
3.695487976074219e-05
3.647804260253906e-05
1293.893131017685
0.00010704994201660156
1407.436316728592
172.7024006843567
5.882735729217529
655.7230679988861
6.532669067382812e-05
4.553794860839844e-05
3.2901763916015625e-05
9.890799522399902
174.89574098587036
5.950619697570801
4.863739013671875e-05
185.95588326454163
4.4345855712890625e-05
5.799941778182983
370.86372232437134
8.535385131835938e-05
44.875097036361694
432.6602363586426
8.648077487945557
426.96391224861145
7.05718994140625e-05
380.1701362133026
197.1474039554596
7.867813110351562e-05
231.42549061775208
6.463080883026123
7.510185241699219e-05
4.57763671875e-05
189.05325031280518
6.644235372543335
3.790855407714844e-05
50.6228723526001
6.175041198730469e-05
19.77497172355652
6.103515625e-05
3.981590270996094e-05
394.5013654232025
6.532669067382812e-05
5.1975250244140625e-05
5.936622619628906e-05
6.890296936035156e-05
5.5789947509765625e-05
7.2479248046875e-05
6.318092346191406e-05
5.819184303283691
3.4809112548828125e-05
22.206902265548706
9.322166442871094e-05
233.60041308403015
7.849411249160767
430.55698919296265
7.026344537734985
6.723403930664062e-05
6.270408630371094e-05
548.124763250351
3.62396240234375e-05
3.457069396972656e-05
5.94853663444519
10.256626844406128
7.423504590988159
385.0244388580322
224.6123399734497
5.876380920410156
5.986111164093018
7.653236389160156e-05
47.44681668281555
180.24709725379944
4.792213439941406e-05
7.3661110401153564
5.435943603515625e-05
182.2633695602417
6.669239282608032
8.726119995117188e-05
6.607715606689453
19.585917949676514
371.61305260658264
7.4017205238342285
359.35340428352356
6.747245788574219e-05
5.91278076171875e-05
191.9134397506714
9.608268737792969e-05
5.1021575927734375e-05
4.792213439941406e-05
434.6545386314392
5.766680479049683
172.1953763961792
7.82012939453125e-05
957.7563524246216
228.7139549255371
7.244496822357178
0.0001087188720703125
6.137489557266235
4.8160552978515625e-05
6.27929162979126
4.00543212890625e-05
3.24249267578125e-05
7.00046443939209
3.528594970703125e-05
146.39014959335327
200.87516164779663
207.40444827079773
168.58736491203308
204.35433506965637
578.8588609695435
671.6826016902924
416.77459359169006
0.0002346038818359375
3.266334533691406e-05
194.12385153770447
7.319450378417969e-05
6.341934204101562e-05
6.508827209472656e-05
5.853176593780518
5.873075485229492
386.16420340538025
5.817413330078125e-05
6.26798415184021
5.925415515899658
6.437301635742188e-05
9.679794311523438e-05
7.5396318435668945
193.2137155532837
6.314979314804077
194.6121883392334
605.2939329147339
5.9453160762786865
6.365776062011719e-05
6.103515625e-05
5.793571472167969e-05
6.580352783203125e-05
0.00010776519775390625
469.0028963088989
8.45568561553955
6.079673767089844e-05
174.61035919189453
381.3449923992157
6.031990051269531e-05
5.459785461425781e-05
4.935264587402344e-05
211.30963039398193
6.937980651855469e-05
209.50048303604126
7.645468473434448
4.4345855712890625e-05
0.00012135505676269531
988.7304821014404
452.24304389953613
4.315376281738281e-05
4.792213439941406e-05
8.177757263183594e-05
8.944763898849487
8.195279121398926
4.100799560546875e-05
3.695487976074219e-05
7.67919397354126
8.028084516525269
412.99515676498413
235.6196162700653
5.364418029785156e-05
354.8958330154419
3.647804260253906e-05
5.8650970458984375e-05
5.836651802062988
7.31580376625061
6.771087646484375e-05
48.32321572303772
8.034706115722656e-05
6.388254880905151
6.399481534957886
864.5698978900909
181.7690098285675
9.263296365737915
184.23366594314575
4.0531158447265625e-05
6.270408630371094e-05
360.0101327896118
227.4044144153595
5.6743621826171875e-05
6.151199340820312e-05
321.17325592041016
6.371511936187744
178.86118364334106
6.651878356933594e-05
7.677078247070312e-05
7.128715515136719e-05
5.2928924560546875e-05
4.744529724121094e-05
398.1536328792572
380.3185088634491
6.270266056060791
206.99481511116028
6.270408630371094e-05
5.984211683273315
6.699562072753906e-05
186.7670660018921
6.492064714431763
0.00015020370483398438
8.00420594215393
6.091571569442749
3.3855438232421875e-05
385.58588218688965
6.4849853515625e-05
5.7220458984375e-05
6.198883056640625e-05
5.935579061508179
639.7570774555206
6.0558319091796875e-05
6.318092346191406e-05
5.14984130859375e-05
1366.1889510154724
370.459237575531
6.355932712554932
4.029273986816406e-05
5.316734313964844e-05
4.982948303222656e-05
452.97464632987976
0.000110626220703125
7.115058183670044
5.650520324707031e-05
211.9169578552246
205.53643584251404
3.314018249511719e-05
3.075599670410156e-05
187.34106636047363
225.70424938201904
385.87962913513184
191.76340436935425
371.4062523841858
0.0001125335693359375
6.618645668029785
7.82012939453125e-05
226.77654361724854
8.181740045547485
190.92906546592712
6.532669067382812e-05
5.650520324707031e-05
186.86458158493042
6.352464914321899
217.9507761001587
6.151199340820312e-05
5.9604644775390625e-05
6.246566772460938e-05
5.752227067947388
5.5789947509765625e-05
6.914138793945312e-05
5.1975250244140625e-05
5.809460878372192
205.54712843894958
208.09234023094177
169.31841158866882
3.910064697265625e-05
26.736639261245728
6.437301635742188e-05
28.468534231185913
4.57763671875e-05
4.458427429199219e-05
6.490072965621948
6.4849853515625e-05
178.29736185073853
407.1786458492279
7.319450378417969e-05
181.8984932899475
3.838539123535156e-05
376.41656851768494
3.218650817871094e-05
6.038670301437378
7.479264259338379
349.1905691623688
205.43638706207275
51.095101833343506
8.535385131835938e-05
3.457069396972656e-05
396.082551240921
6.807888031005859
0.0002086162567138672
246.0480136871338
5.8296167850494385
5.933777093887329
3.6716461181640625e-05
387.2224111557007
412.3850300312042
1037.1077320575714
625.3583707809448
162.17156839370728
176.3380401134491
0.0001220703125
0.00010061264038085938
3.695487976074219e-05
4.0531158447265625e-05
5.921659469604492
3.647804260253906e-05
8.690053462982178
6.103515625e-05
7.7589335441589355
0.00032401084899902344
222.15633821487427
7.200241088867188e-05
4.5299530029296875e-05
3.600120544433594e-05
468.08998584747314
5.125999450683594e-05
7.2170257568359375
223.54803943634033
353.2206196784973
212.5891501903534
7.200241088867188e-05
8.655797004699707
9.298324584960938e-05
1493.4915482997894
5.807629346847534
5.4908037185668945
4.38690185546875e-05
389.3436484336853
5.936622619628906e-05
5.364418029785156e-05
6.008148193359375e-05
6.563628673553467
5.0067901611328125e-05
0.00010156631469726562
494.35953426361084
7.426188230514526
4.5299530029296875e-05
8.827447175979614
4.9114227294921875e-05
3.5762786865234375e-05
188.20387935638428
8.522897243499756
394.46787452697754
6.747245788574219e-05
4.1961669921875e-05
215.2800304889679
7.884628534317017
230.50544333457947
435.47452211380005
22.39143681526184
8.991194009780884
4.220008850097656e-05
3.218650817871094e-05
3.314018249511719e-05
7.362363815307617
3.790855407714844e-05
3.2901763916015625e-05
9.874193906784058
6.786738395690918
6.461143493652344e-05
5.221366882324219e-05
5.53131103515625e-05
6.365776062011719e-05
640.1189720630646
23.869121313095093
48.13529109954834
7.295608520507812e-05
6.008148193359375e-05
639.0545921325684
172.70724272727966
3.3855438232421875e-05
3.361701965332031e-05
3.170967102050781e-05
3.170967102050781e-05
651.5046472549438
369.650723695755
7.43865966796875e-05
5.7953269481658936
994.4515380859375
197.67760729789734
7.462501525878906e-05
8.630752563476562e-05
6.079673767089844e-05
226.1662893295288
182.37420892715454
7.486343383789062e-05
189.8015115261078
7.295608520507812e-05
6.88593316078186
180.10505390167236
0.00024509429931640625
188.55509090423584
5.92077374458313
3.4809112548828125e-05
23.83350920677185
190.34721279144287
373.78677773475647
6.532669067382812e-05
183.74860167503357
188.42648267745972
6.842613220214844e-05
223.00327491760254
6.355326414108276
0.00018978118896484375
5.841255187988281e-05
6.318092346191406e-05
9.383166313171387
8.106231689453125e-05
401.4480926990509
200.1789152622223
7.271766662597656e-05
8.580783367156982
183.8604757785797
4.8160552978515625e-05
349.6829652786255
806.0755825042725
472.6469647884369
5.2928924560546875e-05
501.5441584587097
5.918498992919922
278.6120374202728
155.4190309047699
6.389894962310791
4.00543212890625e-05
3.3855438232421875e-05
8.148268461227417
186.92239451408386
7.533181667327881
3.647804260253906e-05
3.2901763916015625e-05
6.366199254989624
447.47073125839233
0.0002281665802001953
5.459785461425781e-05
3.361701965332031e-05
3.552436828613281e-05
3.457069396972656e-05
175.58064603805542
4.029273986816406e-05
6.606422185897827
7.476536750793457
6.2793662548065186
7.7444257736206055
7.8408496379852295
6.800760269165039
210.55497646331787
4.076957702636719e-05
184.26517367362976
371.194242477417
337.5728027820587
170.81347846984863
5.866657018661499
164.24895453453064
0.00011086463928222656
209.07313299179077
162.68246006965637
200.0841715335846
302.0061926841736
2.956390380859375e-05
4.3392181396484375e-05
180.31691527366638
23.739939212799072
5.626678466796875e-05
4.38690185546875e-05
203.97945261001587
8.082389831542969e-05
393.2432656288147
363.05017256736755
3.790855407714844e-05
2.9325485229492188e-05
548.347806930542
5.97578239440918
5.14984130859375e-05
5.1905517578125
1259.195975780487
4.181581735610962
5.834545612335205
8.821487426757812e-05
316.5494282245636
0.00011515617370605469
6.046578645706177
7.888887405395508
43.1438250541687
0.00027871131896972656
148.56819009780884
6.580352783203125e-05
5.0067901611328125e-05
5.221366882324219e-05
6.149559497833252
8.559226989746094e-05
0.00019931793212890625
6.413459777832031e-05
6.651878356933594e-05
174.82842755317688
546.6822748184204
6.67572021484375e-05
6.6146910190582275
6.604194641113281e-05
8.199806690216064
6.686157464981079
3.266334533691406e-05
3.218650817871094e-05
6.347894906997681
204.89435005187988
429.87409949302673
320.594514131546
4.172325134277344e-05
313.3127179145813
173.88551783561707
6.290595531463623
5.87262749671936
5.550928831100464
18.542274951934814
393.5855312347412
7.43865966796875e-05
6.699562072753906e-05
7.085795879364014
169.94426369667053
6.742693901062012
7.101364850997925
355.8394968509674
6.939321279525757
323.3272545337677
0.0001418590545654297
4.0531158447265625e-05
