150.57480454444885
295.0532715320587
158.15576028823853
149.85015511512756
153.07917523384094
665.4079854488373
147.90912461280823
172.98201155662537
438.01955795288086
146.80000686645508
160.46205401420593
155.60659837722778
564.0473773479462
149.94013571739197
158.91386580467224
807.0396068096161
149.3724479675293
151.85922741889954
1106.339510679245
148.50145316123962
2.765655517578125e-05
140.3791732788086
686.1756081581116
157.1909077167511
964.3235731124878
5.1975250244140625e-05
161.35778975486755
146.1662313938141
1141.2506215572357
660.332193851471
151.62365007400513
644.7122309207916
0.00016760826110839844
4.7484822273254395
3.0994415283203125e-05
302.5900456905365
155.75051522254944
3.282944917678833
146.74948644638062
696.3794851303101
154.33776116371155
155.63796663284302
151.57438254356384
154.70239567756653
292.22545289993286
144.76572799682617
700.5492312908173
0.0001728534698486328
3.4809112548828125e-05
671.7674741744995
3.314018249511719e-05
707.8060412406921
155.22359538078308
148.17582488059998
0.00012922286987304688
3.4422504901885986
567.4870553016663
291.87899518013
147.46148872375488
554.6637117862701
591.004186630249
566.7284717559814
150.70176339149475
0.0001964569091796875
2.2172927856445312e-05
424.5257833003998
422.95483350753784
578.4603548049927
135.21739840507507
0.0003249645233154297
573.0990760326385
0.0001010894775390625
0.000141143798828125
151.0981571674347
8.130073547363281e-05
526.1097280979156
2.9802322387695312e-05
138.7116515636444
423.5106134414673
2.6941299438476562e-05
665.7080190181732
295.1081008911133
2.193450927734375e-05
288.4234266281128
977.7664837837219
4.410743713378906e-05
449.43780994415283
4.291534423828125e-05
251.18141341209412
146.2440378665924
4.792213439941406e-05
5.340576171875e-05
141.65630745887756
442.0364408493042
289.6344738006592
3.838539123535156e-05
563.8533225059509
514.1009862422943
0.0003361701965332031
146.85435247421265
987.8289213180542
3.997189998626709
285.7879469394684
2.6226043701171875e-05
4.482269287109375e-05
2.4557113647460938e-05
421.35888171195984
158.18288230895996
157.5539619922638
147.9156265258789
2.6702880859375e-05
879.338240146637
2.6464462280273438e-05
2.574920654296875e-05
307.1068353652954
5.4836273193359375e-05
154.26031756401062
149.91155552864075
284.8755819797516
282.59766244888306
155.81027722358704
145.48251366615295
2.7894973754882812e-05
148.92696857452393
2.765655517578125e-05
276.10711693763733
0.0002238750457763672
8.273124694824219e-05
2.3603439331054688e-05
431.4710547924042
4.982948303222656e-05
1297.144213438034
149.16341423988342
145.00167512893677
1131.6199340820312
3.933906555175781e-05
280.4723162651062
430.33563351631165
2.9325485229492188e-05
422.25889801979065
158.96810340881348
433.1532418727875
4.076957702636719e-05
147.89679622650146
287.0720417499542
9.989738464355469e-05
438.27411365509033
4.124641418457031e-05
149.47246718406677
285.2394607067108
1.9550323486328125e-05
3.9481160640716553
150.44845628738403
5.340576171875e-05
708.5241236686707
0.00010848045349121094
751.5484421253204
154.77556085586548
2.5510787963867188e-05
0.0001895427703857422
2.0265579223632812e-05
0.0002582073211669922
148.09243965148926
287.1605005264282
143.00609827041626
251.40781784057617
140.9176046848297
150.15054035186768
650.9425182342529
153.08271384239197
2.3126602172851562e-05
3.409385681152344e-05
1.8358230590820312e-05
2.0503997802734375e-05
2.0503997802734375e-05
412.26217770576477
3.743171691894531e-05
4.4345855712890625e-05
150.24746370315552
2.4557113647460938e-05
2.288818359375e-05
2.384185791015625e-05
147.6082878112793
2.9087066650390625e-05
3.0994415283203125e-05
2.7894973754882812e-05
705.0844419002533
149.2638943195343
307.0046479701996
149.71109437942505
406.45050024986267
3.522655725479126
445.75783801078796
141.9091501235962
0.00010585784912109375
4.744529724121094e-05
2.4080276489257812e-05
604.1405789852142
674.0392014980316
3.981590270996094e-05
164.0292010307312
4.553794860839844e-05
554.8414669036865
3.1948089599609375e-05
9.918212890625e-05
668.3413889408112
942.2874648571014
2.0742416381835938e-05
281.3354470729828
453.64892768859863
3.266334533691406e-05
134.6560356616974
3.337860107421875e-05
4.090773105621338
435.42305159568787
166.20316433906555
2.6464462280273438e-05
947.7074000835419
136.96178698539734
147.83094954490662
146.0763132572174
5.364418029785156e-05
906.9806287288666
3.264106273651123
415.50306606292725
151.21926259994507
149.3393635749817
144.99598026275635
5.435943603515625e-05
158.13921546936035
2.6226043701171875e-05
149.47662591934204
4.553794860839844e-05
141.89399552345276
739.6732807159424
2.6226043701171875e-05
448.8395895957947
146.98967790603638
149.82178473472595
144.7137463092804
171.40239834785461
557.1447877883911
145.03153705596924
140.0832302570343
143.94268703460693
1038.8556900024414
163.85443258285522
624.3147692680359
583.1230313777924
161.2316074371338
149.52814102172852
137.65538477897644
153.85174679756165
720.2061641216278
4.76837158203125e-05
160.11827945709229
159.70666241645813
144.41717743873596
3.456697940826416
3.552436828613281e-05
762.1063702106476
1101.0165739059448
149.10946369171143
5.745887756347656e-05
1211.3826189041138
4.839897155761719e-05
5.030632019042969e-05
4.590742826461792
738.8293454647064
2.7179718017578125e-05
274.6027076244354
993.8174715042114
2.8133392333984375e-05
291.27875542640686
431.2701768875122
148.0340769290924
144.12901616096497
0.00015211105346679688
1003.3693473339081
664.2253096103668
140.57747888565063
3.170967102050781e-05
863.6252973079681
512.6335833072662
441.6041741371155
3.273512363433838
6.794929504394531e-05
3.2409491539001465
852.3223648071289
148.21151781082153
2.09808349609375e-05
706.6818833351135
3.430332660675049
302.5967869758606
3.047839641571045
1.9550323486328125e-05
282.1769971847534
138.15845274925232
2.0265579223632812e-05
293.5777368545532
750.9362576007843
566.6092100143433
289.4856996536255
3.5625252723693848
112.51181817054749
163.20201063156128
677.8527178764343
399.95802998542786
6.532669067382812e-05
567.3595888614655
594.5015563964844
2.1219253540039062e-05
2.8848648071289062e-05
2.574920654296875e-05
883.3741896152496
157.71357655525208
2.5272369384765625e-05
147.91568684577942
3.1948089599609375e-05
2.574920654296875e-05
2.4318695068359375e-05
442.7159161567688
9.250640869140625e-05
4.887580871582031e-05
156.165757894516
2.47955322265625e-05
286.93783235549927
527.9854671955109
4.506111145019531e-05
537.9642415046692
303.1204204559326
292.17644810676575
3.600120544433594e-05
3.0994415283203125e-05
158.03147792816162
925.5800135135651
9.965896606445312e-05
950.5808579921722
274.90051651000977
2.8133392333984375e-05
2.4557113647460938e-05
149.78166818618774
4.57763671875e-05
864.065087556839
0.00010323524475097656
7.390975952148438e-05
656.7766902446747
155.97980284690857
493.45438265800476
2.8133392333984375e-05
544.7245507240295
146.11239671707153
626.5902392864227
553.2636606693268
137.64994645118713
3.314018249511719e-05
4.267692565917969e-05
2.09808349609375e-05
3.933906555175781e-05
448.768128156662
3.62396240234375e-05
288.15052676200867
153.00015830993652
919.4554615020752
9.72747802734375e-05
4.055288076400757
147.05993390083313
447.4652638435364
2.86102294921875e-05
142.83010578155518
0.00014829635620117188
447.6916551589966
558.4068019390106
145.00932455062866
562.2981135845184
147.57142186164856
713.5764780044556
292.9929072856903
144.4876627922058
151.581383228302
145.61124396324158
153.22190761566162
294.50147771835327
3.7066893577575684
2.1696090698242188e-05
555.974045753479
822.9599690437317
6.937980651855469e-05
0.0002932548522949219
410.8159749507904
1.9788742065429688e-05
2.0503997802734375e-05
4.291534423828125e-05
161.54264998435974
281.82572770118713
424.5722427368164
147.1964774131775
2.9087066650390625e-05
144.94093680381775
142.77723693847656
0.00013637542724609375
153.3973207473755
286.6735167503357
280.0012447834015
1082.0072991847992
3.457069396972656e-05
140.29146122932434
150.40096735954285
150.9740710258484
143.89540219306946
726.1604092121124
527.2410411834717
4.076957702636719e-05
694.8510549068451
2.7777152061462402
371.53506326675415
2.09808349609375e-05
142.86170744895935
147.84172797203064
2.6226043701171875e-05
145.91811609268188
146.41664505004883
2.574920654296875e-05
155.51376795768738
139.6286768913269
0.0001201629638671875
298.7797725200653
296.9815480709076
4.662840366363525
154.54482626914978
1008.0285181999207
0.00017690658569335938
2.1696090698242188e-05
954.7309086322784
135.98435020446777
136.670480966568
134.29338145256042
506.88469791412354
136.4903483390808
834.7536725997925
1.9550323486328125e-05
358.7828097343445
5.1975250244140625e-05
415.9202461242676
3.7415401935577393
161.64395356178284
3.3729729652404785
294.26230478286743
415.39205408096313
147.96648693084717
3.674482583999634
171.17600226402283
6.270408630371094e-05
154.5945360660553
124.14373970031738
2.0742416381835938e-05
698.358719587326
150.52675080299377
149.04037618637085
4.982948303222656e-05
8.606910705566406e-05
148.23961424827576
3.337860107421875e-05
151.41252851486206
2.3603439331054688e-05
154.6805295944214
143.6436367034912
566.0865921974182
2.6941299438476562e-05
156.95902466773987
159.73567914962769
3.981590270996094e-05
144.55581164360046
2.7179718017578125e-05
2.5033950805664062e-05
2.765655517578125e-05
149.472909450531
300.12507581710815
151.55067110061646
3.886222839355469e-05
125.62110757827759
292.66972827911377
4.002228021621704
3.8623809814453125e-05
275.95822048187256
4.100799560546875e-05
665.6009721755981
147.42501282691956
135.8028383255005
747.010276556015
125.29440999031067
131.5217843055725
141.41019701957703
497.31105184555054
160.7554633617401
417.5694501399994
144.74305057525635
152.61950397491455
2.5987625122070312e-05
150.9617462158203
733.4588894844055
409.85618591308594
140.25609135627747
256.96229243278503
127.7964277267456
2.5510787963867188e-05
258.7160840034485
2.5987625122070312e-05
975.3266208171844
149.6985182762146
278.04999113082886
648.7926454544067
131.41118216514587
2.2172927856445312e-05
387.59041833877563
5.14984130859375e-05
142.05405592918396
351.4585871696472
2.4318695068359375e-05
134.99566745758057
126.82284355163574
276.002334356308
530.6969439983368
2.6941299438476562e-05
3.29638409614563
777.6217133998871
515.7310695648193
773.7427463531494
2.9802322387695312e-05
2.4318695068359375e-05
229.07965874671936
115.00016140937805
809.4949576854706
0.00028061866760253906
1.9550323486328125e-05
753.3337740898132
154.576678276062
147.31746339797974
2.4557113647460938e-05
625.7984580993652
255.43720722198486
120.25862073898315
238.3320562839508
236.8943099975586
747.2966814041138
2.7894973754882812e-05
156.5584692955017
721.6574125289917
264.91466212272644
131.68280625343323
146.2698998451233
125.16898703575134
4.5299530029296875e-05
3.910064697265625e-05
2.384185791015625e-05
142.96524691581726
6.890296936035156e-05
117.99012589454651
0.00011110305786132812
2.6702880859375e-05
8.749961853027344e-05
157.12121105194092
2.574920654296875e-05
4.267692565917969e-05
3.910064697265625e-05
2.47955322265625e-05
291.70520663261414
3.0040740966796875e-05
2.3365020751953125e-05
296.88021326065063
2.5987625122070312e-05
0.0001857280731201172
671.3843450546265
2.7894973754882812e-05
140.03504538536072
136.71987628936768
370.0294015407562
723.0785262584686
591.9609797000885
117.73522520065308
3.2038936614990234
116.12219977378845
3.8623809814453125e-05
6.413459777832031e-05
115.30482268333435
3.314018249511719e-05
132.37097644805908
278.068430185318
378.2634046077728
3.170967102050781e-05
132.65248918533325
3.314018249511719e-05
419.5456349849701
0.00015425682067871094
121.65485429763794
2.416278123855591
4.291534423828125e-05
342.2166724205017
847.1956541538239
123.54691004753113
134.83858346939087
2.0742416381835938e-05
236.04171538352966
3.1948089599609375e-05
2.1219253540039062e-05
7.176399230957031e-05
7.176399230957031e-05
6.508827209472656e-05
131.5044629573822
231.27489638328552
362.98505425453186
3.4086108207702637
752.0739719867706
126.9860770702362
446.89203810691833
4.57763671875e-05
0.00016450881958007812
124.79513812065125
8.702278137207031e-05
128.63165426254272
127.7075731754303
2.3603439331054688e-05
2.193450927734375e-05
2.0503997802734375e-05
2.6702880859375e-05
131.548819065094
2.0265579223632812e-05
2.9802322387695312e-05
2.574920654296875e-05
136.26037502288818
0.00015091896057128906
444.9402885437012
222.77026677131653
129.5489637851715
128.32549047470093
670.5008492469788
214.79044246673584
133.26544547080994
2.3603439331054688e-05
1082.3343122005463
2.5987625122070312e-05
475.625869512558
352.78052735328674
115.31872272491455
2.2172927856445312e-05
376.3815701007843
0.0001049041748046875
113.19946193695068
99.71084880828857
0.0002510547637939453
2.5033950805664062e-05
2.4080276489257812e-05
2.3126602172851562e-05
2.5510787963867188e-05
387.4505112171173
250.8617877960205
363.1843538284302
4.076957702636719e-05
135.3894100189209
142.62752890586853
304.39423990249634
128.27273654937744
707.5067794322968
140.4827537536621
2.7179718017578125e-05
130.20658922195435
393.1929953098297
3.409385681152344e-05
257.70007586479187
124.80811858177185
126.26671814918518
495.36985206604004
710.8528604507446
383.6250169277191
2.2649765014648438e-05
107.81575679779053
126.56578850746155
379.1257004737854
897.4342377185822
0.00019550323486328125
351.44354796409607
316.16931414604187
824.9811000823975
4.601478576660156e-05
110.71971821784973
310.081670999527
283.34943556785583
182.5274567604065
4.6253204345703125e-05
136.5814003944397
2.5987625122070312e-05
240.1948380470276
3.743171691894531e-05
0.00010204315185546875
315.05950593948364
2.8133392333984375e-05
2.2649765014648438e-05
3.2774252891540527
2.4557113647460938e-05
592.5162763595581
2.6476426124572754
112.49479603767395
521.726345539093
235.92830872535706
8.797645568847656e-05
3.552436828613281e-05
476.2173135280609
115.34500789642334
2.8848648071289062e-05
121.043292760849
113.36207056045532
4.7206878662109375e-05
533.077821969986
551.0439248085022
103.4283995628357
2.4318695068359375e-05
133.5373957157135
489.8874270915985
337.3165707588196
4.1961669921875e-05
3.7670135498046875e-05
2.2172927856445312e-05
118.51237654685974
703.1776616573334
3.457069396972656e-05
218.14744234085083
3.314018249511719e-05
101.74899935722351
139.38743782043457
3.552436828613281e-05
4.9591064453125e-05
1.8358230590820312e-05
121.71011137962341
136.91071915626526
8.559226989746094e-05
415.3228313922882
4.863739013671875e-05
2.193450927734375e-05
337.53816533088684
4.5299530029296875e-05
124.07786822319031
2.0265579223632812e-05
2.4080276489257812e-05
126.84018445014954
121.18159770965576
315.8785786628723
679.7033686637878
8.082389831542969e-05
9.655952453613281e-05
118.32841181755066
555.5137577056885
541.5339694023132
103.56022429466248
95.11083364486694
108.54649186134338
464.9446380138397
2.654597282409668
548.7430121898651
424.01474499702454
98.42577505111694
3.886222839355469e-05
207.3354926109314
2.0742416381835938e-05
528.8218421936035
97.40602207183838
3.361701965332031e-05
2.478436231613159
125.84120202064514
1.8596649169921875e-05
535.968465089798
502.67240357398987
2.662641763687134
108.5555145740509
2.288818359375e-05
118.77541470527649
2.3603439331054688e-05
2.0265579223632812e-05
552.3910663127899
7.557868957519531e-05
3.317652702331543
329.5589032173157
315.55406665802
2.6280360221862793
3.075599670410156e-05
385.99410915374756
4.172325134277344e-05
4.267692565917969e-05
390.3561532497406
111.60278749465942
315.1498215198517
3.910064697265625e-05
3.838539123535156e-05
1.811981201171875e-05
2.09808349609375e-05
4.124641418457031e-05
624.9845726490021
221.5295717716217
98.47189235687256
104.7299907207489
106.96427989006042
321.29643154144287
108.30757975578308
142.93108129501343
104.1250352859497
101.84914422035217
106.68536257743835
231.60507798194885
217.37790513038635
117.83659815788269
118.98339223861694
1.9788742065429688e-05
1.9550323486328125e-05
109.21684169769287
220.09744334220886
9.489059448242188e-05
608.4671165943146
108.0397400856018
106.37423539161682
2.0742416381835938e-05
110.28131079673767
2.384185791015625e-05
382.51785588264465
108.46179294586182
93.90271782875061
361.36584877967834
102.58042812347412
617.6634500026703
281.5663528442383
2.47955322265625e-05
2.4557113647460938e-05
1.6450881958007812e-05
1.4781951904296875e-05
3.206991195678711
650.1460738182068
107.21395635604858
381.286518573761
419.70508551597595
98.86475825309753
406.10756611824036
294.89084553718567
2.4080276489257812e-05
96.80528783798218
4.3392181396484375e-05
459.8033518791199
101.83259987831116
3.3855438232421875e-05
644.556914806366
382.89755845069885
106.48730134963989
106.83005404472351
110.03980088233948
584.9365301132202
5.245208740234375e-05
2.288818359375e-05
2.4003067016601562
682.3129358291626
666.1808195114136
126.37808918952942
0.00014281272888183594
116.83947348594666
115.801274061203
119.31671261787415
7.605552673339844e-05
118.97293758392334
537.3266546726227
107.57828855514526
209.60138154029846
101.93896317481995
2.384185791015625e-05
193.6150107383728
106.01364493370056
119.977055311203
3.2901763916015625e-05
1.4066696166992188e-05
1.2874603271484375e-05
434.5810739994049
646.9919538497925
2.765655517578125e-05
198.5930745601654
3.218650817871094e-05
88.6472373008728
1.7404556274414062e-05
696.0828473567963
331.6399817466736
2.0503997802734375e-05
216.8820550441742
218.37631845474243
491.6920962333679
199.17262315750122
719.046539068222
2.574920654296875e-05
2.3757801055908203
607.3470044136047
181.4888129234314
93.49844479560852
290.8930685520172
244.4543433189392
225.25889492034912
584.1677844524384
872.0852749347687
505.96048164367676
99.85573744773865
98.11741399765015
92.23215937614441
4.124641418457031e-05
3.0994415283203125e-05
2.364079475402832
93.13173389434814
2.7418136596679688e-05
102.80022478103638
2.9087066650390625e-05
390.62327003479004
8.153915405273438e-05
9.202957153320312e-05
105.67273783683777
398.6688275337219
213.96406936645508
7.200241088867188e-05
169.89372730255127
102.49359130859375
633.5818741321564
3.0040740966796875e-05
502.6793086528778
2.09808349609375e-05
302.47116565704346
0.00018525123596191406
210.50833654403687
102.08594942092896
2.4808506965637207
3.0040740966796875e-05
208.4383590221405
2.2411346435546875e-05
389.02666664123535
101.75172710418701
443.487384557724
200.1114478111267
7.653236389160156e-05
101.56859612464905
106.27626061439514
598.3791003227234
98.72204923629761
617.4132242202759
99.23673462867737
469.23461747169495
431.35235118865967
110.46489310264587
3.814697265625e-05
647.8775939941406
4.0531158447265625e-05
212.47700309753418
2.5047764778137207
103.32600975036621
307.2181622982025
279.29570484161377
285.38758540153503
293.69257521629333
3.886222839355469e-05
727.8078031539917
101.68714451789856
95.3090307712555
104.80673003196716
100.99292421340942
2.3603439331054688e-05
209.04424142837524
1.71661376953125e-05
95.6574022769928
707.9409666061401
100.58993101119995
194.02326846122742
94.75166082382202
180.29701375961304
94.24434566497803
2.3574583530426025
402.24695682525635
2.5033950805664062e-05
2.5068001747131348
105.0599091053009
3.0517578125e-05
9.894371032714844e-05
107.51904940605164
353.5005543231964
2.4275033473968506
97.98001861572266
99.8923671245575
5.14984130859375e-05
6.794929504394531e-05
98.04363894462585
95.82416367530823
208.70079731941223
304.89590311050415
6.318092346191406e-05
3.0994415283203125e-05
277.00623202323914
4.220008850097656e-05
3.743171691894531e-05
2.1457672119140625e-05
0.00012826919555664062
1.7881393432617188e-05
252.3767032623291
639.5812704563141
