
x disttype general-gaussian
x k 380
x std 0.25
x N 100000
x alpha 0.001

o 0 0.9999239938640181 1
o 10 0.9999239938640181 1
o 20 0.9999239938640181 1
o 30 0.9999239938640181 1
o 40 0.9999239938640181 1
o 50 0.9999239938640181 1
o 60 0.9999239938640181 1
o 70 0.9999239938640181 1
o 80 0.9997778469385978 0.9999823205027085
o 90 0.9999239938640181 1
o 100 0.9999239938640181 1
o 110 0.9999239938640181 1
o 120 0.9999239938640181 1
o 130 0.9999239938640181 1
o 140 0.9999239938640181 1
o 150 0.9999239938640181 1
o 160 0.9999239938640181 1
o 170 0.9999239938640181 1
o 180 0.9999239938640181 1
o 190 0.9999239938640181 1
o 200 0.9999239938640181 1
o 210 0.9999239938640181 1
o 220 0.9998094654176469 0.9999903279212801
o 230 0.9999239938640181 1
o 240 0.9999239938640181 1
o 250 0.9999000177236425 0.9999999949987496
o 260 0.9999239938640181 1
o 270 0.9999239938640181 1
o 280 0.9999239938640181 1
o 290 0.9998794920615223 0.9999996803882305
o 300 0.9996892172795872 0.9999517166583664
o 310 0.9999239938640181 1
o 320 0.9998794920615223 0.9999996803882305
o 330 0.9999239938640181 1
o 340 0.7899761024100036 0.7983993878923699
o 350 0.9999239938640181 1
o 360 0.9999239938640181 1
o 370 0.9999239938640181 1
o 380 0.9999239938640181 1
o 390 0.9999239938640181 1
o 400 0.9999239938640181 1
o 410 0.9999239938640181 1
o 420 0.9999239938640181 1
o 430 0.9999239938640181 1
o 440 0.9999239938640181 1
o 450 0.9994094264948036 0.9998126484893034
o 460 0.9997934737315558 0.9999865160465087
o 470 0.9999239938640181 1
o 480 0.9999239938640181 1
o 490 0.9999239938640181 1
o 500 0.9999239938640181 1
o 510 0.9999239938640181 1
o 520 0.9999239938640181 1
o 530 0.9995789431075351 0.9999025818545951
o 540 0.9999239938640181 1
o 550 0.9983494143722831 0.9990938694504349
o 560 0.9998794920615223 0.9999996803882305
o 570 0.9999239938640181 1
o 580 0.9999239938640181 1
o 590 0.9999239938640181 1
o 600 0.9999239938640181 1
o 610 0.9999239938640181 1
o 620 0.9999239938640181 1
o 630 0.9999239938640181 1
o 640 0.9999239938640181 1
o 650 0.9999239938640181 1
o 660 0.9999239938640181 1
o 670 0.9999239938640181 1
o 680 0.9999239938640181 1
o 690 0.9999239938640181 1
o 700 0.9999239938640181 1
o 710 0.9999239938640181 1
o 720 0.4071796591729867 0.41743360456441947
o 730 0.9999000177236425 0.9999999949987496
o 740 0.7714647605444527 0.7801535125357231
o 750 0.9999239938640181 1
o 760 0.9986148753119095 0.9992882339998526
o 770 0.9999239938640181 1
o 780 0.9999239938640181 1
o 790 0.9999239938640181 1
o 800 0.9999239938640181 1
o 810 0.9999239938640181 1
o 820 0.9999239938640181 1
o 830 0.9998259044303537 0.9999936749830985
o 840 0.9999239938640181 1
o 850 0.9999239938640181 1
o 860 0.9999239938640181 1
o 870 0.9998094654176469 0.9999903279212801
o 880 0.9999239938640181 1
o 890 0.9999000177236425 0.9999999949987496
o 900 0.7580874091882058 0.766952875667203
o 910 0.9999239938640181 1
o 920 0.9999239938640181 1
o 930 0.9999239938640181 1
o 940 0.9999000177236425 0.9999999949987496
o 950 0.9999239938640181 1
o 960 0.9999239938640181 1
o 970 0.9999239938640181 1
o 980 0.9999239938640181 1
o 990 0.9999000177236425 0.9999999949987496
o 1000 0.9999239938640181 1
o 1010 0.9999239938640181 1
o 1020 0.9999239938640181 1
o 1030 0.9999239938640181 1
o 1040 0.9999239938640181 1
o 1050 0.9998429101352648 0.9999964480564058
o 1060 0.9999239938640181 1
o 1070 0.9999239938640181 1
o 1080 0.9999000177236425 0.9999999949987496
o 1090 0.9999239938640181 1
o 1100 0.9999239938640181 1
o 1110 0.9999239938640181 1
o 1120 0.9999239938640181 1
o 1130 0.9999239938640181 1
o 1140 0.9999239938640181 1
o 1150 0.9999239938640181 1
o 1160 0.9999239938640181 1
o 1170 0.9999239938640181 1
o 1180 0.9999239938640181 1
o 1190 0.9999239938640181 1
o 1200 0.9991974091936578 0.9996850848564172
o 1210 0.9999239938640181 1
o 1220 0.9999239938640181 1
o 1230 0.9999239938640181 1
o 1240 0.9999239938640181 1
o 1250 0.9999239938640181 1
o 1260 0.004153101605381687 0.013766270526947566
o 1270 0.9974465459639887 0.9983971507728185
o 1280 0.9999239938640181 1
o 1290 0.9993840302011118 0.9997981063300013
o 1300 0.9999239938640181 1
o 1310 0.9999239938640181 1
o 1320 0.9999000177236425 0.9999999949987496
o 1330 0.9999239938640181 1
o 1340 0.9999239938640181 1
o 1350 0.9999239938640181 1
o 1360 0.9999239938640181 1
o 1370 0.9999239938640181 1
o 1380 0.9999000177236425 0.9999999949987496
o 1390 0.9999239938640181 1
o 1400 0.9999239938640181 1
o 1410 0.9999239938640181 1
o 1420 0.9999239938640181 1
o 1430 0.9999239938640181 1
o 1440 0.9998606673855076 0.9999985029476508
o 1450 0.9999239938640181 1
o 1460 0.9999239938640181 1
o 1470 0.9999239938640181 1
o 1480 0.9999239938640181 1
o 1490 0.9999239938640181 1
o 1500 0.6869156071267486 0.6965353914861685
o 1510 0.9999239938640181 1
o 1520 0.9998259044303537 0.9999936749830985
o 1530 0.8773642046041947 0.8841181664340272
o 1540 0.9999239938640181 1
o 1550 0.9999239938640181 1
o 1560 0.9999239938640181 1
o 1570 0.9988491397832107 0.9994537750504463
o 1580 0.9999239938640181 1
o 1590 0.9999239938640181 1
o 1600 0.9986381404199947 0.9993049515903288
o 1610 0.9999239938640181 1
o 1620 0.9999239938640181 1
o 1630 0.9999239938640181 1
o 1640 0.9999239938640181 1
o 1650 0.9999239938640181 1
o 1660 0.9999239938640181 1
o 1670 0.9997778469385978 0.9999823205027085
o 1680 0.9998794920615223 0.9999996803882305
o 1690 0.9999239938640181 1
o 1700 0.9999239938640181 1
o 1710 0.9999239938640181 1
o 1720 0.9999239938640181 1
o 1730 0.9984298320990661 0.9991534027843956
o 1740 0.9999239938640181 1
o 1750 0.9999239938640181 1
o 1760 0.9999239938640181 1
o 1770 0.9999239938640181 1
o 1780 0.9999239938640181 1
o 1790 0.9921956880174333 0.9939292345405517
o 1800 0.9999239938640181 1
o 1810 0.9999239938640181 1
o 1820 0.9999239938640181 1
o 1830 0.9999239938640181 1
o 1840 0.9999239938640181 1
o 1850 0.9998429101352648 0.9999964480564058
o 1860 0.9999239938640181 1
o 1870 0.9999239938640181 1
o 1880 0.9963435215643298 0.997500518013491
o 1890 0.9999239938640181 1
o 1900 0.9998794920615223 0.9999996803882305
o 1910 0.9999239938640181 1
o 1920 0.9999239938640181 1
o 1930 0.9999239938640181 1
o 1940 0.9999239938640181 1
o 1950 0.9999239938640181 1
o 1960 0.9999239938640181 1
o 1970 0.9999239938640181 1
o 1980 0.9999239938640181 1
o 1990 0.9999239938640181 1
o 2000 0.9999239938640181 1
o 2010 0.9999239938640181 1
o 2020 0.9999239938640181 1
o 2030 0.9999239938640181 1
o 2040 0.9999239938640181 1
o 2050 0.9999239938640181 1
o 2060 0.9999239938640181 1
o 2070 0.3253841307074875 0.335181540897153
o 2080 0.9999239938640181 1
o 2090 0.9939334202209915 0.9954511697040436
o 2100 0.9999239938640181 1
o 2110 0.9999239938640181 1
o 2120 0.9999239938640181 1
o 2130 0.06954662391809073 0.0985445796614719
o 2140 0.9999239938640181 1
o 2150 0.9999239938640181 1
o 2160 0.9999239938640181 1
o 2170 0.9999239938640181 1
o 2180 0.9999239938640181 1
o 2190 0.9999239938640181 1
o 2200 0.9999239938640181 1
o 2210 0.9999239938640181 1
o 2220 0.9999239938640181 1
o 2230 0.9999239938640181 1
o 2240 0.9999239938640181 1
o 2250 0.9999000177236425 0.9999999949987496
o 2260 0.9999239938640181 1
o 2270 0.9999239938640181 1
o 2280 0.9991851653448052 0.9996773477700754
o 2290 0.9999239938640181 1
o 2300 0.9999239938640181 1
o 2310 0.9999000177236425 0.9999999949987496
o 2320 0.9999239938640181 1
o 2330 0.9999239938640181 1
o 2340 0.9999239938640181 1
o 2350 0.9999239938640181 1
o 2360 0.9999239938640181 1
o 2370 0.9999239938640181 1
o 2380 0.9999239938640181 1
o 2390 0.9999239938640181 1
o 2400 0.9999239938640181 1
o 2410 0.9999239938640181 1
o 2420 0.9999239938640181 1
o 2430 0.9996332781059027 0.9999279902963232
o 2440 0.9999239938640181 1
o 2450 0.9999239938640181 1
o 2460 0.9999239938640181 1
o 2470 0.9999239938640181 1
o 2480 0.9996332781059027 0.9999279902963232
o 2490 0.9999239938640181 1
o 2500 0.9999239938640181 1
o 2510 0.9999239938640181 1
o 2520 0.9999239938640181 1
o 2530 0.9999239938640181 1
o 2540 0.9999239938640181 1
o 2550 0.9999000177236425 0.9999999949987496
o 2560 0.9998429101352648 0.9999964480564058
o 2570 0.9999239938640181 1
o 2580 0.9999239938640181 1
o 2590 0.9999239938640181 1
o 2600 0.9999239938640181 1
o 2610 0.9999239938640181 1
o 2620 0.9999239938640181 1
o 2630 0.9970028258468606 0.9980410216533581
o 2640 0.9999239938640181 1
o 2650 0.9999239938640181 1
o 2660 0.9999239938640181 1
o 2670 0.9999239938640181 1
o 2680 0.9999239938640181 1
o 2690 0.9999239938640181 1
o 2700 0.9999239938640181 1
o 2710 0.9999239938640181 1
o 2720 0.6384803269803205 0.6484579722878873
o 2730 0.9999239938640181 1
o 2740 0.9999000177236425 0.9999999949987496
o 2750 0.9999239938640181 1
o 2760 0.9998259044303537 0.9999936749830985
o 2770 0.9999000177236425 0.9999999949987496
o 2780 0.9999239938640181 1
o 2790 0.9999239938640181 1
o 2800 0.9999239938640181 1
o 2810 0.9189591412946384 0.9245569937821478
o 2820 0.9999239938640181 1
o 2830 0.9999239938640181 1
o 2840 0.9999239938640181 1
o 2850 0.9999239938640181 1
o 2860 0.9984759245855118 0.9991872808319237
o 2870 0.9999239938640181 1
o 2880 0.9999239938640181 1
o 2890 0.9999239938640181 1
o 2900 0.9999239938640181 1
o 2910 0.9999239938640181 1
o 2920 0.9999239938640181 1
o 2930 0.9995126784110874 0.999869096973979
o 2940 0.9999239938640181 1
o 2950 0.9999239938640181 1
o 2960 0.9999239938640181 1
o 2970 0.9988255373236186 0.9994373994252359
o 2980 0.9999239938640181 1
o 2990 0.9996610130687411 0.9999401001755236
o 3000 0.9999239938640181 1
o 3010 0.9999239938640181 1
o 3020 0.9999239938640181 1
o 3030 0.9888905469006076 0.9909749518326857
o 3040 0.9998606673855076 0.9999985029476508
o 3050 0.9999239938640181 1
o 3060 0.5267605967912788 0.5371545696726046
o 3070 0.9999239938640181 1
o 3080 0.9999239938640181 1
o 3090 0.9999239938640181 1
o 3100 0.9999000177236425 0.9999999949987496
o 3110 0.9999239938640181 1
o 3120 0.9999239938640181 1
o 3130 0.9998606673855076 0.9999985029476508
o 3140 0.9999239938640181 1
o 3150 0.9999239938640181 1
o 3160 0.9969807379666078 0.9980231165036734
o 3170 0.9999239938640181 1
o 3180 0.9999239938640181 1
o 3190 0.9999239938640181 1
o 3200 0.9999239938640181 1
o 3210 0.9999239938640181 1
o 3220 0.9999239938640181 1
o 3230 0.9999239938640181 1
o 3240 0.9999239938640181 1
o 3250 0.9999239938640181 1
o 3260 0.9999239938640181 1
o 3270 0.9999239938640181 1
o 3280 0.9999239938640181 1
o 3290 0.9999239938640181 1
o 3300 0.9998794920615223 0.9999996803882305
o 3310 0.9999239938640181 1
o 3320 0.9999239938640181 1
o 3330 0.9982807155936814 0.9990426077982462
o 3340 0.9999239938640181 1
o 3350 0.9999239938640181 1
o 3360 0.9999239938640181 1
o 3370 0.9999239938640181 1
o 3380 0.9999239938640181 1
o 3390 0.9999239938640181 1
o 3400 0.9999239938640181 1
o 3410 0.9998429101352648 0.9999964480564058
o 3420 0.9999239938640181 1
o 3430 0.9999239938640181 1
o 3440 0.9999239938640181 1
o 3450 0.9999239938640181 1
o 3460 0.9998794920615223 0.9999996803882305
o 3470 0.9999239938640181 1
o 3480 0.9999239938640181 1
o 3490 0.7293795756691045 0.7385850286066467
o 3500 0.9999239938640181 1
o 3510 0.9999239938640181 1
o 3520 0.040280359439842865 0.06343892508169602
o 3530 0.9999239938640181 1
o 3540 0.9999239938640181 1
o 3550 0.9985916421321996 0.9992714840859439
o 3560 0.9999239938640181 1
o 3570 0.9999239938640181 1
o 3580 0.9967273137679054 0.9978166177471925
o 3590 0.9999239938640181 1
o 3600 0.9999239938640181 1
o 3610 0.9999239938640181 1
o 3620 0.9999239938640181 1
o 3630 0.9999239938640181 1
o 3640 0.9999000177236425 0.9999999949987496
o 3650 0.9999239938640181 1
o 3660 0.9999239938640181 1
o 3670 0.9999239938640181 1
o 3680 0.9999239938640181 1
o 3690 0.9999000177236425 0.9999999949987496
o 3700 0.9999239938640181 1
o 3710 0.9999000177236425 0.9999999949987496
o 3720 0.9999239938640181 1
o 3730 0.9961359958522034 0.9973280986685701
o 3740 0.9999239938640181 1
o 3750 0.9999239938640181 1
o 3760 0.9999239938640181 1
o 3770 0.9999239938640181 1
o 3780 0.5331748145270269 0.5435593825001039
o 3790 0.9999239938640181 1
o 3800 0.9999239938640181 1
o 3810 0.9998794920615223 0.9999996803882305
o 3820 0.9999239938640181 1
o 3830 0.9999239938640181 1
o 3840 0.9999239938640181 1
o 3850 0.9991242454921062 0.9996383565757581
o 3860 0.9999239938640181 1
o 3870 0.9999239938640181 1
o 3880 0.9999239938640181 1
o 3890 0.9999239938640181 1
o 3900 0.9999239938640181 1
o 3910 0.9999239938640181 1
o 3920 0.9999239938640181 1
o 3930 0.9999239938640181 1
o 3940 0.9999239938640181 1
o 3950 0.9995126784110874 0.999869096973979
o 3960 0.9999239938640181 1
o 3970 0.997413125655506 0.998370583251967
o 3980 0.9999239938640181 1
o 3990 0.9999239938640181 1
o 4000 0.9997934737315558 0.9999865160465087
o 4010 0.9999239938640181 1
o 4020 0.9999239938640181 1
o 4030 0.9999000177236425 0.9999999949987496
o 4040 0.9999239938640181 1
o 4050 0.9999239938640181 1
o 4060 0.9999239938640181 1
o 4070 0.9999239938640181 1
o 4080 0.9999239938640181 1
o 4090 0.9999239938640181 1
o 4100 0.9998794920615223 0.9999996803882305
o 4110 0.9998429101352648 0.9999964480564058
o 4120 0.9999239938640181 1
o 4130 0.9999239938640181 1
o 4140 0.9988255373236186 0.9994373994252359
o 4150 0.9999239938640181 1
o 4160 0.9999239938640181 1
o 4170 0.9999239938640181 1
o 4180 0.9999239938640181 1
o 4190 0.9999239938640181 1
o 4200 0.9999239938640181 1
o 4210 0.9999239938640181 1
o 4220 0.9999239938640181 1
o 4230 0.9999239938640181 1
o 4240 0.9999239938640181 1
o 4250 0.9999239938640181 1
o 4260 0.9999239938640181 1
o 4270 0.9999239938640181 1
o 4280 0.9999239938640181 1
o 4290 0.9999239938640181 1
o 4300 0.9996059399519922 0.9999154644598418
o 4310 0.9999239938640181 1
o 4320 0.9999239938640181 1
o 4330 0.9999000177236425 0.9999999949987496
o 4340 0.9999239938640181 1
o 4350 0.9999239938640181 1
o 4360 0.9161750622736546 0.9218614901748703
o 4370 0.9999239938640181 1
o 4380 0.9996332781059027 0.9999279902963232
o 4390 0.9999239938640181 1
o 4400 0.9998606673855076 0.9999985029476508
o 4410 0.9999239938640181 1
o 4420 0.9999239938640181 1
o 4430 0.9999239938640181 1
o 4440 0.9999239938640181 1
o 4450 0.9999239938640181 1
o 4460 0.9999239938640181 1
o 4470 0.9999239938640181 1
o 4480 0.9999239938640181 1
o 4490 0.9999239938640181 1
o 4500 0.8601377488151022 0.8672872060815403
o 4510 0.9999239938640181 1
o 4520 0.9999239938640181 1
o 4530 0.9999239938640181 1
o 4540 0.9999239938640181 1
o 4550 0.9999239938640181 1
o 4560 0.9999239938640181 1
o 4570 0.9984413453868268 0.9991618822380575
o 4580 0.9999000177236425 0.9999999949987496
o 4590 0.9999239938640181 1
o 4600 0.9999239938640181 1
o 4610 0.9999239938640181 1
o 4620 0.9345253784749965 0.9395884223153087
o 4630 0.9991363912921909 0.9996461937765692
o 4640 0.9999239938640181 1
o 4650 0.9999239938640181 1
o 4660 0.9999239938640181 1
o 4670 0.9999239938640181 1
o 4680 0.9999239938640181 1
o 4690 0.989848146484747 0.9918371901822268
o 4700 0.9999239938640181 1
o 4710 0.9999239938640181 1
o 4720 0.9999239938640181 1
o 4730 0.9999239938640181 1
o 4740 0.9228117855850567 0.9282837718882194
o 4750 0.9999239938640181 1
o 4760 0.9999239938640181 1
o 4770 0.9999239938640181 1
o 4780 0.9999239938640181 1
o 4790 0.9999239938640181 1
o 4800 0.9999239938640181 1
o 4810 0.9999239938640181 1
o 4820 0.9999239938640181 1
o 4830 0.9999239938640181 1
o 4840 0.9999239938640181 1
o 4850 0.9999239938640181 1
o 4860 0.4042154857515962 0.41445822718911207
o 4870 0.9999239938640181 1
o 4880 0.9997934737315558 0.9999865160465087
o 4890 0.9999239938640181 1
o 4900 0.9998606673855076 0.9999985029476508
o 4910 0.9999239938640181 1
o 4920 0.9999239938640181 1
o 4930 0.9999239938640181 1
o 4940 0.9999239938640181 1
o 4950 0.9999239938640181 1
o 4960 0.9999239938640181 1
o 4970 0.9999239938640181 1
o 4980 0.9999239938640181 1
o 4990 0.9997778469385978 0.9999823205027085
o 5000 0.9999239938640181 1
o 5010 0.9999239938640181 1
o 5020 0.9999239938640181 1
o 5030 0.9999239938640181 1
o 5040 0.9999239938640181 1
o 5050 0.9999239938640181 1
o 5060 0.9999239938640181 1
o 5070 0.9999239938640181 1
o 5080 0.9999239938640181 1
o 5090 0.9999239938640181 1
o 5100 0.9999239938640181 1
o 5110 0.9999239938640181 1
o 5120 0.9999239938640181 1
o 5130 0.9999239938640181 1
o 5140 0.9999239938640181 1
o 5150 0.9999239938640181 1
o 5160 0.9999239938640181 1
o 5170 0.9999239938640181 1
o 5180 0.9999239938640181 1
o 5190 0.9999239938640181 1
o 5200 0.9999000177236425 0.9999999949987496
o 5210 0.9997625252542223 0.9999778024249072
o 5220 0.9998794920615223 0.9999996803882305
o 5230 0.9999239938640181 1
o 5240 0.9999239938640181 1
o 5250 0.9999239938640181 1
o 5260 0.9999239938640181 1
o 5270 0.9999239938640181 1
o 5280 0.9999239938640181 1
o 5290 0.9999239938640181 1
o 5300 0.9999239938640181 1
o 5310 0.9999239938640181 1
o 5320 0.9999239938640181 1
o 5330 0.9999239938640181 1
o 5340 0.9999239938640181 1
o 5350 0.9999239938640181 1
o 5360 0.9999239938640181 1
o 5370 0.9999239938640181 1
o 5380 0.9999239938640181 1
o 5390 0.9999239938640181 1
o 5400 0.9999239938640181 1
o 5410 0.9999239938640181 1
o 5420 0.9999239938640181 1
o 5430 0.9999239938640181 1
o 5440 0.9999239938640181 1
o 5450 0.9841827324032099 0.9866835322375757
o 5460 0.9999000177236425 0.9999999949987496
o 5470 0.9999239938640181 1
o 5480 0.9999239938640181 1
o 5490 0.9999239938640181 1
o 5500 0.9999239938640181 1
o 5510 0.9999239938640181 1
o 5520 0.9999239938640181 1
o 5530 0.9999239938640181 1
o 5540 0.9999239938640181 1
o 5550 0.9999239938640181 1
o 5560 0.9999239938640181 1
o 5570 0.9999239938640181 1
o 5580 0.9999239938640181 1
o 5590 0.9999239938640181 1
o 5600 0.9961687278848587 0.9973553581119353
o 5610 0.9999239938640181 1
o 5620 0.9999000177236425 0.9999999949987496
o 5630 0.9999239938640181 1
o 5640 0.9999239938640181 1
o 5650 0.9999239938640181 1
o 5660 0.9999239938640181 1
o 5670 0.9999239938640181 1
o 5680 0.9999239938640181 1
o 5690 0.9999239938640181 1
o 5700 0.9999239938640181 1
o 5710 0.9999239938640181 1
o 5720 0.9999239938640181 1
o 5730 0.9999239938640181 1
o 5740 0.9999239938640181 1
o 5750 0.9999239938640181 1
o 5760 0.9999239938640181 1
o 5770 0.9999239938640181 1
o 5780 0.9999239938640181 1
o 5790 0.9999239938640181 1
o 5800 0.9999239938640181 1
o 5810 0.9999239938640181 1
o 5820 0.9999239938640181 1
o 5830 0.9999239938640181 1
o 5840 0.9999239938640181 1
o 5850 0.9999239938640181 1
o 5860 0.9999239938640181 1
o 5870 0.9999239938640181 1
o 5880 0.9999239938640181 1
o 5890 0.9999239938640181 1
o 5900 0.9999239938640181 1
o 5910 0.9999239938640181 1
o 5920 0.9999239938640181 1
o 5930 0.9999239938640181 1
o 5940 0.9999239938640181 1
o 5950 0.9999239938640181 1
o 5960 0.9999239938640181 1
o 5970 0.9999239938640181 1
o 5980 0.9999239938640181 1
o 5990 0.9999239938640181 1
o 6000 0.9999239938640181 1
o 6010 0.9999239938640181 1
o 6020 0.9999239938640181 1
o 6030 0.9999239938640181 1
o 6040 0.9999239938640181 1
o 6050 0.9999239938640181 1
o 6060 0.9999239938640181 1
o 6070 0.9999239938640181 1
o 6080 0.9999239938640181 1
o 6090 0.9999239938640181 1
o 6100 0.9999239938640181 1
o 6110 0.9999239938640181 1
o 6120 0.9999239938640181 1
o 6130 0.9999239938640181 1
o 6140 0.9999239938640181 1
o 6150 0.9999239938640181 1
o 6160 0.9999239938640181 1
o 6170 0.9999239938640181 1
o 6180 0.9999239938640181 1
o 6190 0.9999239938640181 1
o 6200 0.9999239938640181 1
o 6210 0.9999239938640181 1
o 6220 0.9999239938640181 1
o 6230 0.9999239938640181 1
o 6240 0.9999239938640181 1
o 6250 0.9999239938640181 1
o 6260 0.9999239938640181 1
o 6270 0.9999239938640181 1
o 6280 0.9999239938640181 1
o 6290 0.9999239938640181 1
o 6300 0.9999239938640181 1
o 6310 0.9999239938640181 1
o 6320 0.9999239938640181 1
o 6330 0.9999239938640181 1
o 6340 0.9999239938640181 1
o 6350 0.9999239938640181 1
o 6360 0.9999239938640181 1
o 6370 0.9999239938640181 1
o 6380 0.9999239938640181 1
o 6390 0.9999239938640181 1
o 6400 0.9998606673855076 0.9999985029476508
o 6410 0.9999239938640181 1
o 6420 0.9999000177236425 0.9999999949987496
o 6430 0.9999239938640181 1
o 6440 0.9999239938640181 1
o 6450 0.9999239938640181 1
o 6460 0.9999239938640181 1
o 6470 0.9999239938640181 1
o 6480 0.9999239938640181 1
o 6490 0.9999239938640181 1
o 6500 0.9999239938640181 1
o 6510 0.9999239938640181 1
o 6520 0.9999239938640181 1
o 6530 0.9999239938640181 1
o 6540 0.9999239938640181 1
o 6550 0.9999239938640181 1
o 6560 0.7142109419359585 0.7235759457817668
o 6570 0.9999000177236425 0.9999999949987496
o 6580 0.9999239938640181 1
o 6590 0.9999239938640181 1
o 6600 0.9999239938640181 1
o 6610 0.9997035245559214 0.9999573086101283
o 6620 0.9999239938640181 1
o 6630 0.9999239938640181 1
o 6640 0.9999239938640181 1
o 6650 0.9999239938640181 1
o 6660 0.9999239938640181 1
o 6670 0.9999239938640181 1
o 6680 0.9999239938640181 1
o 6690 0.9999239938640181 1
o 6700 0.9999239938640181 1
o 6710 0.9999239938640181 1
o 6720 0.9999239938640181 1
o 6730 0.9999239938640181 1
o 6740 0.9999239938640181 1
o 6750 0.9999239938640181 1
o 6760 0.9999239938640181 1
o 6770 0.9999239938640181 1
o 6780 0.9999239938640181 1
o 6790 0.9999239938640181 1
o 6800 0.9999239938640181 1
o 6810 0.9999239938640181 1
o 6820 0.9999239938640181 1
o 6830 0.9999239938640181 1
o 6840 0.9999239938640181 1
o 6850 0.9999239938640181 1
o 6860 0.9999239938640181 1
o 6870 0.9999000177236425 0.9999999949987496
o 6880 0.9999239938640181 1
o 6890 0.9999239938640181 1
o 6900 0.9999239938640181 1
o 6910 0.9999239938640181 1
o 6920 0.9999239938640181 1
o 6930 0.9999239938640181 1
o 6940 0.9999239938640181 1
o 6950 0.9999239938640181 1
o 6960 0.9999239938640181 1
o 6970 0.9999239938640181 1
o 6980 0.9996195632227871 0.999921775321969
o 6990 0.9999239938640181 1
o 7000 0.9999239938640181 1
o 7010 0.9999239938640181 1
o 7020 0.9999239938640181 1
o 7030 0.9999000177236425 0.9999999949987496
o 7040 0.9999239938640181 1
o 7050 0.9999239938640181 1
o 7060 0.9999239938640181 1
o 7070 0.9999239938640181 1
o 7080 0.9999239938640181 1
o 7090 0.9999239938640181 1
o 7100 0.9989917465252612 0.9995510212653725
o 7110 0.9999239938640181 1
o 7120 0.9999239938640181 1
o 7130 0.9999239938640181 1
o 7140 0.9999239938640181 1
o 7150 0.9999239938640181 1
o 7160 0.9999239938640181 1
o 7170 0.9999239938640181 1
o 7180 0.9999239938640181 1
o 7190 0.9999239938640181 1
o 7200 0.9999239938640181 1
o 7210 0.9999000177236425 0.9999999949987496
o 7220 0.9999239938640181 1
o 7230 0.9999239938640181 1
o 7240 0.9999239938640181 1
o 7250 0.9999239938640181 1
o 7260 0.9999239938640181 1
o 7270 0.9999239938640181 1
o 7280 0.9999239938640181 1
o 7290 0.9999239938640181 1
o 7300 0.9999239938640181 1
o 7310 0.9999239938640181 1
o 7320 0.9999239938640181 1
o 7330 0.9999239938640181 1
o 7340 0.9999239938640181 1
o 7350 0.9999000177236425 0.9999999949987496
o 7360 0.9999239938640181 1
o 7370 0.9997625252542223 0.9999778024249072
o 7380 0.9999239938640181 1
o 7390 0.9999239938640181 1
o 7400 0.9999239938640181 1
o 7410 0.9999239938640181 1
o 7420 0.9998794920615223 0.9999996803882305
o 7430 0.9999239938640181 1
o 7440 0.9999239938640181 1
o 7450 0.9999239938640181 1
o 7460 0.9999239938640181 1
o 7470 0.9999239938640181 1
o 7480 0.9999239938640181 1
o 7490 0.9999239938640181 1
o 7500 0.9999239938640181 1
o 7510 0.9999239938640181 1
o 7520 0.9999239938640181 1
o 7530 0.9999239938640181 1
o 7540 0.9999239938640181 1
o 7550 0.9999239938640181 1
o 7560 0.9999239938640181 1
o 7570 0.9999239938640181 1
o 7580 0.9987667147758514 0.999396274082256
o 7590 0.9999239938640181 1
o 7600 0.9999239938640181 1
o 7610 0.9999239938640181 1
o 7620 0.9999239938640181 1
o 7630 0.9999239938640181 1
o 7640 0.9999239938640181 1
o 7650 0.9999239938640181 1
o 7660 0.9999239938640181 1
o 7670 0.9999239938640181 1
o 7680 0.9999239938640181 1
o 7690 0.9999239938640181 1
o 7700 0.9999239938640181 1
o 7710 0.9999239938640181 1
o 7720 0.9999239938640181 1
o 7730 0.9999239938640181 1
o 7740 0.9999239938640181 1
o 7750 0.9999239938640181 1
o 7760 0.9999239938640181 1
o 7770 0.9999239938640181 1
o 7780 0.9999239938640181 1
o 7790 0.9999239938640181 1
o 7800 0.9999239938640181 1
o 7810 0.9999239938640181 1
o 7820 0.9999239938640181 1
o 7830 0.9999239938640181 1
o 7840 0.9999239938640181 1
o 7850 0.9998259044303537 0.9999936749830985
o 7860 0.9999239938640181 1
o 7870 0.9999239938640181 1
o 7880 0.9999239938640181 1
o 7890 0.9999239938640181 1
o 7900 0.9999239938640181 1
o 7910 0.9999239938640181 1
o 7920 0.9999239938640181 1
o 7930 0.9999239938640181 1
o 7940 0.9999239938640181 1
o 7950 0.9999239938640181 1
o 7960 0.9999239938640181 1
o 7970 0.9999239938640181 1
o 7980 0.9999239938640181 1
o 7990 0.9999000177236425 0.9999999949987496
o 8000 0.9999239938640181 1
o 8010 0.9999239938640181 1
o 8020 0.9999239938640181 1
o 8030 0.9999239938640181 1
o 8040 0.9999239938640181 1
o 8050 0.9999239938640181 1
o 8060 0.9999239938640181 1
o 8070 0.9999239938640181 1
o 8080 0.9999239938640181 1
o 8090 0.9999239938640181 1
o 8100 0.9999239938640181 1
o 8110 0.992100139773098 0.9938448002695061
o 8120 0.9999239938640181 1
o 8130 0.9999239938640181 1
o 8140 0.9999239938640181 1
o 8150 0.9999239938640181 1
o 8160 0.9988491397832107 0.9994537750504463
o 8170 0.9999239938640181 1
o 8180 0.9999239938640181 1
o 8190 0.9999239938640181 1
o 8200 0.9999239938640181 1
o 8210 0.9999239938640181 1
o 8220 0.9999239938640181 1
o 8230 0.9999239938640181 1
o 8240 0.9999239938640181 1
o 8250 0.9999239938640181 1
o 8260 0.9999239938640181 1
o 8270 0.9999239938640181 1
o 8280 0.9999239938640181 1
o 8290 0.9999239938640181 1
o 8300 0.9999239938640181 1
o 8310 0.9999239938640181 1
o 8320 0.9999239938640181 1
o 8330 0.9999239938640181 1
o 8340 0.9999239938640181 1
o 8350 0.9999239938640181 1
o 8360 0.9999239938640181 1
o 8370 0.9999239938640181 1
o 8380 0.9999239938640181 1
o 8390 0.9999239938640181 1
o 8400 0.9999239938640181 1
o 8410 0.9999000177236425 0.9999999949987496
o 8420 0.9999239938640181 1
o 8430 0.9999239938640181 1
o 8440 0.9999239938640181 1
o 8450 0.9999239938640181 1
o 8460 0.9999239938640181 1
o 8470 0.9999239938640181 1
o 8480 0.9999239938640181 1
o 8490 0.9999239938640181 1
o 8500 0.9999239938640181 1
o 8510 0.9999239938640181 1
o 8520 0.9315516679123329 0.936722578951614
o 8530 0.9999239938640181 1
o 8540 0.9999239938640181 1
o 8550 0.9999239938640181 1
o 8560 0.9999239938640181 1
o 8570 0.9999239938640181 1
o 8580 0.9999239938640181 1
o 8590 0.9999239938640181 1
o 8600 0.9999239938640181 1
o 8610 0.9999239938640181 1
o 8620 0.9999239938640181 1
o 8630 0.9999239938640181 1
o 8640 0.9999239938640181 1
o 8650 0.9999239938640181 1
o 8660 0.9999239938640181 1
o 8670 0.9999239938640181 1
o 8680 0.9999239938640181 1
o 8690 0.9999239938640181 1
o 8700 0.9999239938640181 1
o 8710 0.9999239938640181 1
o 8720 0.9999239938640181 1
o 8730 0.9999239938640181 1
o 8740 0.9999239938640181 1
o 8750 0.9999239938640181 1
o 8760 0.9999239938640181 1
o 8770 0.9999239938640181 1
o 8780 0.9999239938640181 1
o 8790 0.9999239938640181 1
o 8800 0.9999239938640181 1
o 8810 0.9999239938640181 1
o 8820 0.9999239938640181 1
o 8830 0.9999239938640181 1
o 8840 0.9999239938640181 1
o 8850 0.9999239938640181 1
o 8860 0.9999239938640181 1
o 8870 0.9999239938640181 1
o 8880 0.9999239938640181 1
o 8890 0.9999239938640181 1
o 8900 0.9999239938640181 1
o 8910 0.9999239938640181 1
o 8920 0.9999239938640181 1
o 8930 0.9999239938640181 1
o 8940 0.9999239938640181 1
o 8950 0.9999239938640181 1
o 8960 0.9999239938640181 1
o 8970 0.9999239938640181 1
o 8980 0.9999239938640181 1
o 8990 0.9999239938640181 1
o 9000 0.9999239938640181 1
o 9010 0.9999239938640181 1
o 9020 0.9999239938640181 1
o 9030 0.9999239938640181 1
o 9040 0.9999239938640181 1
o 9050 0.9999239938640181 1
o 9060 0.9999239938640181 1
o 9070 0.9999239938640181 1
o 9080 0.9999239938640181 1
o 9090 0.9999239938640181 1
o 9100 0.9999239938640181 1
o 9110 0.9999239938640181 1
o 9120 0.9999239938640181 1
o 9130 0.9999239938640181 1
o 9140 0.9999239938640181 1
o 9150 0.9999239938640181 1
o 9160 0.9999239938640181 1
o 9170 0.9999239938640181 1
o 9180 0.9999239938640181 1
o 9190 0.9999239938640181 1
o 9200 0.9999239938640181 1
o 9210 0.9999239938640181 1
o 9220 0.9999239938640181 1
o 9230 0.9999239938640181 1
o 9240 0.9999239938640181 1
o 9250 0.9999239938640181 1
o 9260 0.9999239938640181 1
o 9270 0.9999239938640181 1
o 9280 0.9584024589279352 0.962467753187501
o 9290 0.9999239938640181 1
o 9300 0.9999239938640181 1
o 9310 0.9999239938640181 1
o 9320 0.9999239938640181 1
o 9330 0.9999239938640181 1
o 9340 0.9999239938640181 1
o 9350 0.9999239938640181 1
o 9360 0.9999239938640181 1
o 9370 0.9999239938640181 1
o 9380 0.9999239938640181 1
o 9390 0.9999239938640181 1
o 9400 0.9999239938640181 1
o 9410 0.9999239938640181 1
o 9420 0.9999239938640181 1
o 9430 0.9999239938640181 1
o 9440 0.9999239938640181 1
o 9450 0.9999239938640181 1
o 9460 0.9999239938640181 1
o 9470 0.9999239938640181 1
o 9480 0.9999239938640181 1
o 9490 0.9999239938640181 1
o 9500 0.9999239938640181 1
o 9510 0.9999239938640181 1
o 9520 0.9999239938640181 1
o 9530 0.9905231036951182 0.9924421167249912
o 9540 0.9982692853817808 0.99903404440992
o 9550 0.9999239938640181 1
o 9560 0.9999239938640181 1
o 9570 0.9999239938640181 1
o 9580 0.9999239938640181 1
o 9590 0.9999239938640181 1
o 9600 0.9999239938640181 1
o 9610 0.9999239938640181 1
o 9620 0.9988491397832107 0.9994537750504463
o 9630 0.9999239938640181 1
o 9640 0.9999239938640181 1
o 9650 0.9999239938640181 1
o 9660 0.9999239938640181 1
o 9670 0.9999239938640181 1
o 9680 0.9999239938640181 1
o 9690 0.9999239938640181 1
o 9700 0.9984528651741528 0.9991703551211992
o 9710 0.9999239938640181 1
o 9720 0.9999239938640181 1
o 9730 0.9999239938640181 1
o 9740 0.9998606673855076 0.9999985029476508
o 9750 0.9999239938640181 1
o 9760 0.9999239938640181 1
o 9770 0.1983863404134218 0.24168052569632803
o 9780 0.9999239938640181 1
o 9790 0.9999239938640181 1
o 9800 0.9999239938640181 1
o 9810 0.9999239938640181 1
o 9820 0.9999239938640181 1
o 9830 0.9999239938640181 1
o 9840 0.9999239938640181 1
o 9850 0.9401818265627877 0.9450311254154051
o 9860 0.9999239938640181 1
o 9870 0.9999239938640181 1
o 9880 0.9999239938640181 1
o 9890 0.9998094654176469 0.9999903279212801
o 9900 0.9999239938640181 1
o 9910 0.9999239938640181 1
o 9920 0.9999239938640181 1
o 9930 0.9999239938640181 1
o 9940 0.9999239938640181 1
o 9950 0.9999239938640181 1
o 9960 0.9999239938640181 1
o 9970 0.9999239938640181 1
o 9980 0.9999239938640181 1
o 9990 0.9999239938640181 1
