0 0.0
50 0.0
100 1.3979759360697988
150 0.009882798471461837
200 0.0
250 0.0
300 0.42862303398196383
350 0.0
400 0.20021924818874118
450 2.9086467922338013
500 1.9670177092826162
550 1.6298587756680156
600 0.0
650 2.142710181448936
700 2.103972720559157
750 0.0
800 1.1076393409915977
850 0.4042763346854372
900 0.0
950 3.400942753625335
1000 1.1554664203874294
1050 2.172669228087277
1100 0.0
1150 0.0
1200 2.514666869341924
1250 3.354585239336415
1300 0.10358670565489853
1350 2.8027321111223897
1400 0.0
1450 3.1067989328539074
1500 1.195872120371311
1550 0.0
1600 0.0
1650 0.0
1700 0.0
1750 0.9833800901752108
1800 0.0
1850 0.7507943094224931
1900 0.0
1950 3.2373700684463707
2000 0.0
2050 2.875675185286828
2100 0.0
2150 0.0
2200 0.7730270467104918
2250 1.103075088075904
2300 0.0
2350 0.0
2400 0.0
2450 1.5206553020858236
2500 0.0
2550 0.0
2600 0.0
2650 0.0
2700 0.0
2750 0.0
2800 2.9528149306008356
2850 0.0
2900 0.0
2950 0.0
3000 0.0
3050 1.7933481812798535
3100 0.0
3150 0.0
3200 2.1476593591138435
3250 0.0
3300 0.0
3350 0.0
3400 0.0
3450 0.0
3500 3.4674459048605306
3550 2.660261233795963
3600 1.2409276056977485
3650 0.0
3700 0.0
3750 0.0
3800 0.0
3850 1.1424165544307985
3900 0.04266683702440214
3950 0.7812785138094464
4000 2.9460526290465054
4050 0.0
4100 0.8315171397891996
4150 2.0400019181051516
4200 0.0
4250 3.022894161662821
4300 0.0
4350 2.3935372935213843
4400 0.0
4450 2.4700265655848606
4500 1.6404463729953083
4550 0.0
4600 0.0
4650 0.0
4700 1.8209704921532803
4750 1.534520167025108
4800 3.4674459048605306
4850 1.8534428979747486
4900 0.0
4950 2.6311002479347616
5000 3.031977568475305
5050 1.9666072851933625
5100 0.0
5150 0.7651008412422518
5200 0.0
5250 0.0
5300 1.9194368578161858
5350 0.0
5400 0.0
5450 0.0
5500 1.879302492344599
5550 2.5437858975181555
5600 0.28774358203053285
5650 0.8462383646674696
5700 0.0
5750 0.0
5800 2.0831769992297167
5850 0.0
5900 1.0502543217338842
5950 0.0
6000 0.0
6050 0.06302437812820669
6100 1.8203663432073003
6150 0.0
6200 0.0
6250 0.0
6300 0.0
6350 3.354585239336415
6400 2.307323528932348
6450 2.933010425463363
6500 0.41191789150629965
6550 0.0
6600 1.4176354083048102
6650 1.4669201589526506
6700 0.0
6750 0.21254176817525972
6800 3.400942753625335
6850 0.0
6900 1.3005484534905936
6950 3.0511739150534676
7000 2.989439532533785
7050 2.4304020090428393
7100 0.0
7150 1.0462554317513626
7200 0.0
7250 0.0
7300 0.0
7350 0.8043142859858937
7400 3.061346574569039
7450 0.0
7500 0.0
7550 2.1282073769055154
7600 2.097295593145132
7650 0.0
7700 0.0
7750 0.0
7800 2.528062492422537
7850 1.6868339698289883
7900 0.21914000357477936
7950 0.0
8000 0.9308355461425433
8050 0.0
8100 0.3765276332760833
8150 0.0
8200 0.0
8250 0.0
8300 0.0
8350 0.0
8400 0.0
8450 0.0
8500 0.0
8550 0.0
8600 0.0
8650 0.0
8700 0.0
8750 0.0
8800 0.7328694871330272
8850 0.0
8900 1.3639918043242967
8950 2.8916788192220917
9000 0.0
9050 0.5825549322037917
9100 0.0
9150 0.0
9200 0.0
9250 0.5583791276516268
9300 0.0
9350 0.6617553884629936
9400 0.0
9450 0.0
9500 3.031977568475305
9550 0.0
9600 0.0
9650 0.0
9700 0.0
9750 0.0
9800 0.0
9850 0.0
9900 0.0
9950 0.0
10000 0.0
10050 0.0
10100 0.6202356606655318
10150 0.0
10200 0.14324032826109906
10250 0.0
10300 0.044739250047131335
10350 1.6361872150375079
10400 0.0
10450 0.0
10500 0.7269514346951698
10550 2.2585303471206846
10600 0.0
10650 0.0
10700 0.0
10750 0.0
10800 0.0
10850 1.937963677162784
10900 2.933010425463363
10950 1.3875247109900837
11000 0.983215956624475
11050 2.0114461451460013
11100 0.0
11150 0.3899133235094875
11200 0.0
11250 0.6163468168790133
11300 1.4266534833887654
11350 1.37778932538074
11400 0.13083957240302568
11450 2.142710181448936
11500 0.8687087124443851
11550 0.0
11600 0.061708651146651416
11650 0.0
11700 0.0
11750 0.0
11800 0.0
11850 0.0
11900 0.0
11950 3.3179766734704303
12000 0.0
12050 1.274673120684209
12100 0.0
12150 0.918560518433055
12200 1.6119022269691028
12250 0.3229376764791245
12300 0.0
12350 3.061346574569039
12400 1.3776515201575554
12450 0.0
12500 0.0
12550 3.400942753625335
12600 0.0
12650 0.0
12700 0.12187656471505744
12750 0.0
12800 3.022894161662821
12850 0.0
12900 0.0
12950 0.0
13000 1.7461521062965994
13050 0.0
13100 2.0989552470356294
13150 1.9945408774018496
13200 0.0
13250 0.0
13300 1.0928975352412742
13350 1.91464184769943
13400 1.6180286219323525
13450 0.0
13500 1.121875561062509
13550 0.0
13600 0.0
13650 1.1670906060725263
13700 1.7933481812798535
13750 1.7982317676433526
13800 2.0266655633134056
13850 1.9242812664196196
13900 0.9609291518866077
13950 1.0284414470990173
14000 1.2310238893391587
14050 0.0
14100 0.0
14150 0.10572415854556355
14200 3.4674459048605306
14250 0.04251723995586332
14300 2.886242891911742
14350 0.0
14400 0.2593651179876855
14450 1.3369644771321791
14500 2.5717250461333006
14550 0.8645278262234104
14600 0.0
14650 1.2407013397312354
14700 2.221056525725418
14750 0.0
14800 0.0
14850 0.0
14900 0.0
14950 0.0
15000 1.3043780098013653
15050 2.8654862275412873
15100 0.0
15150 0.0
15200 0.0
15250 0.0
15300 0.0
15350 0.0
15400 0.0
15450 3.071949432359414
15500 0.9489854904741206
15550 0.0
15600 0.0
15650 0.0
15700 0.0
15750 0.0
15800 1.6325919578742245
15850 2.8916788192220917
15900 0.0
15950 0.12124165116890266
16000 2.875675185286828
16050 0.9422380099904233
16100 0.0
16150 0.0
16200 3.4674459048605306
16250 0.0
16300 0.915323939006691
16350 3.4674459048605306
16400 3.287350683276928
16450 0.0
16500 0.0
16550 0.0
16600 0.0
16650 0.7422912954376479
16700 0.0
16750 1.1518308554415277
16800 0.0
16850 0.0
16900 0.0
16950 0.8225386542222566
17000 3.4674459048605306
17050 0.0
17100 0.0
17150 0.0
17200 0.0
17250 0.0
17300 0.09198395108088389
17350 0.0
17400 0.11841828440914412
17450 0.0
17500 3.2608414363512086
17550 1.6198806184705332
17600 0.013086866012803676
17650 0.0
17700 0.15370512713014567
17750 0.0
17800 0.0
17850 0.0
17900 0.0
17950 1.4207257134352953
18000 0.35656440756460195
18050 0.0
18100 3.4674459048605306
18150 1.6967046199712958
18200 1.3716062229853094
18250 0.0
18300 0.0
18350 0.0
18400 0.07022763981272297
18450 0.0
18500 2.5367079905998677
18550 1.2341606416177011
18600 0.0
18650 0.8602898059342042
18700 0.0
18750 2.0721042480466743
18800 1.2280121832984516
18850 0.47562016531718276
18900 0.0
18950 1.9629279776107813
19000 0.72371223588406
19050 0.0
19100 1.3800015582755525
19150 0.0
19200 0.0
19250 0.0
19300 0.0
19350 3.354585239336415
19400 1.6344921905592886
19450 0.0
19500 0.0
19550 0.0
19600 0.0
19650 0.5335396599514951
19700 0.0
19750 0.0
19800 3.4674459048605306
19850 0.0
19900 1.2951501048764666
19950 3.400942753625335
20000 0.5324634192909705
20050 0.0
20100 0.0
20150 0.0
20200 1.9044788483343023
20250 0.0
20300 0.0
20350 1.8899793427473393
20400 0.0
20450 0.0
20500 0.0
20550 0.9073527876014673
20600 0.7148148544107507
20650 0.0
20700 1.3612936276904568
20750 0.0
20800 3.1067989328539074
20850 0.0
20900 0.0
20950 0.0
21000 0.0
21050 0.0
21100 0.0
21150 0.0
21200 0.0
21250 3.4674459048605306
21300 2.3101200069085657
21350 0.0
21400 1.1848604605229078
21450 3.4674459048605306
21500 0.27657491571492365
21550 1.7458921902411957
21600 0.013194632055255253
21650 0.0
21700 0.0
21750 0.0
21800 2.2255516829106767
21850 2.0934482535040186
21900 0.0
21950 1.0425399122791186
22000 0.0
22050 0.0
22100 2.9028752333044987
22150 0.60919356489114
22200 0.0
22250 0.0
22300 0.0
22350 0.0
22400 0.0
22450 0.0
22500 0.0
22550 1.8615813203381877
22600 0.0
22650 3.005632084069934
22700 0.0
22750 1.5668225636111088
22800 0.0
22850 0.0
22900 0.0
22950 0.0
23000 0.0
23050 2.11132649877385
23100 0.0
23150 0.0
23200 0.0
23250 3.400942753625335
23300 2.2744078967770167
23350 0.0
23400 2.6502455725826977
23450 0.0
23500 0.0
23550 3.400942753625335
23600 2.4291107753204306
23650 0.0
23700 0.0
23750 3.4674459048605306
23800 1.1982221168030212
23850 2.0522621758082464
23900 0.0
23950 0.0
24000 0.0
24050 0.0
24100 0.0
24150 0.0
24200 0.0
24250 0.0
24300 0.0
24350 0.0
24400 0.0
24450 0.0
24500 0.0
24550 2.602202840569892
24600 0.0
24650 0.0
24700 0.0
24750 0.0
24800 0.0
24850 0.0
24900 2.340285401574455
24950 0.0
25000 1.6562806465759237
25050 0.0
25100 0.6780186147874426
25150 1.5707773860613232
25200 0.0
25250 1.7282216847124423
25300 0.277331171991863
25350 2.103972720559157
25400 1.6971789412531595
25450 0.0
25500 0.6673196789469877
25550 0.6640400249610102
25600 0.0
25650 0.0
25700 3.4674459048605306
25750 0.0
25800 0.0
25850 1.6812739921767832
25900 2.933010425463363
25950 0.0
26000 0.956422412205538
26050 0.0
26100 0.6223945027034399
26150 0.509899469338782
26200 0.0
26250 1.1007082280788434
26300 0.0
26350 0.0
26400 0.0
26450 0.0
26500 0.0
26550 0.0
26600 0.0
26650 2.154561144387766
26700 0.0
26750 0.5197662012790281
26800 0.0
26850 0.0
26900 2.747594484624077
26950 0.0
27000 2.1583751624215872
27050 0.0
27100 0.0
27150 0.04754653186258593
27200 0.0
27250 0.0
27300 2.754391287244779
27350 1.7327737677078985
27400 1.730998854765787
27450 0.0
27500 0.0
27550 1.3451962563750706
27600 3.4674459048605306
27650 0.0
27700 1.0576780097179312
27750 0.0
27800 0.0
27850 1.8652062764418185
27900 0.0
27950 0.6391726407528247
28000 1.0062219802283212
28050 0.0
28100 1.6967046199712958
28150 0.0
28200 0.0
28250 2.5546859990651836
28300 0.0
28350 0.0
28400 0.0
28450 2.301791356488268
28500 0.0
28550 0.0
28600 0.0
28650 1.5017040973942084
28700 3.3179766734704303
28750 0.0
28800 0.0
28850 0.9959439409219275
28900 0.0
28950 1.8451205346072475
29000 0.0
29050 2.9028752333044987
29100 0.0
29150 3.400942753625335
29200 0.0
29250 0.0
29300 0.6979656624428157
29350 0.0
29400 1.693157637489098
29450 0.2893140079438473
29500 0.17498920275307522
29550 1.8049162971310375
29600 0.0
29650 0.0
29700 0.0
29750 1.7731728602067842
29800 0.0
29850 0.0
29900 0.09256675201591053
29950 0.0
30000 0.0
30050 0.0
30100 2.794769324178575
30150 2.1217241421586337
30200 0.0
30250 0.0
30300 2.132385781181322
30350 2.8972211423360554
30400 0.0
30450 0.0
30500 0.7968594917224556
30550 1.678058063564726
30600 3.071949432359414
30650 1.655181443483704
30700 0.0
30750 3.2373700684463707
30800 0.0
30850 0.0
30900 0.0
30950 0.0
31000 0.0
31050 2.8605247728911243
31100 3.4674459048605306
31150 0.0
31200 0.0
31250 0.9908485845868866
31300 0.0
31350 0.0
31400 0.0
31450 0.8200070653375708
31500 0.0
31550 0.0
31600 0.6883635491854396
31650 0.0
31700 0.0
31750 0.0
31800 2.193001084163746
31850 0.0
31900 0.0
31950 0.0
32000 2.342316194134363
32050 3.4674459048605306
32100 3.147547278547405
32150 0.0
32200 2.197192644757095
32250 2.1147641076782406
32300 0.0
32350 0.0
32400 0.0
32450 1.5956851139559056
32500 0.0
32550 0.0
32600 0.7774835158508815
32650 1.8984124432249934
32700 0.0
32750 0.0
32800 0.0
32850 0.0
32900 3.4674459048605306
32950 1.3488866229194207
33000 1.4986870011590288
33050 2.1609371108356705
33100 0.0
33150 0.2704748963570847
33200 0.0
33250 0.0
33300 0.009368086420167825
33350 0.0
33400 0.0
33450 1.360082795105631
33500 2.135395846202285
33550 1.0674364757718031
33600 0.0
33650 0.0
33700 0.0
33750 0.0
33800 0.0
33850 0.12713550615242475
33900 1.6826586151926
33950 0.985117460103474
34000 0.0
34050 0.0
34100 0.06567567251948364
34150 0.0
34200 0.7943851330442557
34250 1.4805643873679344
34300 0.0
34350 3.400942753625335
34400 3.4674459048605306
34450 0.0
34500 1.0300069957284363
34550 0.0
34600 0.0
34650 0.0
34700 3.4674459048605306
34750 0.0
34800 0.0
34850 0.0
34900 0.0
34950 0.0
35000 0.0
35050 3.2608414363512086
35100 0.0
35150 0.0
35200 0.0
35250 1.7033872059018882
35300 0.0
35350 3.0830259135777256
35400 0.0
35450 0.2891620513888662
35500 0.0
35550 0.0
35600 0.0
35650 0.30893204546071007
35700 2.2999649879703035
35750 0.0
35800 0.17946270230711736
35850 0.9381330208415997
35900 0.0
35950 0.0
36000 0.0
36050 0.056823636491066205
36100 1.7922062035051445
36150 3.354585239336415
36200 0.0
36250 0.7034934020367305
36300 1.2079127280186377
36350 3.4674459048605306
36400 1.045812188511402
36450 0.0
36500 0.0
36550 0.0
36600 1.4481555515257982
36650 0.0
36700 0.8853047088913748
36750 0.0
36800 3.400942753625335
36850 0.0
36900 0.11204279944377311
36950 0.7695952218791335
37000 0.0
37050 0.0
37100 0.0
37150 0.0
37200 0.0
37250 0.0
37300 3.4674459048605306
37350 0.0
37400 0.05155987828324569
37450 0.0
37500 0.0
37550 0.0
37600 0.0
37650 0.8976290074216191
37700 0.0
37750 1.746413017624011
37800 3.3179766734704303
37850 3.022894161662821
37900 0.0
37950 1.2429931337161056e-06
38000 0.0
38050 0.0
38100 0.7899998989827668
38150 3.354585239336415
38200 0.0
38250 0.0
38300 3.4674459048605306
38350 2.2651372168492925
38400 0.0
38450 0.4669711845843112
38500 0.0
38550 1.7222133388382517
38600 0.0
38650 0.0
38700 0.0
38750 0.0
38800 0.0
38850 0.0
38900 0.0
38950 3.216245354392269
39000 0.0
39050 2.1881657053638888
39100 0.0
39150 2.096743629901829
39200 0.0
39250 0.40522997897881774
39300 0.0
39350 0.0
39400 0.0
39450 0.0
39500 0.0
39550 0.7326740550288644
39600 0.6322079018702011
39650 0.0
39700 2.183386909580166
39750 0.0
39800 2.997411079347546
39850 0.0
39900 0.6071145798319988
39950 1.1117503300590008
40000 1.7817613982571947
40050 0.0
40100 0.8023762825181502
40150 0.0
40200 0.0
40250 0.0
40300 0.0
40350 0.0
40400 0.0
40450 1.4563738970903284
40500 1.7133278828618956
40550 0.0
40600 3.4674459048605306
40650 0.0
40700 0.0
40750 0.8038298713225978
40800 1.5086346665464911
40850 0.23425839569513957
40900 0.0
40950 0.0
41000 0.0
41050 2.7794527823322204
41100 2.4700265655848606
41150 0.0
41200 0.0
41250 0.696380801489386
41300 0.0
41350 0.0
41400 0.0
41450 1.125279076694423
41500 0.0
41550 0.0
41600 1.6976536844461392
41650 1.8240014045927562
41700 0.0
41750 0.0
41800 0.0
41850 0.0
41900 0.0
41950 0.8726851800214647
42000 0.0
42050 0.0
42100 0.35905707772404877
42150 0.0
42200 1.84702876019671
42250 0.01933175771653982
42300 0.0
42350 0.0
42400 0.0
42450 1.8924233572646973
42500 0.0
42550 0.0
42600 2.846133742919938
42650 0.2783405240143607
42700 0.0
42750 0.0
42800 0.06984380242436664
42850 0.0
42900 0.09625562915928369
42950 1.0996688249015665
43000 0.0
43050 2.1347925262994645
43100 0.0
43150 3.0141194083436242
43200 0.0
43250 1.0818245795466512
43300 0.0
43350 2.1282073769055154
43400 0.0
43450 0.0
43500 0.0
43550 0.32032548524655247
43600 0.0
43650 0.05547463749880589
43700 3.0511739150534676
43750 0.0
43800 0.0
43850 1.9584701747745745
43900 1.4025479944043697
43950 0.0
44000 0.0
44050 3.4674459048605306
44100 0.0
44150 0.30495578590927186
44200 1.4559052273646267
44250 0.0
44300 1.1050688671990314
44350 1.8031641047012235
44400 0.0
44450 0.4375904440174498
44500 0.6430015671930416
44550 2.0783965287866897
44600 0.0
44650 0.6889298944499189
44700 1.0639907749891804
44750 0.5851865935027984
44800 0.0
44850 3.162869678673621
44900 0.0
44950 0.0
45000 1.4631212912419846
45050 2.2270615220689685
45100 3.031977568475305
45150 0.0
45200 0.0
45250 1.1759763805233918
45300 1.1885481867797778
45350 0.0
45400 0.0
45450 0.0
45500 0.0
45550 0.0
45600 0.0
45650 0.055907017608665004
45700 2.150155877276357
45750 3.179289625848374
45800 3.4674459048605306
45850 3.071949432359414
45900 1.563454397456673
45950 2.392369750018055
46000 0.0
46050 0.0
46100 2.407837961327447
46150 0.0
46200 0.9075053588586075
46250 0.16070628810158488
46300 3.4674459048605306
46350 1.1805625009064193
46400 0.0
46450 0.0
46500 0.0
46550 0.0
46600 0.7738356339540189
46650 0.0
46700 0.0
46750 0.0
46800 0.9734359055067658
46850 0.0
46900 0.0
46950 0.0
47000 0.0
47050 2.4970556735293363
47100 3.13317190956246
47150 0.6946095918975352
47200 0.0
47250 1.1382464735563498
47300 3.4674459048605306
47350 0.0
47400 1.4935251261845184
47450 3.4674459048605306
47500 1.3920230821899904
47550 1.3503425268573315
47600 0.0
47650 2.3935372935213843
47700 0.0
47750 3.179289625848374
47800 1.7639166945112434
47850 0.0
47900 0.0
47950 0.0
48000 0.0
48050 0.0
48100 0.0
48150 3.287350683276928
48200 0.0
48250 0.0
48300 0.0
48350 0.0
48400 0.6618780931490054
48450 2.297240961107123
48500 0.0
48550 0.49292873502252427
48600 0.0
48650 2.4503475872491416
48700 2.715696645343816
48750 0.0
48800 0.0
48850 2.4462686752555998
48900 0.0
48950 0.5362054205168583
49000 2.8654862275412873
49050 0.0
49100 0.4761697203158402
49150 1.158102142018412
49200 3.4674459048605306
49250 2.4356135324009722
49300 3.4674459048605306
49350 0.0
49400 0.0
49450 1.9095330355481601
49500 0.0
49550 2.186110420827899
49600 1.470262837350087
49650 3.061346574569039
49700 2.169376383844467
49750 2.0123539950397875
49800 0.031991420871298894
49850 0.04522721161834969
49900 0.0
49950 0.0
