
x disttype general-gaussian
x k 1510
x std 0.5
x N 50000
x alpha 0.0005

o 0 0.3791288282036148 0.3943093571557119
o 10 0.9876043904606929 0.9908295791518182
o 20 0.4677807248281377 0.48334751177194135
o 30 0.991825521513603 0.9944067763946416
o 40 0.30647920922905614 0.32094359179535537
o 50 0.9998341327646891 1
o 60 0.9738829308521623 0.9786358767560325
o 70 0.39965784417999944 0.4149733978705764
o 80 0.9980399474396386 0.9991883950191714
o 90 0.8640825505824867 0.8745928475760252
o 100 0.6018175665162819 0.617025549180114
o 110 0.24008196970962065 0.2535234001338761
o 120 0.999784848241918 0.9999999949993749
o 130 0.05126407548597093 0.058366307817456886
o 140 0.46953913604226866 0.4851085074124305
o 150 0.9997427320109885 0.9999995494141014
o 160 0.8487588378099885 0.859761661367217
o 170 0.9057930907396796 0.9147084382034264
o 180 0.9992409148798167 0.9998643624923798
o 190 0.6317718613873559 0.6467411960050768
o 200 0.006010914361999888 0.00867657644744202
o 210 0.0279495997081501 0.03332914986499702
o 220 0.9998341327646891 1
o 230 0.9997041638433971 0.9999976422569008
o 240 0.9998341327646891 1
o 250 0.015473285719387688 0.01957016319698124
o 260 0.1884791505097308 0.20082382232887497
o 270 0.4075343347818134 0.4228942446321816
o 280 0.9998341327646891 1
o 290 0.9998341327646891 1
o 300 0.9350873813887974 0.9425644126994034
o 310 0.9998341327646891 1
o 320 0.06864239258970055 0.07674188161835971
o 330 0.9412422053261976 0.9483675416358099
o 340 0.00031816687187396863 0.0011351080949426606
o 350 0.9851005979014986 0.9886542943910852
o 360 0.5660600624840039 0.581475072242408
o 370 0.1559372552790619 0.16741685729153166
o 380 0.9584996637162728 0.9645043287829949
o 390 0.9998341327646891 1
o 400 0.999784848241918 0.9999999949993749
o 410 0.18687895708099356 0.1991845627340345
o 420 0.658178407294256 0.6728857908598556
o 430 0.21736876639326388 0.23036434351072566
o 440 0.9436124704200866 0.9505964877214744
o 450 0.4522989024532619 0.4678345578990727
o 460 0.9996330653686861 0.9999891487861118
o 470 0.000843071543134267 0.002008520093297661
o 480 0.0013937879291895027 0.002816920975193593
o 490 0.9998341327646891 1
o 500 0.0714879866397727 0.07973529291855685
o 510 0.9998341327646891 1
o 520 0.9610528780992549 0.9668702595105976
o 530 0.8532277417753569 0.8640912694313381
o 540 0.14035644318520812 0.15136301706075628
o 550 4.934143394975716e-05 0.0005269197482213883
o 560 0.999784848241918 0.9999999949993749
o 570 0.860971329738953 0.8715851038267283
o 580 0.09446733647192908 0.1037879504964947
o 590 0.9983832285394911 0.9994045786411975
o 600 0.9868964574377138 0.990217776481314
o 610 0.9998341327646891 1
o 620 0.3002402906317704 0.31462462783961254
o 630 0.022182434160355674 0.027018451124980025
o 640 5.903205508420937e-06 0.0003321724075481258
o 650 0.999784848241918 0.9999999949993749
o 660 0.9998341327646891 1
o 670 0.99863385948088 0.9995534508999322
o 680 0.9994730802517786 0.9999506585660503
o 690 0 0.00016586723531085122
o 700 0.9975602862033369 0.9988686350034939
o 710 0.00395690767021137 0.006171699293902377
o 720 2.398330757498869e-05 0.00043314355389612036
o 730 0.37755485787903886 0.392723860040878
o 740 0 0.00016586723531085122
o 750 0.9998341327646891 1
o 760 0.0007490736453991112 0.0018627226344664072
o 770 0.8238441077240096 0.8355646922889098
o 780 0.9503833998876273 0.9569433027895191
o 790 0 0.00016586723531085122
o 800 0.9998341327646891 1
o 810 0.4364253973914641 0.4519134215946896
o 820 0.0006258130375729788 0.0016662938348318557
o 830 0.9752680558404779 0.9798902785015682
o 840 0.9998341327646891 1
o 850 0 0.00016586723531085122
o 860 0.9965329270499892 0.9981368947272495
o 870 0.007528617560242397 0.0104781473311657
o 880 0.9998341327646891 1
o 890 0.9866822183709741 0.9900320949448694
o 900 2.398330757498869e-05 0.00043314355389612036
o 910 0.20249264260717997 0.2151655432645132
o 920 0.022030130161948748 0.026850812190795437
o 930 0.9945851794921386 0.9966458324047529
o 940 0.9971830790248064 0.9986062120708106
o 950 0.0828679311103348 0.09167138247298667
o 960 0.9998341327646891 1
o 970 0.9998341327646891 1
o 980 0 0.00016586723531085122
o 990 0.8681712925232244 0.8785427451167027
o 1000 0.9998341327646891 1
o 1010 0.9998341327646891 1
o 1020 0.9905618938848829 0.9933509275612022
o 1030 5.000625091698381e-09 0.00021515175808195508
o 1040 0 0.00016586723531085122
o 1050 5.903205508420937e-06 0.0003321724075481258
o 1060 0.999784848241918 0.9999999949993749
o 1070 0.14984823199095704 0.1611479692374943
o 1080 0.9998341327646891 1
o 1090 0.41447530517875925 0.42987092845360464
o 1100 0 0.00016586723531085122
o 1110 0.9998341327646891 1
o 1120 0.07181944165695983 0.08008372212849435
o 1130 5.000625091698381e-09 0.00021515175808195508
o 1140 0.7667468624060051 0.7798009927985008
o 1150 0 0.00016586723531085122
o 1160 0.47219691835582417 0.4877698286415445
o 1170 0.8352404546598995 0.8466445473426328
o 1180 0.4617469134913787 0.47730335868020046
o 1190 0.9211666373719161 0.9293697833820095
o 1200 0.8271687415418171 0.8387989502960991
o 1210 0.7099821382847519 0.7240247018885935
o 1220 0.01666211944313732 0.020900866092210535
o 1230 0.6027406377383574 0.6179421678631707
o 1240 0 0.00016586723531085122
o 1250 0.9800071069537101 0.984149591671136
o 1260 0.005195079267959601 0.007692830339095957
o 1270 5.000625091698381e-09 0.00021515175808195508
o 1280 0.0016942396343189931 0.0032361149970713265
o 1290 0.9931206664299417 0.9954710602649183
o 1300 0.0032308243817428745 0.005258246534788014
o 1310 0.9996330653686861 0.9999891487861118
o 1320 0.28109629407976894 0.29521512563379215
o 1330 0.1274908490895347 0.13807303539229088
o 1340 0.9998341327646891 1
o 1350 4.5058589854506926e-07 0.0002572679890114893
o 1360 0.9387913180499912 0.9460592442692635
o 1370 0.999599491460172 0.9999830535762632
o 1380 5.000625091698381e-09 0.00021515175808195508
o 1390 0.9994130827814863 0.9999311292217226
o 1400 0.8543249243857461 0.8651537215454141
o 1410 0.9990229026390082 0.9997633135035773
o 1420 0.06692815043100997 0.07493672362595727
o 1430 0.30498888105881855 0.3194344257178994
o 1440 0.7437525473661246 0.7572429936369562
o 1450 4.934143394975716e-05 0.0005269197482213883
o 1460 0.9973475076700078 0.9987216292808397
o 1470 0.2235048020133043 0.23662621574785314
o 1480 0.5034873840229801 0.5190688144758742
o 1490 0.9953936121760423 0.9972769532249312
o 1500 0.3471283194865937 0.3620406996288952
o 1510 0.21566687481609914 0.22862681552253217
o 1520 0.9537133421698714 0.9600522496816868
o 1530 0 0.00016586723531085122
o 1540 0.9998341327646891 1
o 1550 0.5786496593632099 0.5940012421806479
o 1560 0.9998341327646891 1
o 1570 0.8103710232890023 0.8224422691792502
o 1580 0.0002235160297511361 0.0009503658054283992
o 1590 0 0.00016586723531085122
o 1600 0 0.00016586723531085122
o 1610 0 0.00016586723531085122
o 1620 0.2009306020183161 0.21356811717498025
o 1630 0.7342916844894064 0.747947020652008
o 1640 0.22049591083927528 0.23355613272339415
o 1650 0.9998341327646891 1
o 1660 0.19369573010705526 0.2061654601226205
o 1670 0.1587758848272352 0.1703372545402927
o 1680 0.9998341327646891 1
o 1690 0.04216796268470391 0.04866565173314441
o 1700 0.010842262667725167 0.014323054671358415
o 1710 0.3166356276126298 0.33122372766886043
o 1720 0.0043139437783143485 0.0066144522680446904
o 1730 0 0.00016586723531085122
o 1740 0.029079834874884396 0.034558500858847596
o 1750 0.9955291951801475 0.9973812900439158
o 1760 0.01134570560891455 0.01489940209850138
o 1770 0.3704431599935129 0.38555796459176306
o 1780 0.666161610343807 0.680779910951633
o 1790 0.0004611764681660107 0.0013914574822913028
o 1800 4.028837972215593e-05 0.0004962394110719082
o 1810 0.03307207902310879 0.038884804251089644
o 1820 0.45641333601307627 0.4719587358263425
o 1830 1.0851213888255374e-05 0.0003669346313138755
o 1840 0 0.00016586723531085122
o 1850 3.180428173812004e-05 0.0004650121175936439
o 1860 0.999784848241918 0.9999999949993749
o 1870 0.9842268712515203 0.9878883363076274
o 1880 0.999297246851899 0.9998877222821806
o 1890 0.808366295837652 0.82048766529924
o 1900 0.9998341327646891 1
o 1910 0.17360984184815675 0.1855782166297799
o 1920 0.9988389036516672 0.9996678953600677
o 1930 0.02770070562144404 0.033058135262641675
o 1940 0 0.00016586723531085122
o 1950 0.012860519598787541 0.016623968389835375
o 1960 3.180428173812004e-05 0.0004650121175936439
o 1970 0.9985078691024893 0.9994797052294327
o 1980 0.9998341327646891 1
o 1990 0 0.00016586723531085122
o 2000 0.5446413284594204 0.5601410119146208
o 2010 1.694642373683569e-05 0.00040050853982798174
o 2020 0.9998341327646891 1
o 2030 4.5058589854506926e-07 0.0002572679890114893
o 2040 0.00033210463993232117 0.0011610963483328351
o 2050 0.9998341327646891 1
o 2060 0.9998341327646891 1
o 2070 0.0005802957095331146 0.0015919415317193764
o 2080 0.9225198446789011 0.9306561264315655
o 2090 0.999784848241918 0.9999999949993749
o 2100 0.016624339154456765 0.020858661031762038
o 2110 0.3282875911110662 0.3430078129235258
o 2120 0 0.00016586723531085122
o 2130 0.990323132354739 0.9931497852413586
o 2140 0.9997041638433971 0.9999976422569008
o 2150 0.9994130827814863 0.9999311292217226
o 2160 5.000625091698381e-09 0.00021515175808195508
o 2170 0.9998341327646891 1
o 2180 0.10451863658441896 0.11425317143182323
o 2190 0.9643380252627333 0.9699040100089926
o 2200 0.9998341327646891 1
o 2210 0.0002499844844402703 0.001003705637588781
o 2220 0.9998341327646891 1
o 2230 0.28341897487655676 0.29757165573856614
o 2240 0.9998341327646891 1
o 2250 0.304611345211117 0.31905208969018983
o 2260 0.5825398382075997 0.5978697556122523
o 2270 0.9844824204610135 0.9881126951815113
o 2280 0 0.00016586723531085122
o 2290 0.9670669659556699 0.9724141510007372
o 2300 0.058951172683394254 0.0665164999818636
o 2310 0.8884382751390336 0.8980690220100361
o 2320 0.010954069239719054 0.01445120136506739
o 2330 0.1666839771133894 0.17846645262110805
o 2340 0.9995668564461039 0.999976016692425
o 2350 5.000625091698381e-09 0.00021515175808195508
o 2360 0.9586448766826392 0.9646390672318935
o 2370 0.6166302877227164 0.6317278528733872
o 2380 0.9992130705901301 0.9998523473218889
o 2390 0.19381430864046612 0.2062868410776061
o 2400 0.9994730802517786 0.9999506585660503
o 2410 0.9970194794753219 0.9984899558577263
o 2420 0.05949539245964274 0.06709208885470175
o 2430 0.9152659866614734 0.9237523946802018
o 2440 0.9642964001045891 0.969865649154287
o 2450 0.999784848241918 0.9999999949993749
o 2460 0.9904750411649235 0.9932778153460734
o 2470 0.9998341327646891 1
o 2480 0.9994730802517786 0.9999506585660503
o 2490 0.2960090456257998 0.3103373092501881
o 2500 0.6460572421056924 0.6608910217126562
o 2510 0.8896007738713151 0.8991861368038626
o 2520 0.7025894672537463 0.716739848176152
o 2530 0.9995037605889281 0.9999597116202779
o 2540 5.903205508420937e-06 0.0003321724075481258
o 2550 0.9188301533217956 0.9271470437774763
o 2560 0.7798611144676573 0.7926423602885877
o 2570 0.9537133421698714 0.9600522496816868
o 2580 0.3664796903535406 0.3815627757851925
o 2590 0 0.00016586723531085122
o 2600 0.9998341327646891 1
o 2610 0.9998341327646891 1
o 2620 0.6747104984006628 0.6892281571167476
o 2630 0.006375221759788522 0.009112089374815446
o 2640 0.9998341327646891 1
o 2650 0 0.00016586723531085122
o 2660 0.01675658110009084 0.021006367824135785
o 2670 0.7271331944267645 0.740907905541961
o 2680 0.9998341327646891 1
o 2690 0.0005202947705672456 0.0014921308975106573
o 2700 0.9974418742737955 0.998787169461314
o 2710 0.9998341327646891 1
o 2720 0.1978464958812265 0.21041327649868602
o 2730 0.9977031051647232 0.9989656589179493
o 2740 0.9473261878283026 0.9540815336876577
o 2750 0.999599491460172 0.9999830535762632
o 2760 0.8170553661202602 0.8289556972115778
o 2770 0.0001975884929334221 0.0008965034907969516
o 2780 0.9998341327646891 1
o 2790 0.9998341327646891 1
o 2800 0.012298736657950766 0.015985979397681094
o 2810 0 0.00016586723531085122
o 2820 0.9998341327646891 1
o 2830 0.9996330653686861 0.9999891487861118
o 2840 0.9998341327646891 1
o 2850 0.9998341327646891 1
o 2860 0 0.00016586723531085122
o 2870 0.33312087475748037 0.34789289085715314
o 2880 0.9998341327646891 1
o 2890 0.8701247238014428 0.880428663920612
o 2900 0 0.00016586723531085122
o 2910 0.49446700280304384 0.5100522355489598
o 2920 0.08587807967387717 0.09482018759192679
o 2930 0.2713316537809379 0.28530308434986196
o 2940 0 0.00016586723531085122
o 2950 0.1157025285989872 0.12586541761918524
o 2960 0.9933855477319553 0.9956860562216858
o 2970 0.02883071170847601 0.03428771513219897
o 2980 0.018326824901818303 0.02275551939145426
o 2990 0.9657747808690377 0.9712267712594753
o 3000 0.9998341327646891 1
o 3010 0.9985832870189011 0.9995241331856756
o 3020 0.9935845800559939 0.9958469300305962
o 3030 0.6295222149452369 0.6445115975288465
o 3040 0.9998341327646891 1
o 3050 0.708632353003454 0.7226949390663819
o 3060 0.9997041638433971 0.9999976422569008
o 3070 0.9998341327646891 1
o 3080 0.004546880720985132 0.006901382472388251
o 3090 0.9989434220919977 0.9997230637730928
o 3100 0.9998341327646891 1
o 3110 0.09178558823857308 0.10099062845012263
o 3120 0 0.00016586723531085122
o 3130 0 0.00016586723531085122
o 3140 0.9996678275924519 0.9999940967944916
o 3150 0.4294994712747979 0.4449616866688232
o 3160 5.000625091698381e-09 0.00021515175808195508
o 3170 0.8023738997781295 0.8146420604237447
o 3180 0.43456901918483976 0.4500504266667428
o 3190 0.0007959207589015687 0.0019357705696929628
o 3200 0.0024627268226413025 0.004266912057385719
o 3210 0.9998341327646891 1
o 3220 0.5941531543656023 0.6094125364381249
o 3230 0.021269023176559893 0.026012204985772724
o 3240 0.2954727423864802 0.30979379457180944
o 3250 0 0.00016586723531085122
o 3260 0.9550797777140194 0.9613253579077868
o 3270 0.9998341327646891 1
o 3280 0 0.00016586723531085122
o 3290 0.9998341327646891 1
o 3300 0.8712440559036672 0.8815089594336715
o 3310 0.9966713515299861 0.9982383659018511
o 3320 5.000625091698381e-09 0.00021515175808195508
o 3330 0 0.00016586723531085122
o 3340 0.8183925964340278 0.830258021023935
o 3350 0.9998341327646891 1
o 3360 7.923805826870094e-05 0.0006163396027676349
o 3370 0.9998341327646891 1
o 3380 0.9839076310731325 0.9876076909938417
o 3390 0 0.00016586723531085122
o 3400 0.0004611764681660107 0.0013914574822913028
o 3410 0.8694735362212895 0.8798000681488091
o 3420 0 0.00016586723531085122
o 3430 0.9998341327646891 1
o 3440 4.028837972215593e-05 0.0004962394110719082
o 3450 0 0.00016586723531085122
o 3460 0.9998341327646891 1
o 3470 0.6280961907764777 0.6430981003623235
o 3480 0.9998341327646891 1
o 3490 2.398330757498869e-05 0.00043314355389612036
o 3500 0.9974655152195606 0.9988035045674075
o 3510 0.22770221766686272 0.2409073694432483
o 3520 0.9998341327646891 1
o 3530 0.9998341327646891 1
o 3540 0.9944958307170675 0.9965752277626637
o 3550 0.0010021922931565453 0.0022490987612791002
o 3560 0 0.00016586723531085122
o 3570 0 0.00016586723531085122
o 3580 0.025061954704170893 0.030177858630142995
o 3590 0.9961657922277294 0.9978642890092243
o 3600 2.398330757498869e-05 0.00043314355389612036
o 3610 0.8433781123038536 0.8545441788223866
o 3620 0.8668285352890492 0.8772459491243987
o 3630 0.9998341327646891 1
o 3640 0 0.00016586723531085122
o 3650 0.9998341327646891 1
o 3660 0.12243965928552106 0.13284596460649778
o 3670 0.9736732356584376 0.9784456434521903
o 3680 0.001147615386186907 0.002463438328694445
o 3690 0.954355049650489 0.9606503279782438
o 3700 0.055648861616470514 0.06301997364712286
o 3710 0.9751840509355877 0.9798143121595121
o 3720 0.9998341327646891 1
o 3730 0.9737151711821116 0.978483693632111
o 3740 0.9997041638433971 0.9999976422569008
o 3750 0.24783062694038901 0.26141210489697286
o 3760 0.9998341327646891 1
o 3770 0.9946522487902374 0.9966987278221023
o 3780 0.0355341698914775 0.04154182372932713
o 3790 0.7340295017992181 0.7476892910430922
o 3800 0.9913016245268479 0.9939708937321148
o 3810 0.016567673432612624 0.02079534873688138
o 3820 0.9621541473094323 0.9678886210969633
o 3830 0.9812337946393054 0.9852424748888085
o 3840 0 0.00016586723531085122
o 3850 0.9991306438647708 0.9998151511351715
o 3860 0.9998341327646891 1
o 3870 0.00931859905927629 0.012567366913198263
o 3880 0.01668101052675122 0.020921967684537912
o 3890 0.9883569286283966 0.99147675632411
o 3900 0.016454359047843477 0.020668707113501772
o 3910 0.024164747005839784 0.02919539899756307
o 3920 0.006393462384462449 0.009133839855975046
o 3930 0.999784848241918 0.9999999949993749
o 3940 0.5679241238416876 0.5833303840023183
o 3950 0.9995349878824064 0.9999681957182619
o 3960 0.3275517353754933 0.34226391813367607
o 3970 5.000625091698381e-09 0.00021515175808195508
o 3980 0.3017104693069609 0.3161139501409118
o 3990 0.7533387538070334 0.7666535822376283
o 4000 0 0.00016586723531085122
o 4010 0.7697366711933016 0.7827301851569028
o 4020 0.9460464814468811 0.9528816663068278
o 4030 0.9310994636762959 0.9387936561657726
o 4040 0.9989171466500022 0.9997094220119266
o 4050 0 0.00016586723531085122
o 4060 0.5873531123185115 0.6026548636834066
o 4070 0.4914674373474582 0.5070528120417066
o 4080 0.8370664046847337 0.8484179889619945
o 4090 0.13126622620479395 0.1419763591198706
o 4100 0.9998341327646891 1
o 4110 0.999297246851899 0.9998877222821806
o 4120 0.040681122264785596 0.04707302344328901
o 4130 0.9998341327646891 1
o 4140 0.01562410199056255 0.01973928785814094
o 4150 0.9997041638433971 0.9999976422569008
o 4160 0.00038871728888304033 0.0012642119053347667
o 4170 0.19915123996792378 0.2117480868256003
o 4180 0.9243452317413529 0.9323901328093879
o 4190 0.0034601070598776255 0.0055488113609629686
o 4200 0.08210587855514213 0.09087370008190176
o 4210 0.01603907081114081 0.020204156950111685
o 4220 0 0.00016586723531085122
o 4230 0.8728316992004445 0.8830407879814304
o 4240 0.0018970254836838864 0.0035131188839330196
o 4250 0.021250004498620505 0.02599123081938781
o 4260 0.9945628341288062 0.9966281894626924
o 4270 0.9997041638433971 0.9999976422569008
o 4280 0.774242477496794 0.7871428737389854
o 4290 0.8889481217035738 0.8985590059445868
o 4300 0.997894911366256 0.9990936226399529
o 4310 0.07542798733127176 0.08387391710456138
o 4320 0 0.00016586723531085122
o 4330 0.9998341327646891 1
o 4340 0.8941504939948617 0.9035549042656855
o 4350 0.8631267160584389 0.873669000185222
o 4360 0.8541623719975111 0.8649963280497036
o 4370 0.9998341327646891 1
o 4380 0.9966944655818283 0.9982552340301704
o 4390 0.9998341327646891 1
o 4400 0.004906452413280383 0.007341611977483287
o 4410 0.792640998439325 0.8051382096909474
o 4420 0.044390462227605586 0.051042359844520435
o 4430 0.9929003408208814 0.9952914862335147
o 4440 0.14628296429604892 0.15747446060657766
o 4450 0.8037300877881924 0.8159654199463997
o 4460 0.5959186057744819 0.6111664918152566
o 4470 0.991214453529065 0.9938981009114528
o 4480 0.9879696801186054 0.9911441518314862
o 4490 0.18802475779845215 0.20035837035249038
o 4500 0.8909470429601073 0.9004794201656725
o 4510 0.9998341327646891 1
o 4520 0.0005501918341939858 0.0015421373722853682
o 4530 0.33367785199671957 0.34845572483116605
o 4540 0.9998341327646891 1
o 4550 0 0.00016586723531085122
o 4560 0.9998341327646891 1
o 4570 0.6794990878217039 0.6939579628003818
o 4580 0.8095812509651508 0.8216723049218306
o 4590 0 0.00016586723531085122
o 4600 0 0.00016586723531085122
o 4610 0.6598673522423004 0.6745562795323947
o 4620 0 0.00016586723531085122
o 4630 0.7430463688383182 0.7565494083056273
o 4640 0.028141091824185213 0.03353758754156877
o 4650 0.747384695833146 0.7608096307016305
o 4660 0.17967029387378414 0.19179569095689697
o 4670 0.9844824204610135 0.9881126951815113
o 4680 0.0193125484654946 0.023849419691393092
o 4690 0.3275318476638432 0.34224381258797065
o 4700 0.5560000573143138 0.5714584611957263
o 4710 0.23312854106942818 0.24643919711031514
o 4720 0.9495981021533051 0.9562088623125886
o 4730 0.01969204557463212 0.024269778397729258
o 4740 0.5712716968204101 0.5866616853264193
o 4750 0.009114877471376232 0.012331177131053583
o 4760 0.8441698406987503 0.8553121867314022
o 4770 0.9126660418724186 0.9212732033363199
o 4780 0.9868750277206217 0.9901992141519543
o 4790 0.12198774018216331 0.1323780394025471
o 4800 0.9998341327646891 1
o 4810 0.9998341327646891 1
o 4820 0.4367447853552663 0.4522339257832245
o 4830 0 0.00016586723531085122
o 4840 0.9998341327646891 1
o 4850 0 0.00016586723531085122
o 4860 0.9998341327646891 1
o 4870 0.5941531543656023 0.6094125364381249
o 4880 0.07759441605695103 0.08614673320708954
o 4890 0.9998341327646891 1
o 4900 0.3492380101342817 0.3641702943333486
o 4910 0.9548312729594737 0.9610939456534983
o 4920 0.9974655152195606 0.9988035045674075
o 4930 0.9565092309628457 0.9626554270929844
o 4940 0.7220732153749256 0.7359295777399052
o 4950 0.9915633822032628 0.9941890266049113
o 4960 0.12556439672022338 0.13608015097792658
o 4970 0.08873330661720383 0.09780396910760825
o 4980 0 0.00016586723531085122
o 4990 0.2695657291358646 0.2835096093061288
o 5000 0.9998341327646891 1
o 5010 0.9986085425177087 0.999538823531834
o 5020 0.9948537648378093 0.9968571040220039
o 5030 0.9993545677321735 0.9999100498624319
o 5040 0.9997041638433971 0.9999976422569008
o 5050 0.00395690767021137 0.006171699293902377
o 5060 0.995937648394377 0.9976925834541458
o 5070 0.0005352166424441244 0.0015171602060198852
o 5080 0.9998341327646891 1
o 5090 0.21982293611101208 0.23286933691332123
o 5100 0.9977269908240753 0.9989817458746678
o 5110 0.9998341327646891 1
o 5120 0.6724774638068532 0.6870219401971779
o 5130 0 0.00016586723531085122
o 5140 0.999442873695936 0.9999411111022777
o 5150 0.00034613229865897415 0.0011869972764159131
o 5160 0.5567414217005479 0.5721968474088932
o 5170 0.9993545677321735 0.9999100498624319
o 5180 0.026093755234424122 0.03130567685235819
o 5190 0.4930471735668721 0.5086325433427524
o 5200 0.9998341327646891 1
o 5210 0.9929884278643608 0.9953633592455201
o 5220 0.9998341327646891 1
o 5230 0.00418879107900275 0.006459677833076438
o 5240 0.1688541014208684 0.1806955851353823
o 5250 0.99863385948088 0.9995534508999322
o 5260 0.9998341327646891 1
o 5270 0.9998341327646891 1
o 5280 0 0.00016586723531085122
o 5290 0.008744924814131555 0.011901292088400739
o 5300 0.9825902825118543 0.9864455087190852
o 5310 0.6615564021588669 0.6762266632318044
o 5320 0.9998341327646891 1
o 5330 0 0.00016586723531085122
o 5340 0 0.00016586723531085122
o 5350 0.9992689677678922 0.9998761603306536
o 5360 0.999784848241918 0.9999999949993749
o 5370 0.014889297466521107 0.01891438101307874
o 5380 0 0.00016586723531085122
o 5390 0.9998341327646891 1
o 5400 0.8991523305891518 0.908351405210088
o 5410 0.00031816687187396863 0.0011351080949426606
o 5420 0.9683186037768906 0.9735620910043894
o 5430 0.9915415547531746 0.9941708632296149
o 5440 0.9998341327646891 1
o 5450 0 0.00016586723531085122
o 5460 0.9813396565460657 0.9853365758081654
o 5470 0.9998341327646891 1
o 5480 0.9478010666906922 0.9545264966223939
o 5490 0.05289307026846105 0.0600967372987774
o 5500 0.8613576396688195 0.8719586653264404
o 5510 0.6118725516597199 0.6270071866549443
o 5520 0 0.00016586723531085122
o 5530 5.000625091698381e-09 0.00021515175808195508
o 5540 0.007841195219397893 0.01084542648502107
o 5550 0.6037239404932078 0.6189185347888877
o 5560 0.0011313649965060946 0.002439713796663079
o 5570 0.9997427320109885 0.9999995494141014
o 5580 0.040603912757212486 0.04699026056833
o 5590 0.0005501918341939858 0.0015421373722853682
o 5600 1.0851213888255374e-05 0.0003669346313138755
o 5610 0.2012667250566995 0.21391187936982858
o 5620 0 0.00016586723531085122
o 5630 0 0.00016586723531085122
o 5640 0.22950422200193285 0.24274475103283544
o 5650 0.002255805956077755 0.003994006559359109
o 5660 0.9945628341288062 0.9966281894626924
o 5670 2.357743099213211e-06 0.0002958361566028911
o 5680 0 0.00016586723531085122
o 5690 0.880386958600425 0.89032301566094
o 5700 0.9043008837527283 0.9132811410517813
o 5710 0 0.00016586723531085122
o 5720 0.9998341327646891 1
o 5730 0 0.00016586723531085122
o 5740 0.08490058320682217 0.09379802372057844
o 5750 0.17674832522323886 0.18879865924130423
o 5760 0.9942728290862174 0.9963983436740477
o 5770 0.9998341327646891 1
o 5780 0.9998341327646891 1
o 5790 0.9876258665005824 0.990848095043925
o 5800 0.1526854553278657 0.16406977248832633
o 5810 0.9993257723589525 0.9998990270247117
o 5820 0.28725090249609764 0.3014584264735204
o 5830 0 0.00016586723531085122
o 5840 0.38112131629107177 0.396316194944365
o 5850 0 0.00016586723531085122
o 5860 0.2865360921127628 0.3007334796481762
o 5870 0.9820600207869667 0.9859759579391704
o 5880 0.9579811331855781 0.9640230327682284
o 5890 0.029079834874884396 0.034558500858847596
o 5900 0.7670902626541253 0.7801374778192897
o 5910 5.000625091698381e-09 0.00021515175808195508
o 5920 0.9998341327646891 1
o 5930 0 0.00016586723531085122
o 5940 0.003548536589701714 0.005660324620525348
o 5950 0.5283615695874098 0.5439062507276664
o 5960 0.00036024598323412533 0.00121281458400746
o 5970 0.9996678275924519 0.9999940967944916
o 5980 0.9998341327646891 1
o 5990 0.7858454690238488 0.7984960075609429
o 6000 0.4520392716184727 0.46757427635859905
o 6010 0.00848631870480003 0.011600012759041323
o 6020 0.9818268641156814 0.9857691968325095
o 6030 0.20037700233590355 0.2130019058864
o 6040 0 0.00016586723531085122
o 6050 2.357743099213211e-06 0.0002958361566028911
o 6060 0.01379859424294774 0.017685516917330113
o 6070 0.0002905779880734113 0.0010828533499978032
o 6080 0.7287461746916626 0.7424943856121444
o 6090 0.9990496341945716 0.9997764839702489
o 6100 0.9904533334436405 0.9932595318152856
o 6110 0.9998341327646891 1
o 6120 0.9998341327646891 1
o 6130 0.07078616254026783 0.07899736221271603
o 6140 0.9997041638433971 0.9999976422569008
o 6150 0 0.00016586723531085122
o 6160 0 0.00016586723531085122
o 6170 0.9993545677321735 0.9999100498624319
o 6180 0.17907795572466376 0.19118823172868038
o 6190 0.052466340813502765 0.059643617498815305
o 6200 0.8513993422229519 0.8623202777349881
o 6210 0 0.00016586723531085122
o 6220 0 0.00016586723531085122
o 6230 6.887077827747213e-05 0.0005869172185136717
o 6240 0.3054260348843083 0.31987712353788966
o 6250 0.45349722614161186 0.469035829788928
o 6260 5.000625091698381e-09 0.00021515175808195508
o 6270 0 0.00016586723531085122
o 6280 8.995013756807068e-05 0.0006454322678265401
o 6290 0.026705658082179954 0.031973548531928575
o 6300 0.09415408230075167 0.10346131323294216
o 6310 0.9998341327646891 1
o 6320 0.9998341327646891 1
o 6330 0.7060538700868806 0.7201542852946676
o 6340 0.9169043844454758 0.9253134525182046
o 6350 0.9998341327646891 1
o 6360 0.9715995307892835 0.9765600536173797
o 6370 0.011943381196705263 0.015581480155023253
o 6380 0.002101486402817563 0.0037884634656890626
o 6390 0.999784848241918 0.9999999949993749
o 6400 0.15834216398352402 0.16989112406186457
o 6410 0.9998341327646891 1
o 6420 0.9965329270499892 0.9981368947272495
o 6430 0.5907830322480618 0.606063791047855
o 6440 0 0.00016586723531085122
o 6450 0.9998341327646891 1
o 6460 0.003548536589701714 0.005660324620525348
o 6470 0.007363352249389369 0.010283489098611098
o 6480 0.9992409148798167 0.9998643624923798
o 6490 0 0.00016586723531085122
o 6500 0.0007959207589015687 0.0019357705696929628
o 6510 0 0.00016586723531085122
o 6520 0.024985565508909964 0.030094276106055418
o 6530 0.005665763086966154 0.008261901869567101
o 6540 0.999599491460172 0.9999830535762632
o 6550 0.8937423344168162 0.9031631995147924
o 6560 0.9987871854159925 0.9996397540167659
o 6570 0.00014765267811112144 0.0007869294098699076
o 6580 0.05306765912198006 0.060282086785361844
o 6590 0.07495969624744529 0.08338237151051697
o 6600 0.9998341327646891 1
o 6610 0.9978468002059815 0.9990617938017794
o 6620 0.999784848241918 0.9999999949993749
o 6630 0.6107284001801725 0.6258717223924803
o 6640 0 0.00016586723531085122
o 6650 0.7087532261893434 0.7228140254123246
o 6660 0.9889171958251266 0.9919562743179734
o 6670 0.007712423210444503 0.010694257265014495
o 6680 0.954355049650489 0.9606503279782438
o 6690 0.9564677840819873 0.9626168878254171
o 6700 0.9619047425477973 0.9676581094993161
o 6710 0.6084402294663837 0.6236006616183074
o 6720 0.999599491460172 0.9999830535762632
o 6730 0.9998341327646891 1
o 6740 0.08763798827201764 0.09665966772344059
o 6750 0.2744471576656589 0.288466521510922
o 6760 0.9759613940119208 0.9805167027459213
o 6770 0.999599491460172 0.9999830535762632
o 6780 0.9998341327646891 1
o 6790 0 0.00016586723531085122
o 6800 0.9991306438647708 0.9998151511351715
o 6810 0.9984828397939801 0.999464783357556
o 6820 0.9998341327646891 1
o 6830 0.0268778161943422 0.03216132706290997
o 6840 0.9758142773107608 0.9803838699003559
o 6850 0.9804298368030188 0.9845267142806123
o 6860 0.9997041638433971 0.9999976422569008
o 6870 0.9294971951843407 0.9372764572206181
o 6880 0.050876355610991505 0.05795416483961113
o 6890 0.6845099446104241 0.6989054268918493
o 6900 0.5656792464434378 0.581096016355412
o 6910 0.9754991091690025 0.9800991460527729
o 6920 0 0.00016586723531085122
o 6930 0 0.00016586723531085122
o 6940 0.9998341327646891 1
o 6950 0.036265809534381015 0.042329920484946326
o 6960 0.0026708447494229667 0.004538629696152152
o 6970 0.8988255714324319 0.9080382729645597
o 6980 0 0.00016586723531085122
o 6990 0.9998341327646891 1
o 7000 0.35980874862498785 0.37483597594738527
o 7010 0.9998341327646891 1
o 7020 0.9998341327646891 1
o 7030 0.9178057192762775 0.9261718182068108
o 7040 0 0.00016586723531085122
o 7050 1.694642373683569e-05 0.00040050853982798174
o 7060 0.9823993296831387 0.9862765291491912
o 7070 0.10634229737875636 0.11614888031222381
o 7080 4.934143394975716e-05 0.0005269197482213883
o 7090 0.509168924524669 0.5247453597397382
o 7100 0.27024033581367607 0.2841947732948533
o 7110 0.10659725244510912 0.1164138371439285
o 7120 0.9455100012117065 0.9523783251937993
o 7130 0.9998341327646891 1
o 7140 0.9608036291299171 0.9666395919997403
o 7150 5.903205508420937e-06 0.0003321724075481258
o 7160 0.802981133903057 0.8152346237032008
o 7170 0.9961657922277294 0.9978642890092243
o 7180 0.9998341327646891 1
o 7190 0.1205535362942665 0.1308927374749833
o 7200 0.06387157507622235 0.07171436984813517
o 7210 0.35168624678389193 0.366641228429866
o 7220 0.9942951061238854 0.9964160553418016
o 7230 0.999784848241918 0.9999999949993749
o 7240 0.00038871728888304033 0.0012642119053347667
o 7250 0.999784848241918 0.9999999949993749
o 7260 0.06998699784918805 0.07815680620154086
o 7270 0.963880208634006 0.9694819804457778
o 7280 0.9068358019746062 0.9157053804831231
o 7290 2.357743099213211e-06 0.0002958361566028911
o 7300 0.0059381722468306855 0.008589354930157445
o 7310 0 0.00016586723531085122
o 7320 0.17224807421119945 0.18418045037552155
o 7330 0.5072082793174643 0.5227866654930244
o 7340 0.0005202947705672456 0.0014921308975106573
o 7350 0.9998341327646891 1
o 7360 0.01910391164096111 0.023618135928259454
o 7370 0 0.00016586723531085122
o 7380 0.9982351769925596 0.9993128775364343
o 7390 0 0.00016586723531085122
o 7400 0.8967428426722838 0.906041693938749
o 7410 0.003672553120738686 0.005816229222878833
o 7420 0 0.00016586723531085122
o 7430 0.5579837471615213 0.5734341040327824
o 7440 0.5888774735833604 0.6041699901059672
o 7450 0.9998341327646891 1
o 7460 0.9998341327646891 1
o 7470 0.00747351206127003 0.01041327826371019
o 7480 0.003708031143700143 0.005860728917111646
o 7490 0.7906586915756408 0.8032011782170265
o 7500 0.9998341327646891 1
o 7510 0.9879266828522105 0.9911071653505287
o 7520 0.6521473120081738 0.6669189088923949
o 7530 0.24224178677701136 0.2557228476400425
o 7540 0.9998341327646891 1
o 7550 0.999784848241918 0.9999999949993749
o 7560 0.44221480766054805 0.4577220565930251
o 7570 0.9995668564461039 0.999976016692425
o 7580 0.9924387808549068 0.99491325190303
o 7590 0.03877106047127022 0.04502376932504126
o 7600 0.0004174925762006784 0.0013153132603136442
o 7610 0.8834842586309464 0.8933046856648382
o 7620 0.0002366864964226909 0.0009770973609918299
o 7630 0.9998341327646891 1
o 7640 0.9952132377921347 0.9971374316439408
o 7650 0.0018292325510135831 0.003420979978664307
o 7660 0.17562312940857525 0.18764424006966207
o 7670 0.7413314614124157 0.754864889208775
o 7680 0.037267496824694095 0.04340787282427583
o 7690 0.9998341327646891 1
o 7700 0.9998341327646891 1
o 7710 0.08128532594967437 0.0900145381662355
o 7720 0.6988234947572456 0.7130270818544686
o 7730 0.0032132268862249762 0.005235856001415962
o 7740 0.6076574746173314 0.6228236793781643
o 7750 0 0.00016586723531085122
o 7760 0.034091080416949915 0.03998543414480582
o 7770 0.9998341327646891 1
o 7780 0 0.00016586723531085122
o 7790 0.9821660327116928 0.9860699085862046
o 7800 0.9997427320109885 0.9999995494141014
o 7810 0.9998341327646891 1
o 7820 0.26129352670471073 0.2751046245550969
o 7830 5.000625091698381e-09 0.00021515175808195508
o 7840 0.9998341327646891 1
o 7850 0.00745514733193364 0.01039165148234078
o 7860 0.231662888156201 0.24494534935691137
o 7870 0.9998341327646891 1
o 7880 0.7056510070821055 0.7197572831903292
o 7890 0.9972534418677634 0.9986557844757022
o 7900 0 0.00016586723531085122
o 7910 5.000625091698381e-09 0.00021515175808195508
o 7920 0.030383723118336765 0.035974136728872175
o 7930 0 0.00016586723531085122
o 7940 2.398330757498869e-05 0.00043314355389612036
o 7950 0.9998341327646891 1
o 7960 0.9953484763535602 0.9972421153525199
o 7970 0.9011949302099064 0.9103081267562493
o 7980 0.445030043206444 0.46054587064744246
o 7990 0.9278544779521648 0.9357197204139156
o 8000 0.9976554062814149 0.9989334115040904
o 8010 0.0008273221554159791 0.0019843021615314482
o 8020 0.7729088076948994 0.785836989011544
o 8030 0.11020674060571449 0.12016310220483983
o 8040 0.578208536058435 0.5935625137833216
o 8050 0.6358297056666505 0.6507619898657204
o 8060 0.9391001550880893 0.9463503045023257
o 8070 0.9977987982532164 0.9990298540327246
o 8080 0.32150655608575845 0.33615114719525896
o 8090 0.5114698344232946 0.527043674709895
o 8100 5.000625091698381e-09 0.00021515175808195508
o 8110 0 0.00016586723531085122
o 8120 0.010823632192794839 0.014301692943926914
o 8130 0.9963949261562345 0.9980349958952714
o 8140 5.000625091698381e-09 0.00021515175808195508
o 8150 0.9997427320109885 0.9999995494141014
o 8160 0.994786540360217 0.9968043647446723
o 8170 0.8377562758571031 0.8490878879560704
o 8180 0.022449030779449278 0.027311754710578784
o 8190 0.05450355070495658 0.061805688403702375
o 8200 4.5058589854506926e-07 0.0002572679890114893
o 8210 0.9998341327646891 1
o 8220 0.8224252978425709 0.8341839751385461
o 8230 0.9998341327646891 1
o 8240 0.9998341327646891 1
o 8250 0.9849939533934682 0.9885609775361613
o 8260 0.9993836603972324 0.9999207619417313
o 8270 0.9982106455758747 0.9992974473203111
o 8280 0 0.00016586723531085122
o 8290 2.357743099213211e-06 0.0002958361566028911
o 8300 0.000276936226907186 0.0010565779080022875
o 8310 0.02054663205996844 0.025214868395586953
o 8320 0.10100983570767955 0.11060318581162532
o 8330 0.9998341327646891 1
o 8340 0.7145357111314116 0.728509604697947
o 8350 0.9998341327646891 1
o 8360 0.9991306438647708 0.9998151511351715
o 8370 0.1881432937461739 0.20047979388835901
o 8380 0.9987871854159925 0.9996397540167659
o 8390 0.9920005029608918 0.9945517201465842
o 8400 0.04653768022658745 0.05333437822403542
o 8410 0.06620760117412024 0.07417752517183618
o 8420 0 0.00016586723531085122
o 8430 0.999297246851899 0.9998877222821806
o 8440 0.6994678982579904 0.7136624625389156
o 8450 4.5058589854506926e-07 0.0002572679890114893
o 8460 0.9998341327646891 1
o 8470 0.9998341327646891 1
o 8480 0.6491925569723337 0.6639946550535578
o 8490 0.16670370395148013 0.1784867190266144
o 8500 0.7626669258154586 0.7758022926215153
o 8510 0.9998341327646891 1
o 8520 0.026629151803083378 0.03189008297753915
o 8530 0.0013937879291895027 0.002816920975193593
o 8540 0.5921069642363803 0.6073794141530298
o 8550 0.9998341327646891 1
o 8560 0.999784848241918 0.9999999949993749
o 8570 0.9735684044914326 0.9783505103513397
o 8580 0 0.00016586723531085122
o 8590 0.9858692419378133 0.9893253704539051
o 8600 0.7188684690596123 0.7327753965661752
o 8610 0.9473674784003803 0.9541202293606215
o 8620 0.006010914361999888 0.00867657644744202
o 8630 0.9889387669872588 0.9919746948309158
o 8640 0.9998341327646891 1
o 8650 0.07513530008065925 0.08356670642972897
o 8660 0.0646306318926978 0.07251504693437105
o 8670 0.18312607176353668 0.19533873115897804
o 8680 1.0851213888255374e-05 0.0003669346313138755
o 8690 0.9889387669872588 0.9919746948309158
o 8700 0.9992689677678922 0.9998761603306536
o 8710 0.7967479469688065 0.8091498904934841
o 8720 0 0.00016586723531085122
o 8730 0.0004611764681660107 0.0013914574822913028
o 8740 0.02712653503290722 0.032432516752051166
o 8750 0.9990496341945716 0.9997764839702489
o 8760 0.9997041638433971 0.9999976422569008
o 8770 0.000780270257940891 0.001911455441719001
o 8780 0.9894137747722214 0.9923795026130479
o 8790 0.005810973395088759 0.008436617796737211
o 8800 0.9998341327646891 1
o 8810 0 0.00016586723531085122
o 8820 0.999784848241918 0.9999999949993749
o 8830 0.9998341327646891 1
o 8840 0 0.00016586723531085122
o 8850 0.9625699025840879 0.9682727263571678
o 8860 0.9988130027235841 0.999653867701341
o 8870 0.999784848241918 0.9999999949993749
o 8880 0.9972299702688214 0.9986392778683405
o 8890 0.9998341327646891 1
o 8900 0.013216735782987233 0.01702760855322516
o 8910 0.16291668481901747 0.17459503545596133
o 8920 0.9998341327646891 1
o 8930 0.9963031471150466 0.9979668397331242
o 8940 2.357743099213211e-06 0.0002958361566028911
o 8950 0.9997041638433971 0.9999976422569008
o 8960 0.9998341327646891 1
o 8970 0.9318597338407233 0.9395131332844162
o 8980 0.9998341327646891 1
o 8990 0.999784848241918 0.9999999949993749
o 9000 0.9998341327646891 1
o 9010 0.6122539453008689 0.6273856649275358
o 9020 0.9059975301642869 0.914903930844579
o 9030 0.8731981166117904 0.8833942486801315
o 9040 0 0.00016586723531085122
o 9050 0 0.00016586723531085122
o 9060 0.03996704616535706 0.046307355074592715
o 9070 0.7562053922694296 0.7694659855894482
o 9080 0.19683835543747683 0.2093817612668034
o 9090 0.2694268420204635 0.2833685436373563
o 9100 4.5058589854506926e-07 0.0002572679890114893
o 9110 0.9998341327646891 1
o 9120 0.11619339875822388 0.12637437815851005
o 9130 0.4026087967174359 0.4179414476817891
o 9140 0.7678376844249202 0.7808698063377809
o 9150 0.9996330653686861 0.9999891487861118
o 9160 0.9928563184574575 0.9952555284728464
o 9170 0.00011227771781942915 0.0007027531481009763
o 9180 0.9998341327646891 1
o 9190 0.9316542412649942 0.9393186941679332
o 9200 0.9998341327646891 1
o 9210 0.5314246524212676 0.5469621366198281
o 9220 0.9998341327646891 1
o 9230 0.00467257012699366 0.007055622758390001
o 9240 0.9966713515299861 0.9982383659018511
o 9250 0 0.00016586723531085122
o 9260 0.996717592406219 0.9982720892569996
o 9270 0.9956423896922855 0.9974680271834279
o 9280 0.3208106537463935 0.33544728553222536
o 9290 0 0.00016586723531085122
o 9300 0.87134581989464 0.8816071615882313
o 9310 0.013104212254791216 0.01690017738223004
o 9320 0.9996330653686861 0.9999891487861118
o 9330 0.7774760149266681 0.7903082563416729
o 9340 0.9996678275924519 0.9999940967944916
o 9350 0.98738970775309 0.9906443423429357
o 9360 0.00010097297528831012 0.0006742276410476311
o 9370 0.0046007257972482144 0.006967507163649689
o 9380 0.9666500050001573 0.9720312524486376
o 9390 0.9998341327646891 1
o 9400 0.7953114118382236 0.8077469050330074
o 9410 0.9998341327646891 1
o 9420 0.9854206921093704 0.988934083933081
o 9430 0.999784848241918 0.9999999949993749
o 9440 0.9998341327646891 1
o 9450 0.1317775852655275 0.14250482415169596
o 9460 0.004654603648156423 0.007033599231415444
o 9470 0.9998341327646891 1
o 9480 0.01919873885343007 0.023723272609314727
o 9490 0.9954839710957356 0.9973465410699824
o 9500 0.8070097086389291 0.819164705013097
o 9510 0.8913754509481228 0.900890869763282
o 9520 0.9294971951843407 0.9372764572206181
o 9530 0.9998341327646891 1
o 9540 0.999103496509203 0.9998024115070666
o 9550 0.9218021877015908 0.9299740218731742
o 9560 0 0.00016586723531085122
o 9570 0.9998341327646891 1
o 9580 0.8282230613289978 0.8398242791129648
o 9590 0.9997041638433971 0.9999976422569008
o 9600 0.9986085425177087 0.999538823531834
o 9610 0.43540736993818646 0.45089179281271763
o 9620 0.30075683002734765 0.31514791311088874
o 9630 0.9948761849382639 0.9968746717641922
o 9640 0.0006717323004385943 0.0017402522987572944
o 9650 0.9998341327646891 1
o 9660 0.9998341327646891 1
o 9670 0.7434902497407507 0.7569853789720068
o 9680 0.9969728777400151 0.998456597194961
o 9690 0.03740238211447762 0.043552939052557416
o 9700 0.999784848241918 0.9999999949993749
o 9710 1.0851213888255374e-05 0.0003669346313138755
o 9720 0.15388753558195042 0.16530727991642757
o 9730 0.9998341327646891 1
o 9740 0 0.00016586723531085122
o 9750 0.42868123545876924 0.4441401988472864
o 9760 0.9728558373344457 0.9777033201608528
o 9770 0 0.00016586723531085122
o 9780 0 0.00016586723531085122
o 9790 0.426625762092415 0.44207636649152493
o 9800 0.9998341327646891 1
o 9810 0.7746870553370503 0.7875781474065293
o 9820 0.1662894464166574 0.17806111844616734
o 9830 0.062470633263668265 0.07023580307422539
o 9840 0 0.00016586723531085122
o 9850 0 0.00016586723531085122
o 9860 0.10271502097532036 0.11237741069065055
o 9870 0.826803803624709 0.8384440098476544
o 9880 0.9913452251092921 0.9940072750035274
o 9890 0.9992409148798167 0.9998643624923798
o 9900 0.01411801257734092 0.018045971302609543
o 9910 0.008430943170320785 0.011535412950490542
o 9920 0.9998341327646891 1
o 9930 0 0.00016586723531085122
o 9940 4.028837972215593e-05 0.0004962394110719082
o 9950 0.032361101425557516 0.03811603955855325
o 9960 0 0.00016586723531085122
o 9970 0 0.00016586723531085122
o 9980 0.9998341327646891 1
o 9990 0.9998341327646891 1
