
x disttype general-gaussian
x k 1510
x std 0.5
x N 50000
x alpha 0.0005

o 0 0.3935375292019492 0.4088157823222126
o 10 0.9880771995048885 0.9912365917446615
o 20 0.4607880022369672 0.4763425934699096
o 30 0.99294437724161 0.9953274298730065
o 40 0.3065785675605275 0.3210441997471758
o 50 0.9998341327646891 1
o 60 0.9758773243221786 0.9804408012699287
o 70 0.400016728479167 0.415334392235131
o 80 0.9985580909074143 0.9995093820155696
o 90 0.8697177264019276 0.8800357967262057
o 100 0.5965806765892877 0.6118241985446314
o 110 0.2522908834913153 0.26595033041260085
o 120 0.999784848241918 0.9999999949993749
o 130 0.05202028087168336 0.0591698350700256
o 140 0.48031151374392217 0.49589249670526214
o 150 0.999784848241918 0.9999999949993749
o 160 0.8557473596673806 0.8665308127301706
o 170 0.9061610865201652 0.9150603201398376
o 180 0.9996330653686861 0.9999891487861118
o 190 0.6415558657271313 0.6564339083327069
o 200 0.005883642740801966 0.00852391181228096
o 210 0.023668771135273336 0.028651559261398618
o 220 0.9998341327646891 1
o 230 0.9996678275924519 0.9999940967944916
o 240 0.9998341327646891 1
o 250 0.014795170672177588 0.018808544938699323
o 260 0.18381732310018292 0.19604724345220093
o 270 0.40047530904576895 0.4157956566277691
o 280 0.9998341327646891 1
o 290 0.9998341327646891 1
o 300 0.9373916017957878 0.9447394260655643
o 310 0.9998341327646891 1
o 320 0.06581816825207851 0.07376709448660279
o 330 0.9412834122361696 0.9484063210148096
o 340 0.0002235160297511361 0.0009503658054283992
o 350 0.9858906139717731 0.9893439905995577
o 360 0.5672025384871467 0.5826122120212214
o 370 0.15400577937338186 0.1654289955700312
o 380 0.9604505851615777 0.9663127542430583
o 390 0.9998341327646891 1
o 400 0.9998341327646891 1
o 410 0.18128947278134735 0.1934559582289136
o 420 0.6663225052382034 0.6809389621143489
o 430 0.21459832706303525 0.2275357277422978
o 440 0.9479869112150535 0.9547005901800062
o 450 0.4502019449172717 0.46573222317410334
o 460 0.9996330653686861 0.9999891487861118
o 470 0.0008273221554159791 0.0019843021615314482
o 480 0.0013937879291895027 0.002816920975193593
o 490 0.9998341327646891 1
o 500 0.0734965822593219 0.08184599598021947
o 510 0.9998341327646891 1
o 520 0.9638177892713021 0.9694244207737656
o 530 0.857210628472134 0.8679470568280898
o 540 0.1418131704156391 0.15286578939926054
o 550 4.934143394975716e-05 0.0005269197482213883
o 560 0.999784848241918 0.9999999949993749
o 570 0.8644486386169484 0.8749466377172304
o 580 0.09297951336432747 0.1022362893245431
o 590 0.9987871854159925 0.9996397540167659
o 600 0.987840706111888 0.9910331745497277
o 610 0.9998341327646891 1
o 620 0.29932643948638166 0.3136987891911197
o 630 0.022277637845714654 0.02712321178789323
o 640 5.000625091698381e-09 0.00021515175808195508
o 650 0.999784848241918 0.9999999949993749
o 660 0.9998341327646891 1
o 670 0.9988909714709572 0.9996956768430979
o 680 0.999297246851899 0.9998877222821806
o 690 5.000625091698381e-09 0.00021515175808195508
o 700 0.997894911366256 0.9990936226399529
o 710 0.003495463160749242 0.005593432284956235
o 720 4.934143394975716e-05 0.0005269197482213883
o 730 0.3808622852324098 0.39605531363886537
o 740 0 0.00016586723531085122
o 750 0.9998341327646891 1
o 760 0.0005501918341939858 0.0015421373722853682
o 770 0.8306564199810895 0.8421901095023377
o 780 0.9533822085010023 0.9597434938722507
o 790 0 0.00016586723531085122
o 800 0.9998341327646891 1
o 810 0.42642620878902676 0.44187598720068266
o 820 0.0004030684253407234 0.0012897981461114094
o 830 0.9762977536972129 0.9808202276200709
o 840 0.9998341327646891 1
o 850 0 0.00016586723531085122
o 860 0.9969495993090236 0.9984398951779412
o 870 0.006448198241601528 0.009199077365011799
o 880 0.9998341327646891 1
o 890 0.9886369238706351 0.9917166540624034
o 900 4.934143394975716e-05 0.0005269197482213883
o 910 0.1974709069010181 0.21002899375580775
o 920 0.020261661854674526 0.024899946306631393
o 930 0.996234423774403 0.9979156106725443
o 940 0.9979190093140644 0.999109494009705
o 950 0.07909780342040676 0.08772282216447436
o 960 0.9998341327646891 1
o 970 0.9998341327646891 1
o 980 0 0.00016586723531085122
o 990 0.866869222216606 0.8772852486587553
o 1000 0.9998341327646891 1
o 1010 0.9998341327646891 1
o 1020 0.9906922393703285 0.9934605292537396
o 1030 4.5058589854506926e-07 0.0002572679890114893
o 1040 0 0.00016586723531085122
o 1050 5.000625091698381e-09 0.00021515175808195508
o 1060 0.999784848241918 0.9999999949993749
o 1070 0.15231106115345117 0.16368429509321725
o 1080 0.9998341327646891 1
o 1090 0.4232734363851779 0.43870982461772845
o 1100 0 0.00016586723531085122
o 1110 0.9998341327646891 1
o 1120 0.06589605183098385 0.07384918362797877
o 1130 5.000625091698381e-09 0.00021515175808195508
o 1140 0.7732321128302564 0.7861535758841978
o 1150 0 0.00016586723531085122
o 1160 0.46754094897744164 0.48310736850610114
o 1170 0.8411047163591474 0.852338332002592
o 1180 0.46652192169039514 0.48208673954815173
o 1190 0.9302366265144806 0.9379767801238952
o 1200 0.8306766998202801 0.8422098229050081
o 1210 0.7196746526278098 0.7335689431867456
o 1220 0.014193203173538291 0.01813075081562643
o 1230 0.5999715091178296 0.6151922267662522
o 1240 0 0.00016586723531085122
o 1250 0.9797324767750645 0.9839043175280957
o 1260 0.004906452413280383 0.007341611977483287
o 1270 5.000625091698381e-09 0.00021515175808195508
o 1280 0.0015935532185476836 0.003096913671020274
o 1290 0.9946969897174516 0.99673396320075
o 1300 0.002618709956084054 0.004470804819852514
o 1310 0.9996678275924519 0.9999940967944916
o 1320 0.27946856893850613 0.2935634038267382
o 1330 0.12625237102683023 0.13679193979996285
o 1340 0.9997427320109885 0.9999995494141014
o 1350 0 0.00016586723531085122
o 1360 0.9401710078586205 0.9473590955011318
o 1370 0.9996330653686861 0.9999891487861118
o 1380 0 0.00016586723531085122
o 1390 0.9995037605889281 0.9999597116202779
o 1400 0.8650588147513802 0.8755362585365851
o 1410 0.9992409148798167 0.9998643624923798
o 1420 0.06838910829411393 0.07647525451161197
o 1430 0.3120637487387765 0.3265971574397559
o 1440 0.7455887218385673 0.7590462051895885
o 1450 4.5058589854506926e-07 0.0002572679890114893
o 1460 0.9979431363013752 0.9991253358653104
o 1470 0.22831606829160123 0.241533309626337
o 1480 0.5034873840229801 0.5190688144758742
o 1490 0.9966944655818283 0.9982552340301704
o 1500 0.35793718166587707 0.3729481766255244
o 1510 0.2174479280203718 0.23044515488704442
o 1520 0.9553075983435279 0.9615374611868005
o 1530 0 0.00016586723531085122
o 1540 0.9998341327646891 1
o 1550 0.5838634132786052 0.5991857356429745
o 1560 0.9998341327646891 1
o 1570 0.8151105213043728 0.8270611905430212
o 1580 0.00026340314700223097 0.001030197163089941
o 1590 0 0.00016586723531085122
o 1600 0 0.00016586723531085122
o 1610 0 0.00016586723531085122
o 1620 0.20106900480481035 0.213709667131468
o 1630 0.7437121936740437 0.7572033608228645
o 1640 0.22081261330467344 0.23387932227682684
o 1650 0.9998341327646891 1
o 1660 0.18760988911616358 0.1999333808430216
o 1670 0.15242928964281352 0.16380602604671168
o 1680 0.9998341327646891 1
o 1690 0.038693925379218036 0.04494093208235783
o 1700 0.009244498655995862 0.012481499495543225
o 1710 0.3203533565228163 0.3349847378402786
o 1720 0.0035662380683261184 0.0056826117893880035
o 1730 0 0.00016586723531085122
o 1740 0.028313460581400104 0.033725155620910385
o 1750 0.99612008746949 0.9978300245310231
o 1760 0.010488480695554496 0.013916985233651924
o 1770 0.3642890610200528 0.379354146688321
o 1780 0.6804448377625724 0.6948918959210687
o 1790 0.000276936226907186 0.0010565779080022875
o 1800 2.357743099213211e-06 0.0002958361566028911
o 1810 0.030901796317849117 0.036535874871203244
o 1820 0.46300552829207003 0.47856431923986853
o 1830 4.5058589854506926e-07 0.0002572679890114893
o 1840 0 0.00016586723531085122
o 1850 5.903205508420937e-06 0.0003321724075481258
o 1860 0.9997427320109885 0.9999995494141014
o 1870 0.9876258665005824 0.990848095043925
o 1880 0.9993545677321735 0.9999100498624319
o 1890 0.8124772828609365 0.8244953071324357
o 1900 0.9998341327646891 1
o 1910 0.17167577649514634 0.18359294399748338
o 1920 0.9987102018538886 0.9995969315746592
o 1930 0.027738993637037555 0.0330998331961313
o 1940 0 0.00016586723531085122
o 1950 0.012336162752119545 0.016028538048954655
o 1960 3.180428173812004e-05 0.0004650121175936439
o 1970 0.9987871854159925 0.9996397540167659
o 1980 0.9998341327646891 1
o 1990 0 0.00016586723531085122
o 2000 0.5417171660216451 0.5572261584568249
o 2010 3.180428173812004e-05 0.0004650121175936439
o 2020 0.9998341327646891 1
o 2030 0 0.00016586723531085122
o 2040 0.00013563750762027172 0.0007590851201833004
o 2050 0.9998341327646891 1
o 2060 0.9998341327646891 1
o 2070 0.00026340314700223097 0.001030197163089941
o 2080 0.9241606097410124 0.932214816159227
o 2090 0.999784848241918 0.9999999949993749
o 2100 0.015605247549665682 0.01971814967872798
o 2110 0.33357839093497454 0.34835521960481497
o 2120 0 0.00016586723531085122
o 2130 0.9906705095265624 0.9934422679202571
o 2140 0.9997041638433971 0.9999976422569008
o 2150 0.9995668564461039 0.999976016692425
o 2160 0 0.00016586723531085122
o 2170 0.9998341327646891 1
o 2180 0.10532256204800222 0.11508896807028324
o 2190 0.9651499382678387 0.9706518240661349
o 2200 0.9998341327646891 1
o 2210 0.00026340314700223097 0.001030197163089941
o 2220 0.9998341327646891 1
o 2230 0.2880848748748224 0.3023041708399996
o 2240 0.999784848241918 0.9999999949993749
o 2250 0.3027038822176252 0.3171202000548099
o 2260 0.5864104532615718 0.6017178395644307
o 2270 0.9854847403863223 0.9889900123432682
o 2280 5.000625091698381e-09 0.00021515175808195508
o 2290 0.9687778310274449 0.9739827086787104
o 2300 0.057629855118669554 0.06511828241150586
o 2310 0.8986213548209196 0.9078425574475759
o 2320 0.00813585377273589 0.011190634532054933
o 2330 0.1578098904976618 0.16934358001891092
o 2340 0.9996330653686861 0.9999891487861118
o 2350 0 0.00016586723531085122
o 2360 0.9621541473094323 0.9678886210969633
o 2370 0.6172928182019392 0.6323850999250674
o 2380 0.9992130705901301 0.9998523473218889
o 2390 0.18504190295951747 0.1973022448892846
o 2400 0.999599491460172 0.9999830535762632
o 2410 0.9981128936006963 0.9992353457234481
o 2420 0.05694996742395755 0.06439840946392617
o 2430 0.9252068987887305 0.933208179427632
o 2440 0.9691119166442396 0.9742885101812045
o 2450 0.9998341327646891 1
o 2460 0.9906270565796824 0.9934057384895714
o 2470 0.9998341327646891 1
o 2480 0.9995349878824064 0.9999681957182619
o 2490 0.2950159007099217 0.3093307913559816
o 2500 0.6524488353637229 0.6672172844009263
o 2510 0.8952526387039504 0.9046123932155389
o 2520 0.7006359226585228 0.7148140469715702
o 2530 0.9995349878824064 0.9999681957182619
o 2540 2.357743099213211e-06 0.0002958361566028911
o 2550 0.9270333539839714 0.9349411172695703
o 2560 0.7846727001550396 0.7973491679796448
o 2570 0.9599730455592977 0.9658704537828722
o 2580 0.3739489908422737 0.3890909472572893
o 2590 5.000625091698381e-09 0.00021515175808195508
o 2600 0.9998341327646891 1
o 2610 0.9998341327646891 1
o 2620 0.6689371829744213 0.6835234078005271
o 2630 0.004924467215730086 0.0073635873963801
o 2640 0.9998341327646891 1
o 2650 0 0.00016586723531085122
o 2660 0.015416741028842036 0.019506730055851018
o 2670 0.7198560478046 0.7337474873021371
o 2680 0.9998341327646891 1
o 2690 0.000304323156902096 0.0011090285290428215
o 2700 0.9979431363013752 0.9991253358653104
o 2710 0.9998341327646891 1
o 2720 0.19245070851386917 0.20489090709358515
o 2730 0.9974182533663415 0.9987708140525817
o 2740 0.9479662611985836 0.9546812470766287
o 2750 0.9995349878824064 0.9999681957182619
o 2760 0.823377911559459 0.8351110438594234
o 2770 6.887077827747213e-05 0.0005869172185136717
o 2780 0.9998341327646891 1
o 2790 0.9998341327646891 1
o 2800 0.012785567524080277 0.01653895078295453
o 2810 0 0.00016586723531085122
o 2820 0.9998341327646891 1
o 2830 0.9996330653686861 0.9999891487861118
o 2840 0.9998341327646891 1
o 2850 0.9998341327646891 1
o 2860 0 0.00016586723531085122
o 2870 0.32631872527696665 0.3410173462728806
o 2880 0.9998341327646891 1
o 2890 0.8761707072860669 0.8862606692306849
o 2900 0 0.00016586723531085122
o 2910 0.4983068554155149 0.513891088808788
o 2920 0.08505697142965288 0.093961581148582
o 2930 0.27067685671111347 0.2846381040058924
o 2940 5.000625091698381e-09 0.00021515175808195508
o 2950 0.11523131970740019 0.12537678904559968
o 2960 0.9943842650976894 0.9964868508983944
o 2970 0.028428386586497687 0.03385018751887692
o 2980 0.0170400587349869 0.021322780491278004
o 2990 0.9676717805814546 0.9729691324579077
o 3000 0.9998341327646891 1
o 3010 0.9985832870189011 0.9995241331856756
o 3020 0.9934960807069686 0.9957754712998993
o 3030 0.641877368714539 0.656752297471884
o 3040 0.9998341327646891 1
o 3050 0.7063761653346178 0.7204718821338869
o 3060 0.999784848241918 0.9999999949993749
o 3070 0.9998341327646891 1
o 3080 0.003885707709419962 0.006082942502180666
o 3090 0.9990764961900899 0.99978951939873
o 3100 0.9998341327646891 1
o 3110 0.08902672932589778 0.0981104445502663
o 3120 5.000625091698381e-09 0.00021515175808195508
o 3130 0 0.00016586723531085122
o 3140 0.9998341327646891 1
o 3150 0.43512791719781396 0.4506113399199777
o 3160 4.5058589854506926e-07 0.0002572679890114893
o 3170 0.806240353457604 0.8184143168385066
o 3180 0.45008212296169275 0.46561208557196854
o 3190 0.0004030684253407234 0.0012897981461114094
o 3200 0.0024454358863469678 0.004244217089496405
o 3210 0.9998341327646891 1
o 3220 0.6030817799395748 0.6182809110614057
o 3230 0.019938825489154512 0.024542904898110396
o 3240 0.3054260348843083 0.31987712353788966
o 3250 0 0.00016586723531085122
o 3260 0.9579396565800624 0.9639845232459504
o 3270 0.9998341327646891 1
o 3280 0 0.00016586723531085122
o 3290 0.9998341327646891 1
o 3300 0.8805703199925953 0.8904995932910063
o 3310 0.9968102306136053 0.9983393779131835
o 3320 5.000625091698381e-09 0.00021515175808195508
o 3330 0 0.00016586723531085122
o 3340 0.8243103193947968 0.8360183252099688
o 3350 0.9998341327646891 1
o 3360 4.028837972215593e-05 0.0004962394110719082
o 3370 0.9998341327646891 1
o 3380 0.9862541181774765 0.9896603530448549
o 3390 0 0.00016586723531085122
o 3400 0.00031816687187396863 0.0011351080949426606
o 3410 0.8785942959568539 0.8885962744861865
o 3420 0 0.00016586723531085122
o 3430 0.9998341327646891 1
o 3440 3.180428173812004e-05 0.0004650121175936439
o 3450 0 0.00016586723531085122
o 3460 0.999784848241918 0.9999999949993749
o 3470 0.6273329955030337 0.6423415518214688
o 3480 0.9998341327646891 1
o 3490 5.000625091698381e-09 0.00021515175808195508
o 3500 0.9972065160734749 0.9986227536460907
o 3510 0.22570238957580593 0.23886787910775975
o 3520 0.9998341327646891 1
o 3530 0.9998341327646891 1
o 3540 0.9954613703038478 0.997329155250577
o 3550 0.000780270257940891 0.001911455441719001
o 3560 5.000625091698381e-09 0.00021515175808195508
o 3570 0 0.00016586723531085122
o 3580 0.025195649449847146 0.030324114406956593
o 3590 0.9965329270499892 0.9981368947272495
o 3600 1.0851213888255374e-05 0.0003669346313138755
o 3610 0.852983938036926 0.863855154339516
o 3620 0.8687003079861417 0.879053553642066
o 3630 0.9998341327646891 1
o 3640 0 0.00016586723531085122
o 3650 0.9998341327646891 1
o 3660 0.11756798357647066 0.12779931932712107
o 3670 0.9752470538936852 0.9798712876375016
o 3680 0.0008588524316941215 0.0020327070494118304
o 3690 0.9579189185993457 0.9639652681625439
o 3700 0.05537705524638624 0.06273187582746931
o 3710 0.9774339568365065 0.981843633573488
o 3720 0.999784848241918 0.9999999949993749
o 3730 0.9772865825833865 0.9817110586182115
o 3740 0.9995668564461039 0.999976016692425
o 3750 0.23195997107807997 0.24524816521806714
o 3760 0.9998341327646891 1
o 3770 0.9956423896922855 0.9974680271834279
o 3780 0.02900317636702468 0.03447518739505839
o 3790 0.7482524688592863 0.7616615675450148
o 3800 0.9910184629177633 0.9937341724089743
o 3810 0.014268406276741889 0.018215517843033546
o 3820 0.9658372795058592 0.9712842515895075
o 3830 0.9807682196803689 0.9848282130563318
o 3840 0 0.00016586723531085122
o 3850 0.9992130705901301 0.9998523473218889
o 3860 0.9998341327646891 1
o 3870 0.00859711252421888 0.011729169741669376
o 3880 0.014193203173538291 0.01813075081562643
o 3890 0.9895002333843872 0.9924530101907
o 3900 0.016435475540103398 0.020647597956496178
o 3910 0.023916727056712 0.02892351110973379
o 3920 0.005575095705043879 0.008152615697667565
o 3930 0.999784848241918 0.9999999949993749
o 3940 0.5704898960439025 0.5858837489909757
o 3950 0.9997427320109885 0.9999995494141014
o 3960 0.3321859744646318 0.3469481080431809
o 3970 0 0.00016586723531085122
o 3980 0.29726046526753797 0.3116054647522609
o 3990 0.7611321208922397 0.7742976104241943
o 4000 0 0.00016586723531085122
o 4010 0.7702619563259935 0.7832447245452795
o 4020 0.9540445234692249 0.9603609578302097
o 4030 0.9344498602301754 0.9419621458248921
o 4040 0.9991306438647708 0.9998151511351715
o 4050 0 0.00016586723531085122
o 4060 0.5809355811977733 0.5962745518909742
o 4070 0.485029316428898 0.5006131033202916
o 4080 0.8398667036850126 0.8511367570719365
o 4090 0.12462097007720736 0.13510390248847737
o 4100 0.9998341327646891 1
o 4110 0.9993545677321735 0.9999100498624319
o 4120 0.04406178103494325 0.050691158085804155
o 4130 0.9998341327646891 1
o 4140 0.013235492733849257 0.01704884405772089
o 4150 0.9997041638433971 0.9999976422569008
o 4160 0.0001848488648285143 0.0008693561352292045
o 4170 0.19187763599036953 0.2043041754295456
o 4180 0.9234427047718097 0.9315329596838302
o 4190 0.0033188983766661998 0.005370113215634742
o 4200 0.0751938361132357 0.08362814998178925
o 4210 0.014550527760307899 0.018533284535089956
o 4220 0 0.00016586723531085122
o 4230 0.8811815529067697 0.8910881571113681
o 4240 0.001576821692318539 0.0030736644300288773
o 4250 0.02081269926914082 0.025508700776098014
o 4260 0.9949434816817062 0.9969273383152467
o 4270 0.999784848241918 0.9999999949993749
o 4280 0.7798611144676573 0.7926423602885877
o 4290 0.895130169926098 0.9044949027001014
o 4300 0.9982597477012427 0.9993282676995614
o 4310 0.07178044568893928 0.0800427317164224
o 4320 0 0.00016586723531085122
o 4330 0.9998341327646891 1
o 4340 0.9004186697463759 0.9095646451963114
o 4350 0.8647537220788801 0.8752414527330565
o 4360 0.8631673880485599 0.8737083146598519
o 4370 0.9998341327646891 1
o 4380 0.99678705109857 0.9983225759189072
o 4390 0.9998341327646891 1
o 4400 0.004888440951314023 0.007319633232686695
o 4410 0.7924791688027742 0.8049800933417297
o 4420 0.041685107498164294 0.048148679345978884
o 4430 0.9937839489956886 0.9960074655232721
o 4440 0.142895997280038 0.1539825906134017
o 4450 0.8055115254930987 0.8177033879352558
o 4460 0.5988679419101357 0.6140961647367804
o 4470 0.9918692498925356 0.9944430293827725
o 4480 0.9887231314120704 0.991790413439243
o 4490 0.1854171971706705 0.19768682236806034
o 4500 0.8929464881499103 0.9023993103236375
o 4510 0.9998341327646891 1
o 4520 0.0002499844844402703 0.001003705637588781
o 4530 0.3327230408925484 0.34749085957005377
o 4540 0.9998341327646891 1
o 4550 0 0.00016586723531085122
o 4560 0.9998341327646891 1
o 4570 0.6823364413576096 0.6967596584438711
o 4580 0.8086700256492338 0.8207838341762658
o 4590 0 0.00016586723531085122
o 4600 0 0.00016586723531085122
o 4610 0.6597668168706751 0.6744568486171711
o 4620 0 0.00016586723531085122
o 4630 0.7498872094193931 0.763266280452022
o 4640 0.02758584899926316 0.032933034044330234
o 4650 0.7469609128116873 0.7603935554136461
o 4660 0.1716560425088965 0.1835726847391106
o 4670 0.9856128669253832 0.9891018391136819
o 4680 0.018497327795228405 0.02294495126114393
o 4690 0.3254238343291262 0.3401125406387596
o 4700 0.5631138698630073 0.5785422557378641
o 4710 0.24154824250640866 0.25501662805470304
o 4720 0.9523270320688358 0.9587590223955922
o 4730 0.017512823286943306 0.021849833543341024
o 4740 0.5741384680717122 0.5895139501493902
o 4750 0.008080571829056154 0.011125941392573613
o 4760 0.8476418824225258 0.8586789887016386
o 4770 0.9127888465949575 0.9213903578100053
o 4780 0.9876688228689464 0.9908851225286238
o 4790 0.12650791694512514 0.13705630590323448
o 4800 0.9998341327646891 1
o 4810 0.9998341327646891 1
o 4820 0.43906044516976284 0.45455748407435426
o 4830 0 0.00016586723531085122
o 4840 0.9998341327646891 1
o 4850 0 0.00016586723531085122
o 4860 0.9998341327646891 1
o 4870 0.5902414403004375 0.6055255650022631
o 4880 0.07681361181717095 0.08532780954497676
o 4890 0.999784848241918 0.9999999949993749
o 4900 0.34509839061785597 0.35999131618327607
o 4910 0.9619255249031993 0.9676773201749267
o 4920 0.9979914799067023 0.9991569284568658
o 4930 0.9576078745379324 0.9636764162440628
o 4940 0.7196948075771235 0.733588781492133
o 4950 0.9921537632295945 0.9946783938198263
o 4960 0.11886421870158878 0.12914263731606657
o 4970 0.08710996029859416 0.09610787906209062
o 4980 0 0.00016586723531085122
o 4990 0.2679189797437729 0.28183691854711934
o 5000 0.9998341327646891 1
o 5010 0.9988389036516672 0.9996678953600677
o 5020 0.9955291951801475 0.9973812900439158
o 5030 0.9995668564461039 0.999976016692425
o 5040 0.9997041638433971 0.9999976422569008
o 5050 0.0038501349902511925 0.006038536989480314
o 5060 0.9964638754550494 0.998085996940606
o 5070 0.0005352166424441244 0.0015171602060198852
o 5080 0.9998341327646891 1
o 5090 0.22138665031509938 0.23446508955169654
o 5100 0.9982597477012427 0.9993282676995614
o 5110 0.9998341327646891 1
o 5120 0.6719142056641346 0.6864653871458548
o 5130 0 0.00016586723531085122
o 5140 0.9993545677321735 0.9999100498624319
o 5150 0.0002104806012700251 0.0009235038099101311
o 5160 0.5586850816146912 0.5741325336594231
o 5170 0.9993836603972324 0.9999207619417313
o 5180 0.023439946382620657 0.028400469210716484
o 5190 0.4904076578698161 0.5059929487524358
o 5200 0.9998341327646891 1
o 5210 0.9938283007060976 0.9960430923297887
o 5220 0.999784848241918 0.9999999949993749
o 5230 0.0031956352553275443 0.005213459639783036
o 5240 0.16997875600131532 0.18185054547155388
o 5250 0.9990764961900899 0.99978951939873
o 5260 0.9998341327646891 1
o 5270 0.9998341327646891 1
o 5280 0 0.00016586723531085122
o 5290 0.008541708531705171 0.011664598314042984
o 5300 0.9828237609057203 0.9866519475375831
o 5310 0.6693796922582778 0.6839607501715179
o 5320 0.9998341327646891 1
o 5330 0 0.00016586723531085122
o 5340 0 0.00016586723531085122
o 5350 0.9995349878824064 0.9999681957182619
o 5360 0.9998341327646891 1
o 5370 0.013761030915125759 0.01764309524597607
o 5380 0 0.00016586723531085122
o 5390 0.9998341327646891 1
o 5400 0.9080627468786276 0.9168780278821361
o 5410 0.0002104806012700251 0.0009235038099101311
o 5420 0.9700311083728483 0.9751290075803772
o 5430 0.9923948979403604 0.9948771540820822
o 5440 0.9998341327646891 1
o 5450 0 0.00016586723531085122
o 5460 0.9832910283120618 0.9870645139909234
o 5470 0.9998341327646891 1
o 5480 0.9480075613880713 0.9547199331267832
o 5490 0.04911291341531512 0.05607823140070056
o 5500 0.8744806916019578 0.8846312470515614
o 5510 0.6095842928074315 0.6247362140218818
o 5520 0 0.00016586723531085122
o 5530 5.000625091698381e-09 0.00021515175808195508
o 5540 0.006978349114524755 0.00982867254617803
o 5550 0.6087412945017971 0.6238994954631305
o 5560 0.0008588524316941215 0.0020327070494118304
o 5570 0.9997427320109885 0.9999995494141014
o 5580 0.037942022676511415 0.04413310463020015
o 5590 0.00031816687187396863 0.0011351080949426606
o 5600 5.903205508420937e-06 0.0003321724075481258
o 5610 0.19968502859092868 0.21229411592036196
o 5620 0 0.00016586723531085122
o 5630 0 0.00016586723531085122
o 5640 0.22239620667007584 0.23549518901282473
o 5650 0.0024800260581462493 0.004289598789720572
o 5660 0.9950332974105176 0.9969974730832851
o 5670 4.028837972215593e-05 0.0004962394110719082
o 5680 0 0.00016586723531085122
o 5690 0.8832396935755669 0.8930693320427062
o 5700 0.9128911859065634 0.9214879844945765
o 5710 5.000625091698381e-09 0.00021515175808195508
o 5720 0.9998341327646891 1
o 5730 0 0.00016586723531085122
o 5740 0.07833629216483501 0.0869245986423971
o 5750 0.17736031065358426 0.1894264644221919
o 5760 0.9941837707771213 0.996327446879261
o 5770 0.9998341327646891 1
o 5780 0.9998341327646891 1
o 5790 0.9861685569028579 0.9895859457654106
o 5800 0.15130616574600736 0.16264953524389658
o 5810 0.9995668564461039 0.999976016692425
o 5820 0.2858014481405271 0.2999883731570918
o 5830 0 0.00016586723531085122
o 5840 0.3795273150525093 0.39471073548179314
o 5850 0 0.00016586723531085122
o 5860 0.28887916118461976 0.3031096147652389
o 5870 0.9859333615192634 0.9893812274035807
o 5880 0.9621541473094323 0.9678886210969633
o 5890 0.03028780524144763 0.03587008956039617
o 5900 0.771736873366369 0.7846893148067351
o 5910 0 0.00016586723531085122
o 5920 0.9998341327646891 1
o 5930 0 0.00016586723531085122
o 5940 0.003037581672469472 0.005011623000165555
o 5950 0.5303835716802816 0.5459235678595105
o 5960 0.0002499844844402703 0.001003705637588781
o 5970 0.9997427320109885 0.9999995494141014
o 5980 0.9998341327646891 1
o 5990 0.7959790817361343 0.8083990123129002
o 6000 0.4516398437142632 0.46717383907013
o 6010 0.00819115085826175 0.01125531257240997
o 6020 0.9856128669253832 0.9891018391136819
o 6030 0.20719940672238163 0.21997717252332494
o 6040 0 0.00016586723531085122
o 6050 0 0.00016586723531085122
o 6060 0.011420356976684438 0.014984719816685255
o 6070 0.00033210463993232117 0.0011610963483328351
o 6080 0.730197956221255 0.7439221183770421
o 6090 0.9995037605889281 0.9999597116202779
o 6100 0.9918473843023324 0.9944249042949562
o 6110 0.9998341327646891 1
o 6120 0.9998341327646891 1
o 6130 0.07063021661799058 0.07883336262808394
o 6140 0.999784848241918 0.9999999949993749
o 6150 5.000625091698381e-09 0.00021515175808195508
o 6160 0 0.00016586723531085122
o 6170 0.9993836603972324 0.9999207619417313
o 6180 0.18569373565009276 0.19797018934508503
o 6190 0.051651848250109246 0.058778397932425896
o 6200 0.8608086771944757 0.8714278105053248
o 6210 0 0.00016586723531085122
o 6220 0 0.00016586723531085122
o 6230 1.694642373683569e-05 0.00040050853982798174
o 6240 0.3033595562989459 0.31778430343882624
o 6250 0.4537169237250564 0.469256058061602
o 6260 0 0.00016586723531085122
o 6270 0 0.00016586723531085122
o 6280 0.00010097297528831012 0.0006742276410476311
o 6290 0.02254426357802511 0.027416486292846542
o 6300 0.09313611023686118 0.10239963816137443
o 6310 0.9998341327646891 1
o 6320 0.9998341327646891 1
o 6330 0.7138909041113222 0.7278746275577579
o 6340 0.919117031524421 0.9274200702546387
o 6350 0.9998341327646891 1
o 6360 0.9744703146583027 0.9791682924644183
o 6370 0.01074912168807155 0.014216234664241711
o 6380 0.0017785149718718824 0.003351749902930523
o 6390 0.9998341327646891 1
o 6400 0.15666656415267438 0.16816729834992428
o 6410 0.999784848241918 0.9999999949993749
o 6420 0.9974182533663415 0.9987708140525817
o 6430 0.5910638614938681 0.6063428674280738
o 6440 0 0.00016586723531085122
o 6450 0.9998341327646891 1
o 6460 0.004170928448500076 0.006437550953851345
o 6470 0.0059381722468306855 0.008589354930157445
o 6480 0.9991854194751913 0.9998401310800589
o 6490 0 0.00016586723531085122
o 6500 0.0009701459672754151 0.002201201746783621
o 6510 0 0.00016586723531085122
o 6520 0.021782694247910843 0.026578340905362707
o 6530 0.005195079267959601 0.007692830339095957
o 6540 0.9996678275924519 0.9999940967944916
o 6550 0.8966611796058043 0.9059633841474967
o 6560 0.9987614482791993 0.999625557902435
o 6570 7.923805826870094e-05 0.0006163396027676349
o 6580 0.05289307026846105 0.0600967372987774
o 6590 0.07343806712863528 0.08178453153341081
o 6600 0.9998341327646891 1
o 6610 0.9982597477012427 0.9993282676995614
o 6620 0.9998341327646891 1
o 6630 0.616188609025669 0.6312896798828205
o 6640 0 0.00016586723531085122
o 6650 0.7186467734997629 0.7325571663237698
o 6660 0.9895002333843872 0.9924530101907
o 6670 0.007033295104760647 0.009893700624378998
o 6680 0.9590390807034265 0.965004731298941
o 6690 0.9583129770905152 0.9643310778635309
o 6700 0.9655039838051968 0.9709776594401717
o 6710 0.6234771583218898 0.6385186834043535
o 6720 0.9997041638433971 0.9999976422569008
o 6730 0.9998341327646891 1
o 6740 0.09068972429063397 0.09984687251718594
o 6750 0.2671849254358187 0.2810912224288855
o 6760 0.9776866618110025 0.9820708414412599
o 6770 0.999442873695936 0.9999411111022777
o 6780 0.9998341327646891 1
o 6790 0 0.00016586723531085122
o 6800 0.9992130705901301 0.9998523473218889
o 6810 0.9988909714709572 0.9996956768430979
o 6820 0.9998341327646891 1
o 6830 0.027279619541950618 0.03259937597730489
o 6840 0.976234676317106 0.9807633266580484
o 6850 0.9829936278124762 0.9868020203051696
o 6860 0.9997427320109885 0.9999995494141014
o 6870 0.9345115511136285 0.9420204344306056
o 6880 0.045454159024596236 0.052178284541749886
o 6890 0.6905484243770499 0.704864924019954
o 6900 0.5696078879944374 0.5850060536314736
o 6910 0.9785928659490329 0.9828843240439431
o 6920 0 0.00016586723531085122
o 6930 0 0.00016586723531085122
o 6940 0.9998341327646891 1
o 6950 0.03728676553831721 0.043428597184243745
o 6960 0.0024281533253175482 0.004221513810959365
o 6970 0.9017465384355201 0.9108363352163189
o 6980 0 0.00016586723531085122
o 6990 0.9998341327646891 1
o 7000 0.36359207755618966 0.3786513661072579
o 7010 0.9998341327646891 1
o 7020 0.9998341327646891 1
o 7030 0.9225608568846834 0.9306951005980992
o 7040 0 0.00016586723531085122
o 7050 5.000625091698381e-09 0.00021515175808195508
o 7060 0.9845463300490603 0.9881687625696639
o 7070 0.1008138631961368 0.11039922612868514
o 7080 1.694642373683569e-05 0.00040050853982798174
o 7090 0.5083486400190093 0.5239259205963929
o 7100 0.26014320114676054 0.273935341361073
o 7110 0.1108935136007515 0.12087609209232875
o 7120 0.9496187648255017 0.956228192752981
o 7130 0.9998341327646891 1
o 7140 0.966108137566994 0.9715333023578046
o 7150 1.0851213888255374e-05 0.0003669346313138755
o 7160 0.8099862573285539 0.82206716347259
o 7170 0.9970894973736582 0.998539877255987
o 7180 0.9998341327646891 1
o 7190 0.11745015350675574 0.1276771900248065
o 7200 0.06336561995448024 0.07118050240087692
o 7210 0.3568421729796871 0.37184355610669373
o 7220 0.9945628341288062 0.9966281894626924
o 7230 0.9998341327646891 1
o 7240 0.00033210463993232117 0.0011610963483328351
o 7250 0.9997427320109885 0.9999995494141014
o 7260 0.06762934645536954 0.07567528217714392
o 7270 0.9672546387597302 0.9725864149381993
o 7280 0.9116632360818874 0.9203163423261498
o 7290 2.398330757498869e-05 0.00043314355389612036
o 7300 0.0058291367703854 0.008458445246825375
o 7310 0 0.00016586723531085122
o 7320 0.17426116842823317 0.18624666713408122
o 7330 0.5167725596360733 0.5323391633221459
o 7340 0.0005054279442954438 0.0014670477792010361
o 7350 0.9998341327646891 1
o 7360 0.017077866135907446 0.021364958478995555
o 7370 0 0.00016586723531085122
o 7380 0.998532952220799 0.9994945720557045
o 7390 4.5058589854506926e-07 0.0002572679890114893
o 7400 0.8996833473964202 0.9088602119224068
o 7410 0.003055118545361456 0.005034073772220871
o 7420 0 0.00016586723531085122
o 7430 0.5572022786422958 0.5726558354342464
o 7440 0.597924925569861 0.6131594979099084
o 7450 0.9998341327646891 1
o 7460 0.9998341327646891 1
o 7470 0.005956353928336546 0.00861116414255847
o 7480 0.004170928448500076 0.006437550953851345
o 7490 0.8039932421120723 0.8162221778287687
o 7500 0.9998341327646891 1
o 7510 0.9897597892642745 0.9926733523329196
o 7520 0.6645929356903525 0.6792291115455016
o 7530 0.2385959909473207 0.2520098849342346
o 7540 0.9998341327646891 1
o 7550 0.9998341327646891 1
o 7560 0.4484645709183136 0.4639901835865087
o 7570 0.9995668564461039 0.999976016692425
o 7580 0.9944958307170675 0.9965752277626637
o 7590 0.035341685298159155 0.04133437772861692
o 7600 0.00036024598323412533 0.00121281458400746
o 7610 0.8861545654335667 0.8958734909829938
o 7620 0.0002499844844402703 0.001003705637588781
o 7630 0.9998341327646891 1
o 7640 0.9957104012102794 0.9975199739418538
o 7650 0.0015935532185476836 0.003096913671020274
o 7660 0.17372826263658753 0.18569975531098515
o 7670 0.7487771863682363 0.7621766746068879
o 7680 0.03765290983238882 0.043822321314735846
o 7690 0.9998341327646891 1
o 7700 0.9998341327646891 1
o 7710 0.07607196133452084 0.08454971855800797
o 7720 0.6963467253894399 0.7105846807511684
o 7730 0.002549304511062255 0.004380264826709945
o 7740 0.6125751227031859 0.6277043796629533
o 7750 0 0.00016586723531085122
o 7760 0.03128567928123534 0.03695185226374631
o 7770 0.9998341327646891 1
o 7780 0 0.00016586723531085122
o 7790 0.9842268712515203 0.9878883363076274
o 7800 0.9997427320109885 0.9999995494141014
o 7810 0.9998341327646891 1
o 7820 0.26248358203451033 0.2763141644903434
o 7830 0 0.00016586723531085122
o 7840 0.9998341327646891 1
o 7850 0.007638878896105506 0.010607835279892841
o 7860 0.2386752403788178 0.25209060851380416
o 7870 0.9998341327646891 1
o 7880 0.7118558476116384 0.7258703652941437
o 7890 0.9978227858521463 0.9990458375033571
o 7900 0 0.00016586723531085122
o 7910 0 0.00016586723531085122
o 7920 0.02651440218147335 0.031764874858278724
o 7930 5.000625091698381e-09 0.00021515175808195508
o 7940 5.903205508420937e-06 0.0003321724075481258
o 7950 0.999784848241918 0.9999999949993749
o 7960 0.9954387769278694 0.997311761961519
o 7970 0.915532192249841 0.9240061006417922
o 7980 0.4504615607084969 0.46599251975798284
o 7990 0.9309761900824598 0.9386769707351159
o 8000 0.9979914799067023 0.9991569284568658
o 8010 0.0005954213588024984 0.001616771460508759
o 8020 0.7642220481463065 0.7773266506518177
o 8030 0.10724448392733914 0.11708638202698374
o 8040 0.5828205917901838 0.5981489076574412
o 8050 0.6384615865293396 0.6533692258052889
o 8060 0.9441692298307549 0.9511195429754062
o 8070 0.9982106455758747 0.9992974473203111
o 8080 0.3135942442501055 0.3281461427106952
o 8090 0.5151916554595009 0.5307605999815905
o 8100 5.000625091698381e-09 0.00021515175808195508
o 8110 0 0.00016586723531085122
o 8120 0.01074912168807155 0.014216234664241711
o 8130 0.9969263355699712 0.9984231783076815
o 8140 5.000625091698381e-09 0.00021515175808195508
o 8150 0.9998341327646891 1
o 8160 0.9959832026584181 0.9977269996889246
o 8170 0.8413482743830236 0.8525746928495221
o 8180 0.023268364594217637 0.028212114935860844
o 8190 0.053785520139421644 0.061043972328384655
o 8200 0 0.00016586723531085122
o 8210 0.9998341327646891 1
o 8220 0.8288516369744277 0.8404354939759454
o 8230 0.9998341327646891 1
o 8240 0.9998341327646891 1
o 8250 0.9866179715714114 0.9899763655044277
o 8260 0.9995349878824064 0.9999681957182619
o 8270 0.9989171466500022 0.9997094220119266
o 8280 0 0.00016586723531085122
o 8290 4.5058589854506926e-07 0.0002572679890114893
o 8300 0.0001238396693464139 0.0007310322321077978
o 8310 0.020679654304572206 0.025361795932168252
o 8320 0.0974635750680259 0.10691067393871945
o 8330 0.9998341327646891 1
o 8340 0.7225569894742893 0.736405641749498
o 8350 0.9998341327646891 1
o 8360 0.999297246851899 0.9998877222821806
o 8370 0.18498264682327256 0.1972415212850711
o 8380 0.9987102018538886 0.9995969315746592
o 8390 0.9936509981065429 0.9959004803202396
o 8400 0.04603455701779328 0.0527976802034017
o 8410 0.06492261605618332 0.07282296044120784
o 8420 0 0.00016586723531085122
o 8430 0.9995037605889281 0.9999597116202779
o 8440 0.701723443681002 0.7158861617562835
o 8450 2.357743099213211e-06 0.0002958361566028911
o 8460 0.9998341327646891 1
o 8470 0.999784848241918 0.9999999949993749
o 8480 0.6645326038790554 0.6791694635851835
o 8490 0.16135879981553092 0.17299345428662005
o 8500 0.7726259202864483 0.7855599709125936
o 8510 0.9998341327646891 1
o 8520 0.02653352629954357 0.031785743696231994
o 8530 0.0011638875009322325 0.0024871414296815386
o 8540 0.6005333406820662 0.6157502064495688
o 8550 0.9998341327646891 1
o 8560 0.9998341327646891 1
o 8570 0.976529077157677 0.9810288246958291
o 8580 0 0.00016586723531085122
o 8590 0.9874111697251932 0.9906628723383262
o 8600 0.7247542591369772 0.7385676368225702
o 8610 0.952885596208399 0.9592802718915597
o 8620 0.007951640313225533 0.01097493121747617
o 8630 0.9906053334597175 0.9933874704093597
o 8640 0.9998341327646891 1
o 8650 0.0764427726545089 0.08493877796822402
o 8660 0.06671391982750585 0.07471102922926476
o 8670 0.1776959265343695 0.18977073371662978
o 8680 1.0851213888255374e-05 0.0003669346313138755
o 8690 0.9898463692657422 0.9927467381495034
o 8700 0.9995349878824064 0.9999681957182619
o 8710 0.8016452491795959 0.8139309541334557
o 8720 0 0.00016586723531085122
o 8730 0.0004030684253407234 0.0012897981461114094
o 8740 0.024279239093801887 0.029320864395026347
o 8750 0.9993545677321735 0.9999100498624319
o 8760 0.999784848241918 0.9999999949993749
o 8770 0.0006258130375729788 0.0016662938348318557
o 8780 0.9910184629177633 0.9937341724089743
o 8790 0.00572019663560183 0.008327440581421652
o 8800 0.9998341327646891 1
o 8810 0 0.00016586723531085122
o 8820 0.9997427320109885 0.9999995494141014
o 8830 0.9998341327646891 1
o 8840 0 0.00016586723531085122
o 8850 0.9648376135711156 0.9703642537819694
o 8860 0.9991579479265237 0.999827728109528
o 8870 0.999784848241918 0.9999999949993749
o 8880 0.9975128585703185 0.9988361124990678
o 8890 0.9998341327646891 1
o 8900 0.011943381196705263 0.015581480155023253
o 8910 0.15416343953542014 0.16559128133508216
o 8920 0.9998341327646891 1
o 8930 0.996833423718342 0.9983561661753741
o 8940 2.357743099213211e-06 0.0002958361566028911
o 8950 0.9997427320109885 0.9999995494141014
o 8960 0.9998341327646891 1
o 8970 0.9320035849212176 0.9396492343858168
o 8980 0.9998341327646891 1
o 8990 0.9998341327646891 1
o 9000 0.9998341327646891 1
o 9010 0.6180959054732488 0.6331817429937453
o 9020 0.9113562898720171 0.9200233905247174
o 9030 0.8758652594807873 0.8859662186318639
o 9040 0 0.00016586723531085122
o 9050 0 0.00016586723531085122
o 9060 0.03904105768257411 0.04531367530134278
o 9070 0.7579821050078005 0.771208679028304
o 9080 0.1922530949669929 0.2046885881617756
o 9090 0.25966722203910614 0.2734514823657037
o 9100 0 0.00016586723531085122
o 9110 0.9998341327646891 1
o 9120 0.1195713360793887 0.129875276198557
o 9130 0.41692895395304724 0.43233645057410497
o 9140 0.7765665251496161 0.7894180498651837
o 9150 0.9997427320109885 0.9999995494141014
o 9160 0.9930986175276119 0.9954531192790149
o 9170 3.180428173812004e-05 0.0004650121175936439
o 9180 0.9998341327646891 1
o 9190 0.9365890734752982 0.9439822212723754
o 9200 0.9998341327646891 1
o 9210 0.5404153995657911 0.5559283630403478
o 9220 0.9998341327646891 1
o 9230 0.0035662380683261184 0.0056826117893880035
o 9240 0.9976078010658749 0.9989010690693881
o 9250 2.357743099213211e-06 0.0002958361566028911
o 9260 0.9972769311337085 0.9986722731996572
o 9270 0.9961429349554335 0.9978471617053387
o 9280 0.3284466977158403 0.3431686523784362
o 9290 0 0.00016586723531085122
o 9300 0.8721396166171267 0.8823731007931356
o 9310 0.011793864195063309 0.01541105854554048
o 9320 0.9997427320109885 0.9999995494141014
o 9330 0.7784259747432459 0.7912379792739834
o 9340 0.9996678275924519 0.9999940967944916
o 9350 0.9895650968385413 0.992508121320026
o 9360 6.887077827747213e-05 0.0005869172185136717
o 9370 0.00395690767021137 0.006171699293902377
o 9380 0.9688613442949057 0.9740591671990143
o 9390 0.9998341327646891 1
o 9400 0.8005118581874144 0.8128247232909473
o 9410 0.9998341327646891 1
o 9420 0.9864252989025472 0.9898091092947893
o 9430 0.999784848241918 0.9999999949993749
o 9440 0.9998341327646891 1
o 9450 0.12776608798620936 0.13835770175635542
o 9460 0.004421372617766747 0.006746961728259393
o 9470 0.9998341327646891 1
o 9480 0.016907751991272438 0.021175138402432236
o 9490 0.9963490151246003 0.9980009395209813
o 9500 0.8078600927272104 0.8199940372602714
o 9510 0.896191635171247 0.9055130846455248
o 9520 0.9380296382145068 0.9453411774468792
o 9530 0.9998341327646891 1
o 9540 0.999297246851899 0.9998877222821806
o 9550 0.925247934594904 0.9332471299849838
o 9560 0 0.00016586723531085122
o 9570 0.9998341327646891 1
o 9580 0.8339624432405963 0.8454029845879234
o 9590 0.9997427320109885 0.9999995494141014
o 9600 0.9989171466500022 0.9997094220119266
o 9610 0.4424344269326741 0.45794236317618464
o 9620 0.3074330652771394 0.3219094120681718
o 9630 0.9948986110824958 0.9968922334240068
o 9640 0.0005501918341939858 0.0015421373722853682
o 9650 0.9998341327646891 1
o 9660 0.999784848241918 0.9999999949993749
o 9670 0.7498064784646292 0.7631870383962772
o 9680 0.9972299702688214 0.9986392778683405
o 9690 0.03330273788607788 0.03913406186174517
o 9700 0.9997427320109885 0.9999995494141014
o 9710 3.180428173812004e-05 0.0004650121175936439
o 9720 0.15382841411406684 0.16524642166180348
o 9730 0.9998341327646891 1
o 9740 0 0.00016586723531085122
o 9750 0.433930290795158 0.44940937075237986
o 9760 0.9730444103104583 0.9778746830075107
o 9770 4.5058589854506926e-07 0.0002572679890114893
o 9780 0 0.00016586723531085122
o 9790 0.4329722226163741 0.44844776247550544
o 9800 0.9998341327646891 1
o 9810 0.7807303389231017 0.7934928455709362
o 9820 0.15292192075992336 0.16431322594313724
o 9830 0.06291810012737489 0.07070817920854888
o 9840 0 0.00016586723531085122
o 9850 0 0.00016586723531085122
o 9860 0.09963814128737823 0.10917535489811958
o 9870 0.8352810285132098 0.8466839599706836
o 9880 0.9921537632295945 0.9946783938198263
o 9890 0.9994130827814863 0.9999311292217226
o 9900 0.015284827869916525 0.019358694979658142
o 9910 0.008689483652417708 0.011836757730588232
o 9920 0.9998341327646891 1
o 9930 0 0.00016586723531085122
o 9940 5.903205508420937e-06 0.0003321724075481258
o 9950 0.031823290425684714 0.03753404575919417
o 9960 0 0.00016586723531085122
o 9970 0 0.00016586723531085122
o 9980 0.9998341327646891 1
o 9990 0.9998341327646891 1
