
x disttype general-gaussian
x k 75260
x std 1.0
x N 50000
x alpha 0.0005

o 0 0.0315810346981563 0.05387390684096249
o 50 0 0.0020713641682286897
o 100 0.9091058451964222 0.9178745829631816
o 150 0.5276408869236574 0.5431871760437772
o 200 0 0.0020713641682286897
o 250 0.6020984982321224 0.6173045230876578
o 300 0.7218918027209521 0.7357510511028647
o 350 0.32077088845450236 0.33540706430964873
o 400 0.7208638247600617 0.734739373079434
o 450 0.9872395125402215 0.9905145936873929
o 500 0.9838012650761434 0.98751409506781
o 550 0.9281008453636679 0.9359532711242765
o 600 0 0.0020713641682286897
o 650 0.9815726186190533 0.9855435318429333
o 700 0.9786350415210044 0.9829221338640927
o 750 0.12154937042182251 0.15997694062743562
o 800 0.857576476474798 0.8683010870456277
o 850 0.6767827633750886 0.6912751975922021
o 900 0.01196198656025287 0.027105719794108585
o 950 0.9995668564461039 0.999976016692425
o 1000 0.8605037104726876 0.8711328787273387
o 1050 0.9739877950142274 0.9787309768234405
o 1100 0 0.0020713641682286897
o 1150 0.0021562252310628775 0.0105001045606814
o 1200 0.9851005979014986 0.9886542943910852
o 1250 0.999297246851899 0.9998877222821806
o 1300 0.6962661842035275 0.7105052489134223
o 1350 0.9954839710957356 0.9973465410699824
o 1400 0.006892892276001169 0.019212088055161836
o 1450 0.9982351769925596 0.9993128775364343
o 1500 0.881996598199102 0.8918728407831303
o 1550 0.18832638677787286 0.23340048525940227
o 1600 0 0.0020713641682286897
o 1650 0.001549745385653557 0.009117358764871297
o 1700 0.0002119315321278825 0.004998286201970181
o 1750 0.8091965048111742 0.821297179406277
o 1800 0 0.0020713641682286897
o 1850 0.6733223735534107 0.6878567472405407
o 1900 7.381303257416497e-05 0.0041461380378710055
o 1950 0.9985580909074143 0.9995093820155696
o 2000 0.0020008968191498324 0.010157982346741812
o 2050 0.9978468002059815 0.9990617938017794
o 2100 0 0.0020713641682286897
o 2150 0 0.0020713641682286897
o 2200 0.9092694849347522 0.9180308888510165
o 2250 0.7898698783735141 0.8024302547268304
o 2300 0.01096403153110673 0.025610439608071855
o 2350 0 0.0020713641682286897
o 2400 0.0001356941374873465 0.004579646877598709
o 2450 0.9097808881635496 0.9185193156951451
o 2500 0.0034673555456151933 0.013171012725498032
o 2550 0.19216324509004112 0.23754662766861467
o 2600 0 0.0020713641682286897
o 2650 0.6087212234047384 0.6238795733015821
o 2700 0 0.0020713641682286897
o 2750 0.1591826167791425 0.20167402143544555
o 2800 0.9949210433152184 0.9969097889562678
o 2850 0.001697465373872955 0.009466791134274843
o 2900 0.01748369527515262 0.035049359147673376
o 2950 6.250781184823253e-08 0.0026863809835053765
o 3000 0.0014049892560813165 0.008765083991891576
o 3050 0.9275875957207274 0.9354666913404167
o 3100 0.018317272908324748 0.03621084255654816
o 3150 0.37924837369246656 0.3944297712193916
o 3200 0.9627362332441796 0.9684263398882597
o 3250 0.02509323811031237 0.0453964846312267
o 3300 0 0.0020713641682286897
o 3350 0.10864475727141608 0.14544046625116402
o 3400 0 0.0020713641682286897
o 3450 6.250781184823253e-08 0.0026863809835053765
o 3500 0.9995668564461039 0.999976016692425
o 3550 0.9867464766032598 0.9900878129255956
o 3600 0.989132985014869 0.9921404016557241
o 3650 0.0001356941374873465 0.004579646877598709
o 3700 0.195283038661759 0.24091302498527367
o 3750 0.024664875642555206 0.04482720022151365
o 3800 0.2193482216617852 0.26674169242529766
o 3850 0.7896069486947334 0.8021732721739896
o 3900 0.6327360495063659 0.6476966842775329
o 3950 0.8271890161553593 0.83881866892512
o 4000 0.9977748368846215 0.9990138439272586
o 4050 0.4914074488959582 0.5069928207139165
o 4100 0.6994880361392569 0.7136823179134238
o 4150 0.9843333328797907 0.9879818364150864
o 4200 0.27069669876948715 0.2846582552024891
o 4250 0.9937396147950882 0.9959718211155568
o 4300 0.2935659813365249 0.3078612030306167
o 4350 0.9772234304429673 0.9816542325152711
o 4400 0.17803112372081206 0.2222414541544787
o 4450 0.98874468742759 0.9918088491417385
o 4500 0.9514584117309268 0.9579479324749443
o 4550 2.9478169837018796e-05 0.0036929403504111225
o 4600 0.326955110469026 0.3416607453175655
o 4650 0.015415719738673731 0.03212986994440459
o 4700 0.9248581093204729 0.9328770848004478
o 4750 0.9736313018836821 0.9784075915213216
o 4800 0.9998341327646891 1
o 4850 0.9117041634819001 0.9203554013272401
o 4900 0.18305602527259196 0.2276942273109338
o 4950 0.9946746164213873 0.9967163483612492
o 5000 0.9993545677321735 0.9999100498624319
o 5050 0.9749320820378433 0.9795863672600372
o 5100 0.26932763746016986 0.2832677819233568
o 5150 0.7752124792546974 0.7880925479966985
o 5200 0.01644672774551433 0.03359255831614272
o 5250 0.1579927381166752 0.20036922482400055
o 5300 0.9614891474716973 0.9672738439142495
o 5350 0.4197618641146828 0.4351825832385101
o 5400 0 0.0020713641682286897
o 5450 0.027027744136046798 0.04795144878045354
o 5500 0.9527200820543316 0.9591258412732574
o 5550 0.9682768638020004 0.9735238450693937
o 5600 0.5369910071112183 0.5525139081046997
o 5650 0.8662996204116213 0.8767350399937216
o 5700 0 0.0020713641682286897
o 5750 0.046838981772091025 0.07303830175850523
o 5800 0.9835035634224755 0.9872519031011352
o 5850 0 0.0020713641682286897
o 5900 0.8374316259400935 0.8487726460307803
o 5950 0.0029630738907729026 0.012181603848747558
o 6000 0 0.0020713641682286897
o 6050 0.6328766629827481 0.6478360236082419
o 6100 0.93025716815197 0.9379962316587848
o 6150 0.011162882316064705 0.025910224266911586
o 6200 6.250781184823253e-08 0.0026863809835053765
o 6250 0.04148832913985825 0.06641570312122447
o 6300 0.017275846163830016 0.03475844923536786
o 6350 0.9989962943624112 0.9997500155155598
o 6400 0.991476088187719 0.9941163572591979
o 6450 0.9997427320109885 0.9999995494141014
o 6500 0.6623406396989996 0.6770021627259862
o 6550 0.2745662299053912 0.28858740880212796
o 6600 0.8698601735319814 0.880173302204415
o 6650 0.939470796442786 0.9466995398554614
o 6700 0.01894466235111654 0.03707977355811087
o 6750 0.5744993391735786 0.5898729577138299
o 6800 0.999442873695936 0.9999411111022777
o 6850 0.0011254779614789693 0.00805095465353356
o 6900 0.930750198174311 0.938463037761008
o 6950 0.9950557671449217 0.9970149908693551
o 7000 0.9959148847383061 0.9976753617509324
o 7050 0.9812126244812495 0.98522365247794
o 7100 0 0.0020713641682286897
o 7150 0.8982333598500372 0.9074706813698602
o 7200 0.012766667437473081 0.02829572310762063
o 7250 0.0072704566109117125 0.019831421084042122
o 7300 0 0.0020713641682286897
o 7350 0.7533589399873329 0.7666733893096354
o 7400 0.9982597477012427 0.9993282676995614
o 7450 0.40133267392283967 0.4166580018923882
o 7500 0.0034673555456151933 0.013171012725498032
o 7550 0.9631937278669772 0.968848691722365
o 7600 0.9784663536538803 0.9827708801419559
o 7650 0.00670508491863416 0.01890146760981537
o 7700 0.12437346551140309 0.16314001011462942
o 7750 0.008417453289398746 0.02167540919288291
o 7800 0.9883569286283966 0.99147675632411
o 7850 0.9306680223953884 0.9383852408541681
o 7900 0.5656792464434378 0.581096016355412
o 7950 0.06059813672334704 0.08971195767802687
o 8000 0.6955815946682541 0.7098300677467146
o 8050 0.457611814896833 0.4731598525222457
o 8100 0.6936890039067042 0.7079632924441432
o 8150 0.043712806482959075 0.06918005322945564
o 8200 0.06105256895901871 0.090255337257659
o 8250 0 0.0020713641682286897
o 8300 0.026381692746174308 0.04710099982143978
o 8350 0.14753865365072785 0.18887019328158228
o 8400 0 0.0020713641682286897
o 8450 0.4424144614811149 0.4579223353681767
o 8500 7.381303257416497e-05 0.0041461380378710055
o 8550 0.15442540819066175 0.19645253247676264
o 8600 0.17898779572178072 0.2232805291294706
o 8650 6.250781184823253e-08 0.0026863809835053765
o 8700 0.2934269524861916 0.3077202790881989
o 8750 0.15204914236247324 0.19383945318532914
o 8800 0.8147256344102658 0.8266862057851954
o 8850 0.36554367380801595 0.3806191091826129
o 8900 0.9307296540750062 0.9384435886889335
o 8950 0.9967638850029287 0.998305760365681
o 9000 0.00468932273717744 0.01543569225756769
o 9050 0.7057114361042374 0.7198168339345593
o 9100 0.001263463787865113 0.00840971372163124
o 9150 0 0.0020713641682286897
o 9200 6.250781184823253e-08 0.0026863809835053765
o 9250 0.6940916707684676 0.7083604907031008
o 9300 0.015005091288335756 0.03154304209009595
o 9350 0.8337393112528032 0.8451861909243308
o 9400 0.16752221470927556 0.2107971659786091
o 9450 0 0.0020713641682286897
o 9500 0.997323963754113 0.9987051958885018
o 9550 0.6970716078330668 0.7112995555200832
o 9600 0 0.0020713641682286897
o 9650 0.0020008968191498324 0.010157982346741812
o 9700 5.632956977929134e-06 0.003211834795377788
o 9750 0.02020479072619822 0.03881234374794573
o 9800 0 0.0020713641682286897
o 9850 0.004334491639778464 0.014794176509792645
o 9900 0.11473685024811185 0.1523205056023179
o 9950 0.6438667500809714 0.6587222486352928
o 10000 0.7393342718896082 0.7529027466504715
o 10050 0.2850072638761498 0.2991828271924143
o 10100 0.732819468320375 0.7464997292922335
o 10150 0.7112514091010108 0.7252750061501632
o 10200 0.758103250247503 0.7713274933001638
o 10250 0.24828652081706798 0.2618760558504468
o 10300 0.1773137609071506 0.22146200692220375
o 10350 0.9595371380130866 0.9654665072793726
o 10400 0.1286149876902182 0.16787924558502387
o 10450 0.0009913927362594883 0.00768846370096099
o 10500 0.7782036392895275 0.7910203889784182
o 10550 0.9645669833587752 0.9701149749671111
o 10600 0.0001356941374873465 0.004579646877598709
o 10650 0.010765566517950766 0.025310275367285473
o 10700 0.17803112372081206 0.2222414541544787
o 10750 0.3406410295905259 0.3554901874424419
o 10800 0.39024862325866994 0.4055058005355894
o 10850 0.9822508566571856 0.986145054673059
o 10900 0.9991854194751913 0.9998401310800589
o 10950 0.6762194129782302 0.6907187367995564
o 11000 0.8085080356738628 0.8206258781844876
o 11050 0.9855487986349326 0.9890459307602811
o 11100 0.007081356017376725 0.019522066249046954
o 11150 0.5505705960533822 0.5660497491396022
o 11200 0 0.0020713641682286897
o 11250 0.8257495929058064 0.8374185719472309
o 11300 0.778143002818271 0.7909610456998246
o 11350 0.750331235306271 0.7637021061222631
o 11400 0.20754188321425387 0.2541000286873515
o 11450 0.9910837712416973 0.9937888372015838
o 11500 0.7534800574888185 0.7667922313221263
o 11550 6.250781184823253e-08 0.0026863809835053765
o 11600 0.32377333676819864 0.3384435978411323
o 11650 0.008610537935771684 0.02198085951972173
o 11700 0.004511386106804429 0.01511544127714537
o 11750 0.4944270067541248 0.5100122450784174
o 11800 0.003810529284102356 0.013823850644495872
o 11850 0.28746932103272976 0.30167993375099345
o 11900 0.11286073378417846 0.15020519307237967
o 11950 0.9998341327646891 1
o 12000 6.250781184823253e-08 0.0026863809835053765
o 12050 0.9157574533872305 0.9242207646586029
o 12100 0.009779330690053581 0.023803465552905356
o 12150 0.8044790769401525 0.8166961809185845
o 12200 0.9745122842484625 0.9792063085377084
o 12250 0.5935312584670617 0.6087946413090872
o 12300 0.013779735679159286 0.02977611419085635
o 12350 0.9969263355699712 0.9984231783076815
o 12400 0.8930077040617257 0.9024580740632296
o 12450 0.0486312074270732 0.07523720604636008
o 12500 6.250781184823253e-08 0.0026863809835053765
o 12550 0.9990764961900899 0.99978951939873
o 12600 0.26004403797818165 0.273834538258127
o 12650 0.38337298953026083 0.3985837599495746
o 12700 0.34778509287649884 0.36270370375356753
o 12750 0.2769874987016687 0.2910453171436347
o 12800 0.9986085425177087 0.999538823531834
o 12850 0.2147670686706234 0.261843004564844
o 12900 0.3101159771238069 0.3246255898836965
o 12950 0.15395002876280206 0.19593004268076786
o 13000 0.9851645973439471 0.9887102717397279
o 13050 0.003297792448364081 0.012842632138303833
o 13100 0.9734216590946372 0.9782173057520893
o 13150 0.971662312029077 0.9766172510691581
o 13200 0.8160423941165488 0.8279690069879162
o 13250 6.250781184823253e-08 0.0026863809835053765
o 13300 0.8102292662833707 0.8223040734656324
o 13350 0.9717669552446359 0.9767125723310618
o 13400 0.8746028509112624 0.8847490471080588
o 13450 6.250781184823253e-08 0.0026863809835053765
o 13500 0.9336685288726863 0.9412237369486193
o 13550 0.007650494951945984 0.02044833171916527
o 13600 0 0.0020713641682286897
o 13650 0.9465211436408779 0.953326846029428
o 13700 0.9501973866270289 0.956769378065501
o 13750 0.9419840103221626 0.9490654898009928
o 13800 0.9715576785760975 0.976521920034169
o 13850 0.9700520070383564 0.9751481018416543
o 13900 0.8705724408881634 0.880860797883182
o 13950 0.8711829980331398 0.8814500376168207
o 14000 0.8778814071522368 0.8879094003861332
o 14050 0 0.0020713641682286897
o 14100 0.1288508129154882 0.1681423517034627
o 14150 0.6009948530278656 0.616208539056925
o 14200 0.9998341327646891 1
o 14250 0.3127196642550404 0.32726101940102226
o 14300 0.994764143998584 0.996786773113775
o 14350 0.4383018481709366 0.45379633721076307
o 14400 0.678412524039538 0.6928848907223448
o 14450 0.921761181951418 0.9299350412487365
o 14500 0.9927463231219569 0.9951655732255644
o 14550 0.6463386021258317 0.6611695673015234
o 14600 6.250781184823253e-08 0.0026863809835053765
o 14650 0.8024346221543143 0.8147013177881333
o 14700 0.987948180740529 0.9911256593378218
o 14750 0.03530213490202015 0.05863343277186528
o 14800 0.5803941633324299 0.5957361517591993
o 14850 0 0.0020713641682286897
o 14900 0.000503951780243514 0.006191718166968396
o 14950 0.2147670686706234 0.261843004564844
o 15000 0.8784720823530136 0.8884785287358238
o 15050 0.997371070376275 0.9987380436441108
o 15100 0.3661610430134789 0.38124153098968605
o 15150 0 0.0020713641682286897
o 15200 0.001697465373872955 0.009466791134274843
o 15250 0.1589446106191683 0.2014130924943499
o 15300 0.13309891368149201 0.1728750213371969
o 15350 0.3778537065264983 0.393024910274103
o 15400 0.1525242688341396 0.19436219553622436
o 15450 0.9981128936006963 0.9992353457234481
o 15500 0.8144622964841081 0.8264296315277845
o 15550 0 0.0020713641682286897
o 15600 0.014800173879556391 0.03124923644853861
o 15650 0.006517954505631833 0.018590185035369355
o 15700 0.16561443611593085 0.2087134582632767
o 15750 0.0913963416419477 0.1257684173143374
o 15800 0.8661368830307349 0.8765778315248135
o 15850 0.9982843587370567 0.9993436167432374
o 15900 0.10887878220163216 0.14570536883437335
o 15950 0.6217703103569963 0.6368261044061718
o 16000 0.9907139714723477 0.9934787883212625
o 16050 0.8671743795059066 0.8775799898329422
o 16100 0.31856400923249967 0.3331746919865757
o 16150 0.25786256229990406 0.27161675597098656
o 16200 0.999784848241918 0.9999999949993749
o 16250 0.14256031070708347 0.18337093085599987
o 16300 0.786755429885223 0.7993857429051529
o 16350 0.9998341327646891 1
o 16400 0.9984329360206239 0.9994347812916474
o 16450 0.00746017548263115 0.020140170534743485
o 16500 0.2703792279158912 0.284335833977053
o 16550 0.10140191044009578 0.13721658856639252
o 16600 0 0.0020713641682286897
o 16650 0.8917426770393782 0.9012435215978312
o 16700 0.45289805864175886 0.46843519949957657
o 16750 0.8680492161010367 0.8784248621561489
o 16800 0.10700724204591751 0.14358549042334756
o 16850 0.3657029936278481 0.38077973543044996
o 16900 0 0.0020713641682286897
o 16950 0.7601426389683921 0.7733274230146624
o 17000 0.9986085425177087 0.999538823531834
o 17050 0.40938909549537705 0.4247588570257075
o 17100 0.31764950120627183 0.3322495101859444
o 17150 0.000503951780243514 0.006191718166968396
o 17200 0.35855438696521896 0.37357076233324193
o 17250 6.250781184823253e-08 0.0026863809835053765
o 17300 0.4958268981024128 0.5114118819127484
o 17350 0.1323904743638983 0.1720866647882876
o 17400 0.6144821853643488 0.6295966765675332
o 17450 0.000503951780243514 0.006191718166968396
o 17500 0.9971596588721757 0.9985896533979276
o 17550 0.9726463514202194 0.9775128773388019
o 17600 0.4898277933380614 0.5054130087513223
o 17650 0.12272572165524565 0.1612952405769854
o 17700 0.6908503861296094 0.7051628611101175
o 17750 0.48289022668807613 0.4984729142680824
o 17800 0.031145209600479055 0.05331202501786936
o 17850 0.26097618949039303 0.2747820696994123
o 17900 0.2983927567258306 0.3127527889033276
o 17950 0.8958854271799835 0.9052193944129425
o 18000 0.6050885773755721 0.6202734395026589
o 18050 6.250781184823253e-08 0.0026863809835053765
o 18100 0.9996678275924519 0.9999940967944916
o 18150 0.8569667366735413 0.8677110298120495
o 18200 0.8185141689118901 0.8303764080112626
o 18250 0.01665365886400684 0.033884375389683585
o 18300 0.7719995419376227 0.784946558493589
o 18350 0.536930933341957 0.55245400209519
o 18400 0.6198226175404329 0.6348944511550187
o 18450 0.018317272908324748 0.03621084255654816
o 18500 0.9867464766032598 0.9900878129255956
o 18550 0.8699822727510134 0.8802911623636002
o 18600 0.20922684625373797 0.25590763566631114
o 18650 0.7565687980007166 0.7698224583954796
o 18700 0.0204154757887469 0.03910044874183016
o 18750 0.9782766254211627 0.982600674021567
o 18800 0.8102900191248706 0.8223633003609785
o 18850 0.8010785437422179 0.8133778486546219
o 18900 0.024878985001600257 0.04511191366835676
o 18950 0.9821872374931117 0.9860886963149671
o 19000 0.708068286203695 0.722139194717079
o 19050 6.250781184823253e-08 0.0026863809835053765
o 19100 0.948523866853983 0.9552034556264672
o 19150 0.15870661964806027 0.20115214838744677
o 19200 0.11473685024811185 0.1523205056023179
o 19250 0.17110176630563373 0.21470165470839764
o 19300 0.16966956287723275 0.21314024146906252
o 19350 0.9995349878824064 0.9999681957182619
o 19400 0.8565805858653013 0.8673373091617023
o 19450 0 0.0020713641682286897
o 19500 0.03993570185289925 0.06447617710557563
o 19550 0 0.0020713641682286897
o 19600 0 0.0020713641682286897
o 19650 0.6517854883258926 0.666560853937707
o 19700 0 0.0020713641682286897
o 19750 0 0.0020713641682286897
o 19800 0.9998341327646891 1
o 19850 0 0.0020713641682286897
o 19900 0.8676016155610027 0.8779926116235912
o 19950 0.9991854194751913 0.9998401310800589
o 20000 0.3940558139078708 0.4093373223501766
o 20050 0 0.0020713641682286897
o 20100 0 0.0020713641682286897
o 20150 0.019363930124675806 0.037658063733168934
o 20200 0.9041782521741946 0.9131638133815847
o 20250 0.043935654699112654 0.0694560899985871
o 20300 0.6896425608010376 0.7039710910667549
o 20350 0.9811914550613007 0.9852048293278227
o 20400 0 0.0020713641682286897
o 20450 0.6708883020070958 0.685451634698074
o 20500 0.012564997929673692 0.02799871421198541
o 20550 0.6625618390149087 0.6772208892400727
o 20600 0.672417114145758 0.6869623100875066
o 20650 0.0048682594885886095 0.015754969810489183
o 20700 0.9422107072761334 0.9492787174069205
o 20750 0 0.0020713641682286897
o 20800 0.9982843587370567 0.9993436167432374
o 20850 0.06014389485472401 0.08916838851576614
o 20900 6.250781184823253e-08 0.0026863809835053765
o 20950 0.04505095140873906 0.07083522398088082
o 21000 5.632956977929134e-06 0.003211834795377788
o 21050 0.08190574594663105 0.11480325942077774
o 21100 0.004511386106804429 0.01511544127714537
o 21150 0.4383816996250403 0.4538764587948012
o 21200 0.5034473767392085 0.5190288352401478
o 21250 0.9997041638433971 0.9999976422569008
o 21300 0.9797535982096433 0.983923188739743
o 21350 0.07614548054499701 0.1080905860040079
o 21400 0.8581049454956259 0.8688124421166034
o 21450 0.9995668564461039 0.999976016692425
o 21500 0.4252289158196847 0.4406736846048148
o 21550 0.9593711044704873 0.9653125964025068
o 21600 0.7532378232052789 0.7665545465776813
o 21650 0.32975936325988503 0.3444955418280633
o 21700 0.000503951780243514 0.006191718166968396
o 21750 0 0.0020713641682286897
o 21800 0.9690283870810166 0.9742120679725658
o 21850 0.9724369067325883 0.977322393244251
o 21900 6.250781184823253e-08 0.0026863809835053765
o 21950 0.799135704213785 0.8114813364529896
o 22000 0.12154937042182251 0.15997694062743562
o 22050 0.43556705833580245 0.45105205049119457
o 22100 0.9897597892642745 0.9926733523329196
o 22150 0.5919063647775142 0.6071800810220911
o 22200 0.008998225255059392 0.02259027053131224
o 22250 0.011362110836925144 0.026209637177880718
o 22300 0.346053632799528 0.3609557503841363
o 22350 0.012968659406432291 0.028592414204878125
o 22400 0.09534603384552526 0.13030042043053824
o 22450 0.017900054036404843 0.035630526031763865
o 22500 0.000503951780243514 0.006191718166968396
o 22550 0.9624451653370794 0.9681575054522047
o 22600 0.37566222040726593 0.3908171379367881
o 22650 0.9942951061238854 0.9964160553418016
o 22700 0.6260677424291405 0.6410872296229002
o 22750 0.9377620604859913 0.9450888441689711
o 22800 2.9478169837018796e-05 0.0036929403504111225
o 22850 0.0001356941374873465 0.004579646877598709
o 22900 0.11473685024811185 0.1523205056023179
o 22950 0.022319621642764815 0.041685493698159104
o 23000 0.002473307911623104 0.011178161154966837
o 23050 0.963942630425787 0.9695395376866272
o 23100 0.0002119315321278825 0.004998286201970181
o 23150 0.01894466235111654 0.03707977355811087
o 23200 0.5252587460174867 0.5408101190497387
o 23250 0.9983090111814502 0.9993589235528282
o 23300 0.967546624735816 0.9728543305134453
o 23350 0 0.0020713641682286897
o 23400 0.9940947906981642 0.9962564714166792
o 23450 0 0.0020713641682286897
o 23500 0 0.0020713641682286897
o 23550 0.9980156978384686 0.999172677844584
o 23600 0.9884861235085958 0.9915875121429039
o 23650 0.039714213322670125 0.0641987884563312
o 23700 0 0.0020713641682286897
o 23750 0.9997041638433971 0.9999976422569008
o 23800 0.9054455590156331 0.914376085411216
o 23850 0.9886369238706351 0.9917166540624034
o 23900 0.3492181066478992 0.36415020456162694
o 23950 0.001697465373872955 0.009466791134274843
o 24000 0.007841398172602508 0.02075592095491252
o 24050 0.4205200108266919 0.43594418038206073
o 24100 0 0.0020713641682286897
o 24150 0.6268710713059127 0.6418836310781092
o 24200 0.00029995700032200127 0.005405172829997085
o 24250 0.32436989029952235 0.33904684202930213
o 24300 0.6551827976746318 0.6699224051173509
o 24350 0.004511386106804429 0.01511544127714537
o 24400 0 0.0020713641682286897
o 24450 0.12201984959788231 0.1605043217986457
o 24500 2.9478169837018796e-05 0.0036929403504111225
o 24550 0.9891977558137093 0.9921956057163258
o 24600 0.06857671835394197 0.0991951857896003
o 24650 6.250781184823253e-08 0.0026863809835053765
o 24700 0 0.0020713641682286897
o 24750 0 0.0020713641682286897
o 24800 0.19264307746362153 0.2380646706556906
o 24850 0.003297792448364081 0.012842632138303833
o 24900 0.969529647067195 0.9746706385362891
o 24950 0 0.0020713641682286897
o 25000 0.9506727808965834 0.9572138252961456
o 25050 0 0.0020713641682286897
o 25100 0.43949964126614893 0.4549981396879639
o 25150 0.9655039838051968 0.9709776594401717
o 25200 0.36900907822827883 0.3841125317412828
o 25250 0.9155936261715133 0.9240646463079105
o 25300 0.2620273865577922 0.27585051511492076
o 25350 0.9676092012258107 0.972911732919832
o 25400 0.9959148847383061 0.9976753617509324
o 25450 0.012564997929673692 0.02799871421198541
o 25500 0.8606663582884315 0.8712901767783853
o 25550 0.8867050428726375 0.8964028305204534
o 25600 0 0.0020713641682286897
o 25650 0.2891968830431152 0.3034317850012461
o 25700 0.9998341327646891 1
o 25750 6.250781184823253e-08 0.0026863809835053765
o 25800 0 0.0020713641682286897
o 25850 0.9188711349338587 0.9271860485485742
o 25900 0.9989962943624112 0.9997500155155598
o 25950 0 0.0020713641682286897
o 26000 0.7645250084903007 0.7776235890781531
o 26050 0.7433893669024446 0.7568862955447119
o 26100 0.7444789269750304 0.7579563711383552
o 26150 0.6553235236782461 0.6700616319162415
o 26200 0 0.0020713641682286897
o 26250 0.8662182513889952 0.8766564360914917
o 26300 0.0403789181347753 0.0650307166073526
o 26350 0 0.0020713641682286897
o 26400 0.0006172318585809055 0.00657412054291362
o 26450 0.2907061189593407 0.3049620365369574
o 26500 0.0011254779614789693 0.00805095465353356
o 26550 0 0.0020713641682286897
o 26600 0.0034673555456151933 0.013171012725498032
o 26650 0.963464125128797 0.9690982036821509
o 26700 0.2995052338076604 0.3138799341772236
o 26750 0.542578363939826 0.5580846707000784
o 26800 0 0.0020713641682286897
o 26850 0.2806595762518492 0.2947719918407612
o 26900 0.9945404942367145 0.9966105410165468
o 26950 0.4629655715030905 0.47852428950945325
o 27000 0.9866822183709741 0.9900320949448694
o 27050 0.001263463787865113 0.00840971372163124
o 27100 0.023596539963144834 0.04340144165789395
o 27150 0.6765815654115372 0.6910764629881435
o 27200 5.632956977929134e-06 0.003211834795377788
o 27250 0 0.0020713641682286897
o 27300 0.9916288804942436 0.9942435007295501
o 27350 0.9873038736847178 0.9905702085069467
o 27400 0.9364039000509985 0.9438074562742162
o 27450 0.13569794236105584 0.1757642468008409
o 27500 0.3473074379673762 0.3622215204701805
o 27550 0.9551626188462723 0.9614024891077094
o 27600 0.9997427320109885 0.9999995494141014
o 27650 0.00029995700032200127 0.005405172829997085
o 27700 0.7972740332243823 0.8096636286761403
o 27750 0.023809906910792288 0.04368689084149224
o 27800 0 0.0020713641682286897
o 27850 0.9600976092271206 0.9659858484011244
o 27900 0 0.0020713641682286897
o 27950 0.26533997616054433 0.279216799018424
o 28000 0.7583455429300326 0.7715651196406349
o 28050 6.250781184823253e-08 0.0026863809835053765
o 28100 0.926171338516202 0.9341234192049311
o 28150 0.356284730234888 0.37128118762041373
o 28200 0.0372832782970069 0.061142107644554855
o 28250 0.9885292012398177 0.9916244179430277
o 28300 0.019573858448062524 0.037946917539500635
o 28350 0 0.0020713641682286897
o 28400 0.015827378292362394 0.03271568072776876
o 28450 0.9832697797098506 0.9870457701619012
o 28500 0 0.0020713641682286897
o 28550 0.0578756044260701 0.08644763601622296
o 28600 0.12084380586782141 0.1591857149789545
o 28650 0.9120520581933594 0.9206873910215821
o 28700 0.9988648919050572 0.999681833128126
o 28750 0.02253204153662087 0.04197188108239602
o 28800 0.001263463787865113 0.00840971372163124
o 28850 0.8630453725616368 0.873590370752255
o 28900 0.36683817281534986 0.38192417197619044
o 28950 0.7888990810534104 0.8014813761126116
o 29000 0.06469467571346375 0.09459575181605229
o 29050 0.9942951061238854 0.9964160553418016
o 29100 0.20874537096792392 0.2553912337430303
o 29150 0.9987614482791993 0.999625557902435
o 29200 0 0.0020713641682286897
o 29250 0.000503951780243514 0.006191718166968396
o 29300 0.8687816975299499 0.8791321370190285
o 29350 0.005410690075297136 0.016707327435096175
o 29400 0.946149662171433 0.9529784512199596
o 29450 0.6062525815572053 0.6214290443281097
o 29500 0.6912127450096007 0.7055203808410084
o 29550 0.9827176217514955 0.9865581243452254
o 29600 0.3663801126818277 0.3814623871644981
o 29650 0.2818307923465246 0.2959603778215706
o 29700 0.012968659406432291 0.028592414204878125
o 29750 0.9210641369899786 0.9292723178223595
o 29800 0 0.0020713641682286897
o 29850 0.000503951780243514 0.006191718166968396
o 29900 0.04907989655593595 0.0757863026094926
o 29950 0.1928830122559306 0.23832367356583006
o 30000 0.3174506993534616 0.33204837946789345
o 30050 0 0.0020713641682286897
o 30100 0.9654414991411524 0.9709201651251157
o 30150 0.9670252643108949 0.9723758666998076
o 30200 0.013983254317271005 0.030071300002682877
o 30250 0 0.0020713641682286897
o 30300 0.9862113351361325 0.9896231518146449
o 30350 0.9963260758000116 0.9979838949949381
o 30400 0.02189527661079711 0.041112228928475325
o 30450 0 0.0020713641682286897
o 30500 0.8430736151335465 0.8542487774120251
o 30550 0.9021143027170027 0.9111884487182143
o 30600 0.9942728290862174 0.9963983436740477
o 30650 0.9212691398958002 0.9294672467990239
o 30700 0.4144952527553907 0.42989097413622945
o 30750 0.999784848241918 0.9999999949993749
o 30800 0 0.0020713641682286897
o 30850 0.035741754659557146 0.0591915462846927
o 30900 0.07522587031721449 0.10701453264502725
o 30950 0.0007367092911671631 0.006950583915315112
o 31000 0.004158684424563058 0.014471854702198694
o 31050 0.9944958307170675 0.9965752277626637
o 31100 0.9997041638433971 0.9999976422569008
o 31150 0.4209788981125422 0.4364051380616617
o 31200 0 0.0020713641682286897
o 31250 0.8657910749076886 0.87624375471542
o 31300 0 0.0020713641682286897
o 31350 0.01686082461001361 0.03417596064129569
o 31400 0 0.0020713641682286897
o 31450 0.6663627291127726 0.6809787247540426
o 31500 0 0.0020713641682286897
o 31550 0.07591552376091645 0.10782162671028839
o 31600 0.6563086259226376 0.6710361992889993
o 31650 0.0007367092911671631 0.006950583915315112
o 31700 0 0.0020713641682286897
o 31750 0.04482775277826778 0.07055953571776097
o 31800 0.9897165109013889 0.9926366477506107
o 31850 0 0.0020713641682286897
o 31900 0.019783979642948566 0.038235580518829915
o 31950 0.0392714782610419 0.0636437706117452
o 32000 0.9905618938848829 0.9933509275612022
o 32050 0.9993545677321735 0.9999100498624319
o 32100 0.9862541181774765 0.9896603530448549
o 32150 0.006517954505631833 0.018590185035369355
o 32200 0.9615930369897494 0.967369919568708
o 32250 0.9485858301566398 0.9552614716759221
o 32300 0.000503951780243514 0.006191718166968396
o 32350 0.2989887203902935 0.31335662292903665
o 32400 0.3531592724546253 0.368127703862148
o 32450 0.9380708058321723 0.9453799961370278
o 32500 0.0001356941374873465 0.004579646877598709
o 32550 0 0.0020713641682286897
o 32600 0.8442916496658035 0.855430337194965
o 32650 0.9677135017480266 0.9730073972189646
o 32700 0.0001356941374873465 0.004579646877598709
o 32750 0.5428988156437702 0.5584041111490858
o 32800 0.6377382972769625 0.6526527577694667
o 32850 0.0006172318585809055 0.00657412054291362
o 32900 0.9998341327646891 1
o 32950 0.8907430476192417 0.9002834833208115
o 33000 0.9622580766298522 0.9679846569177746
o 33050 0.967296347264427 0.9726246923728822
o 33100 0.04885552090107998 0.07551178526275337
o 33150 0.5144912797966077 0.5300612115544523
o 33200 0.015005091288335756 0.03154304209009595
o 33250 0.04505095140873906 0.07083522398088082
o 33300 0.8011392612297502 0.8134371109082673
o 33350 0.05132699699471656 0.0785281486577798
o 33400 0 0.0020713641682286897
o 33450 0.946624341555875 0.9534236137427593
o 33500 0.9864681063452484 0.9898462860675704
o 33550 0.8764965296823445 0.8865747384630076
o 33600 0.08629739510328525 0.11989108694131101
o 33650 0 0.0020713641682286897
o 33700 0 0.0020713641682286897
o 33750 0.3066183110021892 0.3210844428188844
o 33800 0 0.0020713641682286897
o 33850 0.7771122136021109 0.789952179165359
o 33900 0.9163308880442496 0.9247671394708672
o 33950 0.9062224212597216 0.9151189650191874
o 34000 0.0001356941374873465 0.004579646877598709
o 34050 0 0.0020713641682286897
o 34100 0.4067964505032325 0.4221523783204527
o 34150 0.0008616339156202599 0.00732183525492236
o 34200 0.7614754221244447 0.7746341944698887
o 34250 0.7969907539290262 0.8093870025049217
o 34300 6.250781184823253e-08 0.0026863809835053765
o 34350 0.9995668564461039 0.999976016692425
o 34400 0.9997041638433971 0.9999976422569008
o 34450 0.3110500940347309 0.3255711560436235
o 34500 0.7655955062397755 0.7786727336471668
o 34550 0 0.0020713641682286897
o 34600 0.0001356941374873465 0.004579646877598709
o 34650 0.046615244441851694 0.07276314934239092
o 34700 0.9996330653686861 0.9999891487861118
o 34750 0.31351473575269173 0.32806567818027177
o 34800 0 0.0020713641682286897
o 34850 0 0.0020713641682286897
o 34900 0 0.0020713641682286897
o 34950 0.6462180189132513 0.6610501909673514
o 35000 0.1591826167791425 0.20167402143544555
o 35050 0.9974891765373674 0.9988198190301265
o 35100 0.03640187077713845 0.06002803456399086
o 35150 0 0.0020713641682286897
o 35200 0.22272633189368177 0.2703487305865673
o 35250 0.9298668944452597 0.9376266350830894
o 35300 0.0002119315321278825 0.004998286201970181
o 35350 0.9964638754550494 0.998085996940606
o 35400 0.0008616339156202599 0.00732183525492236
o 35450 0.6005534062890224 0.6157701341014652
o 35500 0.007841398172602508 0.02075592095491252
o 35550 0 0.0020713641682286897
o 35600 5.632956977929134e-06 0.003211834795377788
o 35650 0.6823968139679649 0.6968192656030956
o 35700 0.9952357602882066 0.9971548963126106
o 35750 6.250781184823253e-08 0.0026863809835053765
o 35800 0.32271945838857613 0.33737783358463735
o 35850 0.7382449738739408 0.751832408979553
o 35900 0 0.0020713641682286897
o 35950 0.23883374017948517 0.2522520547353293
o 36000 0.0006172318585809055 0.00657412054291362
o 36050 0.6657191543637853 0.6803425152742872
o 36100 0.9379267212885296 0.9452441286022796
o 36150 0.9988648919050572 0.999681833128126
o 36200 6.250781184823253e-08 0.0026863809835053765
o 36250 0.7207025774854477 0.734580674317032
o 36300 0.8397043504942978 0.8509791643458386
o 36350 0.9992689677678922 0.9998761603306536
o 36400 0.7787493766130318 0.7915544694027533
o 36450 0 0.0020713641682286897
o 36500 5.632956977929134e-06 0.003211834795377788
o 36550 0 0.0020713641682286897
o 36600 0.852476030564778 0.8633632309125175
o 36650 0.0018479170238906578 0.009813601316797982
o 36700 0.8665844172302443 0.8770101484108669
o 36750 0.13735301370076677 0.1776017029200404
o 36800 0.9990764961900899 0.99978951939873
o 36850 0.48009163308762653 0.4956724515043105
o 36900 0.7688679622802078 0.7818791842821493
o 36950 0.6736844860198471 0.6882145133979773
o 37000 0.011561709336708753 0.026508685905284657
o 37050 0.010765566517950766 0.025310275367285473
o 37100 6.250781184823253e-08 0.0026863809835053765
o 37150 0.36106316542785016 0.3761011344202617
o 37200 0.00029995700032200127 0.005405172829997085
o 37250 0 0.0020713641682286897
o 37300 0.9998341327646891 1
o 37350 0 0.0020713641682286897
o 37400 0.849347821028875 0.860332482023613
o 37450 7.381303257416497e-05 0.0041461380378710055
o 37500 0 0.0020713641682286897
o 37550 0.20898610289633507 0.25564944041309334
o 37600 0 0.0020713641682286897
o 37650 0.41684915742707834 0.4322562740628042
o 37700 0.1687150434268504 0.2120990168700826
o 37750 0.8819150901511875 0.8917943759354149
o 37800 0.9984828397939801 0.999464783357556
o 37850 0.9995349878824064 0.9999681957182619
o 37900 0.20056738015405012 0.24660531967256105
o 37950 0.7280808062964014 0.7418399766201109
o 38000 7.381303257416497e-05 0.0041461380378710055
o 38050 0 0.0020713641682286897
o 38100 0.6889178933144163 0.7032560013287399
o 38150 0.9988648919050572 0.999681833128126
o 38200 0 0.0020713641682286897
o 38250 0.8623539788042814 0.8729219946022166
o 38300 0.9997427320109885 0.9999995494141014
o 38350 0.9894786159586213 0.9924346360773508
o 38400 0.08306032316746932 0.11614327793171964
o 38450 0.5926686497625373 0.6079375398781107
o 38500 0.17229565516892376 0.21600244693702408
o 38550 0.9911708829515093 0.9938616895254021
o 38600 0.12979430552184693 0.16919458484224237
o 38650 0.1933629189730777 0.23884164229758909
o 38700 0.2022499771780028 0.2484152900842509
o 38750 0.36918833457281863 0.3842932147235397
o 38800 0 0.0020713641682286897
o 38850 0.240498063370698 0.2539471647836573
o 38900 0 0.0020713641682286897
o 38950 0.9907139714723477 0.9934787883212625
o 39000 0.22465762842179707 0.2724089483449186
o 39050 0.9766763158212 0.9811615354215987
o 39100 0.0026347926915500906 0.011514351585064753
o 39150 0.9753310645719044 0.9799472481990849
o 39200 0 0.0020713641682286897
o 39250 0.6007741288487095 0.6159893373889689
o 39300 0 0.0020713641682286897
o 39350 0 0.0020713641682286897
o 39400 0.0029630738907729026 0.012181603848747558
o 39450 0.18592999572544705 0.23080750286970886
o 39500 0 0.0020713641682286897
o 39550 0.6947560852881942 0.709015853631713
o 39600 0.7087330806159766 0.7227941777304482
o 39650 0.13664358953291178 0.17681432940989728
o 39700 0.9812126244812495 0.98522365247794
o 39750 0.1713405161023693 0.2149618410913796
o 39800 0.9987102018538886 0.9995969315746592
o 39850 0.0006172318585809055 0.00657412054291362
o 39900 0.7990547575999597 0.8114023100774392
o 39950 0.9644212788828861 0.9699807284118108
o 40000 0.9631729299202467 0.9688294966505694
o 40050 0.5390335827783862 0.5545506449163884
o 40100 0.8457534535390807 0.8568480464737118
o 40150 2.9478169837018796e-05 0.0036929403504111225
o 40200 0.06241699049349331 0.0918843557515141
o 40250 0.29040823598991206 0.3046600206667103
o 40300 0.613378081459735 0.6285011512502541
o 40350 0 0.0020713641682286897
o 40400 0.009192802791284798 0.022894255628808646
o 40450 0.9755201169349099 0.9801181310904409
o 40500 0.8866438768524829 0.8963440168769737
o 40550 0.2620472209474108 0.2758706739796607
o 40600 0.999599491460172 0.9999830535762632
o 40650 0 0.0020713641682286897
o 40700 0.043935654699112654 0.0694560899985871
o 40750 0.7940368434159522 0.8065018988348021
o 40800 0.8614186372801684 0.8720176474142376
o 40850 0.16919227475513307 0.2126196575265492
o 40900 0 0.0020713641682286897
o 40950 0 0.0020713641682286897
o 41000 0.0014049892560813165 0.008765083991891576
o 41050 0.9950332974105176 0.9969974730832851
o 41100 0.9811279512167379 0.9851483554547575
o 41150 0.000503951780243514 0.006191718166968396
o 41200 0.3206118278886235 0.3352461788179507
o 41250 0.5130905743639832 0.5286623888067716
o 41300 0.4691794531509369 0.48474831162892584
o 41350 0 0.0020713641682286897
o 41400 0.00746017548263115 0.020140170534743485
o 41450 0.8301291549482841 0.8416775502482365
o 41500 0.04505095140873906 0.07083522398088082
o 41550 0.05200228236893167 0.07934955281572542
o 41600 0.6923602492341251 0.706652492215935
o 41650 0.9332779227829058 0.9408544728957042
o 41700 0.0006172318585809055 0.00657412054291362
o 41750 0 0.0020713641682286897
o 41800 0 0.0020713641682286897
o 41850 0 0.0020713641682286897
o 41900 0.0006172318585809055 0.00657412054291362
o 41950 0.6185376128355011 0.633619887318174
o 42000 0.04304469215753249 0.0683515149805527
o 42050 0.08052133934118251 0.11319415451458892
o 42100 0.4457089318912254 0.46122675278866543
o 42150 0.005776654061127185 0.01733799708540984
o 42200 0.9569444727415924 0.9630600398389101
o 42250 0.6865024845245542 0.7008722193616119
o 42300 0.13688004633427558 0.17707680513547053
o 42350 0 0.0020713641682286897
o 42400 0.06014389485472401 0.08916838851576614
o 42450 0.913689496624676 0.9222494085261246
o 42500 0.32202352401611783 0.3366740039530609
o 42550 0.14208657224858576 0.18284680280079457
o 42600 0.9944735070159787 0.9965575630291789
o 42650 0.6135186014835734 0.6286405840366524
o 42700 0.45779159062415825 0.47334001613191024
o 42750 6.250781184823253e-08 0.0026863809835053765
o 42800 0.5166925119807909 0.5322592379385869
o 42850 0 0.0020713641682286897
o 42900 0.2481279479052739 0.26171468273418375
o 42950 0.7414928585892608 0.7550234380580478
o 43000 0 0.0020713641682286897
o 43050 0.980556709348832 0.9846397973882158
o 43100 0.39965784417999944 0.4149733978705764
o 43150 0.9992409148798167 0.9998643624923798
o 43200 0.005593258650624234 0.017023065641258883
o 43250 0.7113521477833369 0.725374233743725
o 43300 0.26286044628106703 0.276697172078598
o 43350 0.9733797357241926 0.9781792434049252
o 43400 0 0.0020713641682286897
o 43450 0.020837393278331312 0.03967611697011808
o 43500 0.0637830639554271 0.09351172894241566
o 43550 0.6477253464980333 0.6625423577145824
o 43600 0.001697465373872955 0.009466791134274843
o 43650 0.2672444424591082 0.28115168516986344
o 43700 0.9957330879426143 0.9975372731773589
o 43750 0 0.0020713641682286897
o 43800 0.0003978010923757274 0.005802461929785063
o 43850 0.9927463231219569 0.9951655732255644
o 43900 0.867967832665249 0.878346272669914
o 43950 0 0.0020713641682286897
o 44000 0.04795864367919236 0.07441309362114845
o 44050 0.9998341327646891 1
o 44100 0.053354398411719815 0.08099082312562056
o 44150 0.46806046559494024 0.48362767664104145
o 44200 0.8261753221478465 0.8378327008027823
o 44250 0 0.0020713641682286897
o 44300 0.6317517744793126 0.6467212896547556
o 44350 0.9412009989397452 0.948328761733074
o 44400 0 0.0020713641682286897
o 44450 0.4127000226276328 0.42808681092871737
o 44500 0.7790929974022012 0.791890733861344
o 44550 0.9667542337259553 0.9721269886102177
o 44600 0 0.0020713641682286897
o 44650 0.8666861323580095 0.8771083994383893
o 44700 0.8875614162603781 0.8972261724116736
o 44750 0.7230407738012063 0.7368816955307953
o 44800 0.01521027467399438 0.03183658518552912
o 44850 0.9968102306136053 0.9983393779131835
o 44900 0 0.0020713641682286897
o 44950 0 0.0020713641682286897
o 45000 0.9030746730130932 0.9121077592736451
o 45050 0.9895434738181318 0.9924897528182758
o 45100 0.9963490151246003 0.9980009395209813
o 45150 0 0.0020713641682286897
o 45200 5.632956977929134e-06 0.003211834795377788
o 45250 0.915388849151046 0.9238694913680705
o 45300 0.954603501348631 0.9608817933235824
o 45350 0.3617401751424677 0.37678389549009084
o 45400 0.02445091157197568 0.04454234277422964
o 45450 0.24164731881290766 0.2551175180132492
o 45500 5.632956977929134e-06 0.003211834795377788
o 45550 0.049753393088345865 0.07660948691908409
o 45600 0.004158684424563058 0.014471854702198694
o 45650 0.5885364914315885 0.6038310868540919
o 45700 0.9852072689865071 0.9887475846132617
o 45750 0.9977509012387209 0.9989978077068434
o 45800 0.999784848241918 0.9999999949993749
o 45850 0.9959832026584181 0.9977269996889246
o 45900 0.9298874342527736 0.9376460884487453
o 45950 0.9901279733461981 0.9929850222874228
o 46000 0.034643405985260146 0.057795566431514955
o 46050 5.632956977929134e-06 0.003211834795377788
o 46100 0.9899979600658653 0.9928750872932561
o 46150 0.22634807277978586 0.2742110795218776
o 46200 0.754469210725773 0.76776274744691
o 46250 0.521996101541607 0.5375538621977642
o 46300 0.999599491460172 0.9999830535762632
o 46350 0.8036288757463196 0.815866665754984
o 46400 0.09418352080375439 0.12896831492730487
o 46450 0.17564038808744126 0.21964282359721876
o 46500 0.04639157303337345 0.07248793134840925
o 46550 6.250781184823253e-08 0.0026863809835053765
o 46600 0.7240486907396813 0.7378734413155061
o 46650 0.10046908689684386 0.13615370997470277
o 46700 0.1470642081325994 0.18834677108704723
o 46750 0.0021562252310628775 0.0105001045606814
o 46800 0.765696499647362 0.7787717064957327
o 46850 0.000503951780243514 0.006191718166968396
o 46900 0.03442401947323336 0.05751608913015127
o 46950 0.034643405985260146 0.057795566431514955
o 47000 0.22441617892844914 0.2721514585165914
o 47050 0.9934076463397341 0.9957039472638908
o 47100 0.9979672929505882 0.9991411475683059
o 47150 0.8298858088481578 0.8414409774456915
o 47200 0.010172570958339 0.024407422471894202
o 47250 0.8838918830279794 0.8936969257267346
o 47300 0.9996678275924519 0.9999940967944916
o 47350 0.043712806482959075 0.06918005322945564
o 47400 0.9781923171025078 0.9825250114948438
o 47450 0.999103496509203 0.9998024115070666
o 47500 0.8495103044235734 0.8604899445246972
o 47550 0.9082672617244358 0.91707344507964
o 47600 0 0.0020713641682286897
o 47650 0.9621541473094323 0.9678886210969633
o 47700 0.11192321144492842 0.14914700210880916
o 47750 0.998064229430307 0.9992040792410983
o 47800 0.9598900077404511 0.9657935194075811
o 47850 0.18233782548126268 0.22691561596979537
o 47900 0 0.0020713641682286897
o 47950 0.31665550710764506 0.3312438414308938
o 48000 0.04148832913985825 0.06641570312122447
o 48050 0 0.0020713641682286897
o 48100 0.6758170272635481 0.6903212573785174
o 48150 0.9986846867396864 0.9995825074237993
o 48200 0.021260025591115506 0.04025107760061708
o 48250 0.0372832782970069 0.061142107644554855
o 48300 0 0.0020713641682286897
o 48350 0 0.0020713641682286897
o 48400 0.7941986880006469 0.8066600002342792
o 48450 0.9741765786125233 0.9789021288051581
o 48500 0 0.0020713641682286897
o 48550 0.6392250785265162 0.6541254776116743
o 48600 0 0.0020713641682286897
o 48650 0.9973946521725114 0.9987544386726732
o 48700 0.9931206664299417 0.9954710602649183
o 48750 0 0.0020713641682286897
o 48800 0.0009913927362594883 0.00768846370096099
o 48850 0.9901930076055009 0.9930399620765769
o 48900 0.003984012913461825 0.014148429407502605
o 48950 0.6009145895025898 0.6161288295468513
o 49000 0.9932751135042507 0.9955965419130944
o 49050 0.005593258650624234 0.017023065641258883
o 49100 0.6201639563908201 0.6352329976981983
o 49150 0.9175189140767797 0.9258987187013371
o 49200 0.9998341327646891 1
o 49250 0.9881847567826662 0.9913289936660207
o 49300 0.9998341327646891 1
o 49350 0.1470642081325994 0.18834677108704723
o 49400 0.1610872099083689 0.2037609099354546
o 49450 0.9577944952135947 0.9638497331603989
o 49500 0.00029995700032200127 0.005405172829997085
o 49550 0.9783398628365494 0.9826574147314415
o 49600 0.9396355389455907 0.9468547425498899
o 49650 0.9975365616713056 0.998852384613813
o 49700 0.9852926251940278 0.9888221974105836
o 49750 0.9892625425935053 0.9922507937490819
o 49800 0.5395342340928816 0.5550498250915683
o 49850 0.6319928183023421 0.6469601649298282
o 49900 0.0009913927362594883 0.00768846370096099
o 49950 0 0.0020713641682286897
