
x disttype L1-general-gaussian
x k 1510
x std 0.65
x N 50000
x alpha 0.0005

o 0 0.7155634089131301 0.7295215629191729
o 10 0.9978468002059815 0.9990617938017794
o 20 0.18599003242532075 0.19827379127382716
o 30 0.9957104012102794 0.9975199739418538
o 40 0.010842262667725167 0.014323054671358415
o 50 0.9998341327646891 1
o 60 0.9549141047791393 0.9611710861721643
o 70 0.08026957762022517 0.08895063999953334
o 80 0.9945404942367145 0.9966105410165468
o 90 0.8945382666404479 0.9039270027272104
o 100 0.4257876468091144 0.44123476487904
o 110 0.36847131584606896 0.3835704761430804
o 120 0.9989962943624112 0.9997500155155598
o 130 0.0177777317854995 0.022144823129419344
o 140 0.1654609696660774 0.17720987897137852
o 150 0.9998341327646891 1
o 160 0.19586980848582863 0.20839063904621546
o 170 0.7280404815732903 0.7418003148349126
o 180 0.9998341327646891 1
o 190 0.38849468775723955 0.4037403292514117
o 200 0.00015986891994112005 0.0008145805248086502
o 210 0.09421281631656954 0.10352255886085093
o 220 0.999784848241918 0.9999999949993749
o 230 0.9998341327646891 1
o 240 0.9998341327646891 1
o 250 0.0005501918341939858 0.0015421373722853682
o 260 0.20122718081959848 0.21387143710895817
o 270 0.6275539183786558 0.6425605547869835
o 280 0.9998341327646891 1
o 290 0.9998341327646891 1
o 300 0.8552190051488613 0.866019343136407
o 310 0.9998341327646891 1
o 320 0.008874340662178449 0.012051819259471075
o 330 0.5308840870269349 0.5464228840039567
o 340 0.010414054234589219 0.013831443097142126
o 350 0.9927243343004069 0.9951475718848587
o 360 0.43906044516976284 0.45455748407435426
o 370 0.04829940523876849 0.055212027946286324
o 380 0.9006637949471819 0.9097994385318611
o 390 0.9996330653686861 0.9999891487861118
o 400 0.9998341327646891 1
o 410 0.021782694247910843 0.026578340905362707
o 420 0.030479647789809522 0.03607817710843719
o 430 0.15097121927285062 0.1623045966343134
o 440 0.9170272846221191 0.9254305115064405
o 450 0.0004174925762006784 0.0013153132603136442
o 460 0.9976078010658749 0.9989010690693881
o 470 0.0006871224635657124 0.001764823007440408
o 480 3.180428173812004e-05 0.0004650121175936439
o 490 0.9998341327646891 1
o 500 0.004153069969403737 0.006415419944006073
o 510 0.9993257723589525 0.9998990270247117
o 520 0.9419015790707691 0.9489879484831978
o 530 0.3754829242434878 0.39063649477250983
o 540 2.357743099213211e-06 0.0002958361566028911
o 550 0.016492127972837774 0.020710923520785407
o 560 0.9996330653686861 0.9999891487861118
o 570 0.9287989630013 0.9366149214681223
o 580 0.17351115861487512 0.1854769336385187
o 590 0.9878836915278659 0.9910701729119886
o 600 0.8268240776988327 0.8384637290161157
o 610 0.9996330653686861 0.9999891487861118
o 620 0.3083074647826301 0.32279471585836716
o 630 0.03582293775972299 0.04185295178144821
o 640 0 0.00016586723531085122
o 650 0.999784848241918 0.9999999949993749
o 660 0.9998341327646891 1
o 670 0.9633185210642784 0.9689638566318516
o 680 0.9771181878019142 0.9815595114026443
o 690 8.995013756807068e-05 0.0006454322678265401
o 700 0.9930986175276119 0.9954531192790149
o 710 0.08906585342731912 0.09815130686931228
o 720 2.357743099213211e-06 0.0002958361566028911
o 730 0.055765357163865686 0.06314343704144632
o 740 0 0.00016586723531085122
o 750 0.9998341327646891 1
o 760 0 0.00016586723531085122
o 770 0.7166717609960298 0.7306128398558812
o 780 0.9729605959041503 0.9777985259418008
o 790 0 0.00016586723531085122
o 800 0.9998341327646891 1
o 810 0.8845645071534896 0.89434407794831
o 820 0.0001975884929334221 0.0008965034907969516
o 830 0.9658372795058592 0.9712842515895075
o 840 0.9998341327646891 1
o 850 0 0.00016586723531085122
o 860 0.9946746164213873 0.9967163483612492
o 870 0.015228304216104127 0.019295240835218275
o 880 0.9998341327646891 1
o 890 0.9748271150971208 0.9794913700940219
o 900 5.000625091698381e-09 0.00021515175808195508
o 910 0.0836300890828116 0.09246895947868994
o 920 0.13561359416381397 0.14646749609306986
o 930 0.9561569583898032 0.9623278173866693
o 940 0.9902146898323063 0.9930582711858504
o 950 0.11001053050061274 0.1199593800601747
o 960 0.9998341327646891 1
o 970 0.9998341327646891 1
o 980 0 0.00016586723531085122
o 990 0.8902534809741312 0.8998132127146143
o 1000 0.9998341327646891 1
o 1010 0.9998341327646891 1
o 1020 0.7911239061440595 0.8036558083627262
o 1030 0 0.00016586723531085122
o 1040 0 0.00016586723531085122
o 1050 5.903205508420937e-06 0.0003321724075481258
o 1060 0.9964178981004407 0.998052007502891
o 1070 0.26026219754227503 0.2740563044913942
o 1080 0.999784848241918 0.9999999949993749
o 1090 0.0012128305386860678 0.0025581257262045076
o 1100 0 0.00016586723531085122
o 1110 0.9998341327646891 1
o 1120 0.05731903204323022 0.06478921489990053
o 1130 0 0.00016586723531085122
o 1140 0.751158763592044 0.764514301190873
o 1150 0 0.00016586723531085122
o 1160 0.6064934156704613 0.6216681293195332
o 1170 0.6500166406497048 0.6648102949412905
o 1180 0.08058209490000576 0.0892780139429532
o 1190 0.6271723253806991 0.6421822758776081
o 1200 0.7667468624060051 0.7798009927985008
o 1210 0.22251498160011313 0.2356163735908715
o 1220 0.034052615543710404 0.03994391292268051
o 1230 0.22681117922574587 0.23999871155342134
o 1240 0 0.00016586723531085122
o 1250 0.949432806670182 0.9560542128913295
o 1260 0 0.00016586723531085122
o 1270 0 0.00016586723531085122
o 1280 0 0.00016586723531085122
o 1290 0.9956877226395184 0.9975026664820278
o 1300 0.0006563832567626617 0.0017156412629433238
o 1310 0.9964408811586623 0.9980690078933331
o 1320 0.2612340256277476 0.2750441458688466
o 1330 0.19679882178297511 0.20934130842435839
o 1340 0.9997427320109885 0.9999995494141014
o 1350 0.0009541624966428543 0.0021772141478536566
o 1360 0.9472848978708059 0.9540428373997868
o 1370 0.999442873695936 0.9999411111022777
o 1380 0 0.00016586723531085122
o 1390 0.9956423896922855 0.9974680271834279
o 1400 0.9468307486970531 0.9536171378520254
o 1410 0.9969263355699712 0.9984231783076815
o 1420 0.02863911208649004 0.03407938486590356
o 1430 0.29354612002375174 0.3078410710873045
o 1440 0.8663809900991325 0.8768136432308985
o 1450 0.0002499844844402703 0.001003705637588781
o 1460 0.980789374607036 0.9848470507233622
o 1470 0.005901816642287089 0.008545728775731898
o 1480 0.6603499272041861 0.6750335427469925
o 1490 0.8431954130873471 0.8543669388906638
o 1500 1.694642373683569e-05 0.00040050853982798174
o 1510 0.08300472096967806 0.09181454504333497
o 1520 0.9154093265037895 0.9238890072114284
o 1530 0 0.00016586723531085122
o 1540 0.9996330653686861 0.9999891487861118
o 1550 0.027298756529005548 0.032620231958339074
o 1560 0.9998341327646891 1
o 1570 0.7107678693741223 0.7247987077526182
o 1580 8.995013756807068e-05 0.0006454322678265401
o 1590 0 0.00016586723531085122
o 1600 0 0.00016586723531085122
o 1610 0 0.00016586723531085122
o 1620 0.20437123734320403 0.21708630721225508
o 1630 0.5955173577838446 0.6107678746275225
o 1640 0.012261314375917404 0.015943416941703314
o 1650 0.9998341327646891 1
o 1660 0.2695458880672096 0.2834894571198928
o 1670 0.12420825057318936 0.13467676412773022
o 1680 0.9998341327646891 1
o 1690 0.39712583699555204 0.41242626115292036
o 1700 0.0005501918341939858 0.0015421373722853682
o 1710 0.05186514561794555 0.059005025159172386
o 1720 0 0.00016586723531085122
o 1730 0 0.00016586723531085122
o 1740 1.694642373683569e-05 0.00040050853982798174
o 1750 0.9911708829515093 0.9938616895254021
o 1760 0.0006258130375729788 0.0016662938348318557
o 1770 0.37080169149999936 0.3859193117395633
o 1780 0.29322834121552993 0.307518957797846
o 1790 0.001377246353909253 0.00279348392652512
o 1800 0 0.00016586723531085122
o 1810 0 0.00016586723531085122
o 1820 0.13384295101381435 0.14463874805491872
o 1830 3.180428173812004e-05 0.0004650121175936439
o 1840 5.000625091698381e-09 0.00021515175808195508
o 1850 0 0.00016586723531085122
o 1860 0.9997427320109885 0.9999995494141014
o 1870 0.5804543204029469 0.5957959744661152
o 1880 0.9969495993090236 0.9984398951779412
o 1890 0.3712000650256139 0.38632080338553865
o 1900 0.9998341327646891 1
o 1910 0.16984063557585258 0.1817087131873294
o 1920 0.9853779987636234 0.9888967928089134
o 1930 0.21889268797190575 0.23191990225328085
o 1940 0 0.00016586723531085122
o 1950 0.0018292325510135831 0.003420979978664307
o 1960 4.934143394975716e-05 0.0005269197482213883
o 1970 0.99863385948088 0.9995534508999322
o 1980 0.9998341327646891 1
o 1990 0 0.00016586723531085122
o 2000 0.36928792190974125 0.3843935936793583
o 2010 0 0.00016586723531085122
o 2020 0.9998341327646891 1
o 2030 6.887077827747213e-05 0.0005869172185136717
o 2040 0 0.00016586723531085122
o 2050 0.999784848241918 0.9999999949993749
o 2060 0.999784848241918 0.9999999949993749
o 2070 4.934143394975716e-05 0.0005269197482213883
o 2080 0.8982537800973652 0.9074902543357362
o 2090 0.9987614482791993 0.999625557902435
o 2100 0.10522451777532892 0.11498704623190137
o 2110 0.3027038822176252 0.3171202000548099
o 2120 0 0.00016586723531085122
o 2130 0.9992409148798167 0.9998643624923798
o 2140 0.9996678275924519 0.9999940967944916
o 2150 0.974092670311176 0.9788260657428849
o 2160 0 0.00016586723531085122
o 2170 0.9998341327646891 1
o 2180 0.020166695534148682 0.024794948558145458
o 2190 0.9812549655366919 0.9852612965590837
o 2200 0.9998341327646891 1
o 2210 0 0.00016586723531085122
o 2220 0.9979190093140644 0.999109494009705
o 2230 0.2538571521789941 0.26754352877824594
o 2240 0.9998341327646891 1
o 2250 0.2839153037761631 0.2980751582299638
o 2260 0.5949355576398745 0.6101898702625406
o 2270 0.9277518290002262 0.9356224034801245
o 2280 0 0.00016586723531085122
o 2290 0.8471748235410479 0.8582262031193408
o 2300 0.03757582073013723 0.04373943811296255
o 2310 0.660148853261424 0.674834684116272
o 2320 0.11845175957343097 0.1287152386310274
o 2330 0.4896878276062886 0.5052730216648709
o 2340 0.9987357880946652 0.999611282711117
o 2350 0.03130487618459964 0.03697264838039849
o 2360 0.9800493677359471 0.9841873161537894
o 2370 0.3816393852205102 0.39683795074328787
o 2380 0.9998341327646891 1
o 2390 0.34265073277841523 0.3575198032983419
o 2400 0.9998341327646891 1
o 2410 0.6366935786424804 0.6516178269863309
o 2420 0.10118621554492085 0.11078674495060126
o 2430 0.8733406161674239 0.8835317017220773
o 2440 0.8610119932698299 0.871624426762236
o 2450 0.999784848241918 0.9999999949993749
o 2460 0.9900412897098091 0.9929117404334288
o 2470 0.9998341327646891 1
o 2480 0.9997041638433971 0.9999976422569008
o 2490 0.5480665467983842 0.5635546409559702
o 2500 0.5882958004407831 0.6035918587363811
o 2510 0.9581055681661119 0.9641385561673819
o 2520 0.24329205583286928 0.2567922209981045
o 2530 0.9900846274508407 0.992948385450678
o 2540 0 0.00016586723531085122
o 2550 0.4344891774245309 0.4499702953889956
o 2560 0.7592945509416147 0.7724957944666091
o 2570 0.999103496509203 0.9998024115070666
o 2580 0.02290624147255572 0.02781437314856272
o 2590 0.00015986891994112005 0.0008145805248086502
o 2600 0.9998341327646891 1
o 2610 0.9998341327646891 1
o 2620 0.642560574741515 0.6574288622133184
o 2630 0.0014103466020724913 0.002840341127824275
o 2640 0.999784848241918 0.9999999949993749
o 2650 0 0.00016586723531085122
o 2660 0.002531972816572227 0.004357610307714532
o 2670 0.6614960771355036 0.6761670084831533
o 2680 0.9998341327646891 1
o 2690 0.0005054279442954438 0.0014670477792010361
o 2700 0.9249812084495472 0.9329939447650374
o 2710 0.9998341327646891 1
o 2720 0.05797956556939349 0.06548844888637151
o 2730 0.9908879106251846 0.9936247782402114
o 2740 0.9875614426497399 0.9907925430879243
o 2750 0.9684647040798897 0.9736959413760747
o 2760 0.1487844473564531 0.16005211892831117
o 2770 8.995013756807068e-05 0.0006454322678265401
o 2780 0.9998341327646891 1
o 2790 0.9998341327646891 1
o 2800 0.006120103541994746 0.00880733299481351
o 2810 5.000625091698381e-09 0.00021515175808195508
o 2820 0.9998341327646891 1
o 2830 0.9987871854159925 0.9996397540167659
o 2840 0.9998341327646891 1
o 2850 0.9998341327646891 1
o 2860 0 0.00016586723531085122
o 2870 0.608279662692184 0.6234412823228824
o 2880 0.9998341327646891 1
o 2890 0.6023392989373539 0.6175436414881491
o 2900 5.000625091698381e-09 0.00021515175808195508
o 2910 0.8804277052391024 0.8903622554717526
o 2920 0.025252952491586458 0.030386790165858213
o 2930 0.7701003285808952 0.7830864062840383
o 2940 0.18519992044931952 0.19746417337413036
o 2950 0.0034777824684113132 0.0055711244494914824
o 2960 0.9958466466570662 0.997623643328015
o 2970 0.029654919830471117 0.035183205817070795
o 2980 0.019767968990172215 0.024353826175656068
o 2990 0.926171338516202 0.9341234192049311
o 3000 0.9998341327646891 1
o 3010 0.9956650521574533 0.9974853508716593
o 3020 0.994518159778464 0.9965928871040928
o 3030 0.4789322872935114 0.4945121882334791
o 3040 0.9998341327646891 1
o 3050 0.7929444331787482 0.8054346736744612
o 3060 0.9998341327646891 1
o 3070 0.9998341327646891 1
o 3080 0.004010354493465864 0.006238220280418538
o 3090 0.9965559675880834 0.9981538370932204
o 3100 0.9998341327646891 1
o 3110 0.021744633626213355 0.02653641581140176
o 3120 0.0011964954325924912 0.0025344847804393833
o 3130 4.5058589854506926e-07 0.0002572679890114893
o 3140 0.9995349878824064 0.9999681957182619
o 3150 0.09391915151826426 0.10321632544195636
o 3160 0 0.00016586723531085122
o 3170 0.33033616085174766 0.34507854870396437
o 3180 0.0115136949220747 0.01509134327813011
o 3190 5.000625091698381e-09 0.00021515175808195508
o 3200 0.0015601048220589995 0.003050400690976396
o 3210 0.9994730802517786 0.9999506585660503
o 3220 0.24737474302357354 0.2609481439842699
o 3230 0.1436048134986726 0.15471353096455764
o 3240 0.1157025285989872 0.12586541761918524
o 3250 2.357743099213211e-06 0.0002958361566028911
o 3260 0.9402945898036066 0.9474754724420079
o 3270 0.9998341327646891 1
o 3280 0 0.00016586723531085122
o 3290 0.9998341327646891 1
o 3300 0.8714068788136818 0.8816660823563942
o 3310 0.9833760316101646 0.9871394804012125
o 3320 1.0851213888255374e-05 0.0003669346313138755
o 3330 5.000625091698381e-09 0.00021515175808195508
o 3340 0.5139309902814608 0.5295016897974525
o 3350 0.9998341327646891 1
o 3360 1.0851213888255374e-05 0.0003669346313138755
o 3370 0.9998341327646891 1
o 3380 0.8381215169417536 0.8494425251924861
o 3390 2.357743099213211e-06 0.0002958361566028911
o 3400 0.0005954213588024984 0.001616771460508759
o 3410 0.5183735547373013 0.5339376289973327
o 3420 1.694642373683569e-05 0.00040050853982798174
o 3430 0.9998341327646891 1
o 3440 1.0851213888255374e-05 0.0003669346313138755
o 3450 0 0.00016586723531085122
o 3460 0.999784848241918 0.9999999949993749
o 3470 0.4588902421376798 0.4744409939000863
o 3480 0.9998341327646891 1
o 3490 2.357743099213211e-06 0.0002958361566028911
o 3500 0.9960287934415504 0.997761379103869
o 3510 0.5585448134711047 0.573992848987139
o 3520 0.9998341327646891 1
o 3530 0.9991854194751913 0.9998401310800589
o 3540 0.9788037680410036 0.9830733488775958
o 3550 0.013235492733849257 0.01704884405772089
o 3560 0 0.00016586723531085122
o 3570 0 0.00016586723531085122
o 3580 0.0004906179844303899 0.0014419090925856803
o 3590 0.9269512500467441 0.9348632484922584
o 3600 0 0.00016586723531085122
o 3610 0.8396637625260803 0.8509397658348455
o 3620 0.5676234612475349 0.5830311477066947
o 3630 0.9998341327646891 1
o 3640 0 0.00016586723531085122
o 3650 0.9998341327646891 1
o 3660 0.059398204117316895 0.06698931136413855
o 3670 0.671029109959895 0.6855907795441106
o 3680 0.005738346600549215 0.008349281390902186
o 3690 0.8585724589913805 0.8692647730058773
o 3700 2.398330757498869e-05 0.00043314355389612036
o 3710 0.9787404910361509 0.983016647813986
o 3720 0.999784848241918 0.9999999949993749
o 3730 0.876089253527792 0.8861821500813956
o 3740 0.999784848241918 0.9999999949993749
o 3750 0.5261194991335119 0.5416690760994537
o 3760 0.9998341327646891 1
o 3770 0.9899546384624376 0.992838426086989
o 3780 0.062762453446005 0.07054388049687954
o 3790 0.864102888460499 0.8746125029300643
o 3800 0.9914106450698426 0.9940618277531692
o 3810 0.17566260847297754 0.18768474749579156
o 3820 0.9988389036516672 0.9996678953600677
o 3830 0.9993545677321735 0.9999100498624319
o 3840 0 0.00016586723531085122
o 3850 0.9997427320109885 0.9999995494141014
o 3860 0.9998341327646891 1
o 3870 0.0036548214680918066 0.0057939720578142895
o 3880 0.002204279030700915 0.003925578536130403
o 3890 0.9945628341288062 0.9966281894626924
o 3900 0 0.00016586723531085122
o 3910 0.05091512520285222 0.05799538153182848
o 3920 4.5058589854506926e-07 0.0002572679890114893
o 3930 0.9997041638433971 0.9999976422569008
o 3940 0.687468620495651 0.7018257596948196
o 3950 0.9998341327646891 1
o 3960 0.22681117922574587 0.23999871155342134
o 3970 7.923805826870094e-05 0.0006163396027676349
o 3980 0.7820241461068523 0.7947586063610945
o 3990 0.538432811609662 0.5539516182973528
o 4000 0 0.00016586723531085122
o 4010 0.20854443314500928 0.22135168708873254
o 4020 0.7259235350497802 0.7397179696622234
o 4030 0.7676558764477938 0.780691675055581
o 4040 0.9968102306136053 0.9983393779131835
o 4050 0 0.00016586723531085122
o 4060 0.7972537988278457 0.8096438698250922
o 4070 0.5086287348100891 0.524205731441568
o 4080 0.6686354763156308 0.6832252156034532
o 4090 0.1356529452048408 0.14650813152345632
o 4100 0.9998341327646891 1
o 4110 0.9977269908240753 0.9989817458746678
o 4120 0 0.00016586723531085122
o 4130 0.9998341327646891 1
o 4140 0.007970053936948737 0.010996509249102782
o 4150 0.9995668564461039 0.999976016692425
o 4160 5.000625091698381e-09 0.00021515175808195508
o 4170 0.14803591580948486 0.15928090737572587
o 4180 0.8788998374065718 0.888890631420326
o 4190 0.016567673432612624 0.02079534873688138
o 4200 0.1781894933691841 0.19027699802367448
o 4210 0.023001523080546555 0.027919055975124896
o 4220 0 0.00016586723531085122
o 4230 0.6589826537271156 0.6736812747230377
o 4240 0.0009541624966428543 0.0021772141478536566
o 4250 0.044661175822303854 0.05133154987695121
o 4260 0.9944288755505086 0.9965222175315889
o 4270 0.9996678275924519 0.9999940967944916
o 4280 0.9810856189869213 0.9851107025334789
o 4290 0.2615712005270044 0.27538685629425197
o 4300 0.9989698028369101 0.9997365968529978
o 4310 0.08585852811617566 0.09479974594241936
o 4320 0 0.00016586723531085122
o 4330 0.9998341327646891 1
o 4340 0.9746591923218505 0.9793393502689967
o 4350 0.8751729492462478 0.8852987591424164
o 4360 0.7109693430644065 0.7249971666142967
o 4370 0.9997041638433971 0.9999976422569008
o 4380 0.9997427320109885 0.9999995494141014
o 4390 0.9998341327646891 1
o 4400 0.0007180219276559361 0.0018138475403408627
o 4410 0.9388942606367998 0.9461562674409775
o 4420 0.0019650041047284397 0.003605073843765516
o 4430 0.9909531761295315 0.9936794860041009
o 4440 0.021687545938205783 0.02647352492970656
o 4450 0.9805355621826651 0.984620951948227
o 4460 0.15459701541207754 0.16603755675940401
o 4470 0.9467275432376795 0.9535203776872185
o 4480 0.9677760858984222 0.9730647919577575
o 4490 0.021706574734220024 0.026494488989739273
o 4500 0.7658984880455099 0.7789696506097437
o 4510 0.9971128682824996 0.998556485750206
o 4520 0.001999060479018723 0.003650984875399721
o 4530 0.0013607221316595808 0.0027700297311785693
o 4540 0.9998341327646891 1
o 4550 0 0.00016586723531085122
o 4560 0.9996678275924519 0.9999940967944916
o 4570 0.660953157970698 0.6756301097004793
o 4580 0.8091155068467043 0.821218204387544
o 4590 0 0.00016586723531085122
o 4600 0 0.00016586723531085122
o 4610 0.22401952927448499 0.23715131302493653
o 4620 5.000625091698381e-09 0.00021515175808195508
o 4630 0.8579626628221005 0.8686747721505377
o 4640 0.0030902110437321635 0.005078956684781755
o 4650 0.5897800917890381 0.6050670685563381
o 4660 0.07213142145007634 0.0804116333804552
o 4670 0.9715995307892835 0.9765600536173797
o 4680 5.888889772228268e-05 0.0005571263040640151
o 4690 0.7596983978639916 0.7728918125802711
o 4700 0.1135822946789082 0.12366638298975086
o 4710 0.07273594289692485 0.08104690085462851
o 4720 0.9813608311599198 0.9853553937557921
o 4730 0.22655377586760997 0.2397362026388683
o 4740 0.29058696533192335 0.30484123062847357
o 4750 0.0052492868126006705 0.007758594152081133
o 4760 0.9901496493698395 0.9930033376199513
o 4770 0.892211936366444 0.9016941062805366
o 4780 0.9757302216022707 0.9803079544253677
o 4790 0.004996559504361793 0.007451456136745582
o 4800 0.9998341327646891 1
o 4810 0.9996330653686861 0.9999891487861118
o 4820 0.030652329226353258 0.036265432777878526
o 4830 0 0.00016586723531085122
o 4840 0.9998341327646891 1
o 4850 0 0.00016586723531085122
o 4860 0.9998341327646891 1
o 4870 0.20866311694338244 0.22147296278974282
o 4880 0.06940233547694077 0.07754167297127834
o 4890 0.9998341327646891 1
o 4900 0.01259825082296956 0.016326343399718724
o 4910 0.9660247913032327 0.9714566766787978
o 4920 0.9060384188514182 0.9149430285703466
o 4930 0.9993836603972324 0.9999207619417313
o 4940 0.2964857694275786 0.310820423598002
o 4950 0.9926803667673133 0.995111559048686
o 4960 0.04174304436091223 0.04821072178857
o 4970 0.013441875654774919 0.017282378248504537
o 4980 0 0.00016586723531085122
o 4990 0.6334391237905441 0.6483933740282812
o 5000 0.9998341327646891 1
o 5010 0.9899113248435923 0.9928017568708557
o 5020 0.9882277904269419 0.9913659436727514
o 5030 0.9969728777400151 0.998456597194961
o 5040 0.9956650521574533 0.9974853508716593
o 5050 0.0018123143467379996 0.0033979155111244497
o 5060 0.9802818503212721 0.9843947524503339
o 5070 0.003160469757935061 0.005168649263019853
o 5080 0.9998341327646891 1
o 5090 0.06315158215701779 0.07095461527336322
o 5100 0.9872180615498877 0.9904960526829698
o 5110 0.9995349878824064 0.9999681957182619
o 5120 0.16055035081699318 0.17216218034507103
o 5130 0 0.00016586723531085122
o 5140 0.9981128936006963 0.9992353457234481
o 5150 0.0009541624966428543 0.0021772141478536566
o 5160 0.004924467215730086 0.0073635873963801
o 5170 0.9998341327646891 1
o 5180 0.21224378916397446 0.22513106883954725
o 5190 0.6335395643832251 0.6484928997261743
o 5200 0.9998341327646891 1
o 5210 0.9956877226395184 0.9975026664820278
o 5220 0.9998341327646891 1
o 5230 0 0.00016586723531085122
o 5240 0.06457223766282769 0.07245346163117727
o 5250 0.9987357880946652 0.999611282711117
o 5260 0.9998341327646891 1
o 5270 0.999784848241918 0.9999999949993749
o 5280 0 0.00016586723531085122
o 5290 0.0008746641346896233 0.002056863698624789
o 5300 0.8055115254930987 0.8177033879352558
o 5310 0.7520065100060987 0.7653462713809523
o 5320 0.9997041638433971 0.9999976422569008
o 5330 0 0.00016586723531085122
o 5340 0 0.00016586723531085122
o 5350 0.9624451653370794 0.9681575054522047
o 5360 0.9998341327646891 1
o 5370 0.6358698852242205 0.6508017968243683
o 5380 0 0.00016586723531085122
o 5390 0.9998341327646891 1
o 5400 0.5923075650186302 0.6075787459606071
o 5410 4.5058589854506926e-07 0.0002572679890114893
o 5420 0.9682351251417213 0.973485597818527
o 5430 0.9951682130791031 0.9971024818886722
o 5440 0.9998341327646891 1
o 5450 2.357743099213211e-06 0.0002958361566028911
o 5460 0.9927903109592581 0.9952015656674685
o 5470 0.9995668564461039 0.999976016692425
o 5480 0.5814168495163666 0.596753121791932
o 5490 0.04106721322732769 0.047486794420705136
o 5500 0.726508195655486 0.7402931134311783
o 5510 0.5087087623422489 0.5242856769483378
o 5520 0 0.00016586723531085122
o 5530 0 0.00016586723531085122
o 5540 0.013479410842868435 0.017324828009666615
o 5550 0.4711377756264084 0.48670932860565475
o 5560 0.0032836516387508095 0.005325383578612675
o 5570 0.9998341327646891 1
o 5580 0.13010593107802382 0.14077705343873093
o 5590 0.0002104806012700251 0.0009235038099101311
o 5600 0 0.00016586723531085122
o 5610 0.2842329597211474 0.298397394375565
o 5620 0 0.00016586723531085122
o 5630 0 0.00016586723531085122
o 5640 0.030633141323012293 0.03624462766857939
o 5650 0.004331838789331963 0.006636546926323317
o 5660 0.9927683153359265 0.9951835711588076
o 5670 0.0008746641346896233 0.002056863698624789
o 5680 0 0.00016586723531085122
o 5690 0.9970661424168645 0.9985232526257974
o 5700 0.3929993199270379 0.40827417360435925
o 5710 0 0.00016586723531085122
o 5720 0.9998341327646891 1
o 5730 0 0.00016586723531085122
o 5740 0.0039925344767277795 0.00621605100431144
o 5750 0.06369642922344362 0.07152957711631036
o 5760 0.9837161890582453 0.9874392015150425
o 5770 0.9998341327646891 1
o 5780 0.9992409148798167 0.9998643624923798
o 5790 0.9734216590946372 0.9782173057520893
o 5800 0.10645996789723258 0.11627116913103641
o 5810 0.9674840511029925 0.9727969252472476
o 5820 0.12049460125745556 0.13083169282170426
o 5830 0 0.00016586723531085122
o 5840 0.27668978805594097 0.2907431289600474
o 5850 0 0.00016586723531085122
o 5860 0.05093451019900691 0.05801598967783761
o 5870 0.9467894660592941 0.9535784342403564
o 5880 0.9217816847831898 0.9299545316043029
o 5890 0.04375247697079841 0.05036057233820446
o 5900 0.9246734668163735 0.9327017886617578
o 5910 0 0.00016586723531085122
o 5920 0.9998341327646891 1
o 5930 0 0.00016586723531085122
o 5940 0.0006717323004385943 0.0017402522987572944
o 5950 0.2433316896833096 0.2568325736539404
o 5960 0.00044654910006778687 0.001366140519119985
o 5970 0.9962802289563542 0.9979497738504909
o 5980 0.9998341327646891 1
o 5990 0.6406516582159159 0.6555384192372811
o 6000 0.5951361771170528 0.6103891833746726
o 6010 0.017077866135907446 0.021364958478995555
o 6020 0.7733735605866555 0.786292080881065
o 6030 0.007088259566571023 0.009958710290190909
o 6040 0 0.00016586723531085122
o 6050 5.888889772228268e-05 0.0005571263040640151
o 6060 0.006905116871065459 0.009741939458987714
o 6070 0.00056521870835256 0.0015670639793761154
o 6080 0.4938270719971703 0.509412382042814
o 6090 0.9998341327646891 1
o 6100 0.9808740014539269 0.9849223942398438
o 6110 0.9998341327646891 1
o 6120 0.9998341327646891 1
o 6130 0.0062476035794642 0.008959770046350957
o 6140 0.999784848241918 0.9999999949993749
o 6150 0 0.00016586723531085122
o 6160 0 0.00016586723531085122
o 6170 0.9368771398960067 0.9442540590557864
o 6180 0.004403458086905679 0.006724886495749316
o 6190 0.01738041181791882 0.021702296030074564
o 6200 0.29074583696535117 0.3050023050428601
o 6210 0 0.00016586723531085122
o 6220 0 0.00016586723531085122
o 6230 0 0.00016586723531085122
o 6240 0.25304426418170406 0.2667166933670575
o 6250 0.8085687817156414 0.8206851118804035
o 6260 0 0.00016586723531085122
o 6270 0 0.00016586723531085122
o 6280 0.00031816687187396863 0.0011351080949426606
o 6290 0.47297630992649414 0.4885501742000873
o 6300 0.00010097297528831012 0.0006742276410476311
o 6310 0.9998341327646891 1
o 6320 0.9998341327646891 1
o 6330 0.6254451778640692 0.6404700031801598
o 6340 0.7498266611738125 0.7632068489398006
o 6350 0.9995037605889281 0.9999597116202779
o 6360 0.9618631785839489 0.9676196874005253
o 6370 0.0013277268003427912 0.002723068866291478
o 6380 0.000276936226907186 0.0010565779080022875
o 6390 0.9996678275924519 0.9999940967944916
o 6400 0.0010504526913592692 0.0023207562004931015
o 6410 0.9963490151246003 0.9980009395209813
o 6420 0.5976440327802699 0.6128804850751188
o 6430 0.43928004245174773 0.4547778126473543
o 6440 0 0.00016586723531085122
o 6450 0.9998341327646891 1
o 6460 5.903205508420937e-06 0.0003321724075481258
o 6470 0.04156923851615865 0.04802458972022117
o 6480 0.994741753465212 0.996769175618257
o 6490 0.000811604980828483 0.0019600525603613583
o 6500 0.00061059424850451 0.0016415551285525742
o 6510 0 0.00016586723531085122
o 6520 0.009022334027482391 0.012223761006838751
o 6530 0.0002104806012700251 0.0009235038099101311
o 6540 0.9995349878824064 0.9999681957182619
o 6550 0.950486746457045 0.9570399217636083
o 6560 0.9924607270579469 0.9949312960475685
o 6570 2.357743099213211e-06 0.0002958361566028911
o 6580 0.648167511376242 0.6629800445065467
o 6590 0.058309880935614136 0.06583801729782035
o 6600 0.9998341327646891 1
o 6610 0.9870036256442971 0.990310568459844
o 6620 0.999784848241918 0.9999999949993749
o 6630 0.7380432580424664 0.7516341922759673
o 6640 0 0.00016586723531085122
o 6650 0.00026340314700223097 0.001030197163089941
o 6660 0.9954839710957356 0.9973465410699824
o 6670 0.006777041762201833 0.00959007550468538
o 6680 0.7186467734997629 0.7325571663237698
o 6690 0.7947651563451648 0.8072133428329236
o 6700 0.9415512699479646 0.9486583741748864
o 6710 0.5007069964373565 0.5162901389567583
o 6720 0.999784848241918 0.9999999949993749
o 6730 0.9998341327646891 1
o 6740 0.0013112562352185406 0.0026995616632110586
o 6750 0.3532388976587717 0.36820805169073756
o 6760 0.4421149812242936 0.4576219167315245
o 6770 0.6056705737999495 0.6208512475819132
o 6780 0.9998341327646891 1
o 6790 0 0.00016586723531085122
o 6800 0.9989171466500022 0.9997094220119266
o 6810 0.9916507186090978 0.9942616533994505
o 6820 0.9998341327646891 1
o 6830 0.00031816687187396863 0.0011351080949426606
o 6840 0.976844620220364 0.9813131731400054
o 6850 0.9299490542832817 0.9377044479374008
o 6860 0.9998341327646891 1
o 6870 0.9667959273565025 0.9721652809326785
o 6880 0.00467257012699366 0.007055622758390001
o 6890 0.3730326534488556 0.38816759475371787
o 6900 0.2662326745507626 0.2801237970877698
o 6910 0.9765080451566432 0.9810098639242136
o 6920 0 0.00016586723531085122
o 6930 0 0.00016586723531085122
o 6940 0.9998341327646891 1
o 6950 0.1068914418555478 0.11671954607981772
o 6960 0 0.00016586723531085122
o 6970 0.9945851794921386 0.9966458324047529
o 6980 0 0.00016586723531085122
o 6990 0.9997427320109885 0.9999995494141014
o 7000 0.2906664010184578 0.30492176796588766
o 7010 0.9998341327646891 1
o 7020 0.990171327453822 0.9930216508854749
o 7030 0.9120315932123776 0.9206678628024417
o 7040 0 0.00016586723531085122
o 7050 0 0.00016586723531085122
o 7060 0.973966821293241 0.9787119576995812
o 7070 0.08904629134506942 0.0981308757413023
o 7080 4.028837972215593e-05 0.0004962394110719082
o 7090 0.48414967347627175 0.4997330428440089
o 7100 0.1175483451211749 0.12777896455371274
o 7110 0.03232267982507333 0.03807447509680073
o 7120 0.8253238767630272 0.8370044299905453
o 7130 0.9998341327646891 1
o 7140 0.9770550487388561 0.9815026722047718
o 7150 0 0.00016586723531085122
o 7160 0.3008362985762943 0.3152284175876504
o 7170 0.8947219556076889 0.904103252703613
o 7180 0.9998341327646891 1
o 7190 0.18776793301882028 0.2000952829180508
o 7200 0.06879826733343737 0.07690595235575814
o 7210 0.1408288741302511 0.15185042381020797
o 7220 0.7543077130323143 0.7676042991223962
o 7230 0.9993836603972324 0.9999207619417313
o 7240 1.0851213888255374e-05 0.0003669346313138755
o 7250 0.9990229026390082 0.9997633135035773
o 7260 0.0015100441422738538 0.002980520524678121
o 7270 0.9620917927372407 0.9678309965819649
o 7280 0.4984468587158239 0.5140310383268178
o 7290 1.694642373683569e-05 0.00040050853982798174
o 7300 5.903205508420937e-06 0.0003321724075481258
o 7310 5.000625091698381e-09 0.00021515175808195508
o 7320 0.9319213836695953 0.939571462962362
o 7330 0.6522076164159328 0.6669785842574234
o 7340 0.0023246382490675443 0.004085115261693861
o 7350 0.9998341327646891 1
o 7360 0.006047300703750333 0.008720171978144786
o 7370 0 0.00016586723531085122
o 7380 0.9976078010658749 0.9989010690693881
o 7390 0 0.00016586723531085122
o 7400 0.7653127275029259 0.7783956068664086
o 7410 0.0023936136390990924 0.004176082015706184
o 7420 0 0.00016586723531085122
o 7430 0.3469492021573809 0.3618598776359623
o 7440 0.45621359392362876 0.4717585453191989
o 7450 0.9998341327646891 1
o 7460 0.9998341327646891 1
o 7470 0.0046905401725422765 0.007077642734906964
o 7480 5.000625091698381e-09 0.00021515175808195508
o 7490 0.7854612775082374 0.798120327343837
o 7500 0.9998341327646891 1
o 7510 0.9863396987797751 0.989734740952503
o 7520 0.6606314332261343 0.6753119423277216
o 7530 0.09579883264578297 0.10517599296366786
o 7540 0.9998341327646891 1
o 7550 0.9996330653686861 0.9999891487861118
o 7560 0.5212155181378818 0.5367747084736652
o 7570 0.9998341327646891 1
o 7580 0.9990496341945716 0.9997764839702489
o 7590 0.07505725314220442 0.0834847805890423
o 7600 0.0012291859474182001 0.0025817466336585104
o 7610 0.8701450741241186 0.8804483068275876
o 7620 5.903205508420937e-06 0.0003321724075481258
o 7630 0.9998341327646891 1
o 7640 0.9922194906714479 0.9947326378860454
o 7650 2.357743099213211e-06 0.0002958361566028911
o 7660 0.16124048705186642 0.1728718075952278
o 7670 0.25478903743588266 0.2684913264558523
o 7680 0.010786374656034959 0.014258966083483093
o 7690 0.9985580909074143 0.9995093820155696
o 7700 0.9998341327646891 1
o 7710 0.12084821724318037 0.13119795497761277
o 7720 0.7967681807460063 0.809169649963877
o 7730 0.01026525904749699 0.01366030122022488
o 7740 0.6076173338973243 0.6227838335808011
o 7750 0 0.00016586723531085122
o 7760 0.0012619563558892142 0.0026289296237249626
o 7770 0.9998341327646891 1
o 7780 0 0.00016586723531085122
o 7790 0.9900412897098091 0.9929117404334288
o 7800 0.9997427320109885 0.9999995494141014
o 7810 0.9998341327646891 1
o 7820 0.1221645754450217 0.13256114321594203
o 7830 1.0851213888255374e-05 0.0003669346313138755
o 7840 0.9998341327646891 1
o 7850 0 0.00016586723531085122
o 7860 0.21398493018427617 0.22690933385472922
o 7870 0.9998341327646891 1
o 7880 0.0009382061982206309 0.002153199794018512
o 7890 0.9895867217362898 0.99252648793873
o 7900 0 0.00016586723531085122
o 7910 0 0.00016586723531085122
o 7920 0.0006410764471717533 0.0016909888185497879
o 7930 0 0.00016586723531085122
o 7940 0 0.00016586723531085122
o 7950 0.999784848241918 0.9999999949993749
o 7960 0.999442873695936 0.9999411111022777
o 7970 0 0.00016586723531085122
o 7980 0.5318250771383433 0.5473615770955202
o 7990 0.9983090111814502 0.9993589235528282
o 8000 0.9978708418570428 0.999077722372286
o 8010 0.012523349849608144 0.016241274788210802
o 8020 0.9625075328125224 0.9682151170536609
o 8030 0.9462734839496483 0.9530945882042985
o 8040 0.1356922963935665 0.14654876680624285
o 8050 0.7416744318698174 0.7552018040567481
o 8060 0.9725625686250813 0.9774366886265413
o 8070 0.9981616966934683 0.9992664707710186
o 8080 0.4979868501636549 0.5135712019046503
o 8090 0.5289821704694726 0.5445254408949276
o 8100 0.0024627268226413025 0.004266912057385719
o 8110 0 0.00016586723531085122
o 8120 0.13293807271644226 0.1437039375433854
o 8130 0.9970428031898161 0.9985066120860036
o 8140 0 0.00016586723531085122
o 8150 0.9994130827814863 0.9999311292217226
o 8160 0.6501372403132275 0.6649296548237003
o 8170 0.7386685832415595 0.752248657935038
o 8180 0.42620670163164437 0.44165556850435994
o 8190 0.18944724875085267 0.20181539320993958
o 8200 0 0.00016586723531085122
o 8210 0.9998341327646891 1
o 8220 0.7047043054572275 0.7188243018071516
o 8230 0.9998341327646891 1
o 8240 0.9998341327646891 1
o 8250 0.9424992541500912 0.9495500745064354
o 8260 0.9906705095265624 0.9934422679202571
o 8270 0.9970194794753219 0.9984899558577263
o 8280 0 0.00016586723531085122
o 8290 0 0.00016586723531085122
o 8300 0.0002366864964226909 0.0009770973609918299
o 8310 0.006521211678737687 0.009286028527652257
o 8320 0.13746325187888112 0.14837720256339726
o 8330 0.9998341327646891 1
o 8340 0.555879837708912 0.571338721244351
o 8350 0.999599491460172 0.9999830535762632
o 8360 0.9956650521574533 0.9974853508716593
o 8370 0.16027430665380574 0.17187831911567786
o 8380 0.9690492689596023 0.9742311790374358
o 8390 0.8219591485660902 0.8337302798146098
o 8400 4.5058589854506926e-07 0.0002572679890114893
o 8410 0.12357937959992017 0.1340258516948014
o 8420 0 0.00016586723531085122
o 8430 0.9987614482791993 0.999625557902435
o 8440 0.39088644348436097 0.4061477645961591
o 8450 0.00537587719933642 0.007911937369183608
o 8460 0.9998341327646891 1
o 8470 0.9998341327646891 1
o 8480 0.47301627923662226 0.4885901914093854
o 8490 0.11668429689590788 0.12688331072528014
o 8500 0.31896163139967265 0.3335769349621137
o 8510 0.9998341327646891 1
o 8520 0.008357131579762426 0.011449257478393315
o 8530 0 0.00016586723531085122
o 8540 0.22352459895483678 0.23664641205776116
o 8550 0.9995349878824064 0.9999681957182619
o 8560 0.9998341327646891 1
o 8570 0.9871108268687839 0.9904033273405761
o 8580 0 0.00016586723531085122
o 8590 0.99612008746949 0.9978300245310231
o 8600 0.9657122848678011 0.9711692882915243
o 8610 0.9378649725831251 0.9451858978446729
o 8620 5.000625091698381e-09 0.00021515175808195508
o 8630 0.9990764961900899 0.99978951939873
o 8640 0.9998341327646891 1
o 8650 0.11207097384099082 0.12209822539459303
o 8660 0.006594261510428823 0.009372943420317581
o 8670 0.2905273887379993 0.30478082745444834
o 8680 0.0001238396693464139 0.0007310322321077978
o 8690 0.9891761637793659 0.9921772061360322
o 8700 0.9993257723589525 0.9998990270247117
o 8710 0.8345304327988067 0.8459548057760419
o 8720 0 0.00016586723531085122
o 8730 5.000625091698381e-09 0.00021515175808195508
o 8740 0.023592490030799128 0.028567868758186843
o 8750 0.8817520764061869 0.8916374438886725
o 8760 0.9997427320109885 0.9999995494141014
o 8770 4.028837972215593e-05 0.0004962394110719082
o 8780 0.9847167999285377 0.9883182312035966
o 8790 0 0.00016586723531085122
o 8800 0.9998341327646891 1
o 8810 0 0.00016586723531085122
o 8820 0.9981372773655336 0.9992509263546009
o 8830 0.9998341327646891 1
o 8840 0 0.00016586723531085122
o 8850 0.9883999872409587 0.9915136812951999
o 8860 0.889335627327561 0.8989313714944733
o 8870 0.9996678275924519 0.9999940967944916
o 8880 0.9710974059806625 0.9761023487606445
o 8890 0.999784848241918 0.9999999949993749
o 8900 0.052408155221955396 0.05958182364884845
o 8910 0.040468803132070276 0.046845418528375316
o 8920 0.9998341327646891 1
o 8930 0.9836736566002813 0.9874017491770309
o 8940 0.07550604025190168 0.08395583696505848
o 8950 0.9956423896922855 0.9974680271834279
o 8960 0.9998341327646891 1
o 8970 0.44998227167817695 0.4655119705573856
o 8980 0.999784848241918 0.9999999949993749
o 8990 0.9998341327646891 1
o 9000 0.9998341327646891 1
o 9010 0.3119246172939103 0.32645633608639757
o 9020 0.2379025717714745 0.2513035402642654
o 9030 0.49566690743159636 0.5112519265055195
o 9040 0 0.00016586723531085122
o 9050 0 0.00016586723531085122
o 9060 0.14774045601258523 0.15897646858278225
o 9070 0.8440480329601795 0.8551940350391438
o 9080 0.0009861560727413455 0.002225163115378459
o 9090 0.47029847987970963 0.4858689074441259
o 9100 1.0851213888255374e-05 0.0003669346313138755
o 9110 0.9998341327646891 1
o 9120 0.010786374656034959 0.014258966083483093
o 9130 0.23146483539088752 0.244743469600455
o 9140 0.38355233369832936 0.39876435511097386
o 9150 0.9951907220735846 0.9971199601512736
o 9160 0.9676926410049054 0.9729882649984102
o 9170 5.000625091698381e-09 0.00021515175808195508
o 9180 0.9998341327646891 1
o 9190 0.5959787934318259 0.6112262839347624
o 9200 0.9998341327646891 1
o 9210 0.017002253760772783 0.02128060008034416
o 9220 0.9998341327646891 1
o 9230 0.0013607221316595808 0.0027700297311785693
o 9240 0.9786350415210044 0.9829221338640927
o 9250 0 0.00016586723531085122
o 9260 0.9971830790248064 0.9986062120708106
o 9270 0.9706791356049738 0.9757207609061979
o 9280 0.4960668856030031 0.5116518135292396
o 9290 0 0.00016586723531085122
o 9300 0.9741346235632493 0.9788640981736604
o 9310 0.009578124893614504 0.012867728885746277
o 9320 0.9982597477012427 0.9993282676995614
o 9330 0.4840697071309416 0.4996530361503718
o 9340 0.9998341327646891 1
o 9350 0.9768656606610799 0.981332125460819
o 9360 2.357743099213211e-06 0.0002958361566028911
o 9370 0.0013112562352185406 0.0026995616632110586
o 9380 0.9775602992505538 0.9819572475943703
o 9390 0.9998341327646891 1
o 9400 0.3414369341100744 0.3562940132365662
o 9410 0.9998341327646891 1
o 9420 0.9804298368030188 0.9845267142806123
o 9430 0.999599491460172 0.9999830535762632
o 9440 0.9998341327646891 1
o 9450 0.11161959401959134 0.12162976102030176
o 9460 4.028837972215593e-05 0.0004962394110719082
o 9470 0.9998341327646891 1
o 9480 0.0004758668143244943 0.001416712981098911
o 9490 0.9998341327646891 1
o 9500 0.705570435287812 0.7196778819626969
o 9510 0.47907220611278567 0.4946522222324
o 9520 0.13492497490511693 0.14575635210561488
o 9530 0.9998341327646891 1
o 9540 0.9874970315467146 0.9907369783518111
o 9550 0.762727512681275 0.7758616855102386
o 9560 0 0.00016586723531085122
o 9570 0.9998341327646891 1
o 9580 0.6222522337759926 0.6373040191888943
o 9590 0.9998341327646891 1
o 9600 0.9998341327646891 1
o 9610 0.2431137044552884 0.2566106330975557
o 9620 0.00013563750762027172 0.0007590851201833004
o 9630 0.9948761849382639 0.9968746717641922
o 9640 0.000843071543134267 0.002008520093297661
o 9650 0.9998341327646891 1
o 9660 0.9982351769925596 0.9993128775364343
o 9670 0.5061279749680222 0.5217073338165958
o 9680 0.9962573212126038 0.9979326974599837
o 9690 0.31174573511410064 0.32627527895436015
o 9700 0.9998341327646891 1
o 9710 0.008338682724288357 0.011427714579305914
o 9720 0.30391589924066564 0.3183477716804791
o 9730 0.9998341327646891 1
o 9740 0 0.00016586723531085122
o 9750 0.11079539960015407 0.12077423996608849
o 9760 0.9786983094108199 0.9829788440559215
o 9770 4.5058589854506926e-07 0.0002572679890114893
o 9780 0 0.00016586723531085122
o 9790 0.27085543586023775 0.2848194641513325
o 9800 0.9998341327646891 1
o 9810 0.5313445680811013 0.5468822479214237
o 9820 0.589539390989296 0.6048278502479538
o 9830 0.027490143690283003 0.03282877449404209
o 9840 0 0.00016586723531085122
o 9850 0 0.00016586723531085122
o 9860 0.10708757435331882 0.11692334581437436
o 9870 0.49726685000377335 0.5128514447135128
o 9880 0.8500587027519615 0.8610213635915941
o 9890 0.9753520684482108 0.9799662371312586
o 9900 0.01359203650518442 0.017452157231087617
o 9910 3.180428173812004e-05 0.0004650121175936439
o 9920 0.9997427320109885 0.9999995494141014
o 9930 0 0.00016586723531085122
o 9940 0.00036024598323412533 0.00121281458400746
o 9950 0.003885707709419962 0.006082942502180666
o 9960 0 0.00016586723531085122
o 9970 0 0.00016586723531085122
o 9980 0.9998341327646891 1
o 9990 0.9998341327646891 1
