0 0.0 0.0 0.0
50 0.0 0.0 0.0
100 1.3 0.08748722493378391 0.07215365209575311
150 0.062594771508593 0.0 0.0
200 0.0 0.0 0.0
250 0.25 0.0163341744673636 0.06990399400567109
300 0.55 0.018070584645554444 0.03397177167484392
350 0.0 0.0 0.0
400 0.55 0.020844289227717083 0.03939159835825191
450 2.0426758183072673 0.0 0.0
500 2.3000000000000003 0.3447506260026698 0.17632054027863378
550 1.3286737080221154 0.0 0.0
600 0.0 0.0 0.0
650 1.9500000000000002 0.04317752497120719 0.0226437046639883
700 2.45 0.5998505369486047 0.3242173396949722
750 0.0 0.0 0.0
800 1.0 0.030651559472308687 0.031620785870994615
850 0.5 0.08556668350684177 0.20646671032842592
900 0.0 0.0 0.0
950 3.1500000000000004 0.0778584109687559 0.02534336674023785
1000 1.25 0.26870015882250775 0.2738206484371648
1050 2.0 0.2272130427600203 0.12816714486311667
1100 0.0 0.0 0.0
1150 0.0 0.0 0.0
1200 2.5500000000000003 0.5637946627962618 0.283855174606466
1250 3.0 0.05730204566683561 0.019472622252126672
1300 0.46419167384346327 0.0 0.0
1350 2.5500000000000003 0.1548844374721714 0.06466679098719763
1400 0.0 0.0 0.0
1450 2.75 0.06726889642280831 0.025074781566110375
1500 1.0749138586681748 0.0 0.0
1550 0.0 0.0 0.0
1600 0.0 0.0 0.0
1650 0.0 0.0 0.0
1700 0.0 0.0 0.0
1750 0.9 0.10795747412246126 0.13630262340125035
1800 0.0 0.0 0.0
1850 0.40573360957448196 0.0 0.0
1900 0.0 0.0 0.0
1950 2.95 0.20853446621967198 0.07606678386071648
2000 0.0 0.0 0.0
2050 2.7 0.07608959777678503 0.028998550298179014
2100 0.0 0.0 0.0
2150 0.0 0.0 0.0
2200 1.213431299093941 0.0 0.0
2250 0.75 0.020679759581790025 0.028354841173654728
2300 0.0 0.0 0.0
2350 0.0 0.0 0.0
2400 0.0 0.0 0.0
2450 1.2163079711777645 0.0 0.0
2500 0.0 0.0 0.0
2550 0.0 0.0 0.0
2600 0.0 0.0 0.0
2650 0.25 0.0007900305567476174 0.0031701402576814457
2700 0.0 0.0 0.0
2750 0.0 0.0 0.0
2800 2.7 0.34273145615409684 0.14539347120584217
2850 0.0 0.0 0.0
2900 0.0 0.0 0.0
2950 0.0 0.0 0.0
3000 0.0 0.0 0.0
3050 1.3252416762421753 0.0 0.0
3100 0.0 0.0 0.0
3150 0.0 0.0 0.0
3200 1.9000000000000001 0.2749153518389216 0.16916986579745963
3250 0.0 0.0 0.0
3300 0.0 0.0 0.0
3350 0.0 0.0 0.0
3400 0.0 0.0 0.0
3450 0.0 0.0 0.0
3500 3.1500000000000004 0.0778584109687559 0.02534336674023785
3550 2.35 0.3210330298956987 0.15822486744532643
3600 2.2 0.09997135938679724 0.047604759979657164
3650 0.0 0.0 0.0
3700 0.0 0.0 0.0
3750 0.0 0.0 0.0
3800 0.0 0.0 0.0
3850 1.05 0.3215085446047149 0.44133468172287876
3900 0.3062545019294693 0.0 0.0
3950 0.9500000000000001 0.09589004878819674 0.1122689750331896
4000 2.75 0.1359116865832375 0.051992002674765475
4050 0.0 0.0 0.0
4100 0.47255656407501556 0.0 0.0
4150 2.3000000000000003 0.332343219693763 0.16890304397601222
4200 0.0 0.0 0.0
4250 2.35 0.06128266657603154 0.026775987441118997
4300 0.0 0.0 0.0
4350 1.85 0.02474696778426022 0.013558102546592673
4400 0.0 0.0 0.0
4450 2.15 0.06240862536974445 0.029895038908559383
4500 1.85 0.3395964779763805 0.22483824555797738
4550 0.0 0.0 0.0
4600 0.0 0.0 0.0
4650 0.0 0.0 0.0
4700 1.4000000000000001 0.09270232805308853 0.07091141523646277
4750 1.85 0.08265095980165471 0.04676549901675279
4800 3.316510661559037 0.0 0.0
4850 1.25 0.022761353990512045 0.018546803479928934
4900 0.0 0.0 0.0
4950 2.5 0.15812737232404483 0.06752176461491351
5000 3.1 0.1342113504126634 0.04525317420421639
5050 2.35 0.5625007102241892 0.3146858370470952
5100 0.0 0.0 0.0
5150 0.6840292558476735 0.0 0.0
5200 0.0 0.0 0.0
5250 0.0 0.0 0.0
5300 1.6111040821367586 0.0 0.0
5350 0.0 0.0 0.0
5400 0.0 0.0 0.0
5450 0.0 0.0 0.0
5500 1.8 0.2779194783269916 0.18259183687700958
5550 2.3000000000000003 0.6076810840593314 0.3590818954603212
5600 0.0838170495870201 0.0 0.0
5650 1.2000000000000002 0.1945150637684967 0.19345398101887767
5700 0.0 0.0 0.0
5750 0.0 0.0 0.0
5800 2.45 0.501539675828595 0.2574030733943109
5850 0.0 0.0 0.0
5900 1.2000000000000002 0.3086748108404944 0.34630998270290775
5950 0.0 0.0 0.0
6000 0.0 0.0 0.0
6050 0.306592974616279 0.0 0.0
6100 2.0 0.6566935136972774 0.4888635024049808
6150 0.0 0.0 0.0
6200 0.0 0.0 0.0
6250 0.0 0.0 0.0
6300 0.0 0.0 0.0
6350 3.0500000000000003 0.20567462125108937 0.07231051088168973
6400 2.2 0.015382042947487129 0.007041067706062704
6450 3.206675691208937 0.0 0.0
6500 0.4 0.02163079264573986 0.057168480482311934
6550 0.0 0.0 0.0
6600 1.2000000000000002 0.1792925820517477 0.17565521607763745
6650 1.41013260608413 0.0 0.0
6700 0.0 0.0 0.0
6750 0.1695859740241994 0.0 0.0
6800 3.1500000000000004 0.14462329488862302 0.04812151988888973
6850 0.0 0.0 0.0
6900 1.4000000000000001 0.05329874467062501 0.03957725921744184
6950 2.9000000000000004 0.5340293672831047 0.22571259334266
7000 3.1 0.67293474858042 0.2772627345667049
7050 2.4000000000000004 0.500522307314982 0.26350523053917296
7100 0.0 0.0 0.0
7150 1.35 0.19588914811008662 0.16973165774267565
7200 0.0 0.0 0.0
7250 0.0 0.0 0.0
7300 0.0 0.0 0.0
7350 0.8500000000000001 0.2304497796078293 0.3719630338634312
7400 2.9000000000000004 0.21316143191775305 0.07933540721424835
7450 0.0 0.0 0.0
7500 0.0 0.0 0.0
7550 1.6500000000000001 0.019689888913811515 0.012077388700419207
7600 1.9000000000000001 0.05289780620675821 0.02863826721905751
7650 0.0 0.0 0.0
7700 0.0 0.0 0.0
7750 0.0 0.0 0.0
7800 2.35 0.27445924165933455 0.13223505274777486
7850 1.346134143865536 0.0 0.0
7900 0.15000000000000002 0.0006914308616638998 0.004630885324627825
7950 0.0 0.0 0.0
8000 0.46242027589187706 0.0 0.0
8050 0.0 0.0 0.0
8100 0.55 0.09247018663778245 0.20210745603276256
8150 0.0 0.0 0.0
8200 0.0 0.0 0.0
8250 0.0 0.0 0.0
8300 0.0 0.0 0.0
8350 0.0 0.0 0.0
8400 0.0 0.0 0.0
8450 0.0 0.0 0.0
8500 0.0 0.0 0.0
8550 0.0 0.0 0.0
8600 0.0 0.0 0.0
8650 0.0 0.0 0.0
8700 0.0 0.0 0.0
8750 0.0 0.0 0.0
8800 0.8107045861853421 0.0 0.0
8850 0.0 0.0 0.0
8900 1.4000000000000001 0.05344039554750646 0.03968661719154655
8950 2.6 0.09992987398451225 0.03997082839583244
9000 0.0 0.0 0.0
9050 0.5 0.011168912768616535 0.02284820474874962
9100 0.0 0.0 0.0
9150 0.0 0.0 0.0
9200 0.0 0.0 0.0
9250 0.4585698041159586 0.0 0.0
9300 0.0 0.0 0.0
9350 1.0 0.12226257649183692 0.13929288328982803
9400 0.0 0.0 0.0
9450 0.0 0.0 0.0
9500 2.5584165339213794 0.0 0.0
9550 0.46627850508559143 0.0 0.0
9600 0.0 0.0 0.0
9650 0.0 0.0 0.0
9700 0.0 0.0 0.0
9750 0.0 0.0 0.0
9800 0.0 0.0 0.0
9850 0.0 0.0 0.0
9900 0.0 0.0 0.0
9950 0.3331098872575381 0.0 0.0
10000 0.6000000000000001 0.020184100141472427 0.03481122222829221
10050 0.0 0.0 0.0
10100 0.6000000000000001 0.038256613078459845 0.06810336172912208
10150 0.5034555559350529 0.0 0.0
10200 0.65 0.016732311520533005 0.026422177895589143
10250 0.0 0.0 0.0
10300 0.0 0.0 0.0
10350 1.6 0.010049025787140842 0.006320336884673967
10400 0.0 0.0 0.0
10450 0.0 0.0 0.0
10500 0.9 0.20687176679307473 0.2984610305598612
10550 1.9500000000000002 0.30367472972086373 0.1844560945537666
10600 0.0 0.0 0.0
10650 0.0 0.0 0.0
10700 0.0 0.0 0.0
10750 0.0 0.0 0.0
10800 0.0 0.0 0.0
10850 2.0500000000000003 0.1289993807295815 0.06715218071016264
10900 3.0500000000000003 0.14772907946181668 0.05090120237101176
10950 0.5 0.08698610955438596 0.21061303642967996
11000 1.05 0.260257329678552 0.3295470024085437
11050 2.3000000000000003 0.30257308293410756 0.1514814286064445
11100 0.0 0.0 0.0
11150 0.15000000000000002 0.03525792834200034 0.30727986546286307
11200 0.0 0.0 0.0
11250 0.9 0.05100377719236071 0.060075387642704335
11300 0.7000000000000001 0.00705689444312585 0.010183944953828026
11350 0.75 0.13912840641358826 0.22775393040748365
11400 0.0 0.0 0.0
11450 2.25 0.08086968395262062 0.037282077224379276
11500 0.6198987423604279 0.0 0.0
11550 0.0 0.0 0.0
11600 0.0 0.0 0.0
11650 0.0 0.0 0.0
11700 0.0 0.0 0.0
11750 0.0 0.0 0.0
11800 0.0 0.0 0.0
11850 0.0 0.0 0.0
11900 0.0 0.0 0.0
11950 3.316510661559037 0.0 0.0
12000 0.0 0.0 0.0
12050 1.6 0.34912162077869224 0.2791011712873526
12100 0.0 0.0 0.0
12150 0.8500000000000001 0.07361515364057758 0.09481786511646816
12200 1.9000000000000001 0.11909738516604484 0.06687473204544037
12250 0.25 0.03633920531511284 0.1700789579515835
12300 0.0 0.0 0.0
12350 3.1 0.5840133198470814 0.23212099032717684
12400 1.2000000000000002 0.07232449961357279 0.06413591462152801
12450 0.0 0.0 0.0
12500 0.0 0.0 0.0
12550 3.1 0.2324486381501627 0.0810617174090342
12600 0.0 0.0 0.0
12650 0.0 0.0 0.0
12700 0.0 0.0 0.0
12750 0.0 0.0 0.0
12800 2.9000000000000004 0.14828626676730572 0.05388869669705795
12850 0.0 0.0 0.0
12900 0.0 0.0 0.0
12950 0.0 0.0 0.0
13000 2.1 0.112210485124697 0.05644988278939389
13050 0.0 0.0 0.0
13100 2.25 0.4858193943033111 0.27537962538220806
13150 1.7383871553471717 0.0 0.0
13200 0.8500000000000001 0.03479943777985861 0.04268819158451607
13250 0.0 0.0 0.0
13300 0.8 0.004497849933891684 0.005654101542677039
13350 1.85 0.1101169904265995 0.06328988203269996
13400 1.2000000000000002 0.15855564433705638 0.15224591066713872
13450 0.0 0.0 0.0
13500 1.5 0.13280715694146372 0.09713856945327616
13550 0.0 0.0 0.0
13600 0.0 0.0 0.0
13650 1.6 0.1330610316636065 0.09070659007341428
13700 1.5 0.0010244874242597568 0.0006834584125389383
13750 1.9000000000000001 0.47025306276062184 0.3289065012222431
13800 2.25 0.513104911497541 0.2954150281695696
13850 2.25 0.5340685573462951 0.31124119767882613
13900 1.05 0.026213043772745914 0.025604002486360355
13950 1.1 0.07356324048086016 0.07166855609820785
14000 1.3 0.2438930897625029 0.2309359851718575
14050 0.0 0.0 0.0
14100 0.0 0.0 0.0
14150 0.25 0.01891620566066604 0.08185864229357695
14200 3.316510661559037 0.0 0.0
14250 0.0 0.0 0.0
14300 2.45 0.1026093822986116 0.043712103782321814
14350 0.0 0.0 0.0
14400 0.55 0.13145505185951367 0.3140763075591829
14450 1.4000000000000001 0.1124624275902657 0.08734690932535882
14500 2.35 0.1105007995795293 0.04934174549327034
14550 0.4 0.06088552723604934 0.1795426976023824
14600 0.0 0.0 0.0
14650 0.9500000000000001 0.18032842708701802 0.23429269500564714
14700 2.5500000000000003 0.4867883987583279 0.23593721480887914
14750 0.0 0.0 0.0
14800 0.1831910199896656 0.0 0.0
14850 0.0 0.0 0.0
14900 0.0 0.0 0.0
14950 0.0 0.0 0.0
15000 1.1500000000000001 0.09122218145755956 0.08615800204724723
15050 2.6 0.03618356078936902 0.014113163577541265
15100 0.0 0.0 0.0
15150 0.0 0.0 0.0
15200 0.0 0.0 0.0
15250 0.0 0.0 0.0
15300 0.0 0.0 0.0
15350 0.0 0.0 0.0
15400 0.0 0.0 0.0
15450 2.95 0.2869656960750042 0.1077589183331401
15500 0.9 0.09019249905928028 0.11137523294672796
15550 0.0 0.0 0.0
15600 0.0 0.0 0.0
15650 0.0 0.0 0.0
15700 0.0 0.0 0.0
15750 0.0 0.0 0.0
15800 1.1500000000000001 0.14520359176537934 0.1445104606021583
15850 3.0 0.30899291172435195 0.11482426526135589
15900 0.0 0.0 0.0
15950 0.35000000000000003 0.06993403775704649 0.24970559505685172
16000 2.7 0.54492827920284 0.2528585354928565
16050 1.25 0.24080215642610403 0.23860748212991192
16100 0.0 0.0 0.0
16150 0.0 0.0 0.0
16200 3.2517827580276113 0.0 0.0
16250 0.0 0.0 0.0
16300 0.8500000000000001 0.13045684672531133 0.18130510467870278
16350 3.316510661559037 0.0 0.0
16400 2.8000000000000003 0.08260458115135227 0.030398439836316342
16450 0.0 0.0 0.0
16500 0.0 0.0 0.0
16550 0.0 0.0 0.0
16600 0.0 0.0 0.0
16650 1.1214185094696731 0.0 0.0
16700 0.0 0.0 0.0
16750 1.05 0.03707090103755095 0.03659772542374679
16800 0.0 0.0 0.0
16850 0.0 0.0 0.0
16900 0.0 0.0 0.0
16950 0.75 0.11079018821785658 0.17332366646401898
17000 2.8000000000000003 0.04828626676730563 0.017547707155780065
17050 0.0 0.0 0.0
17100 0.0 0.0 0.0
17150 0.0 0.0 0.0
17200 0.0 0.0 0.0
17250 0.0 0.0 0.0
17300 0.0 0.0 0.0
17350 0.0 0.0 0.0
17400 0.262795375379753 0.0 0.0
17450 0.0 0.0 0.0
17500 2.7 0.15976566829282124 0.06289406701524651
17550 2.0 0.24735802353956293 0.1411343713444071
17600 0.0 0.0 0.0
17650 0.0 0.0 0.0
17700 0.55 0.0997775092875407 0.2216182250905474
17750 0.0 0.0 0.0
17800 0.0 0.0 0.0
17850 0.0 0.0 0.0
17900 0.0 0.0 0.0
17950 1.1500000000000001 0.00788689774161866 0.006905531270084666
18000 0.25 0.009325504538339746 0.038747373378519495
18050 0.0 0.0 0.0
18100 3.2 0.05872338547578426 0.018694114744389877
18150 1.0 0.03311952734264079 0.03425400375665422
18200 1.05 0.22630447516545482 0.27474287323694313
18250 0.0 0.0 0.0
18300 0.75 0.07566618128402625 0.11220878915446549
18350 0.08368478260171278 0.0 0.0
18400 0.35000000000000003 0.0745593188345065 0.2706910196381227
18450 0.0 0.0 0.0
18500 2.0289669701043014 0.0 0.0
18550 1.1 0.0787657105777364 0.07712795329492513
18600 0.0 0.0 0.0
18650 0.65 0.021184237436649878 0.03368910052491833
18700 0.0 0.0 0.0
18750 1.9000000000000001 0.05630196023141276 0.03053751699951882
18800 0.8 0.004294169769786027 0.00539668003757574
18850 0.7652430017878653 0.0 0.0
18900 0.0 0.0 0.0
18950 2.25 0.33034920087135644 0.17208817406858923
19000 0.65 0.15496320054362483 0.3130336991387261
19050 0.0 0.0 0.0
19100 1.6500000000000001 0.16583650884689982 0.11173735901430605
19150 0.0 0.0 0.0
19200 0.0 0.0 0.0
19250 0.0 0.0 0.0
19300 0.0 0.0 0.0
19350 3.1500000000000004 0.09656740298201916 0.031625850551385365
19400 0.9653214628219804 0.0 0.0
19450 0.0 0.0 0.0
19500 0.0 0.0 0.0
19550 0.0 0.0 0.0
19600 0.0 0.0 0.0
19650 0.352399487483258 0.0 0.0
19700 0.0 0.0 0.0
19750 0.0 0.0 0.0
19800 3.316510661559037 0.0 0.0
19850 0.0 0.0 0.0
19900 1.1500000000000001 0.13898228719551597 0.13746770747466922
19950 3.1500000000000004 0.24772907946181677 0.08535697949793021
20000 0.0 0.0 0.0
20050 0.0 0.0 0.0
20100 0.0 0.0 0.0
20150 0.0 0.0 0.0
20200 1.4500000000000002 0.26456662072766113 0.2231813489932783
20250 0.0 0.0 0.0
20300 0.5 0.05287776603325567 0.11826243925321898
20350 2.15 0.25095121188371583 0.1321457423601217
20400 0.0 0.0 0.0
20450 0.3996357010192517 0.0 0.0
20500 0.0 0.0 0.0
20550 0.378917663669723 0.0 0.0
20600 0.55 0.14653605252690044 0.3631949110810465
20650 0.0 0.0 0.0
20700 1.7000000000000002 0.268451063240722 0.18752489443248654
20750 0.0 0.0 0.0
20800 2.8000000000000003 0.10899291172435221 0.04050264757726559
20850 0.0 0.0 0.0
20900 0.0 0.0 0.0
20950 0.0 0.0 0.0
21000 0.0 0.0 0.0
21050 0.0 0.0 0.0
21100 0.0 0.0 0.0
21150 0.0 0.0 0.0
21200 0.007744242532675048 0.0 0.0
21250 3.2 0.02893637948231298 0.009125133691763968
21300 2.4000000000000004 0.529105717541384 0.28280898739295157
21350 0.0 0.0 0.0
21400 1.2000000000000002 0.2285064510684216 0.23521149607192615
21450 3.1500000000000004 0.0778584109687559 0.02534336674023785
21500 0.0 0.0 0.0
21550 1.8 0.2118091104243185 0.133365020423274
21600 0.7000000000000001 0.08079820674169114 0.13048768207941058
21650 0.0 0.0 0.0
21700 0.0 0.0 0.0
21750 0.0 0.0 0.0
21800 2.25 0.547822978992627 0.3218366669457313
21850 2.35 0.6004282180649874 0.3431858151032354
21900 0.0 0.0 0.0
21950 1.05 0.2910705163295011 0.3835277487465145
22000 0.0 0.0 0.0
22050 0.0 0.0 0.0
22100 2.35 0.22904834804525942 0.10799319627779386
22150 0.2098780567766324 0.0 0.0
22200 0.0 0.0 0.0
22250 0.0 0.0 0.0
22300 0.0 0.0 0.0
22350 0.0 0.0 0.0
22400 0.0 0.0 0.0
22450 0.0 0.0 0.0
22500 0.0 0.0 0.0
22550 2.15 0.5282125264836375 0.32569774715201505
22600 0.0 0.0 0.0
22650 2.95 0.6306360376733133 0.27190042094156114
22700 0.35000000000000003 0.05970034563569643 0.2056507637476451
22750 1.4000000000000001 0.002838990908970329 0.0020319711833479597
22800 0.0 0.0 0.0
22850 0.0 0.0 0.0
22900 0.0 0.0 0.0
22950 0.0 0.0 0.0
23000 0.0 0.0 0.0
23050 1.75 0.11101858391074826 0.06773632868617144
23100 0.0 0.0 0.0
23150 0.0 0.0 0.0
23200 0.057183976278599724 0.0 0.0
23250 2.75 0.05476282413109557 0.020318369240896524
23300 2.15 0.46707593691329596 0.27753833173947096
23350 0.0 0.0 0.0
23400 2.3080177520380207 0.0 0.0
23450 0.0 0.0 0.0
23500 0.0 0.0 0.0
23550 2.7 0.05180768046554585 0.01956341315673535
23600 2.1 0.020483672693280663 0.009850210082173311
23650 0.0 0.0 0.0
23700 0.0 0.0 0.0
23750 3.2 0.02893637948231298 0.009125133691763968
23800 1.35 0.1577034782217248 0.13226867255010918
23850 2.0842059058609115 0.0 0.0
23900 0.0 0.0 0.0
23950 0.0 0.0 0.0
24000 0.0 0.0 0.0
24050 0.0 0.0 0.0
24100 0.0 0.0 0.0
24150 0.30000000000000004 0.0077823210678359955 0.026631931018939473
24200 0.0 0.0 0.0
24250 0.0 0.0 0.0
24300 0.36072382074499365 0.0 0.0
24350 0.0 0.0 0.0
24400 0.0 0.0 0.0
24450 0.0 0.0 0.0
24500 0.0 0.0 0.0
24550 2.1021406907489153 0.0 0.0
24600 0.0 0.0 0.0
24650 0.0 0.0 0.0
24700 0.0 0.0 0.0
24750 0.0 0.0 0.0
24800 0.0 0.0 0.0
24850 0.0 0.0 0.0
24900 2.25 0.5411360576166901 0.3166642142744151
24950 0.0 0.0 0.0
25000 2.0 0.4967442647615399 0.33044561422061813
25050 0.0 0.0 0.0
25100 0.0 0.0 0.0
25150 1.9000000000000001 0.24245073303068443 0.1462706043567468
25200 0.0 0.0 0.0
25250 1.4500000000000002 0.20009418416069558 0.16008740948719682
25300 0.0 0.0 0.0
25350 2.3000000000000003 0.616278169520379 0.36602136906713817
25400 2.6 0.17293474858042002 0.07125261608820414
25450 0.0 0.0 0.0
25500 1.2000000000000002 0.21803072312004845 0.2220341595745294
25550 1.1500000000000001 0.05298104221097888 0.04829546639536579
25600 0.0 0.0 0.0
25650 0.0 0.0 0.0
25700 3.316510661559037 0.0 0.0
25750 0.0 0.0 0.0
25800 0.0 0.0 0.0
25850 1.2696317662712948 0.0 0.0
25900 3.1 0.2556746212510892 0.08988937171581572
25950 0.0 0.0 0.0
26000 0.8 0.14792461152023417 0.22685200842360012
26050 0.8500000000000001 0.25881518305366935 0.437790646232319
26100 0.65 0.055744452484224105 0.09380552309062666
26150 0.3610696857105244 0.0 0.0
26200 0.0 0.0 0.0
26250 1.3 0.2948596657744782 0.2933517397863381
26300 0.0 0.0 0.0
26350 0.0 0.0 0.0
26400 0.0 0.0 0.0
26450 0.0 0.0 0.0
26500 0.0 0.0 0.0
26550 0.0 0.0 0.0
26600 0.0 0.0 0.0
26650 1.6500000000000001 0.01657605227825454 0.010148040440679443
26700 0.0 0.0 0.0
26750 0.1 0.0034718118404276493 0.0359668186736121
26800 0.0 0.0 0.0
26850 0.0 0.0 0.0
26900 2.5500000000000003 0.21624138421496708 0.0926579907417835
26950 0.0 0.0 0.0
27000 2.35 0.3227869698952204 0.159226960907279
27050 0.0 0.0 0.0
27100 0.0 0.0 0.0
27150 0.45 0.036072807482086744 0.08714771132250666
27200 0.0 0.0 0.0
27250 0.0 0.0 0.0
27300 2.5500000000000003 0.3591792994470846 0.16394737340049578
27350 2.044499189824476 0.0 0.0
27400 1.4500000000000002 0.06294869867222319 0.045383107756695476
27450 0.0 0.0 0.0
27500 0.0 0.0 0.0
27550 2.0 0.45457767886328915 0.2941446313063032
27600 3.206675691208937 0.0 0.0
27650 0.0 0.0 0.0
27700 0.8 0.04708534407647891 0.06253742533238947
27750 0.0 0.0 0.0
27800 0.0 0.0 0.0
27850 2.1 0.5040632302746797 0.3158416046529431
27900 0.0 0.0 0.0
27950 0.0 0.0 0.0
28000 0.65 0.01602758110399083 0.025281196194467004
28050 0.0 0.0 0.0
28100 1.3158662690795624 0.0 0.0
28150 0.0 0.0 0.0
28200 0.0 0.0 0.0
28250 2.25 0.16914975950118372 0.08128877139213803
28300 0.0 0.0 0.0
28350 0.0 0.0 0.0
28400 0.0 0.0 0.0
28450 2.0 0.056797609511539005 0.029228869720184854
28500 0.0 0.0 0.0
28550 0.0 0.0 0.0
28600 0.0 0.0 0.0
28650 1.4500000000000002 0.2207649525371571 0.17959539389380316
28700 3.1 0.29026842824532784 0.10330824167094928
28750 0.0 0.0 0.0
28800 0.0 0.0 0.0
28850 1.05 0.05818211872695245 0.058662098985625064
28900 0.0 0.0 0.0
28950 0.7262628073057942 0.0 0.0
29000 0.0 0.0 0.0
29050 2.85 0.5306360376733132 0.22878515243506753
29100 0.0 0.0 0.0
29150 2.8000000000000003 0.015000672286227701 0.005386239104963041
29200 0.0 0.0 0.0
29250 0.0 0.0 0.0
29300 1.1 0.08393371085087109 0.08260653044710163
29350 0.0 0.0 0.0
29400 1.6500000000000001 0.18619869399175704 0.1272021641376432
29450 0.25 0.0065924978429246495 0.0270842015324178
29500 0.4511547837866509 0.0 0.0
29550 1.9310309033292934 0.0 0.0
29600 0.0 0.0 0.0
29650 0.0 0.0 0.0
29700 0.0 0.0 0.0
29750 1.4500000000000002 0.1668269911601643 0.13001130012156253
29800 0.0 0.0 0.0
29850 0.0 0.0 0.0
29900 0.0 0.0 0.0
29950 0.0 0.0 0.0
30000 0.0 0.0 0.0
30050 0.0 0.0 0.0
30100 2.15 0.4932065031019821 0.297687372642036
30150 2.0 0.32367637956191464 0.19308704811862404
30200 0.0 0.0 0.0
30250 0.0 0.0 0.0
30300 2.0500000000000003 0.03541934597383145 0.017581498116268204
30350 2.460516135458689 0.0 0.0
30400 0.0 0.0 0.0
30450 0.0 0.0 0.0
30500 1.0 0.08751092750506873 0.09590353478513008
30550 1.1743995745044291 0.0 0.0
30600 2.85 0.5319153102304179 0.22946327741083972
30650 1.4000000000000001 0.11554660048077392 0.08995779879910261
30700 0.0 0.0 0.0
30750 3.2517827580276113 0.0 0.0
30800 0.0 0.0 0.0
30850 0.0 0.0 0.0
30900 0.0 0.0 0.0
30950 0.0 0.0 0.0
31000 0.0 0.0 0.0
31050 2.4000000000000004 0.06890368198985541 0.02955848776281905
31100 3.2 0.02893637948231298 0.009125133691763968
31150 0.0 0.0 0.0
31200 0.0 0.0 0.0
31250 1.25 0.24666627802320384 0.24584669349816635
31300 0.0 0.0 0.0
31350 0.0 0.0 0.0
31400 0.0 0.0 0.0
31450 0.45 0.06165056334395863 0.15875023245768768
31500 0.0 0.0 0.0
31550 0.0 0.0 0.0
31600 0.5 0.13650845691354319 0.3755478208775672
31650 0.0 0.0 0.0
31700 0.0 0.0 0.0
31750 0.0 0.0 0.0
31800 2.3000000000000003 0.18052841651279605 0.08517614386495781
31850 0.0 0.0 0.0
31900 0.0 0.0 0.0
31950 0.0 0.0 0.0
32000 2.45 0.30056715566978554 0.13983556474565983
32050 3.1 0.1342113504126634 0.04525317420421639
32100 2.015712773739563 0.0 0.0
32150 0.0 0.0 0.0
32200 2.2 0.5877457443449314 0.36454904199097726
32250 2.1 0.6152949718555227 0.4144223668619839
32300 0.0 0.0 0.0
32350 0.0 0.0 0.0
32400 0.0 0.0 0.0
32450 1.5 0.10051601582615222 0.07182362711030914
32500 0.0 0.0 0.0
32550 0.0 0.0 0.0
32600 1.05 0.13287568111790315 0.144882954668423
32650 2.15 0.4649444880965179 0.27592235674853505
32700 0.0 0.0 0.0
32750 0.1 0.0027449840369805217 0.028224601166322177
32800 0.31828752672991933 0.0 0.0
32850 0.0 0.0 0.0
32900 3.316510661559037 0.0 0.0
32950 1.116512185793178 0.0 0.0
33000 2.1 0.4803205979410068 0.296552884064838
33050 1.8 0.12025496983547534 0.0715912044244577
33100 0.0 0.0 0.0
33150 0.03279747800058455 0.0 0.0
33200 0.0 0.0 0.0
33250 0.0 0.0 0.0
33300 0.7654407621563932 0.0 0.0
33350 0.0 0.0 0.0
33400 0.0 0.0 0.0
33450 1.7000000000000002 0.23218569085553686 0.15818464870455556
33500 2.3000000000000003 0.2785781067875486 0.1378129462844746
33550 1.0498803319198218 0.0 0.0
33600 0.0 0.0 0.0
33650 0.0 0.0 0.0
33700 0.0 0.0 0.0
33750 0.0 0.0 0.0
33800 0.0 0.0 0.0
33850 0.9500000000000001 0.2602002486751519 0.37721128222415884
33900 1.4500000000000002 0.1957081633862412 0.15603080373591452
33950 1.1965376781649506 0.0 0.0
34000 0.0 0.0 0.0
34050 0.0 0.0 0.0
34100 0.0 0.0 0.0
34150 0.0 0.0 0.0
34200 0.9 0.25689133307502365 0.3994524507084462
34250 0.9500000000000001 0.19799727890258256 0.2632933011381128
34300 0.0 0.0 0.0
34350 3.1500000000000004 0.0778584109687559 0.02534336674023785
34400 3.171063620517687 0.0 0.0
34450 0.0 0.0 0.0
34500 0.8 0.1447615978354131 0.22092966065052297
34550 0.0 0.0 0.0
34600 0.0 0.0 0.0
34650 0.0 0.0 0.0
34700 3.1500000000000004 0.0345013620286716 0.011074105957926954
34750 0.0 0.0 0.0
34800 0.0 0.0 0.0
34850 0.0 0.0 0.0
34900 0.0 0.0 0.0
34950 0.33882155198465214 0.0 0.0
35000 0.0 0.0 0.0
35050 2.7 0.1222488329150746 0.04742460578664808
35100 0.0 0.0 0.0
35150 0.0 0.0 0.0
35200 0.0 0.0 0.0
35250 1.55 0.20936716448553416 0.15617039873948024
35300 0.0 0.0 0.0
35350 2.75 0.2775154845903094 0.11224154604839864
35400 0.0 0.0 0.0
35450 0.2300515384217428 0.0 0.0
35500 0.0 0.0 0.0
35550 0.0 0.0 0.0
35600 0.0 0.0 0.0
35650 0.45 0.021366528899733173 0.04984801780618544
35700 2.4000000000000004 0.022065656860903005 0.009279338146811178
35750 0.0 0.0 0.0
35800 0.0 0.0 0.0
35850 0.75 0.17322228115173888 0.3003276227411105
35900 0.0 0.0 0.0
35950 0.0 0.0 0.0
36000 0.0 0.0 0.0
36050 0.45 0.06325079718028659 0.163544738344998
36100 1.9500000000000002 0.5516006780339695 0.3944514770348042
36150 3.1 0.29026842824532784 0.10330824167094928
36200 0.0 0.0 0.0
36250 0.6000000000000001 0.07127953582658719 0.1348151635061519
36300 1.0 0.10020933539210619 0.11136960999231404
36350 3.1500000000000004 0.21805855560685883 0.07437343471639249
36400 0.75 0.055204274811597065 0.07945396439597797
36450 0.0 0.0 0.0
36500 0.0 0.0 0.0
36550 0.0 0.0 0.0
36600 0.9489212570218402 0.0 0.0
36650 0.0 0.0 0.0
36700 1.0066919428434193 0.0 0.0
36750 0.0 0.0 0.0
36800 3.1500000000000004 0.28244863815016297 0.09849819672208324
36850 0.0 0.0 0.0
36900 0.9500000000000001 0.28504262183545437 0.4286629958483139
36950 0.55 0.14335829360236774 0.3525420323270669
37000 0.0 0.0 0.0
37050 0.0 0.0 0.0
37100 0.0 0.0 0.0
37150 0.0 0.0 0.0
37200 0.0 0.0 0.0
37250 0.0 0.0 0.0
37300 3.316510661559037 0.0 0.0
37350 0.0 0.0 0.0
37400 0.936630048687005 0.0 0.0
37450 0.0 0.0 0.0
37500 0.0 0.0 0.0
37550 0.0 0.0 0.0
37600 0.0 0.0 0.0
37650 0.0 0.0 0.0
37700 0.0 0.0 0.0
37750 1.1500000000000001 0.07546287581601319 0.07022826305170272
37800 2.8000000000000003 0.07322595559775547 0.026854427394921106
37850 3.1500000000000004 0.09656740298201916 0.031625850551385365
37900 0.0 0.0 0.0
37950 0.7000000000000001 0.15125939873275673 0.27564827239581563
38000 0.0 0.0 0.0
38050 0.0 0.0 0.0
38100 0.55 0.10473567107127907 0.23522133767882722
38150 3.1 0.29026842824532784 0.10330824167094928
38200 0.0 0.0 0.0
38250 1.0 0.011056443842672792 0.011180055498449363
38300 3.206675691208937 0.0 0.0
38350 2.85 0.7385688269344661 0.34979535982797705
38400 0.0 0.0 0.0
38450 0.21165449370152623 0.0 0.0
38500 0.0 0.0 0.0
38550 2.25 0.0774836698817567 0.03566540274407949
38600 0.0 0.0 0.0
38650 0.0 0.0 0.0
38700 0.0 0.0 0.0
38750 0.0 0.0 0.0
38800 0.0 0.0 0.0
38850 0.0 0.0 0.0
38900 0.0 0.0 0.0
38950 2.85 0.69492827920284 0.3224617874646818
39000 0.0 0.0 0.0
39050 1.8159559092999782 0.0 0.0
39100 0.0 0.0 0.0
39150 2.35 0.5561430745689857 0.31002643894543586
39200 0.0 0.0 0.0
39250 0.23056665273184668 0.0 0.0
39300 0.0 0.0 0.0
39350 0.0 0.0 0.0
39400 0.0 0.0 0.0
39450 0.0 0.0 0.0
39500 0.0 0.0 0.0
39550 0.4602852820137683 0.0 0.0
39600 0.6000000000000001 0.10320934754736899 0.20775219307736467
39650 0.0 0.0 0.0
39700 2.2 0.30052230731498186 0.15821312799424178
39750 0.0 0.0 0.0
39800 3.0 0.226556821991716 0.08168792632500052
39850 0.0 0.0 0.0
39900 1.0 0.2413330914218237 0.3181015129210103
39950 1.7000000000000002 0.05539818914617767 0.03368486449459567
40000 1.8 0.1699286222989682 0.1042461235891564
40050 0.08846421338937853 0.0 0.0
40100 1.0 0.0772810872217713 0.08375366121962806
40150 0.0 0.0 0.0
40200 0.0 0.0 0.0
40250 0.0 0.0 0.0
40300 0.35000000000000003 0.0898146434068528 0.3451948433335404
40350 0.0 0.0 0.0
40400 0.0 0.0 0.0
40450 2.0 0.20309943836742272 0.11302764477011258
40500 1.8 0.7032728166266846 0.641246818067878
40550 0.0 0.0 0.0
40600 3.1500000000000004 0.05732204617594405 0.018534760822757533
40650 0.0 0.0 0.0
40700 0.0 0.0 0.0
40750 0.75 0.007464327759623579 0.010052483723916228
40800 1.2000000000000002 0.21492915720666605 0.21818649773167406
40850 0.0 0.0 0.0
40900 0.0 0.0 0.0
40950 0.0 0.0 0.0
41000 0.0 0.0 0.0
41050 2.7 0.3354954797398282 0.14188828013021215
41100 2.0500000000000003 0.15223243061339664 0.08021658345790006
41150 0.0 0.0 0.0
41200 0.0 0.0 0.0
41250 0.029622117201245062 0.0 0.0
41300 0.0 0.0 0.0
41350 0.0 0.0 0.0
41400 0.0 0.0 0.0
41450 1.0 0.13535861302338348 0.15654884795266472
41500 0.0 0.0 0.0
41550 0.0 0.0 0.0
41600 0.4541060557448249 0.0 0.0
41650 1.55 0.18559040676972183 0.13602250210681333
41700 0.0 0.0 0.0
41750 0.0 0.0 0.0
41800 0.0 0.0 0.0
41850 0.0 0.0 0.0
41900 0.0 0.0 0.0
41950 0.30000000000000004 0.02760612748772301 0.10134636008186555
42000 0.0 0.0 0.0
42050 0.0 0.0 0.0
42100 0.0 0.0 0.0
42150 0.0 0.0 0.0
42200 2.15 0.5868879151452693 0.37546118466598144
42250 0.65 0.21091338268538623 0.4803457321821832
42300 0.0 0.0 0.0
42350 0.0 0.0 0.0
42400 0.0 0.0 0.0
42450 1.35 0.11128774353617299 0.08984148090523299
42500 0.0 0.0 0.0
42550 0.0 0.0 0.0
42600 2.4000000000000004 0.0702269681379315 0.030143265965184025
42650 0.2605185709028697 0.0 0.0
42700 0.0 0.0 0.0
42750 0.0 0.0 0.0
42800 0.05 0.012232540534917812 0.32389100850766456
42850 0.0 0.0 0.0
42900 0.0 0.0 0.0
42950 0.6000000000000001 0.014143764736154862 0.024142040119766072
43000 0.0 0.0 0.0
43050 2.25 0.36359905277236915 0.1927474926826857
43100 0.0 0.0 0.0
43150 3.0500000000000003 0.12835551469318274 0.04393262607366941
43200 0.0 0.0 0.0
43250 0.5037215713722116 0.0 0.0
43300 0.0 0.0 0.0
43350 1.8 0.036449962181946294 0.020668516004821662
43400 0.0 0.0 0.0
43450 0.0 0.0 0.0
43500 0.0 0.0 0.0
43550 0.4 0.05751065717345977 0.1679195524708255
43600 0.0 0.0 0.0
43650 0.0 0.0 0.0
43700 2.95 0.5367669537542463 0.22242648905761095
43750 0.0 0.0 0.0
43800 0.0 0.0 0.0
43850 2.25 0.010500799579529208 0.004688905259514118
43900 1.2000000000000002 0.18741925009882587 0.18509067066218432
43950 0.0 0.0 0.0
44000 0.0 0.0 0.0
44050 3.316510661559037 0.0 0.0
44100 0.0 0.0 0.0
44150 0.0 0.0 0.0
44200 0.8505051687797089 0.0 0.0
44250 0.0 0.0 0.0
44300 0.3038948546061194 0.0 0.0
44350 1.6500000000000001 0.2264348957759681 0.15906184768373835
44400 0.0 0.0 0.0
44450 0.0 0.0 0.0
44500 0.75 0.0541528838744858 0.07782296228517804
44550 1.7000000000000002 0.02707243293610473 0.016182668914720998
44600 0.0 0.0 0.0
44650 1.25 0.24287658142078694 0.241158707006756
44700 1.35 0.2488898575383396 0.22603538732457518
44750 0.6000000000000001 0.06496408837064627 0.12142005229669545
44800 0.0 0.0 0.0
44850 3.0500000000000003 0.5454642020576999 0.21779053927112854
44900 0.0 0.0 0.0
44950 0.0 0.0 0.0
45000 1.5 0.32048854854568276 0.2717129606079923
45050 2.15 0.03639299579668531 0.017218430732066477
45100 2.5 0.03751950511865765 0.015236467942242754
45150 0.0 0.0 0.0
45200 0.0 0.0 0.0
45250 2.0 0.7513065454294305 0.6016741280091099
45300 1.6500000000000001 0.11001054603475091 0.07143590870151073
45350 0.0 0.0 0.0
45400 0.0 0.0 0.0
45450 0.0 0.0 0.0
45500 0.0 0.0 0.0
45550 0.0 0.0 0.0
45600 0.0 0.0 0.0
45650 0.20204685457252403 0.0 0.0
45700 2.5500000000000003 0.5611506548824319 0.28214839714229845
45750 2.8000000000000003 0.18911445389501047 0.07243306937645659
45800 3.2517827580276113 0.0 0.0
45850 2.7 0.2675933376706028 0.110011759881607
45900 1.8 0.4592275890894546 0.3425097245084152
45950 2.85 0.7162276882251581 0.33566265916601473
46000 0.0 0.0 0.0
46050 0.0 0.0 0.0
46100 2.3000000000000003 0.17080236046375896 0.08021911977178468
46150 0.0 0.0 0.0
46200 0.6227470354936484 0.0 0.0
46250 0.05 0.00021467823556896304 0.004312078901182059
46300 3.1500000000000004 0.05732204617594405 0.018534760822757533
46350 0.7735887525635208 0.0 0.0
46400 0.0 0.0 0.0
46450 0.0 0.0 0.0
46500 0.0 0.0 0.0
46550 0.0 0.0 0.0
46600 0.8500000000000001 0.3122338619675067 0.5806127234226127
46650 0.0 0.0 0.0
46700 0.0 0.0 0.0
46750 0.0 0.0 0.0
46800 0.8500000000000001 0.19446319241547638 0.29664725178746376
46850 0.0 0.0 0.0
46900 0.0 0.0 0.0
46950 0.0 0.0 0.0
47000 0.0 0.0 0.0
47050 2.9000000000000004 0.6284595654483405 0.27666668657491067
47100 2.8000000000000003 0.1589536439673993 0.06018585914038276
47150 0.8637649573700202 0.0 0.0
47200 0.0 0.0 0.0
47250 1.35 0.2662661830452462 0.24569334174091095
47300 3.2 0.05872338547578426 0.018694114744389877
47350 0.0 0.0 0.0
47400 1.85 0.007805910610097833 0.0042372900092644385
47450 3.1 0.22420914623255683 0.07796434359572102
47500 1.1 0.16273514128447686 0.1736276995464202
47550 1.3 0.09217200349413779 0.07631219325995349
47600 0.0 0.0 0.0
47650 1.9000000000000001 0.2814876101920023 0.1739174886547485
47700 0.0 0.0 0.0
47750 2.75 0.09448189936719231 0.03557945974635886
47800 1.8 0.20628772104617243 0.12943849637751892
47850 0.0 0.0 0.0
47900 0.0 0.0 0.0
47950 0.0 0.0 0.0
48000 0.0 0.0 0.0
48050 0.0 0.0 0.0
48100 0.55 0.13799920968397206 0.3349488955545906
48150 2.8000000000000003 0.03215476099067249 0.011617253933670578
48200 0.0 0.0 0.0
48250 0.0 0.0 0.0
48300 0.0 0.0 0.0
48350 0.0 0.0 0.0
48400 0.9500000000000001 0.20694779938255292 0.2785104454445965
48450 2.25 0.47430798940752217 0.2671116311714803
48500 0.0 0.0 0.0
48550 0.3218763070841354 0.0 0.0
48600 0.0 0.0 0.0
48650 2.7 0.133447354883101 0.0519947857438252
48700 2.95 0.6926989320126156 0.3068704223093412
48750 0.0 0.0 0.0
48800 0.0 0.0 0.0
48850 2.75 0.6139195807493372 0.2874047134258645
48900 0.0 0.0 0.0
48950 0.23089413694132416 0.0 0.0
49000 2.9000000000000004 0.6351022317072141 0.2804109927601437
49050 0.0 0.0 0.0
49100 0.30000000000000004 0.023748017520405007 0.08596505736265303
49150 1.3 0.038578440792887525 0.030583305407540874
49200 3.316510661559037 0.0 0.0
49250 2.5500000000000003 0.47969817006568016 0.23170446121901872
49300 3.316510661559037 0.0 0.0
49350 0.0 0.0 0.0
49400 0.0 0.0 0.0
49450 1.75 0.1782374957448396 0.11339976317179308
49500 0.0 0.0 0.0
49550 2.4000000000000004 0.555169471389612 0.30093250451996334
49600 1.6 0.18860199338248496 0.13362778783744986
49650 2.7 0.11649007054478533 0.04508984820095103
49700 2.15 0.15902284528227062 0.07987175789810409
49750 2.2 0.0957352666871798 0.04549582814917983
49800 0.1 0.010400448887974534 0.1160770200173319
49850 0.304472369235678 0.0 0.0
49900 0.0 0.0 0.0
49950 0.0 0.0 0.0
