0 1.6239324170097214
10 1.6941644517064574
20 0.9739513371316122
30 1.7177108793854265
40 1.3227680262127717
50 1.4539006941740178
60 1.7177108793854265
70 1.6941644517064574
80 0.9867918141625501
90 1.545355789813554
100 1.4739909532121171
110 1.416357315193694
120 1.3671879700180296
130 1.6600240094549488
140 1.4486444793543516
150 1.4248844457578564
160 1.2752707889790877
170 1.1849742919227497
180 1.4621647074391118
190 1.2832247266445291
200 1.351438332962923
210 1.270163580692818
220 1.348733936133303
230 1.5049773608599697
240 1.4435725815017562
250 0.8308967623212717
260 1.6239324170097214
270 1.5304641869729294
280 1.6465671003381428
290 0.8965049575864561
300 1.0469046540683093
310 1.114109773235754
320 0.5513908583535082
330 1.5968494025174302
340 0.1005257240661159
350 1.4650298998162063
360 1.6941644517064574
370 1.5684065186803595
380 1.751501055463129
390 1.7177108793854265
400 1.290618079070882
410 1.7177108793854265
420 0.7263146406263087
430 1.5258595704051456
440 1.751501055463129
450 0.792680262567617
460 1.0352714263371285
470 1.3880889471622515
480 1.4316168029097445
490 1.2459137618296303
500 1.751501055463129
510 1.3748997720108869
520 1.4539006941740178
530 0.89055007040622
540 1.517107704132223
550 0.7889741770377039
560 1.098285372511931
570 1.5890758744264593
580 1.4903366392778366
590 1.6941644517064574
600 1.6239324170097214
610 1.3969418546187908
620 1.3171465729068894
630 1.2676649488340768
640 1.4270949985364516
650 1.38637780189532
660 1.5401972045950025
670 1.3227680262127717
680 1.751501055463129
690 1.6941644517064574
700 1.6239324170097214
710 1.3846851977274017
720 0.31307829519484964
730 1.381354573122929
740 0.0
750 1.7177108793854265
760 0.5315732812355647
770 1.4709402299100194
780 1.3370959409730814
790 1.41026646928476
800 1.2459137618296303
810 1.6600240094549488
820 1.7177108793854265
830 0.9661994332717031
840 1.420560152685946
850 1.517107704132223
860 1.751501055463129
870 1.03401625999688
880 1.6346531443160806
890 1.0926104534734933
900 0.22501015665856805
910 1.5352386904319557
920 1.3216281205485507
930 1.3297757447779546
940 0.8557437189566663
950 1.1320700961310268
960 1.0776813677457873
970 1.545355789813554
980 1.751501055463129
990 0.8643959029525962
1000 1.2373498592221654
1010 1.4227060347532419
1020 1.4771096936076917
1030 1.441102036721682
1040 1.4974596456988305
1050 0.7814234963762807
1060 1.751501055463129
1070 1.7177108793854265
1080 1.143590457231444
1090 1.115209438914202
1100 1.751501055463129
1110 1.6941644517064574
1120 1.4044119787225777
1130 1.225221394233937
1140 1.4709402299100194
1150 1.344760855523278
1160 1.5401972045950025
1170 1.6941644517064574
1180 1.581783110285229
1190 1.4512484693536956
1200 0.8609496773496841
1210 1.751501055463129
1220 1.6239324170097214
1230 1.512940927361
1240 1.412269486383527
1250 1.3421655748673094
1260 0.0
1270 0.18594052382863857
1280 1.4539006941740178
1290 0.7476112322449981
1300 1.3106425131353827
1310 1.2549104555474586
1320 1.133675080416503
1330 1.383010701792545
1340 1.5563494802159719
1350 1.581783110285229
1360 1.4293387478710176
1370 1.2245709440280732
1380 1.0586344338512306
1390 1.751501055463129
1400 1.6141653205843016
1410 1.562231110896173
1420 1.6941644517064574
1430 1.6755739732560544
1440 0.7083155376772566
1450 1.751501055463129
1460 1.3370959409730814
1470 1.0648922073032745
1480 1.6239324170097214
1490 1.144014291451753
1500 0.0
1510 1.3671879700180296
1520 0.7932545123093109
1530 0.0
1540 1.4938514198507438
1550 1.446086187476622
1560 1.6600240094549488
1570 0.9121035600236644
1580 1.2359611345780621
1590 1.6600240094549488
1600 0.8351995145243484
1610 1.751501055463129
1620 1.2564548403477258
1630 1.5352386904319557
1640 0.99317524502161
1650 1.3717696717141694
1660 1.0552964583946713
1670 0.8631594580813406
1680 1.1854999752437008
1690 1.3569866047918713
1700 1.751501055463129
1710 1.5968494025174302
1720 1.6941644517064574
1730 0.7030557081914159
1740 1.0801486065278056
1750 1.2652018890412233
1760 1.3987749902789344
1770 1.6239324170097214
1780 1.5890758744264593
1790 0.49170650267926175
1800 1.0623098635594381
1810 1.4679536967023519
1820 1.5684065186803595
1830 1.5089001495857453
1840 1.751501055463129
1850 0.8233388009285485
1860 1.3085301537524263
1870 1.751501055463129
1880 0.790488359766198
1890 1.751501055463129
1900 1.1101265802270057
1910 1.3095830310495158
1920 1.2144639800211656
1930 1.2963807125525384
1940 1.2444579157721374
1950 1.7177108793854265
1960 1.5304641869729294
1970 1.193563453310393
1980 1.4802997981874675
1990 1.4539006941740178
2000 1.414299272584271
2010 1.441102036721682
2020 1.3733269880545227
2030 1.581783110285229
2040 1.0365342615896376
2050 1.562231110896173
2060 1.751501055463129
2070 0.0
2080 1.751501055463129
2090 0.5295917487122361
2100 1.381354573122929
2110 1.130477284694366
2120 1.545355789813554
2130 0.0
2140 1.7177108793854265
2150 1.6051801437995585
2160 1.545355789813554
2170 1.751501055463129
2180 1.4386723146390565
2190 1.5684065186803595
2200 1.5304641869729294
2210 1.3396108372525906
2220 1.751501055463129
2230 1.6141653205843016
2240 1.7177108793854265
2250 1.2954068369389444
2260 1.5890758744264593
2270 1.4006315730416175
2280 0.46238419832745575
2290 1.2213521982587008
2300 1.7177108793854265
2310 1.2200799354832697
2320 1.2496070714635006
2330 1.350080169233685
2340 1.6941644517064574
2350 1.5214108599161613
2360 1.4974596456988305
2370 1.4025101364993833
2380 1.1478729807826127
2390 1.6600240094549488
2400 1.2232763172197119
2410 1.5890758744264593
2420 1.6465671003381428
2430 0.7551888711253445
2440 1.501166787096087
2450 1.0042976938297943
2460 1.179797766033561
2470 1.6941644517064574
2480 0.9358456840764618
2490 1.2635785380306146
2500 1.0600407394570732
2510 1.1674392554889108
2520 1.581783110285229
2530 1.3358527817058956
2540 1.5890758744264593
2550 1.2823228450940447
2560 0.9321031822174568
2570 1.2518606288912753
2580 1.5089001495857453
2590 1.4270949985364516
2600 1.7177108793854265
2610 1.073131686366761
2620 1.6941644517064574
2630 1.1985729655475337
2640 1.441102036721682
2650 1.0620247823728917
2660 1.5563494802159719
2670 1.2194473777844348
2680 1.38981908253903
2690 1.2611720335381085
2700 1.3033611420368185
2710 0.9327500257159167
2720 0.16342769166760995
2730 0.9710859274784076
2740 1.030785796616674
2750 1.1897573154788472
2760 0.7873725931644945
2770 0.843552766725457
2780 1.4362826716374177
2790 1.751501055463129
2800 1.501166787096087
2810 0.1688643870709016
2820 1.4539006941740178
2830 1.7177108793854265
2840 1.5214108599161613
2850 1.3642059882972162
2860 0.7423110185176548
2870 1.4771096936076917
2880 1.4486444793543516
2890 1.4679536967023519
2900 1.5890758744264593
2910 1.501166787096087
2920 0.9104701544379132
2930 0.9279407960360446
2940 1.6941644517064574
2950 1.501166787096087
2960 1.5507328234277749
2970 0.7134406488863084
2980 1.6941644517064574
2990 1.2132386560616961
3000 1.3915693554949287
3010 1.2163172823641974
3020 1.4739909532121171
3030 0.2236215757704712
3040 1.3642059882972162
3050 1.517107704132223
3060 0.0
3070 1.4512484693536956
3080 1.7177108793854265
3090 1.5749097631172948
3100 0.9831645496379166
3110 1.3074831514259575
3120 1.751501055463129
3130 0.7639123420317186
3140 1.7177108793854265
3150 1.4709402299100194
3160 0.7043445268688678
3170 1.751501055463129
3180 1.6941644517064574
3190 1.2896762497872145
3200 1.6941644517064574
3210 1.5968494025174302
3220 1.751501055463129
3230 1.5507328234277749
3240 0.8187955550228921
3250 1.2298415984777802
3260 1.2718490874372828
3270 1.6755739732560544
3280 1.1886843054494327
3290 1.6755739732560544
3300 1.2318586941801803
3310 1.6465671003381428
3320 1.420560152685946
3330 0.6477468382187982
3340 1.5684065186803595
3350 1.4063384273909425
3360 1.5749097631172948
3370 1.4063384273909425
3380 1.4593563206026468
3390 1.6600240094549488
3400 1.6941644517064574
3410 1.1044689868384516
3420 1.2787608144440372
3430 1.1924681634675576
3440 1.4006315730416175
3450 1.4621647074391118
3460 0.8739806324673505
3470 1.5507328234277749
3480 1.5684065186803595
3490 0.259784645773235
3500 1.6600240094549488
3510 1.6141653205843016
3520 0.0
3530 1.359835385394815
3540 1.7177108793854265
3550 0.5846279739652627
3560 1.751501055463129
3570 1.6941644517064574
3580 0.6388634978111626
3590 1.562231110896173
3600 1.5684065186803595
3610 1.5890758744264593
3620 1.6755739732560544
3630 1.6941644517064574
3640 1.1419029920780235
3650 1.6600240094549488
3660 1.751501055463129
3670 1.5890758744264593
3680 1.5507328234277749
3690 1.2934755349722993
3700 1.3797157307480905
3710 0.7746007311537012
3720 1.545355789813554
3730 0.4595149815266579
3740 1.6465671003381428
3750 1.4006315730416175
3760 1.4835648782446018
3770 1.5890758744264593
3780 0.0
3790 1.751501055463129
3800 1.25261775709386
3810 1.133675080416503
3820 1.4938514198507438
3830 1.751501055463129
3840 1.4974596456988305
3850 0.7618375085673986
3860 1.3627356091014684
3870 1.6755739732560544
3880 1.4227060347532419
3890 1.6755739732560544
3900 1.3748997720108869
3910 1.7177108793854265
3920 1.751501055463129
3930 1.4938514198507438
3940 1.7177108793854265
3950 0.8032978157754049
3960 1.6465671003381428
3970 0.8022085481917797
3980 1.751501055463129
3990 1.2761361488343494
4000 0.8332055746740418
4010 1.416357315193694
4020 1.6239324170097214
4030 0.9871984583060119
4040 1.2693265455356126
4050 1.3085301537524263
4060 1.2973607982472033
4070 1.751501055463129
4080 1.5968494025174302
4090 1.48690883839345
4100 1.2311836478385327
4110 1.1698481630903088
4120 1.3074831514259575
4130 1.5749097631172948
4140 0.5712519963525617
4150 1.751501055463129
4160 1.562231110896173
4170 1.4621647074391118
4180 1.4679536967023519
4190 1.517107704132223
4200 1.7177108793854265
4210 1.351438332962923
4220 1.6465671003381428
4230 1.6941644517064574
4240 1.6600240094549488
4250 1.6346531443160806
4260 1.6346531443160806
4270 1.4621647074391118
4280 1.207824827983601
4290 1.562231110896173
4300 0.5813558937659831
4310 1.6755739732560544
4320 1.751501055463129
4330 0.9980285574622101
4340 1.412269486383527
4350 0.882730555231219
4360 0.3838899236407744
4370 0.9233791135040292
4380 0.8631594580813406
4390 1.4771096936076917
4400 0.7578987967156283
4410 1.1839278280059145
4420 1.2207146705732077
4430 1.751501055463129
4440 1.3764883627076754
4450 1.5968494025174302
4460 0.9060683004869865
4470 1.6239324170097214
4480 1.4270949985364516
4490 1.4802997981874675
4500 0.1658579846914463
4510 1.751501055463129
4520 1.5749097631172948
4530 1.6941644517064574
4540 1.3227680262127717
4550 1.446086187476622
4560 1.545355789813554
4570 0.9892414391781104
4580 1.334619594298905
4590 1.381354573122929
4600 1.6941644517064574
4610 1.2925173415431308
4620 0.6594245012678276
4630 0.6189063175507022
4640 1.2466467396895862
4650 1.751501055463129
4660 1.2207146705732077
4670 1.4835648782446018
4680 1.7177108793854265
4690 0.3354190482275442
4700 1.3656900154663405
4710 1.5304641869729294
4720 1.6941644517064574
4730 1.6941644517064574
4740 0.0
4750 1.3541886441085258
4760 1.562231110896173
4770 1.6239324170097214
4780 1.5684065186803595
4790 1.6239324170097214
4800 1.6941644517064574
4810 1.6600240094549488
4820 1.4835648782446018
4830 1.173272158183349
4840 1.3193726667155272
4850 1.5507328234277749
4860 0.004663796296445073
4870 1.751501055463129
4880 0.714105282005391
4890 1.0146122754350757
4900 0.9335612000573726
4910 1.2887401709527697
4920 1.7177108793854265
4930 1.5214108599161613
4940 1.6600240094549488
4950 0.8172280147379214
4960 1.751501055463129
4970 1.5304641869729294
4980 1.416357315193694
4990 0.5692217449345011
5000 1.6051801437995585
5010 1.6941644517064574
5020 1.2744090730340178
5030 1.7177108793854265
5040 1.2298415984777802
5050 1.4293387478710176
5060 1.5049773608599697
5070 1.41026646928476
5080 1.6141653205843016
5090 1.4293387478710176
5100 1.2332157239961559
5110 1.5214108599161613
5120 1.751501055463129
5130 1.3193726667155272
5140 1.0845369540665586
5150 1.6755739732560544
5160 1.6465671003381428
5170 1.5968494025174302
5180 1.4802997981874675
5190 1.420560152685946
5200 1.0242227320694086
5210 0.8919226791413046
5220 1.225874159326695
5230 1.6755739732560544
5240 1.4362826716374177
5250 1.4248844457578564
5260 1.3764883627076754
5270 1.7177108793854265
5280 1.7177108793854265
5290 1.6941644517064574
5300 1.7177108793854265
5310 1.545355789813554
5320 1.7177108793854265
5330 1.4486444793543516
5340 1.751501055463129
5350 1.4938514198507438
5360 1.3250708331064025
5370 1.5258595704051456
5380 1.512940927361
5390 1.7177108793854265
5400 1.5890758744264593
5410 1.3262346231226179
5420 1.3915693554949287
5430 1.751501055463129
5440 1.1767580125235686
5450 0.06584602118065747
5460 1.2944384669107194
5470 1.6239324170097214
5480 1.5507328234277749
5490 1.4709402299100194
5500 1.751501055463129
5510 1.5352386904319557
5520 1.6239324170097214
5530 1.4593563206026468
5540 1.6141653205843016
5550 1.6465671003381428
5560 1.2043011903691245
5570 1.5749097631172948
5580 1.4006315730416175
5590 1.4903366392778366
5600 0.3046962796213405
5610 1.4063384273909425
5620 0.7991602038246962
5630 1.38981908253903
5640 1.133675080416503
5650 1.6941644517064574
5660 1.6941644517064574
5670 1.2850439556154893
5680 1.4227060347532419
5690 1.6346531443160806
5700 1.4006315730416175
5710 1.4270949985364516
5720 1.0541951298196812
5730 0.9658284078358358
5740 1.2887401709527697
5750 1.6465671003381428
5760 1.562231110896173
5770 1.4621647074391118
5780 1.4227060347532419
5790 1.5968494025174302
5800 1.4621647074391118
5810 1.6239324170097214
5820 1.751501055463129
5830 1.4903366392778366
5840 1.5890758744264593
5850 1.751501055463129
5860 1.751501055463129
5870 1.196329759038837
5880 1.5968494025174302
5890 1.350080169233685
5900 1.6755739732560544
5910 1.348733936133303
5920 1.751501055463129
5930 1.751501055463129
5940 1.5304641869729294
5950 1.2814256276754743
5960 1.351438332962923
5970 1.5968494025174302
5980 1.7177108793854265
5990 1.751501055463129
6000 1.1930150162827557
6010 1.6755739732560544
6020 1.3880889471622515
6030 1.1991378179554797
6040 1.7177108793854265
6050 1.5507328234277749
6060 1.7177108793854265
6070 1.48690883839345
6080 1.4270949985364516
6090 1.3987749902789344
6100 1.6941644517064574
6110 1.3987749902789344
6120 1.6755739732560544
6130 1.751501055463129
6140 1.751501055463129
6150 1.6755739732560544
6160 1.412269486383527
6170 1.5684065186803595
6180 1.7177108793854265
6190 1.5352386904319557
6200 1.6346531443160806
6210 1.5304641869729294
6220 1.5507328234277749
6230 1.512940927361
6240 1.751501055463129
6250 1.5049773608599697
6260 1.5258595704051456
6270 1.751501055463129
6280 1.751501055463129
6290 1.4593563206026468
6300 1.48690883839345
6310 1.4486444793543516
6320 1.5304641869729294
6330 1.751501055463129
6340 1.751501055463129
6350 1.6941644517064574
6360 1.751501055463129
6370 1.4566023847203269
6380 1.4435725815017562
6390 1.446086187476622
6400 0.9568987810634833
6410 1.6051801437995585
6420 1.1997043714976938
6430 1.4903366392778366
6440 1.7177108793854265
6450 1.751501055463129
6460 1.2668403055007822
6470 1.7177108793854265
6480 1.6141653205843016
6490 1.4539006941740178
6500 1.7177108793854265
6510 1.751501055463129
6520 1.5563494802159719
6530 1.3702274949383257
6540 1.4362826716374177
6550 1.751501055463129
6560 0.38442886358555706
6570 0.8704087641686302
6580 1.6141653205843016
6590 1.5089001495857453
6600 1.2318586941801803
6610 0.893856312699096
6620 1.5049773608599697
6630 1.7177108793854265
6640 1.6239324170097214
6650 1.1365162282780394
6660 1.5968494025174302
6670 1.3969418546187908
6680 1.3033611420368185
6690 1.5563494802159719
6700 1.2859601539039351
6710 1.3396108372525906
6720 1.4739909532121171
6730 1.38981908253903
6740 1.0776813677457873
6750 1.751501055463129
6760 1.751501055463129
6770 1.751501055463129
6780 1.330973137252018
6790 1.7177108793854265
6800 1.6465671003381428
6810 1.7177108793854265
6820 1.5749097631172948
6830 1.4063384273909425
6840 1.6465671003381428
6850 1.6755739732560544
6860 1.6346531443160806
6870 0.9726098848550928
6880 1.545355789813554
6890 1.6755739732560544
6900 1.6239324170097214
6910 0.874622997033966
6920 1.5968494025174302
6930 1.3733269880545227
6940 1.4974596456988305
6950 1.6141653205843016
6960 1.6600240094549488
6970 1.6600240094549488
6980 0.9363378562786497
6990 1.098285372511931
7000 1.4539006941740178
7010 1.581783110285229
7020 1.7177108793854265
7030 1.0577952304902651
7040 1.6600240094549488
7050 1.581783110285229
7060 1.4621647074391118
7070 1.446086187476622
7080 1.6346531443160806
7090 1.4679536967023519
7100 0.8351995145243484
7110 1.751501055463129
7120 1.751501055463129
7130 1.4386723146390565
7140 1.751501055463129
7150 1.6465671003381428
7160 1.6755739732560544
7170 1.6600240094549488
7180 1.5749097631172948
7190 1.512940927361
7200 1.1985729655475337
7210 1.0737326448056024
7220 1.2735515806558424
7230 1.2954068369389444
7240 1.3797157307480905
7250 1.7177108793854265
7260 1.3584050219762287
7270 1.6051801437995585
7280 1.5049773608599697
7290 1.5352386904319557
7300 1.30644321847317
7310 1.751501055463129
7320 1.2481204947193283
7330 1.751501055463129
7340 1.517107704132223
7350 0.9482908748513368
7360 1.5214108599161613
7370 1.0474362408129028
7380 1.2805323945136942
7390 1.30644321847317
7400 1.3987749902789344
7410 1.4835648782446018
7420 1.2163172823641974
7430 0.677279375748423
7440 1.6755739732560544
7450 1.7177108793854265
7460 1.4248844457578564
7470 1.7177108793854265
7480 1.6755739732560544
7490 1.3969418546187908
7500 1.5749097631172948
7510 1.4679536967023519
7520 1.5352386904319557
7530 1.4184437533888432
7540 1.6465671003381428
7550 1.6346531443160806
7560 1.4435725815017562
7570 1.751501055463129
7580 0.7572194285848695
7590 1.6600240094549488
7600 1.6239324170097214
7610 1.5214108599161613
7620 1.5401972045950025
7630 1.562231110896173
7640 1.3043822967605354
7650 1.6346531443160806
7660 1.5563494802159719
7670 1.751501055463129
7680 1.0530993598221126
7690 1.3797157307480905
7700 1.2332157239961559
7710 1.751501055463129
7720 1.3227680262127717
7730 1.3987749902789344
7740 1.751501055463129
7750 1.7177108793854265
7760 1.4621647074391118
7770 1.5401972045950025
7780 1.751501055463129
7790 1.2796443496145893
7800 0.8082018265310076
7810 1.751501055463129
7820 1.751501055463129
7830 1.751501055463129
7840 1.751501055463129
7850 1.148740714184941
7860 1.545355789813554
7870 1.4650298998162063
7880 1.751501055463129
7890 1.5352386904319557
7900 1.1431669657839438
7910 1.751501055463129
7920 1.2265292574276923
7930 1.7177108793854265
7940 1.7177108793854265
7950 1.6941644517064574
7960 1.7177108793854265
7970 1.751501055463129
7980 1.5507328234277749
7990 0.9772416942193489
8000 1.351438332962923
8010 1.5049773608599697
8020 1.4650298998162063
8030 1.6141653205843016
8040 1.751501055463129
8050 1.6465671003381428
8060 1.5749097631172948
8070 1.751501055463129
8080 1.6941644517064574
8090 1.420560152685946
8100 1.5563494802159719
8110 0.8651400167905308
8120 1.5890758744264593
8130 1.751501055463129
8140 1.7177108793854265
8150 1.3408835530715983
8160 0.6668534043668919
8170 1.562231110896173
8180 1.4435725815017562
8190 1.6346531443160806
8200 1.751501055463129
8210 1.4025101364993833
8220 1.6941644517064574
8230 1.2954068369389444
8240 1.7177108793854265
8250 1.5049773608599697
8260 1.6755739732560544
8270 1.5684065186803595
8280 1.4938514198507438
8290 1.148740714184941
8300 1.7177108793854265
8310 1.6346531443160806
8320 1.5563494802159719
8330 1.7177108793854265
8340 1.6465671003381428
8350 1.5749097631172948
8360 1.4938514198507438
8370 1.6755739732560544
8380 1.751501055463129
8390 1.38981908253903
8400 1.5401972045950025
8410 1.042436766307305
8420 1.581783110285229
8430 1.2002726374562163
8440 1.6600240094549488
8450 1.751501055463129
8460 1.751501055463129
8470 1.751501055463129
8480 1.7177108793854265
8490 1.6941644517064574
8500 1.751501055463129
8510 1.1717972161362387
8520 0.2329120437137846
8530 1.2850439556154893
8540 1.5563494802159719
8550 1.3951295457733366
8560 1.751501055463129
8570 1.562231110896173
8580 1.7177108793854265
8590 1.4593563206026468
8600 1.5507328234277749
8610 1.562231110896173
8620 1.6465671003381428
8630 1.6465671003381428
8640 1.2556806660652065
8650 1.5214108599161613
8660 1.6465671003381428
8670 1.3612786070050698
8680 1.5968494025174302
8690 1.517107704132223
8700 1.3969418546187908
8710 1.3528073117872146
8720 1.5890758744264593
8730 1.751501055463129
8740 1.581783110285229
8750 1.4903366392778366
8760 1.751501055463129
8770 1.5401972045950025
8780 1.751501055463129
8790 1.751501055463129
8800 1.751501055463129
8810 1.751501055463129
8820 1.751501055463129
8830 1.751501055463129
8840 1.6941644517064574
8850 1.5684065186803595
8860 1.751501055463129
8870 1.751501055463129
8880 1.7177108793854265
8890 1.751501055463129
8900 1.5749097631172948
8910 1.6465671003381428
8920 1.562231110896173
8930 1.6051801437995585
8940 1.6600240094549488
8950 1.751501055463129
8960 1.7177108793854265
8970 1.6941644517064574
8980 1.4044119787225777
8990 1.751501055463129
9000 1.751501055463129
9010 1.3054096281944205
9020 1.6941644517064574
9030 1.3951295457733366
9040 1.6941644517064574
9050 1.5968494025174302
9060 1.751501055463129
9070 1.7177108793854265
9080 1.751501055463129
9090 1.3969418546187908
9100 1.7177108793854265
9110 1.4316168029097445
9120 1.517107704132223
9130 1.6465671003381428
9140 1.512940927361
9150 1.6755739732560544
9160 1.751501055463129
9170 1.025423723570809
9180 1.6600240094549488
9190 1.5968494025174302
9200 1.6465671003381428
9210 1.3473987696162513
9220 1.751501055463129
9230 1.751501055463129
9240 1.6346531443160806
9250 1.6465671003381428
9260 1.7177108793854265
9270 1.6755739732560544
9280 0.019867823531470246
9290 1.5563494802159719
9300 1.751501055463129
9310 1.751501055463129
9320 1.3569866047918713
9330 1.2380476210909435
9340 1.6141653205843016
9350 1.173272158183349
9360 1.6755739732560544
9370 1.751501055463129
9380 1.6941644517064574
9390 1.751501055463129
9400 1.2285099386817246
9410 1.5749097631172948
9420 1.6755739732560544
9430 1.7177108793854265
9440 1.751501055463129
9450 1.5749097631172948
9460 1.751501055463129
9470 1.6465671003381428
9480 1.751501055463129
9490 1.5352386904319557
9500 1.3473987696162513
9510 1.6941644517064574
9520 1.3370959409730814
9530 0.5814067236345467
9540 0.9956936849876956
9550 1.5089001495857453
9560 1.3003345783261273
9570 1.5563494802159719
9580 1.2549104555474586
9590 1.7177108793854265
9600 1.6600240094549488
9610 0.9925496591526716
9620 0.7367817958240913
9630 1.3460744731508314
9640 1.3846851977274017
9650 1.6141653205843016
9660 1.4593563206026468
9670 1.348733936133303
9680 1.240159024780949
9690 1.5304641869729294
9700 0.5239219342858357
9710 1.545355789813554
9720 1.5507328234277749
9730 1.4709402299100194
9740 1.100326133123239
9750 1.2556806660652065
9760 1.412269486383527
9770 0.1935085426131359
9780 1.348733936133303
9790 1.5749097631172948
9800 1.5890758744264593
9810 1.4679536967023519
9820 1.3033611420368185
9830 1.4486444793543516
9840 1.1599266350422082
9850 0.7396540785874859
9860 1.4063384273909425
9870 1.3003345783261273
9880 1.359835385394815
9890 0.9900640802587266
9900 1.412269486383527
9910 1.5684065186803595
9920 1.562231110896173
9930 1.6755739732560544
9940 1.115209438914202
9950 1.5304641869729294
9960 1.1792880752777894
9970 1.3149502733226628
9980 1.2564548403477258
9990 1.5968494025174302
