0 233.77201962471008
10 242.08420872688293
20 206.20891189575195
30 232.45411562919617
40 234.47321796417236
50 251.32963228225708
60 263.3040840625763
70 263.1004636287689
80 218.2299325466156
90 250.25135040283203
100 249.59143471717834
110 250.2575433254242
120 248.51187014579773
130 261.9279623031616
140 249.53841376304626
150 248.47777557373047
160 248.56494331359863
170 185.89571928977966
180 249.40055561065674
190 225.78770637512207
200 250.81863474845886
210 248.3382408618927
220 249.34585642814636
230 249.59039211273193
240 249.45084285736084
250 182.36010646820068
260 194.45914697647095
270 137.49823689460754
280 139.64602971076965
290 165.69425249099731
300 4.57763671875e-05
310 237.5331654548645
320 2.3603439331054688e-05
330 249.41669607162476
340 2.956390380859375e-05
350 251.99749636650085
360 263.957946062088
370 251.6036274433136
380 263.2547838687897
390 250.06275725364685
400 250.8712978363037
410 256.80449748039246
420 206.98203802108765
430 262.6582980155945
440 261.8264000415802
450 247.29226398468018
460 217.84653544425964
470 249.23401522636414
480 249.27289175987244
490 250.11864709854126
500 242.34678077697754
510 245.06121563911438
520 247.4692680835724
530 205.82678365707397
540 247.72546315193176
550 206.98815059661865
560 218.31876707077026
570 248.33949494361877
580 249.28559923171997
590 249.87206196784973
600 248.33837389945984
610 216.44444298744202
620 247.1586995124817
630 246.4445240497589
640 178.823828458786
650 139.2121775150299
660 154.20715022087097
670 208.03181886672974
680 242.91765022277832
690 231.2373673915863
700 231.17675852775574
710 231.4928081035614
720 183.07229828834534
730 231.92378067970276
740 2.765655517578125e-05
750 232.23424744606018
760 173.63484048843384
770 231.87108659744263
780 232.97546195983887
790 217.96753907203674
800 218.2906768321991
810 144.8786437511444
820 146.47920274734497
830 206.80779576301575
840 252.6086299419403
850 251.94879269599915
860 243.68232774734497
870 233.0208022594452
880 202.95695877075195
890 177.65271735191345
900 178.60719919204712
910 215.96589350700378
920 215.69572138786316
930 188.48009204864502
940 188.91975617408752
950 178.84773516654968
960 178.28812980651855
970 215.16100668907166
980 215.51784372329712
990 178.34334659576416
1000 224.48897099494934
1010 253.3688941001892
1020 250.2231695652008
1030 160.99989366531372
1040 179.55533480644226
1050 119.75565934181213
1060 226.59184575080872
1070 253.14709568023682
1080 223.94424510002136
1090 245.8420855998993
1100 248.61605787277222
1110 235.84090375900269
1120 236.56816029548645
1130 235.93848371505737
1140 235.68976593017578
1150 235.63697624206543
1160 235.90168642997742
1170 235.47094440460205
1180 247.0277395248413
1190 235.7424671649933
1200 155.46856594085693
1210 246.73385572433472
1220 236.7865023612976
1230 235.75647711753845
1240 235.85781288146973
1250 145.8270845413208
1260 2.9087066650390625e-05
1270 4.3392181396484375e-05
1280 137.59280467033386
1290 122.044593334198
1300 141.37528944015503
1310 176.22562265396118
1320 139.01956629753113
1330 140.62007856369019
1340 139.28564262390137
1350 250.24759125709534
1360 215.88834023475647
1370 136.8905987739563
1380 134.74322152137756
1390 147.6861183643341
1400 145.6053490638733
1410 219.77065706253052
1420 231.8275806903839
1430 155.60151886940002
1440 104.70542669296265
1450 171.91833686828613
1460 139.32414865493774
1470 120.30065941810608
1480 142.04020428657532
1490 142.95540070533752
1500 0.00011491775512695312
1510 248.00439047813416
1520 249.85988211631775
1530 2.8848648071289062e-05
1540 249.96179056167603
1550 224.1125147342682
1560 139.43813729286194
1570 122.01099634170532
1580 137.3565924167633
1590 139.0100679397583
1600 200.1127736568451
1610 260.7723834514618
1620 248.17667031288147
1630 248.47289776802063
1640 205.04678559303284
1650 227.96027135849
1660 120.66226625442505
1670 119.06779861450195
1680 232.44899439811707
1690 248.65212178230286
1700 247.58658289909363
1710 247.46465158462524
1720 259.26629853248596
1730 205.1238465309143
1740 215.85552144050598
1750 204.84084248542786
1760 248.49361491203308
1770 248.7678611278534
1780 249.52550053596497
1790 2.765655517578125e-05
1800 176.79838919639587
1810 216.93509531021118
1820 226.28912591934204
1830 215.55193734169006
1840 225.48317456245422
1850 170.11138701438904
1860 203.04780745506287
1870 224.67864751815796
1880 188.45093727111816
1890 146.2544572353363
1900 139.0141899585724
1910 123.19981455802917
1920 172.42200136184692
1930 213.9114489555359
1940 214.95765113830566
1950 224.72879910469055
1960 214.70262837409973
1970 176.9220530986786
1980 138.01401352882385
1990 136.42145705223083
2000 234.04157614707947
2010 235.81051921844482
2020 235.53841495513916
2030 237.38730359077454
2040 206.63081812858582
2050 236.66208815574646
2060 248.5075044631958
2070 3.170967102050781e-05
2080 236.92666268348694
2090 195.12619376182556
2100 235.0325608253479
2110 205.12051725387573
2120 234.856831073761
2130 5.7697296142578125e-05
2140 2.4557113647460938e-05
2150 236.06424617767334
2160 235.46527910232544
2170 246.63251519203186
2180 234.77622079849243
2190 233.70796847343445
2200 233.0818259716034
2210 233.74937748908997
2220 245.5226924419403
2230 233.79171299934387
2240 246.5441825389862
2250 249.49573016166687
2260 251.7534191608429
2270 253.06603717803955
2280 209.4439628124237
2290 248.80999445915222
2300 252.22054290771484
2310 251.99158811569214
2320 219.54429578781128
2330 249.5513105392456
2340 263.15678691864014
2350 250.33574056625366
2360 251.10326266288757
2370 251.8819863796234
2380 217.8147690296173
2390 252.22655510902405
2400 243.21881103515625
2410 230.98545265197754
2420 231.99857425689697
2430 191.7357897758484
2440 231.71297907829285
2450 202.4876308441162
2460 229.86319231987
2470 231.34134125709534
2480 205.7713270187378
2490 229.6927673816681
2500 122.18717312812805
2510 162.1304190158844
2520 144.05538773536682
2530 138.27487087249756
2540 142.43607902526855
2550 138.06635403633118
2560 125.87430381774902
2570 139.8673038482666
2580 145.02631545066833
2590 141.83665704727173
2600 144.43728113174438
2610 122.42813324928284
2620 150.2548975944519
2630 140.92980241775513
2640 140.90952944755554
2650 118.31352400779724
2660 138.06323647499084
2670 139.35781002044678
2680 167.03528428077698
2690 132.09026265144348
2700 138.2011845111847
2710 120.05765748023987
2720 119.9723150730133
2730 96.85213780403137
2740 124.2649335861206
2750 185.70198917388916
2760 206.0558660030365
2770 216.7526683807373
2780 219.92452335357666
2790 248.06113290786743
2800 247.60651302337646
2810 185.5126085281372
2820 216.49883794784546
2830 259.3442404270172
2840 247.56987714767456
2850 245.55428767204285
2860 247.14734530448914
2870 247.80573058128357
2880 248.35595798492432
2890 247.93345713615417
2900 248.3668920993805
2910 249.15859866142273
2920 217.1638343334198
2930 215.54413390159607
2940 248.7802345752716
2950 261.09977889060974
2960 249.06006956100464
2970 186.82414746284485
2980 261.8218984603882
2990 221.50248956680298
3000 248.9550244808197
3010 248.22490572929382
3020 248.01005864143372
3030 3.147125244140625e-05
3040 248.11136412620544
3050 247.74494194984436
3060 2.7894973754882812e-05
3070 248.57021975517273
3080 248.3681492805481
3090 247.16001176834106
3100 216.28822708129883
3110 220.66149139404297
3120 247.95119309425354
3130 205.61342644691467
3140 259.8533082008362
3150 247.12793707847595
3160 154.21931838989258
3170 261.8054578304291
3180 249.67791414260864
3190 249.1075735092163
3200 191.68485736846924
3210 139.03309082984924
3220 146.89468026161194
3230 137.95369338989258
3240 2.1457672119140625e-05
3250 219.263911485672
3260 248.6302421092987
3270 262.16547870635986
3280 217.9368498325348
3290 249.98659753799438
3300 248.17082023620605
3310 261.9455463886261
3320 249.51613521575928
3330 143.6978394985199
3340 249.41790580749512
3350 249.79533648490906
3360 249.68519735336304
3370 250.13879466056824
3380 250.39786624908447
3390 250.8004114627838
3400 261.90011835098267
3410 219.75133156776428
3420 251.6849286556244
3430 251.29680132865906
3440 249.31248474121094
3450 238.01847553253174
3460 208.33092641830444
3470 251.54862475395203
3480 251.02507710456848
3490 3.0040740966796875e-05
3500 239.52577781677246
3510 250.4589717388153
3520 2.86102294921875e-05
3530 248.37050771713257
3540 261.9573621749878
3550 206.36169123649597
3560 261.97364687919617
3570 249.91245579719543
3580 207.49041175842285
3590 249.53854537010193
3600 213.47543025016785
3610 186.41966843605042
3620 243.7698049545288
3630 242.50336575508118
3640 203.42331433296204
3650 244.38333678245544
3660 244.67123126983643
3670 234.07243490219116
3680 179.24118947982788
3690 142.54976749420166
3700 140.06153964996338
3710 115.60418677330017
3720 149.12595057487488
3730 3.4332275390625e-05
3740 212.3914246559143
3750 235.99074530601501
3760 234.86859226226807
3770 235.7228717803955
3780 3.147125244140625e-05
3790 246.5607967376709
3800 234.29517340660095
3810 221.8311252593994
3820 233.9556965827942
3830 246.0614731311798
3840 235.20090913772583
3850 194.0801420211792
3860 234.3304123878479
3870 246.4612741470337
3880 233.937762260437
3890 235.00869059562683
3900 236.93697690963745
3910 247.5229229927063
3920 248.68177366256714
3930 236.64725852012634
3940 248.4570071697235
3950 205.97141361236572
3960 240.97191381454468
3970 209.5526478290558
3980 232.28058433532715
3990 222.07129502296448
4000 181.6250433921814
4010 230.85969185829163
4020 232.06379461288452
4030 202.82893776893616
4040 232.87769269943237
4050 231.93894863128662
4060 229.9915416240692
4070 242.46074271202087
4080 231.4476728439331
4090 230.9907488822937
4100 232.29433059692383
4110 231.27417254447937
4120 231.601553440094
4130 243.3264081478119
4140 192.00142812728882
4150 243.02365159988403
4160 191.6427824497223
4170 212.8184938430786
4180 235.72392988204956
4190 235.96130895614624
4200 236.56151390075684
4210 199.70569777488708
4220 145.40447759628296
4230 220.49496340751648
4240 220.8112564086914
4250 247.74406266212463
4260 236.28396248817444
4270 235.97260808944702
4280 234.68241572380066
4290 235.8766131401062
4300 4.029273986816406e-05
4310 235.66704726219177
4320 247.50171279907227
4330 205.73887181282043
4340 235.16432332992554
4350 222.8091914653778
4360 176.71883034706116
4370 206.1916527748108
4380 186.68222069740295
4390 237.48343563079834
4400 197.52898931503296
4410 224.81046199798584
4420 235.9087119102478
4430 250.04948711395264
4440 236.26579546928406
4450 249.36115145683289
4460 237.85987448692322
4470 249.11763525009155
4480 235.97749853134155
4490 238.41917300224304
4500 3.695487976074219e-05
4510 242.7136936187744
4520 232.52330994606018
4530 232.49552249908447
4540 205.69271111488342
4550 231.14505195617676
4560 231.7467896938324
4570 230.05056834220886
4580 231.73889327049255
4590 231.37026286125183
4600 242.69285082817078
4610 231.89046454429626
4620 203.87547135353088
4630 191.61270809173584
4640 231.39587259292603
4650 260.8671007156372
4660 237.6991913318634
4670 262.7187566757202
4680 262.94378113746643
4690 3.9577484130859375e-05
4700 251.50510096549988
4710 251.16156578063965
4720 252.08420705795288
4730 263.0764741897583
4740 2.5987625122070312e-05
4750 248.88297176361084
4760 249.80618333816528
4770 248.3535487651825
4780 249.50159764289856
4790 249.5454294681549
4800 260.20781326293945
4810 249.70776629447937
4820 248.86185455322266
4830 218.63737225532532
4840 250.33955788612366
4850 251.0965597629547
4860 188.08200478553772
4870 262.72901701927185
4880 197.23072576522827
4890 166.14319849014282
4900 219.74911522865295
4910 237.55122423171997
4920 263.13933968544006
4930 250.9541049003601
4940 250.94858860969543
4950 176.80726170539856
4960 263.0631377696991
4970 250.4869089126587
4980 250.00733828544617
4990 2.6226043701171875e-05
5000 143.12227582931519
5010 169.15969014167786
5020 236.99123883247375
5030 246.1697084903717
5040 231.5915026664734
5050 231.16966485977173
5060 232.76470112800598
5070 233.659414768219
5080 234.00086736679077
5090 233.88045930862427
5100 249.98956751823425
5110 251.57571959495544
5120 263.76171469688416
5130 251.15655159950256
5140 220.14994311332703
5150 263.58988189697266
5160 264.7694888114929
5170 251.9581639766693
5180 220.90683841705322
5190 208.8734610080719
5200 217.20955204963684
5210 135.91647624969482
5220 206.55825328826904
5230 264.55957555770874
5240 252.64880275726318
5250 138.37283062934875
5260 236.48605155944824
5270 262.83287954330444
5280 261.58627367019653
5290 260.9756278991699
5300 204.83717441558838
5310 155.1713001728058
5320 153.40998482704163
5330 157.67445755004883
5340 169.98891067504883
5350 224.3193118572235
5360 212.50165128707886
5370 248.76435446739197
5380 213.2461588382721
5390 262.1278405189514
5400 250.37997603416443
5410 249.5291726589203
5420 251.20770454406738
5430 263.77946186065674
5440 223.64113998413086
5450 239.95204067230225
5460 214.32188844680786
5470 149.24348425865173
5480 141.91307878494263
5490 140.9457311630249
5500 146.9893147945404
5510 139.5301399230957
5520 152.7358455657959
5530 137.90151166915894
5540 143.8968620300293
5550 144.6627185344696
5560 166.36358261108398
5570 162.51595759391785
5580 139.44294214248657
5590 137.60143566131592
5600 1.7642974853515625e-05
5610 140.34433507919312
5620 116.9697334766388
5630 151.9089059829712
5640 231.4181456565857
5650 233.3981215953827
5660 245.43032097816467
5670 233.2797086238861
5680 232.32925534248352
5690 232.64976024627686
5700 233.41514706611633
5710 230.7882046699524
5720 2.956390380859375e-05
5730 202.44738125801086
5740 232.70199608802795
5750 260.69258999824524
5760 249.7344400882721
5770 248.81100249290466
5780 246.90896368026733
5790 247.26579809188843
5800 247.1943600177765
5810 262.26223063468933
5820 263.0611689090729
5830 262.2838912010193
5840 249.68112683296204
5850 253.62128806114197
5860 242.56509375572205
5870 231.07773971557617
5880 242.15712976455688
5890 230.0022497177124
5900 178.40309500694275
5910 235.07515478134155
5920 263.59395837783813
5930 263.0739858150482
5940 251.643949508667
5950 247.3351171016693
5960 245.6438558101654
5970 247.80799102783203
5980 259.32475543022156
5990 208.49774146080017
6000 209.63642024993896
6010 220.6025002002716
6020 219.23752164840698
6030 192.07880473136902
6040 219.9003391265869
6050 219.83876752853394
6060 230.61661171913147
6070 220.6129047870636
6080 220.3182966709137
6090 220.2109706401825
6100 230.59033131599426
6110 219.41543650627136
6120 220.22053456306458
6130 230.3958456516266
6140 230.50048828125
6150 220.09954810142517
6160 218.890074968338
6170 220.2083625793457
6180 230.6076602935791
6190 219.71182227134705
6200 219.79287457466125
6210 220.04964542388916
6220 218.73720383644104
6230 219.0261526107788
6240 229.64934253692627
6250 251.72196316719055
6260 251.0887098312378
6270 262.17206859588623
6280 262.1777174472809
6290 235.93269419670105
6300 233.258154630661
6310 234.04560041427612
6320 234.14469289779663
6330 243.1648886203766
6340 243.76465916633606
6350 244.66343355178833
6360 242.4103696346283
6370 229.6232726573944
6380 232.9124720096588
6390 203.53356790542603
6400 202.40651535987854
6410 231.761625289917
6420 231.02727150917053
6430 244.4013442993164
6440 244.5580244064331
6450 242.95046830177307
6460 230.00220203399658
6470 243.18904542922974
6480 231.18675804138184
6490 230.52811455726624
6500 234.04531335830688
6510 230.01424884796143
6520 236.04691767692566
6530 234.53465580940247
6540 232.67019724845886
6550 243.2424178123474
6560 4.38690185546875e-05
6570 203.3097004890442
6580 209.00236296653748
6590 139.54230546951294
6600 175.8241834640503
6610 121.3554892539978
6620 167.2430558204651
6630 243.80672550201416
6640 243.1626420021057
6650 203.0103075504303
6660 232.25716876983643
6670 238.6805534362793
6680 250.60538697242737
6690 251.44370365142822
6700 213.0222511291504
6710 232.8959834575653
6720 231.71870136260986
6730 229.68073844909668
6740 201.86367654800415
6750 262.6086621284485
6760 261.7547059059143
6770 261.805641412735
6780 144.943368434906
6790 143.80361104011536
6800 204.67410373687744
6810 252.77368474006653
6820 251.98529481887817
6830 250.8934760093689
6840 251.48755192756653
6850 252.20667839050293
6860 226.66281986236572
6870 140.62462544441223
6880 250.55943942070007
6890 250.79749655723572
6900 251.15638518333435
6910 222.6233868598938
6920 250.35291695594788
6930 251.6898651123047
6940 249.56412291526794
6950 249.52411317825317
6960 253.1046552658081
6970 152.32026147842407
6980 166.9907774925232
6990 207.52503609657288
7000 238.49071073532104
7010 237.28855872154236
7020 247.8792986869812
7030 204.43871235847473
7040 233.093763589859
7050 244.94845747947693
7060 241.21287894248962
7070 250.29452443122864
7080 260.8238060474396
7090 250.10606837272644
7100 249.61604189872742
7110 261.83333826065063
7120 261.5965476036072
7130 218.9254286289215
7140 230.00563263893127
7150 261.75612592697144
7160 249.52837991714478
7170 250.57899928092957
7180 248.7484531402588
7190 248.57922267913818
7200 248.86139917373657
7210 235.26398158073425
7220 248.02211046218872
7230 247.57506322860718
7240 247.03054690361023
7250 260.82664251327515
7260 250.9305500984192
7270 263.8247129917145
7280 251.74445819854736
7290 264.8675284385681
7300 250.74695944786072
7310 238.02517652511597
7320 137.5976722240448
7330 245.1047284603119
7340 261.9539408683777
7350 218.9024555683136
7360 250.95832300186157
7370 249.62771821022034
7380 249.4971113204956
7390 249.99080753326416
7400 249.99113512039185
7410 248.79604387283325
7420 249.2931797504425
7430 218.0682487487793
7440 247.5213179588318
7450 259.9936029911041
7460 247.8920078277588
7470 259.81009912490845
7480 259.25964188575745
7490 246.31261944770813
7500 252.68716382980347
7510 242.17502284049988
7520 235.73180031776428
7530 235.22614359855652
7540 247.8915822505951
7550 235.85593843460083
7560 234.90451741218567
7570 246.11240339279175
7580 204.90441346168518
7590 234.98742604255676
7600 247.16397356987
7610 250.75000834465027
7620 249.22154784202576
7630 249.16997528076172
7640 249.52398133277893
7650 248.7614221572876
7660 248.45735836029053
7670 261.6547827720642
7680 221.0701892375946
7690 247.81036758422852
7700 246.19963598251343
7710 257.86804246902466
7720 233.3908886909485
7730 247.19251155853271
7740 259.88185834884644
7750 243.29825615882874
7760 231.9482216835022
7770 231.77855610847473
7780 242.9079873561859
7790 233.6948311328888
7800 231.4533975124359
7810 243.00616979599
7820 242.69308304786682
7830 243.0578167438507
7840 242.66144704818726
7850 201.216876745224
7860 230.88061666488647
7870 229.7280502319336
7880 211.3915777206421
7890 141.28984928131104
7900 134.51049709320068
7910 144.73633456230164
7920 139.25266361236572
7930 141.65547442436218
7940 142.03568172454834
7950 142.3987865447998
7960 143.12221503257751
7970 145.92196249961853
7980 134.79008531570435
7990 128.4720814228058
8000 169.08046078681946
8010 232.94913911819458
8020 230.95369577407837
8030 229.70757246017456
8040 241.2463459968567
8050 242.26783156394958
8060 230.27391743659973
8070 258.067843914032
8080 259.475478887558
8090 246.36247563362122
8100 246.85250997543335
8110 219.7841670513153
8120 245.35602259635925
8130 256.4410536289215
8140 258.15124917030334
8150 247.12086081504822
8160 215.9078230857849
8170 245.928631067276
8180 246.19357109069824
8190 246.78101015090942
8200 256.34128737449646
8210 242.92730259895325
8220 255.4953167438507
8230 242.03432178497314
8240 194.8560779094696
8250 231.13726711273193
8260 230.04102492332458
8270 231.86416053771973
8280 245.70918941497803
8290 232.34435272216797
8300 189.46286463737488
8310 134.50003957748413
8320 133.95777487754822
8330 134.5032331943512
8340 140.53960132598877
8350 139.5973334312439
8360 139.8051631450653
8370 219.12601852416992
8380 257.3400421142578
8390 245.13063788414001
8400 244.73665952682495
8410 203.0497682094574
8420 244.77131175994873
8430 241.7132318019867
8440 243.28203749656677
8450 255.75111269950867
8460 177.12972831726074
8470 138.8991367816925
8480 138.81499910354614
8490 138.817125082016
8500 229.26565265655518
8510 218.06926250457764
8520 2.9087066650390625e-05
8530 207.08668661117554
8540 221.08547687530518
8550 261.32705569267273
8560 261.04384088516235
8570 248.09635996818542
8580 259.4783225059509
8590 248.33448195457458
8600 257.2812144756317
8610 233.06399846076965
8620 157.60523581504822
8630 133.99168515205383
8640 134.5455937385559
8650 134.51301193237305
8660 135.12179589271545
8670 134.9670135974884
8680 135.84269332885742
8690 133.60771131515503
8700 133.4648733139038
8710 160.9602267742157
8720 184.78086876869202
8730 139.49899053573608
8740 185.19465517997742
8750 137.26538348197937
8760 142.81931042671204
8770 139.3507204055786
8780 168.23629713058472
8790 258.9477379322052
8800 257.8681938648224
8810 158.68780183792114
8820 141.55594086647034
8830 141.44950556755066
8840 136.25413632392883
8850 141.80487942695618
8860 3.1948089599609375e-05
8870 147.87001848220825
8880 214.546777009964
8890 257.645977973938
8900 247.9181764125824
8910 246.85480046272278
8920 175.8421540260315
8930 133.38633036613464
8940 134.65910840034485
8950 140.11005330085754
8960 133.18208718299866
8970 139.44060730934143
8980 132.9465992450714
8990 139.7808997631073
9000 241.9534788131714
9010 201.23872637748718
9020 230.48121762275696
9030 142.28544783592224
9040 146.7145745754242
9050 135.01661348342896
9060 141.0251681804657
9070 141.80038046836853
9080 141.1277506351471
9090 137.34292268753052
9100 146.2842526435852
9110 135.2336287498474
9120 135.1636447906494
9130 140.66565799713135
9140 134.4940276145935
9150 133.95383501052856
9160 140.412695646286
9170 127.2530369758606
9180 140.22437381744385
9190 133.60395097732544
9200 139.85648918151855
9210 133.44922351837158
9220 140.00889420509338
9230 147.96064448356628
9240 142.2725908756256
9250 249.6440351009369
9260 261.4324481487274
9270 248.61740136146545
9280 2.8133392333984375e-05
9290 245.83916401863098
9300 257.2988131046295
9310 3.266334533691406e-05
9320 245.61044597625732
9330 245.44405388832092
9340 247.08394837379456
9350 245.33895182609558
9360 245.95668029785156
9370 246.04312133789062
9380 245.1798746585846
9390 256.0088276863098
9400 244.644198179245
9410 244.148583650589
9420 255.77696228027344
9430 244.0632095336914
9440 161.98855590820312
9450 136.19734263420105
9460 143.6383728981018
9470 182.07846117019653
9480 4.76837158203125e-05
9490 199.39701390266418
9500 248.08492255210876
9510 258.56113147735596
9520 246.48339939117432
9530 203.48783254623413
9540 246.50803422927856
9550 247.18725895881653
9560 212.6231415271759
9570 140.69195938110352
9580 133.29488897323608
9590 140.93720412254333
9600 134.42851185798645
9610 117.9216136932373
9620 117.51336550712585
9630 133.50027871131897
9640 133.6390426158905
9650 133.11621642112732
9660 133.35710334777832
9670 118.55191326141357
9680 116.71561121940613
9690 133.15953469276428
9700 2.09808349609375e-05
9710 132.9458954334259
9720 133.41896271705627
9730 133.18610501289368
9740 116.82652258872986
9750 246.88008308410645
9760 247.3284947872162
9770 2.956390380859375e-05
9780 234.78599405288696
9790 248.31932759284973
9800 247.52747631072998
9810 247.1965675354004
9820 247.5142650604248
9830 246.62609267234802
9840 244.30095911026
9850 214.62911868095398
9860 244.21100211143494
9870 244.7153627872467
9880 245.11079120635986
9890 120.57931637763977
9900 137.21047258377075
9910 139.5671672821045
9920 183.71194124221802
9930 145.25241470336914
9940 119.47946691513062
9950 137.87640857696533
9960 133.5256667137146
9970 123.25039935112
9980 120.64237666130066
9990 138.0821888446808
