0 0.0 0.0 0.0
50 0.0 0.0 0.0
100 0.0 0.0 0.0
150 1.4500000000000002 0.273500186859716 0.2324693840194467
200 0.0 0.0 0.0
250 0.0 0.0 0.0
300 0.30290281952552045 0.0 0.0
350 0.0 0.0 0.0
400 0.35000000000000003 0.09984764574454952 0.3991473357975561
450 1.6582553307795185 0.0 0.0
500 0.7000000000000001 0.07860899257685361 0.12650487637862373
550 0.9500000000000001 0.025878816895099077 0.028003704890900073
600 0.0 0.0 0.0
650 0.7111360588030653 0.0 0.0
700 1.3 0.2179463430145414 0.20141916401976573
750 0.0 0.0 0.0
800 0.8 0.06407224283623236 0.08706322354678385
850 0.4431867860937472 0.0 0.0
900 0.0 0.0 0.0
950 1.6582553307795185 0.0 0.0
1000 1.0 0.025288624667764825 0.025944731238152496
1050 0.9500000000000001 0.06457048305618407 0.07292560482855613
1100 0.0 0.0 0.0
1150 0.0 0.0 0.0
1200 1.625891379013616 0.0 0.0
1250 1.6582553307795185 0.0 0.0
1300 0.01858768639210706 0.0 0.0
1350 1.6582553307795185 0.0 0.0
1400 0.0 0.0 0.0
1450 1.6582553307795185 0.0 0.0
1500 0.2 0.01103905698948579 0.05841978143002574
1550 0.0 0.0 0.0
1600 0.0 0.0 0.0
1650 0.0 0.0 0.0
1700 0.0 0.0 0.0
1750 0.0 0.0 0.0
1800 0.0 0.0 0.0
1850 0.5 0.1029283095596642 0.259218453588371
1900 0.0 0.0 0.0
1950 1.6582553307795185 0.0 0.0
2000 0.0 0.0 0.0
2050 1.3334334897420428 0.0 0.0
2100 0.0 0.0 0.0
2150 0.0 0.0 0.0
2200 1.55 0.0988645397307244 0.06812909093433558
2250 1.1500000000000001 0.06117299701413503 0.056182476046591184
2300 0.0 0.0 0.0
2350 0.0 0.0 0.0
2400 0.0 0.0 0.0
2450 1.2000000000000002 0.04222970000553028 0.03647502445496485
2500 0.0 0.0 0.0
2550 0.0 0.0 0.0
2600 0.0 0.0 0.0
2650 0.6000000000000001 0.015391640371980375 0.026328122269366653
2700 0.0 0.0 0.0
2750 0.18320402280511444 0.0 0.0
2800 1.60333784560479 0.0 0.0
2850 0.0 0.0 0.0
2900 0.3150218056943265 0.0 0.0
2950 0.0 0.0 0.0
3000 0.0 0.0 0.0
3050 0.8 0.08950936162967482 0.1259824645050711
3100 0.0 0.0 0.0
3150 0.0 0.0 0.0
3200 0.2286866691693115 0.0 0.0
3250 0.0 0.0 0.0
3300 0.0 0.0 0.0
3350 0.0 0.0 0.0
3400 0.0 0.0 0.0
3450 0.0 0.0 0.0
3500 1.6582553307795185 0.0 0.0
3550 0.8006590196621217 0.0 0.0
3600 0.6000000000000001 0.06903902266833883 0.13002654736567215
3650 0.0 0.0 0.0
3700 0.0 0.0 0.0
3750 0.1 0.03617809694701865 0.5668602034161474
3800 0.0 0.0 0.0
3850 0.75 0.052422072441446366 0.07514869718558596
3900 0.4 0.024617308008669903 0.06557923029983084
3950 0.0 0.0 0.0
4000 1.6582553307795185 0.0 0.0
4050 0.25 0.05169010206225172 0.2606531625490414
4100 1.1 0.11210144327753646 0.11347465032184453
4150 0.0 0.0 0.0
4200 0.0 0.0 0.0
4250 1.6582553307795185 0.0 0.0
4300 0.0 0.0 0.0
4350 1.6 0.02936169273747069 0.018694114744116537
4400 0.0 0.0 0.0
4450 0.8500000000000001 0.06101531212029099 0.07733396231587394
4500 1.2000000000000002 0.005617852073398932 0.004703563330338866
4550 0.0 0.0 0.0
4600 0.0 0.0 0.0
4650 0.0 0.0 0.0
4700 0.9128067477368152 0.0 0.0
4750 1.05 0.1418454771617894 0.15619090539623887
4800 1.6582553307795185 0.0 0.0
4850 0.4 0.05374461491483712 0.15521669042524325
4900 0.18838878728773767 0.0 0.0
4950 1.60333784560479 0.0 0.0
5000 1.6582553307795185 0.0 0.0
5050 1.5 0.13420729391558162 0.09826329670506118
5100 1.05 0.3001413174677656 0.40026384232053397
5150 0.75 0.07178720928366811 0.10584761931111043
5200 0.25684661411662457 0.0 0.0
5250 0.0 0.0 0.0
5300 1.1500000000000001 0.0876612299360433 0.08251720864029632
5350 0.0 0.0 0.0
5400 0.0 0.0 0.0
5450 0.09154763856404075 0.0 0.0
5500 1.1500000000000001 0.15847251508453986 0.15982664877721625
5550 0.75 0.06293356120712523 0.09159748992789529
5600 0.4 0.11253807328099852 0.3914886209992123
5650 0.5238012406980321 0.0 0.0
5700 0.0 0.0 0.0
5750 0.0 0.0 0.0
5800 1.210904639667146 0.0 0.0
5850 0.0 0.0 0.0
5900 0.4 0.0415856474662874 0.11602673601743065
5950 0.0 0.0 0.0
6000 0.0 0.0 0.0
6050 0.0 0.0 0.0
6100 1.25 0.12767841578737005 0.11376277315110486
6150 0.0 0.0 0.0
6200 0.0 0.0 0.0
6250 0.0 0.0 0.0
6300 0.0 0.0 0.0
6350 1.55 0.0318889897370056 0.021005703483753285
6400 0.9500000000000001 0.11996071517668527 0.14452414165218763
6450 1.6582553307795185 0.0 0.0
6500 0.0 0.0 0.0
6550 0.30000000000000004 0.05616679989594997 0.23034927102618558
6600 1.625891379013616 0.0 0.0
6650 1.35 0.03804513920699115 0.028998817218448224
6700 0.0 0.0 0.0
6750 0.0 0.0 0.0
6800 1.6 0.02936169273747069 0.018694114744116537
6850 0.0 0.0 0.0
6900 0.2464822566100594 0.0 0.0
6950 1.625891379013616 0.0 0.0
7000 1.6 0.02936169273747069 0.018694114744116537
7050 1.4081460151901064 0.0 0.0
7100 0.0 0.0 0.0
7150 0.05 0.002967920890016275 0.0631041822130772
7200 0.55 0.12783097066404409 0.30279570925682014
7250 0.0 0.0 0.0
7300 0.0 0.0 0.0
7350 0.0 0.0 0.0
7400 1.4500000000000002 0.024082856961127774 0.016889380339311373
7450 0.0 0.0 0.0
7500 0.0 0.0 0.0
7550 0.8500000000000001 0.11230265631543412 0.15223405272752877
7600 0.7000000000000001 0.010171924980897473 0.0147455943723598
7650 0.0 0.0 0.0
7700 0.0 0.0 0.0
7750 0.0 0.0 0.0
7800 1.6 0.014468189741297266 0.009125133691853566
7850 0.0 0.0 0.0
7900 0.45 0.018117521315008434 0.041950118861439324
7950 0.0 0.0 0.0
8000 0.65 0.0196606200594287 0.031190531140989977
8050 0.0 0.0 0.0
8100 0.0 0.0 0.0
8150 0.0 0.0 0.0
8200 0.0 0.0 0.0
8250 0.0 0.0 0.0
8300 0.0 0.0 0.0
8350 0.0 0.0 0.0
8400 0.0 0.0 0.0
8450 0.19297498454397471 0.0 0.0
8500 0.0 0.0 0.0
8550 1.1 0.04428468850871603 0.04194756676036108
8600 0.0 0.0 0.0
8650 0.0 0.0 0.0
8700 0.9 0.01743597262496277 0.019756042716607934
8750 0.0 0.0 0.0
8800 1.1500000000000001 0.022953123590856883 0.02036572219958346
8850 0.0 0.0 0.0
8900 1.3 0.019447944591900024 0.015187156593725621
8950 1.625891379013616 0.0 0.0
9000 0.0 0.0 0.0
9050 0.6000000000000001 0.10985164653595353 0.2241191789375487
9100 0.0 0.0 0.0
9150 0.0 0.0 0.0
9200 0.0 0.0 0.0
9250 0.03222612105085603 0.0 0.0
9300 0.0 0.0 0.0
9350 0.0 0.0 0.0
9400 0.0 0.0 0.0
9450 0.0 0.0 0.0
9500 1.6582553307795185 0.0 0.0
9550 0.9500000000000001 0.050189531395152476 0.055777892285439994
9600 0.0 0.0 0.0
9650 0.0 0.0 0.0
9700 0.0 0.0 0.0
9750 0.0 0.0 0.0
9800 0.0 0.0 0.0
9850 0.0 0.0 0.0
9900 0.0 0.0 0.0
9950 0.0 0.0 0.0
10000 0.4 0.03492555807146669 0.09566694914869907
10050 0.0 0.0 0.0
10100 0.0 0.0 0.0
10150 1.0 0.014908750069547505 0.015134384830440899
10200 0.1634149972803589 0.0 0.0
10250 0.0 0.0 0.0
10300 0.0 0.0 0.0
10350 0.65 0.08853625442660051 0.15768828374872562
10400 0.0 0.0 0.0
10450 0.0 0.0 0.0
10500 1.3 0.10873341944416737 0.09127547202191594
10550 1.25 0.021688190741911306 0.017656909734516977
10600 0.0 0.0 0.0
10650 0.0 0.0 0.0
10700 0.0 0.0 0.0
10750 1.2000000000000002 0.04906485727756715 0.04263042760299131
10800 0.021015791778154574 0.0 0.0
10850 1.6582553307795185 0.0 0.0
10900 1.0 0.0739676309414703 0.0798758590012043
10950 0.0 0.0 0.0
11000 1.25 0.13921818277304654 0.12533350889790598
11050 1.625891379013616 0.0 0.0
11100 0.0 0.0 0.0
11150 0.35000000000000003 0.03850980351495198 0.12363086848160405
11200 0.0 0.0 0.0
11250 0.0 0.0 0.0
11300 1.25 0.1032782091468114 0.09006387597288959
11350 0.75 0.019227024976543383 0.02631053094967863
11400 0.2 0.02814325317124966 0.16375995525676681
11450 0.07033478837156629 0.0 0.0
11500 1.1500000000000001 0.02188598454373225 0.019400507611706627
11550 0.0 0.0 0.0
11600 1.1500000000000001 0.13047321382427435 0.12797428728055601
11650 0.06574653568332076 0.0 0.0
11700 0.0 0.0 0.0
11750 0.0 0.0 0.0
11800 0.0 0.0 0.0
11850 0.0 0.0 0.0
11900 0.06985283615239252 0.0 0.0
11950 0.7000000000000001 0.028206197557792412 0.04198639144221475
12000 0.0 0.0 0.0
12050 0.30000000000000004 0.03637262944934633 0.13796985257400518
12100 0.0 0.0 0.0
12150 1.0 0.15261771959035364 0.1801049220861384
12200 1.3 0.13577324079499586 0.11662095869339839
12250 1.1 0.22057893011764818 0.2508228852728728
12300 0.0 0.0 0.0
12350 1.55 0.1483356876949622 0.10582825459187448
12400 0.0 0.0 0.0
12450 0.0 0.0 0.0
12500 0.0 0.0 0.0
12550 1.6582553307795185 0.0 0.0
12600 0.0 0.0 0.0
12650 0.20559561001876192 0.0 0.0
12700 0.0 0.0 0.0
12750 0.0 0.0 0.0
12800 1.6582553307795185 0.0 0.0
12850 0.0 0.0 0.0
12900 0.0 0.0 0.0
12950 0.10685464632495537 0.0 0.0
13000 0.0 0.0 0.0
13050 0.0 0.0 0.0
13100 1.625891379013616 0.0 0.0
13150 0.617511835069191 0.0 0.0
13200 0.0 0.0 0.0
13250 0.0 0.0 0.0
13300 0.0 0.0 0.0
13350 1.55 0.023284096178035396 0.015251099513502304
13400 1.625891379013616 0.0 0.0
13450 0.0 0.0 0.0
13500 1.5 0.0740828569611276 0.05195453138549439
13550 0.0 0.0 0.0
13600 0.0 0.0 0.0
13650 0.9657463973531536 0.0 0.0
13700 1.1 0.13309562525004148 0.13765128044276354
13750 1.25 0.08378798845034519 0.07184627462292063
13800 1.55 0.089178135380936 0.061046550261068845
13850 0.8 0.0727539694919419 0.10004038033884569
13900 0.15000000000000002 0.0279416273005596 0.22892020172482358
13950 0.0 0.0 0.0
14000 1.25 0.03289671566883068 0.027028696818370924
14050 0.0 0.0 0.0
14100 0.0 0.0 0.0
14150 0.0 0.0 0.0
14200 1.6582553307795185 0.0 0.0
14250 0.0 0.0 0.0
14300 1.6582553307795185 0.0 0.0
14350 0.0 0.0 0.0
14400 0.0 0.0 0.0
14450 0.8449427358850554 0.0 0.0
14500 1.5 0.07783767887916593 0.05473192315896861
14550 0.2513534055050867 0.0 0.0
14600 0.0 0.0 0.0
14650 1.625891379013616 0.0 0.0
14700 1.557748916463735 0.0 0.0
14750 0.0 0.0 0.0
14800 0.45 0.03573348191505549 0.0862572289941337
14850 0.0 0.0 0.0
14900 0.0 0.0 0.0
14950 0.0 0.0 0.0
15000 1.3732705046193003 0.0 0.0
15050 0.5076402165101819 0.0 0.0
15100 0.6000000000000001 0.03280210759910107 0.057831857343920344
15150 0.0 0.0 0.0
15200 0.0 0.0 0.0
15250 0.0 0.0 0.0
15300 0.0 0.0 0.0
15350 0.65 0.021997515168866166 0.035027751800665516
15400 0.0 0.0 0.0
15450 1.5 0.010877462069801114 0.007304611805097119
15500 0.9500000000000001 0.014953596541096181 0.015992357690249547
15550 0.0 0.0 0.0
15600 0.0 0.0 0.0
15650 0.0 0.0 0.0
15700 0.0 0.0 0.0
15750 0.0 0.0 0.0
15800 0.0 0.0 0.0
15850 1.6582553307795185 0.0 0.0
15900 0.17063220516320887 0.0 0.0
15950 0.45004676884403283 0.0 0.0
16000 1.557748916463735 0.0 0.0
16050 0.1564344750303771 0.0 0.0
16100 0.0 0.0 0.0
16150 0.5 0.12585170430645898 0.3363685088373144
16200 1.1 0.09467866456679119 0.09417751442228435
16250 0.16582435797965683 0.0 0.0
16300 0.55 0.07279679994979443 0.15254885118569117
16350 1.6582553307795185 0.0 0.0
16400 1.6582553307795185 0.0 0.0
16450 0.0 0.0 0.0
16500 0.10135055378420389 0.0 0.0
16550 0.0 0.0 0.0
16600 0.0 0.0 0.0
16650 0.0 0.0 0.0
16700 0.65 0.1344747524689972 0.2608499838039651
16750 0.18320402280511444 0.0 0.0
16800 0.0 0.0 0.0
16850 0.36635190382315586 0.0 0.0
16900 0.0 0.0 0.0
16950 0.4 0.008899137813993763 0.022754073627588585
17000 1.6582553307795185 0.0 0.0
17050 0.0 0.0 0.0
17100 0.0 0.0 0.0
17150 0.0 0.0 0.0
17200 0.1637550252919235 0.0 0.0
17250 0.0 0.0 0.0
17300 0.0 0.0 0.0
17350 0.0 0.0 0.0
17400 1.1815223132300547 0.0 0.0
17450 0.0 0.0 0.0
17500 1.6582553307795185 0.0 0.0
17550 1.6 0.014468189741297266 0.009125133691853566
17600 0.8261396777412728 0.0 0.0
17650 0.0 0.0 0.0
17700 1.35 0.14506812980190475 0.1203952965224955
17750 0.0 0.0 0.0
17800 0.0 0.0 0.0
17850 0.0 0.0 0.0
17900 0.0 0.0 0.0
17950 1.05 0.24559469020446523 0.305312119666255
18000 1.3315171519625149 0.0 0.0
18050 0.0 0.0 0.0
18100 1.1281140154562679 0.0 0.0
18150 1.3 0.01395004521831078 0.010847203226004421
18200 0.3588875847336458 0.0 0.0
18250 0.0 0.0 0.0
18300 1.1500000000000001 0.0032782091468115393 0.0028587658950585326
18350 0.0 0.0 0.0
18400 0.05517771268378495 0.0 0.0
18450 0.0 0.0 0.0
18500 1.4500000000000002 0.0575006968850198 0.04129316025968014
18550 1.1 0.14017485091536508 0.14604206927589558
18600 0.0 0.0 0.0
18650 0.0 0.0 0.0
18700 0.0 0.0 0.0
18750 0.0 0.0 0.0
18800 1.35 0.11171213789871226 0.09021499872343461
18850 0.0005700896597802059 0.0 0.0
18900 0.0 0.0 0.0
18950 1.0586305846512514 0.0 0.0
19000 0.30000000000000004 0.05492291877703967 0.2241046714893475
19050 0.0 0.0 0.0
19100 1.35 0.039700217736982735 0.03029857615363145
19150 0.0 0.0 0.0
19200 0.0 0.0 0.0
19250 0.0 0.0 0.0
19300 0.008990939992365958 0.0 0.0
19350 1.625891379013616 0.0 0.0
19400 0.0 0.0 0.0
19450 0.0 0.0 0.0
19500 1.55 0.07301930428206904 0.049438225221065474
19550 0.0 0.0 0.0
19600 0.0 0.0 0.0
19650 1.35 0.24868734928283542 0.22580994517850358
19700 0.0 0.0 0.0
19750 0.0 0.0 0.0
19800 1.6582553307795185 0.0 0.0
19850 0.0 0.0 0.0
19900 1.1500000000000001 0.149381605835176 0.14928928621171192
19950 0.0 0.0 0.0
20000 1.6 0.02936169273747069 0.018694114744116537
20050 0.0 0.0 0.0
20100 0.0 0.0 0.0
20150 0.0 0.0 0.0
20200 1.625891379013616 0.0 0.0
20250 0.03606357002773587 0.0 0.0
20300 0.0 0.0 0.0
20350 1.55 0.3255110324227741 0.2658341896430723
20400 0.0 0.0 0.0
20450 0.0 0.0 0.0
20500 0.0 0.0 0.0
20550 0.0 0.0 0.0
20600 0.15803045392442486 0.0 0.0
20650 0.0 0.0 0.0
20700 0.8 0.013586604349384745 0.017276669528428212
20750 0.0 0.0 0.0
20800 1.6582553307795185 0.0 0.0
20850 0.6000000000000001 0.053041878099353124 0.09697612298915272
20900 0.0 0.0 0.0
20950 0.0 0.0 0.0
21000 0.0 0.0 0.0
21050 0.0 0.0 0.0
21100 0.0 0.0 0.0
21150 0.0 0.0 0.0
21200 0.0 0.0 0.0
21250 1.6582553307795185 0.0 0.0
21300 1.1500000000000001 0.23773494501716974 0.2605985439414251
21350 0.0 0.0 0.0
21400 1.3 0.28047321382427426 0.27510136823019365
21450 1.6582553307795185 0.0 0.0
21500 0.0 0.0 0.0
21550 1.35 0.042956182363620865 0.03286514329818078
21600 0.0 0.0 0.0
21650 0.08419275501252316 0.0 0.0
21700 0.0 0.0 0.0
21750 0.0 0.0 0.0
21800 1.6582553307795185 0.0 0.0
21850 0.0 0.0 0.0
21900 0.0 0.0 0.0
21950 1.3732705046193003 0.0 0.0
22000 0.0 0.0 0.0
22050 0.0 0.0 0.0
22100 1.6582553307795185 0.0 0.0
22150 0.0 0.0 0.0
22200 0.0 0.0 0.0
22250 0.0 0.0 0.0
22300 0.030909353134712582 0.0 0.0
22350 0.0 0.0 0.0
22400 0.0 0.0 0.0
22450 0.0 0.0 0.0
22500 0.0 0.0 0.0
22550 1.4500000000000002 0.2756080367585776 0.23468147380528367
22600 0.0 0.0 0.0
22650 1.6582553307795185 0.0 0.0
22700 0.30000000000000004 0.0009909612000701395 0.0033141513181252093
22750 0.5 0.06581295088457739 0.1515774158134365
22800 0.0 0.0 0.0
22850 0.0 0.0 0.0
22900 0.0 0.0 0.0
22950 0.0 0.0 0.0
23000 0.0 0.0 0.0
23050 0.25 0.04786486340109666 0.23679635419385245
23100 0.0 0.0 0.0
23150 0.0 0.0 0.0
23200 0.0 0.0 0.0
23250 0.7869470354926642 0.0 0.0
23300 1.6582553307795185 0.0 0.0
23350 0.0 0.0 0.0
23400 0.6000000000000001 0.12417030370099896 0.260955347400119
23450 0.0 0.0 0.0
23500 0.0 0.0 0.0
23550 1.6582553307795185 0.0 0.0
23600 0.0 0.0 0.0
23650 0.0 0.0 0.0
23700 0.0 0.0 0.0
23750 1.6582553307795185 0.0 0.0
23800 0.9500000000000001 0.012135003313884396 0.012938966009780334
23850 0.2104671410713737 0.0 0.0
23900 0.0 0.0 0.0
23950 0.0 0.0 0.0
24000 0.0 0.0 0.0
24050 0.0 0.0 0.0
24100 0.0 0.0 0.0
24150 0.0 0.0 0.0
24200 0.0 0.0 0.0
24250 0.0 0.0 0.0
24300 0.0 0.0 0.0
24350 0.0 0.0 0.0
24400 0.0 0.0 0.0
24450 0.3388088176467131 0.0 0.0
24500 0.0 0.0 0.0
24550 1.05 0.0017335545974981326 0.00165373470180332
24600 0.0 0.0 0.0
24650 0.0 0.0 0.0
24700 0.0 0.0 0.0
24750 0.0 0.0 0.0
24800 0.0 0.0 0.0
24850 0.0 0.0 0.0
24900 1.4000000000000001 0.1532562875589405 0.12292525402744772
24950 0.0 0.0 0.0
25000 1.55 0.09411691256171295 0.06464592752933015
25050 0.0 0.0 0.0
25100 1.625891379013616 0.0 0.0
25150 1.1500000000000001 0.09715649709086915 0.09228009369143113
25200 0.0 0.0 0.0
25250 0.2 0.0011373845420403206 0.005719448773320433
25300 0.0604343994610778 0.0 0.0
25350 1.55 0.14513457799636464 0.10330852743843039
25400 1.6582553307795185 0.0 0.0
25450 0.0 0.0 0.0
25500 0.25 0.0007259896242601815 0.0029124160323247134
25550 0.0 0.0 0.0
25600 0.0 0.0 0.0
25650 0.0 0.0 0.0
25700 1.6582553307795185 0.0 0.0
25750 0.0 0.0 0.0
25800 0.0 0.0 0.0
25850 1.2522675738149596 0.0 0.0
25900 1.6582553307795185 0.0 0.0
25950 0.0 0.0 0.0
26000 1.0 0.27817104971314477 0.38536976052650623
26050 1.0 0.13185003378779103 0.15187472086540615
26100 0.0 0.0 0.0
26150 0.0 0.0 0.0
26200 0.0 0.0 0.0
26250 0.0 0.0 0.0
26300 0.0 0.0 0.0
26350 0.0 0.0 0.0
26400 0.0 0.0 0.0
26450 0.0 0.0 0.0
26500 0.0 0.0 0.0
26550 0.0 0.0 0.0
26600 0.0 0.0 0.0
26650 1.4500000000000002 0.1277015758694704 0.0965754579594541
26700 0.0 0.0 0.0
26750 0.0 0.0 0.0
26800 0.0 0.0 0.0
26850 0.0 0.0 0.0
26900 1.4000000000000001 0.26367032821700054 0.23203682414037377
26950 0.4 0.11449920788695994 0.4010469009193697
27000 0.5045557062746111 0.0 0.0
27050 0.0 0.0 0.0
27100 0.0 0.0 0.0
27150 0.0 0.0 0.0
27200 0.0 0.0 0.0
27250 0.0 0.0 0.0
27300 1.25 0.007540697959639742 0.006069170995988719
27350 0.45 0.07549469349304899 0.20158511022766448
27400 1.6 0.014468189741297266 0.009125133691853566
27450 0.5 0.091115898627526 0.2228404047055959
27500 0.0 0.0 0.0
27550 1.6582553307795185 0.0 0.0
27600 1.6 0.014468189741297266 0.009125133691853566
27650 0.0 0.0 0.0
27700 1.2000000000000002 0.09448696967926984 0.08546888827882687
27750 0.0 0.0 0.0
27800 0.0 0.0 0.0
27850 1.25 0.1482255483963879 0.1345334775013601
27900 0.0 0.0 0.0
27950 0.0 0.0 0.0
28000 0.0 0.0 0.0
28050 0.0 0.0 0.0
28100 1.55 0.03986718022677738 0.026399783982420995
28150 0.0 0.0 0.0
28200 0.0 0.0 0.0
28250 1.55 0.023284096178035396 0.015251099513502304
28300 0.0 0.0 0.0
28350 0.0 0.0 0.0
28400 0.0 0.0 0.0
28450 1.5267159038219646 0.0 0.0
28500 0.0 0.0 0.0
28550 0.0 0.0 0.0
28600 0.0 0.0 0.0
28650 0.8500000000000001 0.14071444609470218 0.19838899202152654
28700 1.6582553307795185 0.0 0.0
28750 0.0 0.0 0.0
28800 0.0 0.0 0.0
28850 0.0 0.0 0.0
28900 0.65 0.10717810738389155 0.19744617680644924
28950 0.0066327827659677305 0.0 0.0
29000 0.0 0.0 0.0
29050 1.6582553307795185 0.0 0.0
29100 0.0 0.0 0.0
29150 1.6582553307795185 0.0 0.0
29200 0.0 0.0 0.0
29250 0.0 0.0 0.0
29300 1.55 0.07301930428206904 0.049438225221065474
29350 0.0 0.0 0.0
29400 0.8500000000000001 0.10998501928294213 0.14862539563235477
29450 0.0 0.0 0.0
29500 0.0 0.0 0.0
29550 1.1642267592050042 0.0 0.0
29600 1.25 0.21255921738055594 0.20488804849551331
29650 0.0 0.0 0.0
29700 0.0 0.0 0.0
29750 0.0 0.0 0.0
29800 0.0 0.0 0.0
29850 0.0 0.0 0.0
29900 1.6582553307795185 0.0 0.0
29950 0.020859988999948377 0.0 0.0
30000 0.0 0.0 0.0
30050 0.0 0.0 0.0
30100 1.35 0.24495871188851392 0.22167380940774437
30150 1.60333784560479 0.0 0.0
30200 0.25 0.05439904761070191 0.2781123861934644
30250 0.0 0.0 0.0
30300 1.3022905448941025 0.0 0.0
30350 0.35317587182125765 0.0 0.0
30400 0.0 0.0 0.0
30450 0.0 0.0 0.0
30500 1.6582553307795185 0.0 0.0
30550 1.3 0.015343068486550981 0.011943319737881595
30600 1.55 0.0036614227295876933 0.0023678014526746236
30650 0.0 0.0 0.0
30700 0.0 0.0 0.0
30750 1.6582553307795185 0.0 0.0
30800 0.0 0.0 0.0
30850 0.0 0.0 0.0
30900 0.0 0.0 0.0
30950 0.0 0.0 0.0
31000 0.0 0.0 0.0
31050 1.625891379013616 0.0 0.0
31100 1.6582553307795185 0.0 0.0
31150 0.018322712972009846 0.0 0.0
31200 0.0 0.0 0.0
31250 1.1500000000000001 0.1138710929196638 0.10990050768927614
31300 0.0 0.0 0.0
31350 0.0 0.0 0.0
31400 0.0 0.0 0.0
31450 1.0 0.12073438066118536 0.13731275055650935
31500 0.0 0.0 0.0
31550 0.0 0.0 0.0
31600 1.4000000000000001 0.12733987510949185 0.10005803797808734
31650 0.0 0.0 0.0
31700 0.0 0.0 0.0
31750 0.0 0.0 0.0
31800 1.6582553307795185 0.0 0.0
31850 0.0 0.0 0.0
31900 0.0 0.0 0.0
31950 0.0 0.0 0.0
32000 1.6582553307795185 0.0 0.0
32050 1.55 0.03986718022677738 0.026399783982420995
32100 1.625891379013616 0.0 0.0
32150 0.0 0.0 0.0
32200 1.35 0.06809211308339158 0.05311778933443847
32250 1.6582553307795185 0.0 0.0
32300 0.0 0.0 0.0
32350 0.0290216254999613 0.0 0.0
32400 0.0 0.0 0.0
32450 0.6000000000000001 0.053863126374937176 0.09862569069437271
32500 0.0 0.0 0.0
32550 0.0 0.0 0.0
32600 0.0 0.0 0.0
32650 1.3 0.031139389414030605 0.024541221592220597
32700 0.0 0.0 0.0
32750 0.0 0.0 0.0
32800 0.0 0.0 0.0
32850 0.0 0.0 0.0
32900 1.625891379013616 0.0 0.0
32950 0.35000000000000003 0.08943285536944096 0.34322383774148457
33000 1.0 0.08207091957104906 0.08940878039586357
33050 0.0 0.0 0.0
33100 0.0 0.0 0.0
33150 0.0 0.0 0.0
33200 0.0 0.0 0.0
33250 0.0 0.0 0.0
33300 0.0 0.0 0.0
33350 0.0 0.0 0.0
33400 0.0 0.0 0.0
33450 1.5 0.08148609634622694 0.057444693447372686
33500 0.9500000000000001 0.04466083105697771 0.04933049688893826
33550 0.0 0.0 0.0
33600 0.0 0.0 0.0
33650 0.0 0.0 0.0
33700 0.0 0.0 0.0
33750 0.0 0.0 0.0
33800 0.0 0.0 0.0
33850 0.0 0.0 0.0
33900 1.625891379013616 0.0 0.0
33950 1.6582553307795185 0.0 0.0
34000 0.0 0.0 0.0
34050 0.0 0.0 0.0
34100 0.27475520198571635 0.0 0.0
34150 0.0 0.0 0.0
34200 0.65 0.12414709741372976 0.23608712018730837
34250 1.4000000000000001 0.3032447153780915 0.27649259559540756
34300 0.0 0.0 0.0
34350 1.55 0.07865102283272463 0.053455042993367924
34400 1.6582553307795185 0.0 0.0
34450 0.0 0.0 0.0
34500 0.0 0.0 0.0
34550 0.0 0.0 0.0
34600 0.0 0.0 0.0
34650 0.0 0.0 0.0
34700 1.6582553307795185 0.0 0.0
34750 0.25 0.05003101567980531 0.2501938780650831
34800 0.0 0.0 0.0
34850 0.0 0.0 0.0
34900 0.0 0.0 0.0
34950 1.05 0.018713505524104557 0.018145787445432267
35000 0.0 0.0 0.0
35050 1.6582553307795185 0.0 0.0
35100 0.0 0.0 0.0
35150 0.0 0.0 0.0
35200 0.30000000000000004 0.05796346870431768 0.23948231448378748
35250 0.7000000000000001 0.1712562780462289 0.323892787631438
35300 0.0 0.0 0.0
35350 0.0 0.0 0.0
35400 0.0 0.0 0.0
35450 0.15278981708834388 0.0 0.0
35500 0.0 0.0 0.0
35550 0.0 0.0 0.0
35600 0.0 0.0 0.0
35650 0.0 0.0 0.0
35700 1.625891379013616 0.0 0.0
35750 0.0 0.0 0.0
35800 1.05 0.21638397621229588 0.2595727169795888
35850 0.0 0.0 0.0
35900 0.0 0.0 0.0
35950 0.9 0.12779451357796612 0.1654928847632177
36000 0.0 0.0 0.0
36050 0.5 0.011809046502045839 0.024189400515172238
36100 1.1 0.003244715378091456 0.0029584679678202118
36150 1.6582553307795185 0.0 0.0
36200 0.0 0.0 0.0
36250 0.0 0.0 0.0
36300 1.3657927060844184 0.0 0.0
36350 1.6582553307795185 0.0 0.0
36400 1.5 0.26974193227032606 0.21925638152335755
36450 0.0 0.0 0.0
36500 0.0 0.0 0.0
36550 0.0 0.0 0.0
36600 1.625891379013616 0.0 0.0
36650 0.0 0.0 0.0
36700 0.0 0.0 0.0
36750 0.0 0.0 0.0
36800 1.5 0.15658071595851086 0.11655386953167717
36850 1.60333784560479 0.0 0.0
36900 0.6000000000000001 0.11869034224444508 0.24659871318170162
36950 1.0604758259774059 0.0 0.0
37000 0.0 0.0 0.0
37050 0.0 0.0 0.0
37100 0.0 0.0 0.0
37150 0.0 0.0 0.0
37200 0.0 0.0 0.0
37250 0.0 0.0 0.0
37300 1.6582553307795185 0.0 0.0
37350 0.0 0.0 0.0
37400 0.0 0.0 0.0
37450 0.0 0.0 0.0
37500 0.0 0.0 0.0
37550 0.0 0.0 0.0
37600 0.0 0.0 0.0
37650 1.3 0.01395004521831078 0.010847203226004421
37700 0.0 0.0 0.0
37750 1.3867215890046345 0.0 0.0
37800 1.55 0.07865102283272463 0.053455042993367924
37850 1.60333784560479 0.0 0.0
37900 0.0 0.0 0.0
37950 0.0 0.0 0.0
38000 0.0 0.0 0.0
38050 0.0 0.0 0.0
38100 0.9 0.12940400578829758 0.16792717164416895
38150 1.6582553307795185 0.0 0.0
38200 0.0 0.0 0.0
38250 1.1552534066290914 0.0 0.0
38300 0.0 0.0 0.0
38350 1.6582553307795185 0.0 0.0
38400 0.0 0.0 0.0
38450 0.0 0.0 0.0
38500 0.0 0.0 0.0
38550 1.4048654220036354 0.0 0.0
38600 0.0 0.0 0.0
38650 0.0 0.0 0.0
38700 0.0 0.0 0.0
38750 0.0 0.0 0.0
38800 0.0 0.0 0.0
38850 0.0 0.0 0.0
38900 0.0 0.0 0.0
38950 1.6582553307795185 0.0 0.0
39000 0.0 0.0 0.0
39050 1.05 0.13262598809688575 0.14457133772707378
39100 0.0 0.0 0.0
39150 1.55 0.07301930428206904 0.049438225221065474
39200 0.0 0.0 0.0
39250 0.0672128131095008 0.0 0.0
39300 0.0 0.0 0.0
39350 0.0 0.0 0.0
39400 0.0 0.0 0.0
39450 1.2083182486198676 0.0 0.0
39500 0.0 0.0 0.0
39550 1.1500000000000001 0.00148477935858371 0.0012927816122057995
39600 0.0 0.0 0.0
39650 0.5 0.024734160508365632 0.052042790482948235
39700 1.1500000000000001 0.12468088326726035 0.12160202734204918
39750 0.0 0.0 0.0
39800 1.6582553307795185 0.0 0.0
39850 0.0 0.0 0.0
39900 0.0 0.0 0.0
39950 1.60333784560479 0.0 0.0
40000 1.4000000000000001 0.2892181827730467 0.2603735299656548
40050 1.460821864619064 0.0 0.0
40100 0.55 0.08437034092268725 0.18119623455661027
40150 0.0 0.0 0.0
40200 0.0 0.0 0.0
40250 0.0 0.0 0.0
40300 0.65 0.08742732594943681 0.15540627901450288
40350 0.0 0.0 0.0
40400 0.0 0.0 0.0
40450 0.03738225163115691 0.0 0.0
40500 0.0 0.0 0.0
40550 0.0 0.0 0.0
40600 1.55 0.047311647443582405 0.031484670366343386
40650 0.0 0.0 0.0
40700 0.0 0.0 0.0
40750 0.0 0.0 0.0
40800 1.60333784560479 0.0 0.0
40850 0.0 0.0 0.0
40900 0.0 0.0 0.0
40950 0.0 0.0 0.0
41000 0.0 0.0 0.0
41050 0.5 0.032911056653663395 0.07045993514186127
41100 1.6582553307795185 0.0 0.0
41150 0.0 0.0 0.0
41200 0.6268403124977513 0.0 0.0
41250 0.6643365054927695 0.0 0.0
41300 0.0 0.0 0.0
41350 0.0 0.0 0.0
41400 0.0 0.0 0.0
41450 0.75 0.03299214258575223 0.04601364161437798
41500 0.1 0.03290124368244654 0.4903405888290565
41550 0.0 0.0 0.0
41600 1.6582553307795185 0.0 0.0
41650 0.4 0.0368049050356033 0.10133645951141275
41700 0.4 0.043379219624172405 0.12163962957642814
41750 0.0 0.0 0.0
41800 0.0 0.0 0.0
41850 0.0 0.0 0.0
41900 0.0 0.0 0.0
41950 1.3 0.0053100135791246394 0.004101378426355165
42000 0.2 0.032566409787985806 0.19450344310689577
42050 0.0 0.0 0.0
42100 0.0 0.0 0.0
42150 0.0 0.0 0.0
42200 0.8 0.007764949386926956 0.009801320177538257
42250 0.07394136588160859 0.0 0.0
42300 0.00948438788064417 0.0 0.0
42350 0.0 0.0 0.0
42400 0.0 0.0 0.0
42450 1.0 0.2873268457367083 0.40316776914899416
42500 0.45 0.041705795182212235 0.10214642943762713
42550 0.0 0.0 0.0
42600 1.6582553307795185 0.0 0.0
42650 0.9500000000000001 0.16015283557487414 0.2027643356692153
42700 0.9041178848754012 0.0 0.0
42750 0.0 0.0 0.0
42800 0.0 0.0 0.0
42850 0.0 0.0 0.0
42900 0.0 0.0 0.0
42950 0.0 0.0 0.0
43000 0.0 0.0 0.0
43050 1.5101328197732227 0.0 0.0
43100 0.0 0.0 0.0
43150 0.0 0.0 0.0
43200 0.0 0.0 0.0
43250 0.4898148295915553 0.0 0.0
43300 0.15000000000000002 0.025087967496328148 0.20084508268321286
43350 0.12545548322311953 0.0 0.0
43400 0.0 0.0 0.0
43450 0.0 0.0 0.0
43500 0.0 0.0 0.0
43550 0.55 0.09827880083146201 0.21756517297031705
43600 0.0 0.0 0.0
43650 1.625891379013616 0.0 0.0
43700 1.5855318102587028 0.0 0.0
43750 0.0 0.0 0.0
43800 0.0 0.0 0.0
43850 0.6000000000000001 0.02925444943942157 0.05125655278554208
43900 0.625621403697351 0.0 0.0
43950 0.0 0.0 0.0
44000 0.0 0.0 0.0
44050 1.6582553307795185 0.0 0.0
44100 0.0 0.0 0.0
44150 1.2511471099271811 0.0 0.0
44200 0.8038344938752733 0.0 0.0
44250 0.0 0.0 0.0
44300 1.6582553307795185 0.0 0.0
44350 1.2000000000000002 0.1000664989468425 0.09097504426497732
44400 0.0 0.0 0.0
44450 0.0 0.0 0.0
44500 0.75 0.0803151656072727 0.1199297960511571
44550 1.1 0.03196006856736844 0.029924039005262953
44600 0.0 0.0 0.0
44650 0.9 0.09525108319406661 0.11836124436441656
44700 1.2000000000000002 0.04536980361680376 0.03929379619459261
44750 0.6000000000000001 0.03702312595428725 0.0657631381698301
44800 0.0 0.0 0.0
44850 1.6582553307795185 0.0 0.0
44900 0.0 0.0 0.0
44950 0.0 0.0 0.0
45000 1.55 0.1202140227624462 0.0840783338739327
45050 0.4330146959892976 0.0 0.0
45100 1.6582553307795185 0.0 0.0
45150 0.0 0.0 0.0
45200 0.0 0.0 0.0
45250 1.6582553307795185 0.0 0.0
45300 0.726818972789956 0.0 0.0
45350 1.0075731614092494 0.0 0.0
45400 0.0 0.0 0.0
45450 0.0 0.0 0.0
45500 0.0 0.0 0.0
45550 0.0 0.0 0.0
45600 0.0 0.0 0.0
45650 0.0 0.0 0.0
45700 1.1500000000000001 0.0056413332879408085 0.004929689835922977
45750 1.6582553307795185 0.0 0.0
45800 1.4500000000000002 0.13296479963169627 0.10095766581979979
45850 1.4000000000000001 0.22136572807693033 0.18781545162075433
45900 1.55 0.36627848872628355 0.30942961265623864
45950 1.3732705046193003 0.0 0.0
46000 0.06301951362046745 0.0 0.0
46050 0.0 0.0 0.0
46100 1.55 0.0036614227295876933 0.0023678014526746236
46150 0.1 0.020973348243054107 0.26539588577736617
46200 0.45 0.023702832777136307 0.055601666160602733
46250 0.0 0.0 0.0
46300 1.6582553307795185 0.0 0.0
46350 1.6582553307795185 0.0 0.0
46400 0.0 0.0 0.0
46450 1.3 0.10873341944416737 0.09127547202191594
46500 0.0 0.0 0.0
46550 0.0 0.0 0.0
46600 0.0 0.0 0.0
46650 0.05 0.003284476001578003 0.07030802012814732
46700 0.0 0.0 0.0
46750 0.0 0.0 0.0
46800 1.25 0.2613291834052416 0.26432375571206584
46850 0.0 0.0 0.0
46900 0.0 0.0 0.0
46950 1.3 0.12699855897970536 0.10826803321677086
47000 0.30382270571387116 0.0 0.0
47050 0.8 0.09603835979019015 0.1364255583039535
47100 1.557748916463735 0.0 0.0
47150 0.5867121108431126 0.0 0.0
47200 0.0 0.0 0.0
47250 0.0 0.0 0.0
47300 1.6582553307795185 0.0 0.0
47350 0.0 0.0 0.0
47400 1.3519457771637127 0.0 0.0
47450 1.1 0.02687583238270408 0.025044475927121883
47500 0.8 0.22231293522369833 0.38483280789710045
47550 1.557748916463735 0.0 0.0
47600 0.0 0.0 0.0
47650 0.9 0.014409944690103482 0.01627157464529226
47700 0.0 0.0 0.0
47750 1.625891379013616 0.0 0.0
47800 1.5706383072625294 0.0 0.0
47850 0.26819991330856935 0.0 0.0
47900 0.0 0.0 0.0
47950 0.15000000000000002 0.04767157258406446 0.4658683201520654
48000 0.46069675656771697 0.0 0.0
48050 0.0 0.0 0.0
48100 0.0 0.0 0.0
48150 1.6582553307795185 0.0 0.0
48200 0.0 0.0 0.0
48250 0.0 0.0 0.0
48300 0.0 0.0 0.0
48350 0.0 0.0 0.0
48400 0.65 0.11559491955771195 0.21630580207441605
48450 1.6582553307795185 0.0 0.0
48500 0.0 0.0 0.0
48550 1.3 0.02861682945952504 0.02250842241946604
48600 0.0 0.0 0.0
48650 1.6582553307795185 0.0 0.0
48700 1.6582553307795185 0.0 0.0
48750 0.0 0.0 0.0
48800 0.0 0.0 0.0
48850 1.6582553307795185 0.0 0.0
48900 0.0 0.0 0.0
48950 0.0 0.0 0.0
49000 1.6582553307795185 0.0 0.0
49050 0.0 0.0 0.0
49100 0.2 0.003220378616178715 0.016365407116508895
49150 0.6866212221096928 0.0 0.0
49200 1.6582553307795185 0.0 0.0
49250 1.3564105495164216 0.0 0.0
49300 1.6582553307795185 0.0 0.0
49350 0.0 0.0 0.0
49400 0.0 0.0 0.0
49450 1.2000000000000002 0.13952417402259432 0.1315675196028155
49500 0.0 0.0 0.0
49550 1.60333784560479 0.0 0.0
49600 0.8 0.023623267973086448 0.030427583669866514
49650 1.6582553307795185 0.0 0.0
49700 1.55 0.13503434200024622 0.0954329465431236
49750 1.5706383072625294 0.0 0.0
49800 0.6000000000000001 0.010025733671895076 0.016993510131032428
49850 0.35000000000000003 0.09145700378406418 0.3537400166418704
49900 0.0 0.0 0.0
49950 0.0 0.0 0.0
