
x disttype L1-general-gaussian
x k 380
x std 0.65
x N 50000
x alpha 0.0005

o 0 0.9998341327646891 1
o 10 0.999784848241918 0.9999999949993749
o 20 0.9639010156276984 0.9695011664631588
o 30 0.999784848241918 0.9999999949993749
o 40 0.9990229026390082 0.9997633135035773
o 50 0.9993545677321735 0.9999100498624319
o 60 0.9998341327646891 1
o 70 0.9998341327646891 1
o 80 0.9542929410087301 0.9605924573563352
o 90 0.9988648919050572 0.999681833128126
o 100 0.9988389036516672 0.9996678953600677
o 110 0.9976792437995069 0.9989495473086407
o 120 0.9926144404943138 0.9950575146577324
o 130 0.9997427320109885 0.9999995494141014
o 140 0.9990229026390082 0.9997633135035773
o 150 0.9951682130791031 0.9971024818886722
o 160 0.9958239179842938 0.9976063863609007
o 170 0.9782555474609314 0.9825817592717079
o 180 0.9996330653686861 0.9999891487861118
o 190 0.9989962943624112 0.9997500155155598
o 200 0.9992409148798167 0.9998643624923798
o 210 0.9941615185010257 0.9963097103102978
o 220 0.9961429349554335 0.9978471617053387
o 230 0.9957557829105036 0.997554564113653
o 240 0.9981128936006963 0.9992353457234481
o 250 0.9328462459465834 0.9404462932387856
o 260 0.999599491460172 0.9999830535762632
o 270 0.9989171466500022 0.9997094220119266
o 280 0.9997041638433971 0.9999976422569008
o 290 0.967963855713265 0.9732369587943145
o 300 0.948978297790306 0.9556288732531062
o 310 0.9865965584970535 0.9899577864928369
o 320 0.6157670128140861 0.6308714176651781
o 330 0.9996678275924519 0.9999940967944916
o 340 0.7182235424073901 0.7321405390660155
o 350 0.9990229026390082 0.9997633135035773
o 360 0.9998341327646891 1
o 370 0.999297246851899 0.9998877222821806
o 380 0.9997041638433971 0.9999976422569008
o 390 0.9998341327646891 1
o 400 0.9987614482791993 0.999625557902435
o 410 0.9997427320109885 0.9999995494141014
o 420 0.9409949748408276 0.9481348543820537
o 430 0.9997041638433971 0.9999976422569008
o 440 0.9998341327646891 1
o 450 0.9753730728084559 0.9799852255788448
o 460 0.9659414497773279 0.9713800462576673
o 470 0.9983832285394911 0.9994045786411975
o 480 0.9994730802517786 0.9999506585660503
o 490 0.9938283007060976 0.9960430923297887
o 500 0.9998341327646891 1
o 510 0.9989171466500022 0.9997094220119266
o 520 0.99863385948088 0.9995534508999322
o 530 0.9535063780772024 0.9598592828538935
o 540 0.996879851396403 0.9983897007921845
o 550 0.934573243003061 0.9420787220298663
o 560 0.9897165109013889 0.9926366477506107
o 570 0.9994130827814863 0.9999311292217226
o 580 0.9978708418570428 0.999077722372286
o 590 0.9997427320109885 0.9999995494141014
o 600 0.999784848241918 0.9999999949993749
o 610 0.991825521513603 0.9944067763946416
o 620 0.9986085425177087 0.999538823531834
o 630 0.9951682130791031 0.9971024818886722
o 640 0.999297246851899 0.9998877222821806
o 650 0.9977987982532164 0.9990298540327246
o 660 0.9990229026390082 0.9997633135035773
o 670 0.9969961710612005 0.998473284157013
o 680 0.9997041638433971 0.9999976422569008
o 690 0.9997041638433971 0.9999976422569008
o 700 0.9997427320109885 0.9999995494141014
o 710 0.9986846867396864 0.9995825074237993
o 720 0.9093308509958045 0.9180895023994398
o 730 0.9981861524596591 0.9992819780723441
o 740 0.13462986628487236 0.14545156219425448
o 750 0.9997041638433971 0.9999976422569008
o 760 0.8645910097546945 0.87508421920266
o 770 0.9991579479265237 0.999827728109528
o 780 0.9936952978991156 0.9959361593135826
o 790 0.9992689677678922 0.9998761603306536
o 800 0.9875185005044568 0.9907555013440043
o 810 0.9988130027235841 0.999653867701341
o 820 0.9998341327646891 1
o 830 0.9509001749519617 0.9574263554176995
o 840 0.9994730802517786 0.9999506585660503
o 850 0.999784848241918 0.9999999949993749
o 860 0.9998341327646891 1
o 870 0.9873253301362781 0.9905887440365998
o 880 0.9998341327646891 1
o 890 0.9754150829834102 0.9800232010178047
o 900 0.7613542563009856 0.7745154007835475
o 910 0.9988648919050572 0.999681833128126
o 920 0.9989171466500022 0.9997094220119266
o 930 0.9876043904606929 0.9908295791518182
o 940 0.9744073637097767 0.9791112649136805
o 950 0.9671503729731727 0.9724907158712134
o 960 0.9748900938512827 0.9795483698056211
o 970 0.9987357880946652 0.999611282711117
o 980 0.9998341327646891 1
o 990 0.9718925400681678 0.9768269448665513
o 1000 0.9948537648378093 0.9968571040220039
o 1010 0.9990496341945716 0.9997764839702489
o 1020 0.9990229026390082 0.9997633135035773
o 1030 0.999784848241918 0.9999999949993749
o 1040 0.9995668564461039 0.999976016692425
o 1050 0.9754150829834102 0.9800232010178047
o 1060 0.9998341327646891 1
o 1070 0.9996678275924519 0.9999940967944916
o 1080 0.9842481616258566 0.9879070382843141
o 1090 0.9940281057994044 0.9962031893827343
o 1100 0.9998341327646891 1
o 1110 0.9997427320109885 0.9999995494141014
o 1120 0.9984578626277146 0.999449808165806
o 1130 0.9889387669872588 0.9919746948309158
o 1140 0.9983337061651681 0.9993741869624272
o 1150 0.9948089425921502 0.9968219504684411
o 1160 0.9975365616713056 0.998852384613813
o 1170 0.999599491460172 0.9999830535762632
o 1180 0.999784848241918 0.9999999949993749
o 1190 0.999297246851899 0.9998877222821806
o 1200 0.9676300606922003 0.9729308664183006
o 1210 0.9997427320109885 0.9999995494141014
o 1220 0.9997427320109885 0.9999995494141014
o 1230 0.9984578626277146 0.999449808165806
o 1240 0.9989698028369101 0.9997365968529978
o 1250 0.9979672929505882 0.9991411475683059
o 1260 0.006320513995899424 0.009046823870468512
o 1270 0.380523555737661 0.39571415773451957
o 1280 0.999784848241918 0.9999999949993749
o 1290 0.9038512460863454 0.9128509281360644
o 1300 0.9948761849382639 0.9968746717641922
o 1310 0.9934518554915925 0.9957397173533522
o 1320 0.9858906139717731 0.9893439905995577
o 1330 0.9981372773655336 0.9992509263546009
o 1340 0.9986846867396864 0.9995825074237993
o 1350 0.999784848241918 0.9999999949993749
o 1360 0.9995037605889281 0.9999597116202779
o 1370 0.9946298867843653 0.9966811016233338
o 1380 0.9905401774134504 0.9933326528099155
o 1390 0.9998341327646891 1
o 1400 0.9994730802517786 0.9999506585660503
o 1410 0.9984828397939801 0.999464783357556
o 1420 0.9997041638433971 0.9999976422569008
o 1430 0.999784848241918 0.9999999949993749
o 1440 0.9373092829038029 0.9446617723343151
o 1450 0.9997427320109885 0.9999995494141014
o 1460 0.9981128936006963 0.9992353457234481
o 1470 0.9886800243473388 0.9917535370540629
o 1480 0.9994730802517786 0.9999506585660503
o 1490 0.9942505570648942 0.9963806269614328
o 1500 0.01732367288144659 0.021639056843756443
o 1510 0.9967638850029287 0.998305760365681
o 1520 0.9956877226395184 0.9975026664820278
o 1530 0.05052745339903276 0.05758319050691507
o 1540 0.9991854194751913 0.9998401310800589
o 1550 0.9969961710612005 0.998473284157013
o 1560 0.9996678275924519 0.9999940967944916
o 1570 0.9725625686250813 0.9774366886265413
o 1580 0.994451188639037 0.9965398929401226
o 1590 0.9997041638433971 0.9999976422569008
o 1600 0.9840991493349867 0.9877761040779134
o 1610 0.9998341327646891 1
o 1620 0.9929664007685846 0.9953453963518437
o 1630 0.9996678275924519 0.9999940967944916
o 1640 0.9625283224809751 0.9682343204104416
o 1650 0.9987871854159925 0.9996397540167659
o 1660 0.9801127639515805 0.9842438978276863
o 1670 0.9766552801509947 0.9811425783239707
o 1680 0.9900629575646296 0.9929300639610011
o 1690 0.9963260758000116 0.9979838949949381
o 1700 0.999784848241918 0.9999999949993749
o 1710 0.999297246851899 0.9998877222821806
o 1720 0.9997427320109885 0.9999995494141014
o 1730 0.9328462459465834 0.9404462932387856
o 1740 0.988206272833671 0.9913474694425795
o 1750 0.9839714619510453 0.9876638372478805
o 1760 0.9995037605889281 0.9999597116202779
o 1770 0.9995349878824064 0.9999681957182619
o 1780 0.9997427320109885 0.9999995494141014
o 1790 0.303299948856841 0.3177239311113108
o 1800 0.9928563184574575 0.9952555284728464
o 1810 0.9990496341945716 0.9997764839702489
o 1820 0.9998341327646891 1
o 1830 0.9997041638433971 0.9999976422569008
o 1840 0.999784848241918 0.9999999949993749
o 1850 0.934573243003061 0.9420787220298663
o 1860 0.9948537648378093 0.9968571040220039
o 1870 0.999784848241918 0.9999999949993749
o 1880 0.9940503293814098 0.996220954804112
o 1890 0.9998341327646891 1
o 1900 0.9988909714709572 0.9996956768430979
o 1910 0.9881847567826662 0.9913289936660207
o 1920 0.9925485438632544 0.9950034404956384
o 1930 0.9939170574978193 0.9961142922905799
o 1940 0.999442873695936 0.9999411111022777
o 1950 0.9998341327646891 1
o 1960 0.9989434220919977 0.9997230637730928
o 1970 0.9636097421916465 0.9692325377234479
o 1980 0.9985832870189011 0.9995241331856756
o 1990 0.9986846867396864 0.9995825074237993
o 2000 0.9982106455758747 0.9992974473203111
o 2010 0.9995037605889281 0.9999597116202779
o 2020 0.9977987982532164 0.9990298540327246
o 2030 0.9989171466500022 0.9997094220119266
o 2040 0.9960516027518843 0.9977785547768216
o 2050 0.9993257723589525 0.9998990270247117
o 2060 0.9998341327646891 1
o 2070 0.49174738493607345 0.507332770089624
o 2080 0.9995668564461039 0.999976016692425
o 2090 0.9486684501230489 0.9553388241776961
o 2100 0.9949659262277791 0.9969448814546384
o 2110 0.9846741763764641 0.988280870139696
o 2120 0.9987614482791993 0.999625557902435
o 2130 0.14760257733569718 0.15883439458478077
o 2140 0.9998341327646891 1
o 2150 0.9997041638433971 0.9999976422569008
o 2160 0.9996678275924519 0.9999940967944916
o 2170 0.9998341327646891 1
o 2180 0.9972065160734749 0.9986227536460907
o 2190 0.9993257723589525 0.9998990270247117
o 2200 0.9966944655818283 0.9982552340301704
o 2210 0.9974655152195606 0.9988035045674075
o 2220 0.9998341327646891 1
o 2230 0.9993545677321735 0.9999100498624319
o 2240 0.9998341327646891 1
o 2250 0.997136255370979 0.9985730778766523
o 2260 0.9997427320109885 0.9999995494141014
o 2270 0.9993836603972324 0.9999207619417313
o 2280 0.8914570552077566 0.9009692383764506
o 2290 0.9900196238792368 0.9928934148751354
o 2300 0.9998341327646891 1
o 2310 0.9973475076700078 0.9987216292808397
o 2320 0.9858906139717731 0.9893439905995577
o 2330 0.9946746164213873 0.9967163483612492
o 2340 0.999784848241918 0.9999999949993749
o 2350 0.9994130827814863 0.9999311292217226
o 2360 0.999297246851899 0.9998877222821806
o 2370 0.9993545677321735 0.9999100498624319
o 2380 0.9938283007060976 0.9960430923297887
o 2390 0.999784848241918 0.9999999949993749
o 2400 0.9975840325399995 0.9988848632863743
o 2410 0.9995668564461039 0.999976016692425
o 2420 0.9996330653686861 0.9999891487861118
o 2430 0.94493236372698 0.9518361550136238
o 2440 0.9996678275924519 0.9999940967944916
o 2450 0.9834397934675593 0.9871956958075485
o 2460 0.9946746164213873 0.9967163483612492
o 2470 0.999784848241918 0.9999999949993749
o 2480 0.9832485319930038 0.9870270254458531
o 2490 0.9965559675880834 0.9981538370932204
o 2500 0.9825266241409605 0.9863891896369715
o 2510 0.9963949261562345 0.9980349958952714
o 2520 0.9990496341945716 0.9997764839702489
o 2530 0.994786540360217 0.9968043647446723
o 2540 0.9995668564461039 0.999976016692425
o 2550 0.993142719033892 0.9954889975318352
o 2560 0.9626946490385568 0.968387938047316
o 2570 0.9953710406785294 0.9972595379004648
o 2580 0.999103496509203 0.9998024115070666
o 2590 0.9994730802517786 0.9999506585660503
o 2600 0.999784848241918 0.9999999949993749
o 2610 0.983992740802096 0.9876825507704775
o 2620 0.9998341327646891 1
o 2630 0.9939170574978193 0.9961142922905799
o 2640 0.9983337061651681 0.9993741869624272
o 2650 0.9731072755407191 0.9779317963762544
o 2660 0.9991854194751913 0.9998401310800589
o 2670 0.9948313507369801 0.9968395302420648
o 2680 0.9970194794753219 0.9984899558577263
o 2690 0.9904533334436405 0.9932595318152856
o 2700 0.9963260758000116 0.9979838949949381
o 2710 0.9678803992382876 0.9731604434272725
o 2720 0.7777791882221706 0.7906049817963413
o 2730 0.9301750022139973 0.9379184249069762
o 2740 0.9840565830582967 0.9877386856240831
o 2750 0.9976554062814149 0.9989334115040904
o 2760 0.9341002974936323 0.941631824781278
o 2770 0.9905836125642096 0.9933692000971092
o 2780 0.9950782432968917 0.997032502195308
o 2790 0.9997041638433971 0.9999976422569008
o 2800 0.9994130827814863 0.9999311292217226
o 2810 0.7657166983921793 0.7787915010021613
o 2820 0.9955744496960323 0.9974160083623181
o 2830 0.9998341327646891 1
o 2840 0.9984329360206239 0.9994347812916474
o 2850 0.9951232150519905 0.9970675052663202
o 2860 0.990323132354739 0.9931497852413586
o 2870 0.9989962943624112 0.9997500155155598
o 2880 0.9995349878824064 0.9999681957182619
o 2890 0.9995349878824064 0.9999681957182619
o 2900 0.999599491460172 0.9999830535762632
o 2910 0.9993836603972324 0.9999207619417313
o 2920 0.964400465064267 0.9699615492250478
o 2930 0.9559290484223127 0.9621158035052964
o 2940 0.9995349878824064 0.9999681957182619
o 2950 0.999784848241918 0.9999999949993749
o 2960 0.999442873695936 0.9999411111022777
o 2970 0.8886422097865515 0.8982650195630938
o 2980 0.9998341327646891 1
o 2990 0.99294437724161 0.9953274298730065
o 3000 0.9990496341945716 0.9997764839702489
o 3010 0.9912798280218552 0.9939526992962495
o 3020 0.9995037605889281 0.9999597116202779
o 3030 0.8075968736370875 0.819737344151942
o 3040 0.9987614482791993 0.999625557902435
o 3050 0.9997041638433971 0.9999976422569008
o 3060 0.08789224072635635 0.09692532698690681
o 3070 0.9993836603972324 0.9999207619417313
o 3080 0.9997041638433971 0.9999976422569008
o 3090 0.9996330653686861 0.9999891487861118
o 3100 0.9619463075078742 0.9676965306010716
o 3110 0.9939392579715721 0.9961320809450028
o 3120 0.9997427320109885 0.9999995494141014
o 3130 0.9622996501246608 0.9680230694780897
o 3140 0.999784848241918 0.9999999949993749
o 3150 0.9963490151246003 0.9980009395209813
o 3160 0.7774760149266681 0.7903082563416729
o 3170 0.9998341327646891 1
o 3180 0.999442873695936 0.9999411111022777
o 3190 0.9977748368846215 0.9990138439272586
o 3200 0.9997427320109885 0.9999995494141014
o 3210 0.9994730802517786 0.9999506585660503
o 3220 0.999784848241918 0.9999999949993749
o 3230 0.9997427320109885 0.9999995494141014
o 3240 0.9121543842002146 0.9207850310151596
o 3250 0.9871537167015321 0.9904404215271245
o 3260 0.9984080584682806 0.9994197042904669
o 3270 0.9997041638433971 0.9999976422569008
o 3280 0.9889819144447517 0.992011530708872
o 3290 0.999442873695936 0.9999411111022777
o 3300 0.9888740586074264 0.9919194281709441
o 3310 0.999784848241918 0.9999999949993749
o 3320 0.9993545677321735 0.9999100498624319
o 3330 0.8453270756594142 0.8564345663536653
o 3340 0.999297246851899 0.9998877222821806
o 3350 0.9995037605889281 0.9999597116202779
o 3360 0.9992130705901301 0.9998523473218889
o 3370 0.9966020844888756 0.998187685653262
o 3380 0.9998341327646891 1
o 3390 0.9995349878824064 0.9999681957182619
o 3400 0.9998341327646891 1
o 3410 0.9722065646203812 0.9771128136441134
o 3420 0.9986592401095487 0.9995680130057608
o 3430 0.9978227858521463 0.9990458375033571
o 3440 0.9965098982706061 0.9981199404896446
o 3450 0.9974655152195606 0.9988035045674075
o 3460 0.98309982261777 0.9868957877452087
o 3470 0.9993257723589525 0.9998990270247117
o 3480 0.9996678275924519 0.9999940967944916
o 3490 0.7433288374297099 0.7568268452581213
o 3500 0.999784848241918 0.9999999949993749
o 3510 0.999442873695936 0.9999411111022777
o 3520 0.020185687840487725 0.024815949064412313
o 3530 0.9935181993949288 0.9957933421626776
o 3540 0.9998341327646891 1
o 3550 0.9475120002525459 0.9542556593633733
o 3560 0.9998341327646891 1
o 3570 0.9996678275924519 0.9999940967944916
o 3580 0.9088603939990335 0.9176401157187408
o 3590 0.9990496341945716 0.9997764839702489
o 3600 0.9990496341945716 0.9997764839702489
o 3610 0.9984329360206239 0.9994347812916474
o 3620 0.9995037605889281 0.9999597116202779
o 3630 0.999784848241918 0.9999999949993749
o 3640 0.9934739660801107 0.9957575963558218
o 3650 0.9998341327646891 1
o 3660 0.9998341327646891 1
o 3670 0.9997427320109885 0.9999995494141014
o 3680 0.9997041638433971 0.9999976422569008
o 3690 0.9980156978384686 0.999172677844584
o 3700 0.9973004383367889 0.9986887437647816
o 3710 0.9585826412366383 0.9645813235008887
o 3720 0.9993257723589525 0.9998990270247117
o 3730 0.7900923604751434 0.8026476983593398
o 3740 0.9996330653686861 0.9999891487861118
o 3750 0.9986592401095487 0.9995680130057608
o 3760 0.9985580909074143 0.9995093820155696
o 3770 0.9991854194751913 0.9998401310800589
o 3780 0.8270065457133811 0.8386412001844676
o 3790 0.9998341327646891 1
o 3800 0.996717592406219 0.9982720892569996
o 3810 0.988141729289443 0.9912920374917729
o 3820 0.9996678275924519 0.9999940967944916
o 3830 0.9998341327646891 1
o 3840 0.9988130027235841 0.999653867701341
o 3850 0.848941622508709 0.859938815802697
o 3860 0.9969030863289797 0.9984064467814524
o 3870 0.9998341327646891 1
o 3880 0.997323963754113 0.9987051958885018
o 3890 0.999784848241918 0.9999999949993749
o 3900 0.999103496509203 0.9998024115070666
o 3910 0.9998341327646891 1
o 3920 0.9998341327646891 1
o 3930 0.9995668564461039 0.999976016692425
o 3940 0.9998341327646891 1
o 3950 0.9600768480361507 0.9659666165448396
o 3960 0.9997041638433971 0.9999976422569008
o 3970 0.9764449522782082 0.9809529784806351
o 3980 0.9998341327646891 1
o 3990 0.9994730802517786 0.9999506585660503
o 4000 0.9313254749843201 0.9390075697319301
o 4010 0.9994130827814863 0.9999311292217226
o 4020 0.9994730802517786 0.9999506585660503
o 4030 0.9722484413655763 0.9771509226687899
o 4040 0.9982597477012427 0.9993282676995614
o 4050 0.9990764961900899 0.99978951939873
o 4060 0.9955518186013934 0.9973986530682086
o 4070 0.9998341327646891 1
o 4080 0.9995668564461039 0.999976016692425
o 4090 0.9992689677678922 0.9998761603306536
o 4100 0.9978227858521463 0.9990458375033571
o 4110 0.9977748368846215 0.9990138439272586
o 4120 0.9925485438632544 0.9950034404956384
o 4130 0.9997041638433971 0.9999976422569008
o 4140 0.9678803992382876 0.9731604434272725
o 4150 0.9998341327646891 1
o 4160 0.9995349878824064 0.9999681957182619
o 4170 0.9996330653686861 0.9999891487861118
o 4180 0.9980399474396386 0.9991883950191714
o 4190 0.9995037605889281 0.9999597116202779
o 4200 0.9996330653686861 0.9999891487861118
o 4210 0.9991579479265237 0.999827728109528
o 4220 0.9990496341945716 0.9997764839702489
o 4230 0.9995349878824064 0.9999681957182619
o 4240 0.9995037605889281 0.9999597116202779
o 4250 0.9998341327646891 1
o 4260 0.9994730802517786 0.9999506585660503
o 4270 0.9991306438647708 0.9998151511351715
o 4280 0.9949659262277791 0.9969448814546384
o 4290 0.9992689677678922 0.9998761603306536
o 4300 0.7766271563990196 0.7894773983661684
o 4310 0.9995668564461039 0.999976016692425
o 4320 0.999784848241918 0.9999999949993749
o 4330 0.9662331658849406 0.9716482319461378
o 4340 0.9955065793665261 0.9973639193559748
o 4350 0.9927903109592581 0.9952015656674685
o 4360 0.7821656619333637 0.7948970432811445
o 4370 0.9873253301362781 0.9905887440365998
o 4380 0.8951914040559219 0.9045536482170009
o 4390 0.9982597477012427 0.9993282676995614
o 4400 0.8562554168612947 0.8670225864092298
o 4410 0.9926583880225167 0.9950935475867196
o 4420 0.9914542712242681 0.9940981833577129
o 4430 0.9998341327646891 1
o 4440 0.9970194794753219 0.9984899558577263
o 4450 0.999784848241918 0.9999999949993749
o 4460 0.9982597477012427 0.9993282676995614
o 4470 0.9996678275924519 0.9999940967944916
o 4480 0.9961657922277294 0.9978642890092243
o 4490 0.9993836603972324 0.9999207619417313
o 4500 0.3668580886381341 0.38194424941189187
o 4510 0.9998341327646891 1
o 4520 0.9987871854159925 0.9996397540167659
o 4530 0.9997427320109885 0.9999995494141014
o 4540 0.9955065793665261 0.9973639193559748
o 4550 0.9977748368846215 0.9990138439272586
o 4560 0.9989698028369101 0.9997365968529978
o 4570 0.976949827769416 0.9814079293915114
o 4580 0.9993545677321735 0.9999100498624319
o 4590 0.99612008746949 0.9978300245310231
o 4600 0.999784848241918 0.9999999949993749
o 4610 0.9954387769278694 0.997311761961519
o 4620 0.9803875515063842 0.9844890143506813
o 4630 0.9505074162755718 0.9570592450534933
o 4640 0.9955518186013934 0.9973986530682086
o 4650 0.9997427320109885 0.9999995494141014
o 4660 0.9914979077564119 0.9941345285456695
o 4670 0.9997427320109885 0.9999995494141014
o 4680 0.999784848241918 0.9999999949993749
o 4690 0.8037098453282981 0.8159456691596172
o 4700 0.9963490151246003 0.9980009395209813
o 4710 0.999442873695936 0.9999411111022777
o 4720 0.9995037605889281 0.9999597116202779
o 4730 0.9997427320109885 0.9999995494141014
o 4740 0.35698153537709854 0.37198414651720035
o 4750 0.9943396753794747 0.9964514634102983
o 4760 0.9993545677321735 0.9999100498624319
o 4770 0.9989698028369101 0.9997365968529978
o 4780 0.9996678275924519 0.9999940967944916
o 4790 0.999784848241918 0.9999999949993749
o 4800 0.999784848241918 0.9999999949993749
o 4810 0.9995349878824064 0.9999681957182619
o 4820 0.9983832285394911 0.9994045786411975
o 4830 0.9903882232524459 0.9932046682070498
o 4840 0.9971830790248064 0.9986062120708106
o 4850 0.9993836603972324 0.9999207619417313
o 4860 0.7051474377750269 0.7192610211104244
o 4870 0.9998341327646891 1
o 4880 0.9763608357044413 0.9808771239489515
o 4890 0.9436743275458718 0.9506546100054517
o 4900 0.9736522685527069 0.9784266177053533
o 4910 0.9971830790248064 0.9986062120708106
o 4920 0.9998341327646891 1
o 4930 0.999784848241918 0.9999999949993749
o 4940 0.999599491460172 0.9999830535762632
o 4950 0.9122362463292819 0.9208631416860318
o 4960 0.9998341327646891 1
o 4970 0.9987614482791993 0.999625557902435
o 4980 0.9986846867396864 0.9995825074237993
o 4990 0.9455100012117065 0.9523783251937993
o 5000 0.999599491460172 0.9999830535762632
o 5010 0.9998341327646891 1
o 5020 0.9889171958251266 0.9919562743179734
o 5030 0.9998341327646891 1
o 5040 0.9937174541966857 0.9959539923760775
o 5050 0.9969263355699712 0.9984231783076815
o 5060 0.9978708418570428 0.999077722372286
o 5070 0.9988909714709572 0.9996956768430979
o 5080 0.9994730802517786 0.9999506585660503
o 5090 0.9993545677321735 0.9999100498624319
o 5100 0.994764143998584 0.996786773113775
o 5110 0.9991306438647708 0.9998151511351715
o 5120 0.999784848241918 0.9999999949993749
o 5130 0.9960744214638696 0.9977957209692991
o 5140 0.9791202361250517 0.9833567710146154
o 5150 0.9998341327646891 1
o 5160 0.9996678275924519 0.9999940967944916
o 5170 0.9997041638433971 0.9999976422569008
o 5180 0.9994130827814863 0.9999311292217226
o 5190 0.9989962943624112 0.9997500155155598
o 5200 0.9799014666988194 0.9840552687457147
o 5210 0.9710555721782672 0.9760641967470643
o 5220 0.9974182533663415 0.9987708140525817
o 5230 0.9998341327646891 1
o 5240 0.9992130705901301 0.9998523473218889
o 5250 0.9972299702688214 0.9986392778683405
o 5260 0.9938283007060976 0.9960430923297887
o 5270 0.9998341327646891 1
o 5280 0.9998341327646891 1
o 5290 0.9998341327646891 1
o 5300 0.9997427320109885 0.9999995494141014
o 5310 0.9998341327646891 1
o 5320 0.9998341327646891 1
o 5330 0.9988909714709572 0.9996956768430979
o 5340 0.9998341327646891 1
o 5350 0.9996678275924519 0.9999940967944916
o 5360 0.9940947906981642 0.9962564714166792
o 5370 0.9997041638433971 0.9999976422569008
o 5380 0.9924607270579469 0.9949312960475685
o 5390 0.9998341327646891 1
o 5400 0.9995037605889281 0.9999597116202779
o 5410 0.9971830790248064 0.9986062120708106
o 5420 0.9941837707771213 0.996327446879261
o 5430 0.9998341327646891 1
o 5440 0.985570153612499 0.9890645679997474
o 5450 0.9697594582021462 0.9748807496703258
o 5460 0.9986592401095487 0.9995680130057608
o 5470 0.9998341327646891 1
o 5480 0.9989171466500022 0.9997094220119266
o 5490 0.9995668564461039 0.999976016692425
o 5500 0.999784848241918 0.9999999949993749
o 5510 0.9992689677678922 0.9998761603306536
o 5520 0.999784848241918 0.9999999949993749
o 5530 0.9971128682824996 0.998556485750206
o 5540 0.9995668564461039 0.999976016692425
o 5550 0.9998341327646891 1
o 5560 0.9840778657180443 0.9877573953305411
o 5570 0.9997041638433971 0.9999976422569008
o 5580 0.9982351769925596 0.9993128775364343
o 5590 0.9997427320109885 0.9999995494141014
o 5600 0.3428099234501803 0.3576805586896431
o 5610 0.9966482500970695 0.9982214850281281
o 5620 0.9406653633097943 0.9478245755798997
o 5630 0.9991579479265237 0.999827728109528
o 5640 0.9917380981304329 0.994334236913034
o 5650 0.999784848241918 0.9999999949993749
o 5660 0.9998341327646891 1
o 5670 0.9969961710612005 0.998473284157013
o 5680 0.997894911366256 0.9990936226399529
o 5690 0.999599491460172 0.9999830535762632
o 5700 0.9990229026390082 0.9997633135035773
o 5710 0.9982843587370567 0.9993436167432374
o 5720 0.8465250332525592 0.8575962098009486
o 5730 0.982866222502286 0.9866894708689273
o 5740 0.99561973517329 0.9974506954889379
o 5750 0.9998341327646891 1
o 5760 0.9987102018538886 0.9995969315746592
o 5770 0.9997427320109885 0.9999995494141014
o 5780 0.9974891765373674 0.9988198190301265
o 5790 0.9993257723589525 0.9998990270247117
o 5800 0.996833423718342 0.9983561661753741
o 5810 0.9998341327646891 1
o 5820 0.999784848241918 0.9999999949993749
o 5830 0.9998341327646891 1
o 5840 0.9988648919050572 0.999681833128126
o 5850 0.9998341327646891 1
o 5860 0.9998341327646891 1
o 5870 0.9978708418570428 0.999077722372286
o 5880 0.9998341327646891 1
o 5890 0.998064229430307 0.9992040792410983
o 5900 0.9996330653686861 0.9999891487861118
o 5910 0.9951682130791031 0.9971024818886722
o 5920 0.9998341327646891 1
o 5930 0.9998341327646891 1
o 5940 0.9988909714709572 0.9996956768430979
o 5950 0.9842055818486868 0.9878696333575213
o 5960 0.9949210433152184 0.9969097889562678
o 5970 0.999599491460172 0.9999830535762632
o 5980 0.9998341327646891 1
o 5990 0.9998341327646891 1
o 6000 0.9904316278897556 0.9932412461098594
o 6010 0.9998341327646891 1
o 6020 0.998088544558281 0.9992197297420591
o 6030 0.9899113248435923 0.9928017568708557
o 6040 0.9998341327646891 1
o 6050 0.9989962943624112 0.9997500155155598
o 6060 0.999784848241918 0.9999999949993749
o 6070 0.999297246851899 0.9998877222821806
o 6080 0.9992689677678922 0.9998761603306536
o 6090 0.9990764961900899 0.99978951939873
o 6100 0.999784848241918 0.9999999949993749
o 6110 0.9983832285394911 0.9994045786411975
o 6120 0.999784848241918 0.9999999949993749
o 6130 0.9998341327646891 1
o 6140 0.9998341327646891 1
o 6150 0.9996330653686861 0.9999891487861118
o 6160 0.9967407321599208 0.9982889314230393
o 6170 0.999599491460172 0.9999830535762632
o 6180 0.9998341327646891 1
o 6190 0.998532952220799 0.9994945720557045
o 6200 0.9992130705901301 0.9998523473218889
o 6210 0.9984578626277146 0.999449808165806
o 6220 0.9995668564461039 0.999976016692425
o 6230 0.9983337061651681 0.9993741869624272
o 6240 0.9998341327646891 1
o 6250 0.9992689677678922 0.9998761603306536
o 6260 0.9983090111814502 0.9993589235528282
o 6270 0.9998341327646891 1
o 6280 0.9998341327646891 1
o 6290 0.9983090111814502 0.9993589235528282
o 6300 0.9990229026390082 0.9997633135035773
o 6310 0.999599491460172 0.9999830535762632
o 6320 0.9997041638433971 0.9999976422569008
o 6330 0.9998341327646891 1
o 6340 0.9998341327646891 1
o 6350 0.9998341327646891 1
o 6360 0.9998341327646891 1
o 6370 0.9949883769998344 0.9969624183275306
o 6380 0.9990229026390082 0.9997633135035773
o 6390 0.9974418742737955 0.998787169461314
o 6400 0.9891977558137093 0.9921956057163258
o 6410 0.998064229430307 0.9992040792410983
o 6420 0.9965790200213357 0.9981707674489865
o 6430 0.9997427320109885 0.9999995494141014
o 6440 0.9998341327646891 1
o 6450 0.9998341327646891 1
o 6460 0.9971596588721757 0.9985896533979276
o 6470 0.9997427320109885 0.9999995494141014
o 6480 0.9996678275924519 0.9999940967944916
o 6490 0.9982843587370567 0.9993436167432374
o 6500 0.9996678275924519 0.9999940967944916
o 6510 0.9998341327646891 1
o 6520 0.9990229026390082 0.9997633135035773
o 6530 0.9976315921770181 0.9989172519476788
o 6540 0.999297246851899 0.9998877222821806
o 6550 0.9998341327646891 1
o 6560 0.6452533719283192 0.660095161578182
o 6570 0.9566957520497393 0.9628288436671104
o 6580 0.999442873695936 0.9999411111022777
o 6590 0.9994730802517786 0.9999506585660503
o 6600 0.9948761849382639 0.9968746717641922
o 6610 0.9846954876430422 0.988299551182129
o 6620 0.9987357880946652 0.999611282711117
o 6630 0.9998341327646891 1
o 6640 0.9998341327646891 1
o 6650 0.9837587252117892 0.9874766501503918
o 6660 0.9996330653686861 0.9999891487861118
o 6670 0.9994730802517786 0.9999506585660503
o 6680 0.9988909714709572 0.9996956768430979
o 6690 0.9978468002059815 0.9990617938017794
o 6700 0.9945851794921386 0.9966458324047529
o 6710 0.9988389036516672 0.9996678953600677
o 6720 0.9995349878824064 0.9999681957182619
o 6730 0.9954839710957356 0.9973465410699824
o 6740 0.970762777715327 0.9757970904543323
o 6750 0.9998341327646891 1
o 6760 0.9998341327646891 1
o 6770 0.9998341327646891 1
o 6780 0.9927903109592581 0.9952015656674685
o 6790 0.9996678275924519 0.9999940967944916
o 6800 0.999784848241918 0.9999999949993749
o 6810 0.9997041638433971 0.9999976422569008
o 6820 0.9997041638433971 0.9999976422569008
o 6830 0.9991579479265237 0.999827728109528
o 6840 0.9996678275924519 0.9999940967944916
o 6850 0.9992409148798167 0.9998643624923798
o 6860 0.9993836603972324 0.9999207619417313
o 6870 0.9636929578080233 0.9693092941617094
o 6880 0.9987614482791993 0.999625557902435
o 6890 0.999442873695936 0.9999411111022777
o 6900 0.9995037605889281 0.9999597116202779
o 6910 0.9792468626074285 0.9834701005629122
o 6920 0.9997427320109885 0.9999995494141014
o 6930 0.999103496509203 0.9998024115070666
o 6940 0.9979672929505882 0.9991411475683059
o 6950 0.9997427320109885 0.9999995494141014
o 6960 0.999784848241918 0.9999999949993749
o 6970 0.9998341327646891 1
o 6980 0.9832910283120618 0.9870645139909234
o 6990 0.9761295575812836 0.9806684814771681
o 7000 0.9997427320109885 0.9999995494141014
o 7010 0.999442873695936 0.9999411111022777
o 7020 0.9998341327646891 1
o 7030 0.9880126833610141 0.9911811323207574
o 7040 0.9997041638433971 0.9999976422569008
o 7050 0.9997427320109885 0.9999995494141014
o 7060 0.9989962943624112 0.9997500155155598
o 7070 0.9996678275924519 0.9999940967944916
o 7080 0.9998341327646891 1
o 7090 0.9982351769925596 0.9993128775364343
o 7100 0.999599491460172 0.9999830535762632
o 7110 0.9998341327646891 1
o 7120 0.9998341327646891 1
o 7130 0.9921099598704722 0.9946422161123841
o 7140 0.9997427320109885 0.9999995494141014
o 7150 0.999784848241918 0.9999999949993749
o 7160 0.9995668564461039 0.999976016692425
o 7170 0.9986846867396864 0.9995825074237993
o 7180 0.9995349878824064 0.9999681957182619
o 7190 0.9991854194751913 0.9998401310800589
o 7200 0.9981372773655336 0.9992509263546009
o 7210 0.9886153760902718 0.9916982101017467
o 7220 0.9983832285394911 0.9994045786411975
o 7230 0.9974655152195606 0.9988035045674075
o 7240 0.9986085425177087 0.999538823531834
o 7250 0.999784848241918 0.9999999949993749
o 7260 0.9976315921770181 0.9989172519476788
o 7270 0.999784848241918 0.9999999949993749
o 7280 0.9996678275924519 0.9999940967944916
o 7290 0.9998341327646891 1
o 7300 0.9953259191424008 0.9972246856405348
o 7310 0.9998341327646891 1
o 7320 0.9878836915278659 0.9910701729119886
o 7330 0.9998341327646891 1
o 7340 0.999784848241918 0.9999999949993749
o 7350 0.9592673408594193 0.9652163947459904
o 7360 0.9988648919050572 0.999681833128126
o 7370 0.9952582896159897 0.9971723541024977
o 7380 0.996833423718342 0.9983561661753741
o 7390 0.995100725915886 0.9970500070111683
o 7400 0.9986846867396864 0.9995825074237993
o 7410 0.9993545677321735 0.9999100498624319
o 7420 0.997894911366256 0.9990936226399529
o 7430 0.9746591923218505 0.9793393502689967
o 7440 0.999599491460172 0.9999830535762632
o 7450 0.9998341327646891 1
o 7460 0.9988130027235841 0.999653867701341
o 7470 0.9998341327646891 1
o 7480 0.9998341327646891 1
o 7490 0.9988130027235841 0.999653867701341
o 7500 0.9995037605889281 0.9999597116202779
o 7510 0.9993545677321735 0.9999100498624319
o 7520 0.999442873695936 0.9999411111022777
o 7530 0.9991579479265237 0.999827728109528
o 7540 0.9998341327646891 1
o 7550 0.9998341327646891 1
o 7560 0.9992409148798167 0.9998643624923798
o 7570 0.9998341327646891 1
o 7580 0.9742395145659181 0.978959171368873
o 7590 0.9996678275924519 0.9999940967944916
o 7600 0.9997427320109885 0.9999995494141014
o 7610 0.9996678275924519 0.9999940967944916
o 7620 0.9988648919050572 0.999681833128126
o 7630 0.9993545677321735 0.9999100498624319
o 7640 0.9954613703038478 0.997329155250577
o 7650 0.9993545677321735 0.9999100498624319
o 7660 0.9994130827814863 0.9999311292217226
o 7670 0.9997427320109885 0.9999995494141014
o 7680 0.9837374566721117 0.9874579262965034
o 7690 0.998532952220799 0.9994945720557045
o 7700 0.9943842650976894 0.9964868508983944
o 7710 0.9998341327646891 1
o 7720 0.9927243343004069 0.9951475718848587
o 7730 0.9987102018538886 0.9995969315746592
o 7740 0.9998341327646891 1
o 7750 0.999784848241918 0.9999999949993749
o 7760 0.9992409148798167 0.9998643624923798
o 7770 0.9987871854159925 0.9996397540167659
o 7780 0.9998341327646891 1
o 7790 0.9989171466500022 0.9997094220119266
o 7800 0.9939836726426157 0.9961676444566422
o 7810 0.9998341327646891 1
o 7820 0.9998341327646891 1
o 7830 0.9998341327646891 1
o 7840 0.9998341327646891 1
o 7850 0.9968102306136053 0.9983393779131835
o 7860 0.9996678275924519 0.9999940967944916
o 7870 0.9987871854159925 0.9996397540167659
o 7880 0.999784848241918 0.9999999949993749
o 7890 0.9994130827814863 0.9999311292217226
o 7900 0.9978227858521463 0.9990458375033571
o 7910 0.999784848241918 0.9999999949993749
o 7920 0.9975840325399995 0.9988848632863743
o 7930 0.999784848241918 0.9999999949993749
o 7940 0.999784848241918 0.9999999949993749
o 7950 0.9997041638433971 0.9999976422569008
o 7960 0.999784848241918 0.9999999949993749
o 7970 0.9998341327646891 1
o 7980 0.999784848241918 0.9999999949993749
o 7990 0.9778341104976679 0.9822033418610521
o 8000 0.9979431363013752 0.9991253358653104
o 8010 0.9989698028369101 0.9997365968529978
o 8020 0.9965098982706061 0.9981199404896446
o 8030 0.999442873695936 0.9999411111022777
o 8040 0.9998341327646891 1
o 8050 0.9998341327646891 1
o 8060 0.9993836603972324 0.9999207619417313
o 8070 0.999784848241918 0.9999999949993749
o 8080 0.9998341327646891 1
o 8090 0.9995668564461039 0.999976016692425
o 8100 0.9997427320109885 0.9999995494141014
o 8110 0.9731072755407191 0.9779317963762544
o 8120 0.9992409148798167 0.9998643624923798
o 8130 0.9998341327646891 1
o 8140 0.9998341327646891 1
o 8150 0.99678705109857 0.9983225759189072
o 8160 0.976024451558808 0.9805736235666093
o 8170 0.9997041638433971 0.9999976422569008
o 8180 0.9995037605889281 0.9999597116202779
o 8190 0.9996330653686861 0.9999891487861118
o 8200 0.9998341327646891 1
o 8210 0.9978708418570428 0.999077722372286
o 8220 0.9997427320109885 0.9999995494141014
o 8230 0.9969263355699712 0.9984231783076815
o 8240 0.9998341327646891 1
o 8250 0.9989171466500022 0.9997094220119266
o 8260 0.9997427320109885 0.9999995494141014
o 8270 0.9988389036516672 0.9996678953600677
o 8280 0.9994730802517786 0.9999506585660503
o 8290 0.988335401685957 0.9914582914682947
o 8300 0.9998341327646891 1
o 8310 0.9998341327646891 1
o 8320 0.9977031051647232 0.9989656589179493
o 8330 0.9995349878824064 0.9999681957182619
o 8340 0.9996678275924519 0.9999940967944916
o 8350 0.9990229026390082 0.9997633135035773
o 8360 0.9996330653686861 0.9999891487861118
o 8370 0.999784848241918 0.9999999949993749
o 8380 0.9998341327646891 1
o 8390 0.9996678275924519 0.9999940967944916
o 8400 0.9995349878824064 0.9999681957182619
o 8410 0.9655248126049416 0.9709968236329748
o 8420 0.9997427320109885 0.9999995494141014
o 8430 0.9920661683332538 0.9946060265349213
o 8440 0.9995349878824064 0.9999681957182619
o 8450 0.9998341327646891 1
o 8460 0.9998341327646891 1
o 8470 0.9998341327646891 1
o 8480 0.9998341327646891 1
o 8490 0.9998341327646891 1
o 8500 0.999784848241918 0.9999999949993749
o 8510 0.9960059934406409 0.9977441940439223
o 8520 0.4290803722024547 0.44454092729262784
o 8530 0.99561973517329 0.9974506954889379
o 8540 0.9997427320109885 0.9999995494141014
o 8550 0.9998341327646891 1
o 8560 0.9998341327646891 1
o 8570 0.9994730802517786 0.9999506585660503
o 8580 0.9998341327646891 1
o 8590 0.9986592401095487 0.9995680130057608
o 8600 0.9997427320109885 0.9999995494141014
o 8610 0.9982597477012427 0.9993282676995614
o 8620 0.9995668564461039 0.999976016692425
o 8630 0.9997041638433971 0.9999976422569008
o 8640 0.9972065160734749 0.9986227536460907
o 8650 0.999784848241918 0.9999999949993749
o 8660 0.998532952220799 0.9994945720557045
o 8670 0.9981861524596591 0.9992819780723441
o 8680 0.9989434220919977 0.9997230637730928
o 8690 0.9991579479265237 0.999827728109528
o 8700 0.9974182533663415 0.9987708140525817
o 8710 0.9970428031898161 0.9985066120860036
o 8720 0.999784848241918 0.9999999949993749
o 8730 0.9998341327646891 1
o 8740 0.9998341327646891 1
o 8750 0.9988909714709572 0.9996956768430979
o 8760 0.9998341327646891 1
o 8770 0.9991306438647708 0.9998151511351715
o 8780 0.9998341327646891 1
o 8790 0.999784848241918 0.9999999949993749
o 8800 0.9998341327646891 1
o 8810 0.999784848241918 0.9999999949993749
o 8820 0.9998341327646891 1
o 8830 0.9998341327646891 1
o 8840 0.9997427320109885 0.9999995494141014
o 8850 0.999784848241918 0.9999999949993749
o 8860 0.9997041638433971 0.9999976422569008
o 8870 0.9998341327646891 1
o 8880 0.9998341327646891 1
o 8890 0.9998341327646891 1
o 8900 0.999103496509203 0.9998024115070666
o 8910 0.9997427320109885 0.9999995494141014
o 8920 0.999103496509203 0.9998024115070666
o 8930 0.9997041638433971 0.9999976422569008
o 8940 0.9998341327646891 1
o 8950 0.999784848241918 0.9999999949993749
o 8960 0.9996330653686861 0.9999891487861118
o 8970 0.9998341327646891 1
o 8980 0.9995037605889281 0.9999597116202779
o 8990 0.9998341327646891 1
o 9000 0.9997041638433971 0.9999976422569008
o 9010 0.9956423896922855 0.9974680271834279
o 9020 0.9997041638433971 0.9999976422569008
o 9030 0.9995037605889281 0.9999597116202779
o 9040 0.999599491460172 0.9999830535762632
o 9050 0.9997041638433971 0.9999976422569008
o 9060 0.9998341327646891 1
o 9070 0.9998341327646891 1
o 9080 0.9998341327646891 1
o 9090 0.9995668564461039 0.999976016692425
o 9100 0.999784848241918 0.9999999949993749
o 9110 0.9990764961900899 0.99978951939873
o 9120 0.9996330653686861 0.9999891487861118
o 9130 0.9998341327646891 1
o 9140 0.9998341327646891 1
o 9150 0.9995668564461039 0.999976016692425
o 9160 0.9997041638433971 0.9999976422569008
o 9170 0.9926583880225167 0.9950935475867196
o 9180 0.9997427320109885 0.9999995494141014
o 9190 0.9996330653686861 0.9999891487861118
o 9200 0.9998341327646891 1
o 9210 0.99863385948088 0.9995534508999322
o 9220 0.9998341327646891 1
o 9230 0.9998341327646891 1
o 9240 0.9997041638433971 0.9999976422569008
o 9250 0.9993257723589525 0.9998990270247117
o 9260 0.9998341327646891 1
o 9270 0.999784848241918 0.9999999949993749
o 9280 0.7508560054863703 0.7642171605087176
o 9290 0.9987102018538886 0.9995969315746592
o 9300 0.9998341327646891 1
o 9310 0.9998341327646891 1
o 9320 0.9934739660801107 0.9957575963558218
o 9330 0.9944288755505086 0.9965222175315889
o 9340 0.999442873695936 0.9999411111022777
o 9350 0.9927683153359265 0.9951835711588076
o 9360 0.9993545677321735 0.9999100498624319
o 9370 0.9997041638433971 0.9999976422569008
o 9380 0.999784848241918 0.9999999949993749
o 9390 0.9998341327646891 1
o 9400 0.9937396147950882 0.9959718211155568
o 9410 0.9987102018538886 0.9995969315746592
o 9420 0.9996678275924519 0.9999940967944916
o 9430 0.999599491460172 0.9999830535762632
o 9440 0.999784848241918 0.9999999949993749
o 9450 0.9944958307170675 0.9965752277626637
o 9460 0.9998341327646891 1
o 9470 0.999784848241918 0.9999999949993749
o 9480 0.9998341327646891 1
o 9490 0.9992130705901301 0.9998523473218889
o 9500 0.999599491460172 0.9999830535762632
o 9510 0.9998341327646891 1
o 9520 0.9992409148798167 0.9998643624923798
o 9530 0.9037490600917976 0.9127531480879736
o 9540 0.9967638850029287 0.998305760365681
o 9550 0.9988648919050572 0.999681833128126
o 9560 0.9907139714723477 0.9934787883212625
o 9570 0.9998341327646891 1
o 9580 0.9952582896159897 0.9971723541024977
o 9590 0.9998341327646891 1
o 9600 0.9996330653686861 0.9999891487861118
o 9610 0.9791202361250517 0.9833567710146154
o 9620 0.9281624394122597 0.9360116566052858
o 9630 0.9987614482791993 0.999625557902435
o 9640 0.9984329360206239 0.9994347812916474
o 9650 0.9996330653686861 0.9999891487861118
o 9660 0.9993836603972324 0.9999207619417313
o 9670 0.9868964574377138 0.990217776481314
o 9680 0.9789936321758643 0.983243418899909
o 9690 0.999103496509203 0.9998024115070666
o 9700 0.8759874373635905 0.8860840001109891
o 9710 0.9996330653686861 0.9999891487861118
o 9720 0.9989698028369101 0.9997365968529978
o 9730 0.9998341327646891 1
o 9740 0.9718297458831093 0.9767697603740103
o 9750 0.9993545677321735 0.9999100498624319
o 9760 0.9995668564461039 0.999976016692425
o 9770 0.5031873306098876 0.5187689689927572
o 9780 0.9972299702688214 0.9986392778683405
o 9790 0.9991306438647708 0.9998151511351715
o 9800 0.9996330653686861 0.9999891487861118
o 9810 0.9996330653686861 0.9999891487861118
o 9820 0.9980399474396386 0.9991883950191714
o 9830 0.9982351769925596 0.9993128775364343
o 9840 0.9887015770536661 0.9917719760749888
o 9850 0.779699402904661 0.7924841258533686
o 9860 0.9963949261562345 0.9980349958952714
o 9870 0.9975128585703185 0.9988361124990678
o 9880 0.9925046290312628 0.9949673747285386
o 9890 0.9729186912208496 0.9777604448862726
o 9900 0.9984578626277146 0.999449808165806
o 9910 0.9993836603972324 0.9999207619417313
o 9920 0.9994730802517786 0.9999506585660503
o 9930 0.9998341327646891 1
o 9940 0.9903448271899391 0.9931680817010069
o 9950 0.9997041638433971 0.9999976422569008
o 9960 0.9859119871646659 0.9893626095837204
o 9970 0.9936288545622289 0.9958826344391312
o 9980 0.9481934200039349 0.9548940125849747
o 9990 0.9997041638433971 0.9999976422569008
