8.048379182815552
7.104873657226562e-05
0.0025987625122070312
0.0020580291748046875
6.29425048828125e-05
5.7220458984375e-05
8.36416220664978
0.00014448165893554688
0.0015118122100830078
0.0018219947814941406
0.0009438991546630859
0.0008683204650878906
7.749282121658325
0.004197835922241211
0.002049684524536133
43.145174741744995
0.0015175342559814453
15.885990619659424
8.066373586654663
0.0010445117950439453
41.879334926605225
16.01218295097351
3.981590270996094e-05
10.691877603530884
0.0014600753784179688
0.0011072158813476562
3.1935408115386963
0.0008192062377929688
4.124641418457031e-05
0.0008053779602050781
8.267271757125854
80.70998930931091
0.0003304481506347656
7.32360053062439
4.076957702636719e-05
17.355977535247803
4.363059997558594e-05
0.0011365413665771484
7.033348083496094e-05
0.004239082336425781
6.413459777832031e-05
0.0013103485107421875
2.4318695068359375e-05
0.00013065338134765625
3.2705485820770264
0.001165151596069336
8.591649055480957
2.5033950805664062e-05
6.994443655014038
0.0012624263763427734
10.554150819778442
7.871092319488525
7.589388132095337
27.648351669311523
6.937980651855469e-05
8.110413789749146
7.352071046829224
2.13844895362854
5.6743621826171875e-05
6.580352783203125e-05
6.985664367675781e-05
0.0022194385528564453
25.650899171829224
2.1696090698242188e-05
0.0012481212615966797
11.121215105056763
6.008148193359375e-05
7.3660759925842285
6.127357482910156e-05
124.30150365829468
0.0012874603271484375
0.0011756420135498047
0.0010840892791748047
7.560216903686523
9.372218608856201
83.19820880889893
92.5735228061676
41.45451235771179
84.38617467880249
57.61666512489319
0.0019881725311279297
41.943724393844604
0.0017502307891845703
42.02537655830383
92.79767727851868
0.0013785362243652344
65.69068622589111
0.0019240379333496094
7.843971252441406e-05
0.0020596981048583984
0.0018610954284667969
72.37577819824219
106.69944715499878
10.024921417236328
0.0012004375457763672
32.02871227264404
0.0020987987518310547
0.001201629638671875
24.878675937652588
0.0009279251098632812
0.0012049674987792969
0.001924753189086914
0.0020389556884765625
41.2237823009491
0.0001068115234375
18.491137742996216
83.94514799118042
34.17347431182861
4.5299530029296875e-05
16.549903631210327
33.77231311798096
16.53022789955139
33.8616669178009
16.277058601379395
4.792213439941406e-05
0.0007197856903076172
0.00072479248046875
6.937980651855469e-05
34.04315400123596
113.80077481269836
4.863739013671875e-05
7.350531578063965
0.0011534690856933594
3.9577484130859375e-05
5.412101745605469e-05
7.374655485153198
113.86309027671814
0.0011868476867675781
0.001190185546875
0.0010154247283935547
107.83355021476746
97.27664804458618
0.0009248256683349609
0.0020096302032470703
0.00010752677917480469
32.03751826286316
0.0012352466583251953
113.60804533958435
0.0013475418090820312
0.0014815330505371094
0.0014081001281738281
0.0016770362854003906
81.7481780052185
41.86418414115906
125.153963804245
6.031990051269531e-05
8.886178970336914
0.0010223388671875
0.0020875930786132812
105.65901327133179
2.3126602172851562e-05
0.0018303394317626953
40.59837579727173
3.218650817871094e-05
108.55520367622375
18.663087129592896
0.002075672149658203
23.147707223892212
66.8573522567749
0.0008378028869628906
75.6331193447113
6.628036499023438e-05
34.373223066329956
4.124641418457031e-05
7.5128092765808105
4.315376281738281e-05
60.175251722335815
4.601478576660156e-05
3.600120544433594e-05
50.05492162704468
4.744529724121094e-05
50.214919090270996
19.84876847267151
6.389617919921875e-05
111.4596529006958
34.5608434677124
0.0013353824615478516
74.73046875
0.0015187263488769531
0.0010418891906738281
5.030632019042969e-05
0.002008199691772461
8.291449546813965
5.1975250244140625e-05
4.0531158447265625e-05
40.99739408493042
8.940696716308594e-05
8.145672798156738
16.060556173324585
2.5510787963867188e-05
0.00119781494140625
33.05447578430176
4.57763671875e-05
4.2438507080078125e-05
1.8835067749023438e-05
17.11637568473816
9.775161743164062e-05
0.0001983642578125
7.874303340911865
95.24310970306396
40.79068446159363
123.67272996902466
48.49499297142029
32.66062331199646
16.086989402770996
31.697962045669556
56.87852430343628
80.55340194702148
3.220001697540283
18.487123727798462
94.41110324859619
0.001230478286743164
7.385341167449951
3.6716461181640625e-05
10.648700952529907
40.69940733909607
73.36051082611084
0.0007419586181640625
0.002042055130004883
89.6355311870575
0.0012409687042236328
0.001965045928955078
7.220364332199097
0.0015425682067871094
5.6743621826171875e-05
7.4140543937683105
41.21607851982117
50.74069905281067
49.64995503425598
0.0020492076873779297
16.40665078163147
2.765655517578125e-05
0.0013866424560546875
42.0767297744751
5.5789947509765625e-05
4.4345855712890625e-05
0.00011157989501953125
3.5762786865234375e-05
25.52871608734131
0.0009307861328125
7.796287536621094e-05
0.0012402534484863281
58.005728006362915
40.6128203868866
0.0015308856964111328
41.55736756324768
5.4836273193359375e-05
0.004217863082885742
67.830326795578
17.698347568511963
3.6716461181640625e-05
0.0009641647338867188
34.304787397384644
66.13927698135376
10.959444761276245
52.850706577301025
0.0010814666748046875
7.716866970062256
75.58547806739807
7.5865137577056885
59.28708076477051
42.17722988128662
0.0019347667694091797
14.843787908554077
91.18030667304993
5.316734313964844e-05
88.65048265457153
72.6767954826355
0.0015316009521484375
6.103515625e-05
0.0014009475708007812
5.555152893066406e-05
5.364418029785156e-05
22.741467475891113
0.0011091232299804688
0.0008707046508789062
0.0011518001556396484
0.0009634494781494141
67.55825304985046
50.643648624420166
0.0010485649108886719
3.9577484130859375e-05
41.638689041137695
50.92740440368652
0.0007042884826660156
57.85153532028198
0.0010027885437011719
67.28627634048462
41.75231981277466
16.95120644569397
0.001134634017944336
15.649628639221191
4.482269287109375e-05
0.001302957534790039
0.001340627670288086
7.142003774642944
84.2803738117218
2.7418136596679688e-05
7.731580018997192
3.074492931365967
0.0012826919555664062
0.0014002323150634766
8.160523891448975
5.364418029785156e-05
3.147125244140625e-05
9.331491947174072
93.42068457603455
33.84019637107849
73.30816960334778
0.0009057521820068359
0.0012907981872558594
64.43367123603821
6.578096628189087
41.316627979278564
67.28492736816406
48.778728723526
33.93802547454834
0.0018041133880615234
76.02301454544067
24.1140398979187
0.0010063648223876953
33.472867488861084
76.21083760261536
0.0010678768157958984
0.0011315345764160156
7.222447156906128
25.57420539855957
0.0009865760803222656
0.0010662078857421875
7.388433218002319
71.42949080467224
7.780897617340088
2.1219253540039062e-05
102.08367228507996
33.28460502624512
19.9461452960968
51.56812310218811
51.63790035247803
2.288818359375e-05
0.0013918876647949219
0.0008602142333984375
84.06200385093689
16.081988096237183
4.482269287109375e-05
22.335082292556763
4.553794860839844e-05
26.054815769195557
40.641345500946045
57.168904066085815
5.6743621826171875e-05
0.0018112659454345703
0.0014171600341796875
58.20412588119507
2.384185791015625e-05
79.16757011413574
83.2462010383606
3.314018249511719e-05
49.752161264419556
5.1021575927734375e-05
49.93873143196106
33.31418323516846
3.6716461181640625e-05
0.0022797584533691406
0.0014560222625732422
58.85373640060425
0.0009028911590576172
24.674142599105835
66.60133194923401
41.97624468803406
2.1881203651428223
0.0012149810791015625
0.0011954307556152344
8.75229024887085
34.83581900596619
6.008148193359375e-05
33.15193581581116
60.17688965797424
16.734957933425903
17.655024528503418
0.0010814666748046875
79.48550319671631
4.982948303222656e-05
0.0008151531219482422
4.9591064453125e-05
19.32249402999878
3.790855407714844e-05
7.459533452987671
0.0013973712921142578
0.001245737075805664
0.00012254714965820312
52.705302715301514
0.00013971328735351562
4.076957702636719e-05
8.56916618347168
0.00013589859008789062
6.0558319091796875e-05
0.0016164779663085938
3.337860107421875e-05
0.0008401870727539062
0.0008311271667480469
16.840603590011597
3.5762786865234375e-05
49.209715127944946
36.69070243835449
0.0018379688262939453
7.290388345718384
58.83451318740845
22.82125496864319
9.632110595703125e-05
55.632006883621216
33.96292328834534
72.91561603546143
41.280216217041016
4.124641418457031e-05
0.00079345703125
6.341934204101562e-05
0.0008757114410400391
17.339969873428345
0.0001995563507080078
0.00015306472778320312
98.3859429359436
33.305256605148315
75.71153831481934
3.695487976074219e-05
6.945872068405151
0.0021491050720214844
0.0020055770874023438
6.799651622772217
0.002061128616333008
0.0005946159362792969
81.11814761161804
0.0012922286987304688
0.0014774799346923828
7.324951410293579
8.696426630020142
5.269050598144531e-05
0.0011708736419677734
41.49943017959595
7.378487586975098
15.987876415252686
18.545825242996216
16.3784658908844
0.0014607906341552734
2.6702880859375e-05
0.0002009868621826172
0.00017261505126953125
41.24166965484619
2.5510787963867188e-05
0.002247333526611328
16.736816883087158
3.075599670410156e-05
0.002055644989013672
49.520304679870605
0.0015909671783447266
71.93413829803467
51.29558563232422
5.340576171875e-05
92.58706641197205
125.68651747703552
4.744529724121094e-05
3.1948089599609375e-05
0.0010273456573486328
116.93647146224976
5.125999450683594e-05
3.8623809814453125e-05
0.0010998249053955078
0.0016129016876220703
0.0001609325408935547
0.0011074542999267578
4.863739013671875e-05
3.075599670410156e-05
0.0010726451873779297
33.26723623275757
34.56352925300598
0.00017762184143066406
0.0008232593536376953
58.74297571182251
66.81412816047668
75.5157561302185
2.5272369384765625e-05
0.0001442432403564453
16.23594307899475
5.698204040527344e-05
0.0009307861328125
2.6702880859375e-05
118.87310528755188
3.528594970703125e-05
101.02870774269104
75.17159223556519
58.33717465400696
83.73481130599976
0.0010051727294921875
49.50402021408081
4.982948303222656e-05
2.7179718017578125e-05
2.86102294921875e-05
3.10660719871521
17.140132427215576
0.0018923282623291016
6.4849853515625e-05
0.0020492076873779297
3.695487976074219e-05
0.0020024776458740234
40.83543634414673
74.39642691612244
0.001020193099975586
0.0013010501861572266
0.0010495185852050781
0.001435995101928711
2.9325485229492188e-05
0.0013325214385986328
48.90818119049072
3.0040740966796875e-05
41.84445905685425
0.0011401176452636719
5.030632019042969e-05
5.221366882324219e-05
0.0014109611511230469
0.0017392635345458984
6.985664367675781e-05
60.57927346229553
5.221366882324219e-05
0.0012183189392089844
7.633198261260986
0.00017642974853515625
49.92398381233215
7.625657558441162
4.482269287109375e-05
7.128715515136719e-05
18.850166082382202
4.57763671875e-05
4.863739013671875e-05
7.4441375732421875
0.000919342041015625
33.60769557952881
49.12007451057434
0.0001506805419921875
78.42434215545654
0.0010936260223388672
85.06727051734924
0.0014142990112304688
3.62396240234375e-05
3.24249267578125e-05
76.83749747276306
4.601478576660156e-05
8.96453857421875e-05
0.0011751651763916016
0.0013875961303710938
0.0012192726135253906
7.403593063354492
7.544882297515869
0.0012810230255126953
0.0012154579162597656
0.00015425682067871094
92.5609564781189
3.266334533691406e-05
1.430511474609375e-05
0.0013742446899414062
0.00016450881958007812
0.0015919208526611328
25.08316993713379
2.765655517578125e-05
0.0019156932830810547
24.63740825653076
35.3379967212677
0.001168966293334961
32.46928858757019
4.076957702636719e-05
5.435943603515625e-05
0.0008671283721923828
4.76837158203125e-05
7.152557373046875e-05
3.218650817871094e-05
48.14171648025513
0.0015876293182373047
49.6459276676178
6.437301635742188e-05
81.59370017051697
16.364758253097534
0.0012423992156982422
6.818771362304688e-05
0.0020079612731933594
8.943957090377808
0.0009915828704833984
4.8160552978515625e-05
2.4080276489257812e-05
50.93560528755188
5.459785461425781e-05
65.14425349235535
32.822967767715454
7.173145055770874
0.001046895980834961
99.00394010543823
73.47100067138672
7.0006184577941895
0.0007655620574951172
4.649162292480469e-05
4.267692565917969e-05
4.506111145019531e-05
57.55721163749695
3.314018249511719e-05
7.251237154006958
33.41309094429016
0.0017673969268798828
57.99945521354675
6.461143493652344e-05
0.0018489360809326172
0.002179861068725586
7.518622875213623
6.771087646484375e-05
7.159879684448242
0.0012369155883789062
0.0013585090637207031
24.977222204208374
15.801417589187622
0.0012922286987304688
3.838539123535156e-05
0.00014638900756835938
9.65371322631836
3.0040740966796875e-05
3.218650817871094e-05
42.015950441360474
0.0013821125030517578
50.07327723503113
3.981590270996094e-05
0.0021615028381347656
6.842613220214844e-05
7.812330722808838
6.461143493652344e-05
0.0019941329956054688
8.034706115722656e-05
31.7522132396698
66.5538866519928
2.9802322387695312e-05
8.726119995117188e-05
57.92589569091797
0.0020046234130859375
121.70823621749878
66.13350772857666
4.6253204345703125e-05
15.518131256103516
0.002240419387817383
15.73634147644043
7.772445678710938e-05
0.002064943313598633
0.002008199691772461
59.349507093429565
16.07816982269287
2.47955322265625e-05
0.0011684894561767578
5.364418029785156e-05
2.2529540061950684
8.704304456710815
0.0011081695556640625
4.673004150390625e-05
60.0563907623291
7.152325868606567
50.33204936981201
0.0010724067687988281
73.44725060462952
0.0020351409912109375
0.002010345458984375
18.005332946777344
7.330578327178955
7.375990867614746
76.17957925796509
5.221366882324219e-05
10.955782413482666
33.473453521728516
0.0015184879302978516
0.0013246536254882812
0.0013875961303710938
7.7406325340271
4.076957702636719e-05
33.127443075180054
9.291866779327393
2.5033950805664062e-05
108.81244134902954
0.0008447170257568359
0.001295328140258789
3.266334533691406e-05
0.00021004676818847656
60.97676062583923
6.978592157363892
33.76338458061218
0.0010395050048828125
5.173683166503906e-05
0.0011398792266845703
0.0008578300476074219
6.89633584022522
15.439005136489868
2.8371810913085938e-05
5.412101745605469e-05
2.002716064453125e-05
0.0010242462158203125
0.001220703125
4.792213439941406e-05
3.981590270996094e-05
4.38690185546875e-05
0.0013914108276367188
105.45977354049683
0.0020949840545654297
5.1021575927734375e-05
6.794929504394531e-05
115.90707492828369
0.0016634464263916016
72.39459609985352
0.0008497238159179688
5.030632019042969e-05
25.761387825012207
25.632796049118042
6.008148193359375e-05
6.937980651855469e-05
2.2966067790985107
2.981426954269409
29.935880422592163
66.31746673583984
18.074995279312134
5.221366882324219e-05
0.0009505748748779297
7.533906698226929
50.52437996864319
0.0011932849884033203
0.0012903213500976562
0.0001366138458251953
50.157039165496826
15.758591890335083
0.0008544921875
64.54577994346619
5.435943603515625e-05
6.29425048828125e-05
6.818771362304688e-05
0.002018451690673828
6.842613220214844e-05
0.0020034313201904297
6.794929504394531e-05
0.0019788742065429688
0.001981496810913086
22.237083435058594
32.605759382247925
8.845329284667969e-05
7.925828456878662
2.6941299438476562e-05
19.548966884613037
4.220008850097656e-05
7.82012939453125e-05
0.00202178955078125
7.700920104980469e-05
0.0020291805267333984
17.003891229629517
5.817413330078125e-05
50.177441120147705
6.103515625e-05
33.12454390525818
2.574920654296875e-05
84.32489132881165
0.0009212493896484375
0.0010764598846435547
99.11738920211792
59.194961071014404
4.220008850097656e-05
2.6226043701171875e-05
33.18140721321106
0.0013322830200195312
3.719329833984375e-05
57.79177713394165
8.628127336502075
0.0012309551239013672
7.356213808059692
22.754506587982178
67.2348096370697
83.77781105041504
8.393501281738281
67.1227605342865
15.842659950256348
7.3994140625
4.482269287109375e-05
25.960951805114746
5.602836608886719e-05
0.0015289783477783203
33.65118193626404
33.5327832698822
4.649162292480469e-05
0.0018839836120605469
6.937980651855469e-05
65.30273461341858
4.506111145019531e-05
4.9114227294921875e-05
3.838539123535156e-05
4.744529724121094e-05
5.364418029785156e-05
0.0017361640930175781
24.91476345062256
57.975645542144775
48.53707265853882
6.961822509765625e-05
0.0020074844360351562
8.440017700195312e-05
0.0020864009857177734
15.579257011413574
0.0011947154998779297
10.222483396530151
65.71755385398865
3.3855438232421875e-05
8.436946153640747
17.168460607528687
0.0010292530059814453
2.6702880859375e-05
70.9022228717804
51.10031843185425
42.22868871688843
0.0013399124145507812
0.00135040283203125
0.0001399517059326172
2.1952784061431885
50.599523067474365
0.0012900829315185547
8.360493898391724
0.00016164779663085938
2.6941299438476562e-05
8.042695999145508
0.0010344982147216797
0.0010275840759277344
7.62939453125e-05
65.88359212875366
0.002054452896118164
64.07561564445496
4.601478576660156e-05
2.956390380859375e-05
0.001855611801147461
2.496342420578003
2.200604200363159
32.778339862823486
0.0015747547149658203
6.765488624572754
8.130073547363281e-05
7.152557373046875e-05
6.651878356933594e-05
6.651878356933594e-05
0.0020225048065185547
89.79405498504639
17.138121604919434
16.7858567237854
40.55448269844055
0.0009272098541259766
24.689737796783447
16.145220518112183
5.3882598876953125e-05
83.11989116668701
0.0007898807525634766
64.23107147216797
6.723403930664062e-05
0.0013995170593261719
40.996248960494995
88.89875793457031
7.176399230957031e-05
32.57478356361389
7.081031799316406e-05
7.252519130706787
32.51362419128418
5.125999450683594e-05
89.15411043167114
53.95336437225342
0.0015501976013183594
24.66659927368164
6.103515625e-05
89.30783176422119
22.062039613723755
5.221366882324219e-05
6.866960287094116
105.49804639816284
24.76012921333313
4.839897155761719e-05
50.842474699020386
15.657239437103271
98.72394013404846
5.269050598144531e-05
0.001697540283203125
0.0018284320831298828
6.628036499023438e-05
6.389617919921875e-05
0.002009868621826172
2.178581714630127
0.0014367103576660156
0.0009946823120117188
5.698204040527344e-05
0.0011835098266601562
0.001188039779663086
4.7206878662109375e-05
50.876911878585815
25.941596269607544
7.532973527908325
5.125999450683594e-05
16.49158763885498
50.888683557510376
21.199639081954956
57.948307037353516
0.001177072525024414
0.00013685226440429688
0.0001373291015625
0.0015473365783691406
25.276188850402832
49.22861337661743
4.982948303222656e-05
4.8160552978515625e-05
16.16861057281494
0.0014886856079101562
42.10237717628479
3.218650817871094e-05
4.410743713378906e-05
6.9515392780303955
5.507469177246094e-05
16.54762053489685
33.91187572479248
0.0009915828704833984
0.0006892681121826172
0.0010743141174316406
0.0015723705291748047
0.001468658447265625
0.0012068748474121094
4.315376281738281e-05
83.28309798240662
0.0014977455139160156
9.489043474197388
117.76009845733643
4.124641418457031e-05
22.68881392478943
0.0010535717010498047
4.649162292480469e-05
7.944918870925903
4.696846008300781e-05
117.14284873008728
16.020076513290405
7.1431567668914795
5.4836273193359375e-05
2.2460522651672363
0.0009052753448486328
64.62679862976074
7.738524436950684
24.201483249664307
55.75467324256897
33.051976919174194
0.0019338130950927734
22.028756856918335
6.580352783203125e-05
49.438212871551514
0.0012080669403076172
3.552436828613281e-05
0.002254486083984375
0.0015766620635986328
64.70954322814941
0.0009853839874267578
6.127357482910156e-05
0.0020143985748291016
6.198883056640625e-05
0.0019350051879882812
0.002012968063354492
81.18993186950684
4.410743713378906e-05
93.12317228317261
16.060353755950928
4.4345855712890625e-05
107.67387056350708
0.0009961128234863281
7.490334510803223
7.176399230957031e-05
7.82012939453125e-05
7.224082946777344e-05
15.516786336898804
0.0009036064147949219
6.866455078125e-05
0.002010822296142578
8.416175842285156e-05
0.0019969940185546875
0.0020186901092529297
2.8848648071289062e-05
7.43865966796875e-05
0.00206756591796875
7.6741297245025635
40.69714570045471
0.00058746337890625
4.3392181396484375e-05
73.19744038581848
6.549450397491455
0.00116729736328125
0.002006053924560547
0.001999378204345703
83.25266456604004
116.99049258232117
50.20293736457825
41.243961811065674
0.0012314319610595703
66.01237154006958
0.0012950897216796875
0.0011858940124511719
0.0012428760528564453
74.73476219177246
92.50227427482605
6.270408630371094e-05
2.5033950805664062e-05
