
x disttype L1-general-gaussian
x k 1510
x std 0.55
x N 50000
x alpha 0.0005

o 0 0.8073539061250462 0.8195003927110889
o 10 0.7741010231427179 0.7870043753404443
o 20 0.47605409283363453 0.49163135329131424
o 30 0.5120700989271154 0.5276432079977987
o 40 0.935622160385333 0.9430694558870811
o 50 0.659987995179065 0.6746755961397801
o 60 0.9883138763132345 0.9914398250385499
o 70 0.11792148330454331 0.12816569771717357
o 80 0.9655873007429672 0.9710543144710424
o 90 0.5955173577838446 0.6107678746275225
o 100 0.39638820551464915 0.4116841420490418
o 110 0.32962013811082574 0.344354814174605
o 120 0.5109896309068535 0.5265640399929188
o 130 0.5059079174277162 0.5214874654997377
o 140 0.6304260696054773 0.6454074394883537
o 150 0.966670850135003 0.9720504002918493
o 160 0.5360899124794536 0.5516153060541984
o 170 0.8483323513362037 0.8593482898591771
o 180 0.9722903197236696 0.9771890300788079
o 190 0.746012477124411 0.7594623082153988
o 200 0.2679388193820527 0.28185707216363254
o 210 0.014268406276741889 0.018215517843033546
o 220 0.9637137623810542 0.9693284826017907
o 230 0.9958011978544946 0.9975891207832343
o 240 0.9996330653686861 0.9999891487861118
o 250 0.438162108614106 0.45365612395078114
o 260 0.666161610343807 0.680779910951633
o 270 0.6420180274244931 0.6568915915672325
o 280 0.9942282900275515 0.9963629052366167
o 290 0.9989434220919977 0.9997230637730928
o 300 0.9837374566721117 0.9874579262965034
o 310 0.8654859600184801 0.8759489711329036
o 320 0.8212295543230939 0.83302011728758
o 330 0.9361981628798649 0.9436132618597843
o 340 0.055629446105406315 0.06299939600142646
o 350 0.9218636969769965 0.9300324921595189
o 360 0.8805703199925953 0.8904995932910063
o 370 0.3750844922534813 0.3902350615892176
o 380 0.8705724408881634 0.880860797883182
o 390 0.9898247213393182 0.9927283946305603
o 400 0.9937617797195815 0.9959896455065341
o 410 0.7789919317895155 0.7917918332247809
o 420 0.952513205579295 0.9589327867726725
o 430 0.2775432354567259 0.29160939153716237
o 440 0.9936067152200819 0.9958647843344953
o 450 0.954168728840386 0.9604767109940745
o 460 0.9689866243461294 0.9741738448194956
o 470 0.5557395820832759 0.5711990240539366
o 480 0.20753565355264764 0.2203208109391286
o 490 0.9931868354253945 0.9955248608293064
o 500 0.18338281856236147 0.19560189656508908
o 510 0.6081993796298227 0.6233615923505686
o 520 0.8628216812664271 0.8733741364901483
o 530 0.9182769336453936 0.9266204472698399
o 540 0.910476467682749 0.9191835050531612
o 550 0.40567968658224346 0.4210295197270395
o 560 0.9989171466500022 0.9997094220119266
o 570 0.9002756841557834 0.9094276783062141
o 580 0.8722617451254788 0.8824909316569943
o 590 0.9960059934406409 0.9977441940439223
o 600 0.7652117360977958 0.7782966320151543
o 610 0.9278134180799719 0.9356807939319061
o 620 0.7832371753131949 0.7959451721217142
o 630 0.06270408759682715 0.0704822668243067
o 640 0.016454359047843477 0.020668707113501772
o 650 0.9745962289485626 0.9792823351579113
o 660 0.9785928659490329 0.9828843240439431
o 670 0.9877977265708879 0.9909961702972301
o 680 0.616409447545657 0.6315087672066273
o 690 0.07074717554634861 0.07895636282973517
o 700 0.9296820407292791 0.9374515502390569
o 710 0.09000490717404074 0.09913192723510722
o 720 0.4260470610343107 0.44149526302629616
o 730 0.259607725379636 0.27339099926234267
o 740 0.009967905055130778 0.01331778162902586
o 750 0.9981861524596591 0.9992819780723441
o 760 0.40725513322987 0.4226135405552768
o 770 0.1391754552451088 0.15014441077947993
o 780 0.803325243480956 0.8155703993199567
o 790 0 0.00016586723531085122
o 800 0.9996330653686861 0.9999891487861118
o 810 0.3974049454986558 0.41270705827658916
o 820 0.5492484333225768 0.5647323567431246
o 830 0.7265686786507337 0.7403526101987129
o 840 0.999784848241918 0.9999999949993749
o 850 0.0023936136390990924 0.004176082015706184
o 860 0.602660369548786 0.6178624630174833
o 870 0.06813583912276458 0.07620861228624498
o 880 0.9664624124584312 0.9718589081758152
o 890 0.6834835451655388 0.6978921702570502
o 900 0.45323758550315696 0.468775558052134
o 910 0.5121101169600436 0.5276831764843142
o 920 0.7912857228779306 0.8038139376160769
o 930 0.6910919581369263 0.7054012081767211
o 940 0.9588730903033229 0.9648507772480731
o 950 0.5735971692971883 0.5889754309242722
o 960 0.839359356959314 0.8506442728065392
o 970 0.9255762343764696 0.9335587211063308
o 980 0.038404696576072817 0.044630264648517715
o 990 0.931140555704757 0.938832550478459
o 1000 0.9987357880946652 0.999611282711117
o 1010 0.9997427320109885 0.9999995494141014
o 1020 0.9908444119912284 0.9935882946543282
o 1030 0.8672354120945349 0.877638936936762
o 1040 0.0005202947705672456 0.0014921308975106573
o 1050 0.12338286610881302 0.13382243287317053
o 1060 0.9981861524596591 0.9992819780723441
o 1070 0.610628038120633 0.625772118158793
o 1080 0.9836736566002813 0.9874017491770309
o 1090 0.9708464257818004 0.9758734140401442
o 1100 0.7409481479966256 0.7544883308121221
o 1110 0.999784848241918 0.9999999949993749
o 1120 0.492027334965211 0.507612725697038
o 1130 0.10189177805570462 0.111520938354986
o 1140 0.7530359634995375 0.7663564737599601
o 1150 5.000625091698381e-09 0.00021515175808195508
o 1160 0.6740466034663385 0.6885722745751355
o 1170 0.8369040874845924 0.848260360239814
o 1180 0.9267870467543441 0.934707506353714
o 1190 0.9270949329412609 0.9349995178478113
o 1200 0.8645503320825443 0.8750449104111384
o 1210 0.9741765786125233 0.9789021288051581
o 1220 0.034014151598875435 0.03990239077287949
o 1230 0.6894211324225097 0.7037525936268129
o 1240 0.036073242648000076 0.04212255671880827
o 1250 0.9753940776533289 0.9800042135412554
o 1260 0.2060127055219218 0.21876427874310045
o 1270 0.6189190927276012 0.6339982793370131
o 1280 0.41192212211388396 0.42730497433114323
o 1290 0.930195543545522 0.9379378767479712
o 1300 0.0058473027938504675 0.008480270058766615
o 1310 0.9998341327646891 1
o 1320 0.30572409864723915 0.3201789586244286
o 1330 0.24057732027614057 0.2540278808899108
o 1340 0.9365684981825958 0.9439628034071984
o 1350 0.1371287153846319 0.1480318540412482
o 1360 0.9817209150253847 0.9856751832430379
o 1370 0.8437638196743107 0.8549183429856351
o 1380 0.06465009682913844 0.07253557517568332
o 1390 0.9905401774134504 0.9933326528099155
o 1400 0.04321129629581273 0.04978194590190532
o 1410 0.9891545735149789 0.992158804780602
o 1420 0.7563467159411202 0.7696046146823478
o 1430 0.4923872743029622 0.5079726650347913
o 1440 0.48996775968005785 0.505552995227633
o 1450 0.8965795174787459 0.9058850734166787
o 1460 0.9822084430768426 0.9861074832400464
o 1470 0.2095137077821539 0.222342081699334
o 1480 0.6901659446805644 0.7044875318488286
o 1490 0.9929884278643608 0.9953633592455201
o 1500 0.8868681545397854 0.8965596646224324
o 1510 0.2053600547471669 0.21809715228198912
o 1520 0.9073469991210771 0.916194013471832
o 1530 0.11654684260572265 0.12674081241758817
o 1540 0.9846528661265439 0.9882621880785143
o 1550 0.9462115723901784 0.9530365203828708
o 1560 0.9997041638433971 0.9999976422569008
o 1570 0.6298234966800339 0.6448102146673516
o 1580 0.0083202354954707 0.011406170058058773
o 1590 0.08290701358106668 0.0917122864106058
o 1600 0.18184240358514223 0.19402283832054212
o 1610 0.00374352858332088 0.005905209301835801
o 1620 0.16033345847642227 0.17193914701995128
o 1630 0.9538168311854994 0.9601487261218015
o 1640 0.10212698083340117 0.11176565421940388
o 1650 0.9998341327646891 1
o 1660 0.4091098770198105 0.4244781698720539
o 1670 0.1694065518231603 0.18126294556783973
o 1680 0.9714739788058347 0.9764456482065549
o 1690 0.11721449813881206 0.12743292664960848
o 1700 0.34068082426956897 0.3555303792790254
o 1710 0.6335797407190347 0.6485327099066169
o 1720 0.6767224038233595 0.6912155773736225
o 1730 0.10161738444988606 0.11123542688071686
o 1740 0.5443408883821724 0.5598415530986727
o 1750 0.8490837903731706 0.8600766005979179
o 1760 0.8894580015307588 0.8990489566084173
o 1770 0.8729741931485171 0.8831782466320548
o 1780 0.9089831183380486 0.9177573506009928
o 1790 0.0751938361132357 0.08362814998178925
o 1800 0.3893716426443368 0.40462307775675066
o 1810 0.9501147184105616 0.9566920738417332
o 1820 0.39457410754407807 0.4098588534482417
o 1830 0.013685914062358185 0.01755824211761592
o 1840 0.0842359813156031 0.09310285660974926
o 1850 0 0.00016586723531085122
o 1860 0.9963260758000116 0.9979838949949381
o 1870 0.9953259191424008 0.9972246856405348
o 1880 0.9778341104976679 0.9822033418610521
o 1890 0.9145288700126306 0.9230497562452519
o 1900 0.9985832870189011 0.9995241331856756
o 1910 0.8610933208057295 0.871703072159033
o 1920 0.9897597892642745 0.9926733523329196
o 1930 0.7674942708050883 0.780533334689888
o 1940 0.6158673923170787 0.6309710044548684
o 1950 0.270041920000123 0.2839932565592448
o 1960 0.15623291590311558 0.1677210952878092
o 1970 0.9945628341288062 0.9966281894626924
o 1980 0.9937396147950882 0.9959718211155568
o 1990 0.3395069054679428 0.35434469586954376
o 2000 0.8174403138118367 0.829330621164012
o 2010 0.22912796539306596 0.24236113585407904
o 2020 0.9952357602882066 0.9971548963126106
o 2030 0.5416570833180205 0.5571662613817726
o 2040 0.9702610134927006 0.9753390246348898
o 2050 0.9890250687825238 0.9920483596867744
o 2060 0.16266031122613092 0.17433149689204763
o 2070 0.2258607841357561 0.2390294305611309
o 2080 0.5734167384723762 0.5887959224157674
o 2090 0.9309556448463975 0.9386575228002784
o 2100 0.913075401357602 0.9216637078351643
o 2110 0.8585521318934026 0.8692451068698213
o 2120 0.003513149101605536 0.0056157349023105985
o 2130 0.9888956263669669 0.991937852096208
o 2140 0.998064229430307 0.9992040792410983
o 2150 0.6426007638474825 0.6574686596230779
o 2160 0.7180018530103742 0.7319223026603575
o 2170 0.9874755639937498 0.9907184539512934
o 2180 0.8718139483456359 0.882058877403718
o 2190 0.46000890809228656 0.4755619504871651
o 2200 0.49338712696441644 0.5089724753610179
o 2210 0.676460847376593 0.6909572214824884
o 2220 0.9979914799067023 0.9991569284568658
o 2230 0.8195273125549949 0.8313629265729777
o 2240 0.8978453865232052 0.9070987836422264
o 2250 0.36538435486878484 0.38045848205413013
o 2260 0.7505734352686693 0.7639398251907301
o 2270 0.5160521379359535 0.5316198276727482
o 2280 0.28127495371111755 0.29539640530206057
o 2290 0.94400425342801 0.9509645742979226
o 2300 0.39409568233217157 0.40937744044396407
o 2310 0.22489063824240607 0.23803990712481726
o 2320 0.01721021104206352 0.02151256246040112
o 2330 0.9041578138058664 0.9131442585416786
o 2340 0.9959832026584181 0.9977269996889246
o 2350 0.1455345941417298 0.156703087686766
o 2360 0.8524150832066519 0.8633041985624214
o 2370 0.9367125276929142 0.9440987260006386
o 2380 0.8717528867976452 0.8819999592650959
o 2390 0.7707670519266073 0.7837394602136603
o 2400 0.99863385948088 0.9995534508999322
o 2410 0.9915197299412335 0.9941526972061495
o 2420 0.3156217935234556 0.3301979056491897
o 2430 0.685516258485736 0.6998987758376831
o 2440 0.983992740802096 0.9876825507704775
o 2450 0.9986085425177087 0.999538823531834
o 2460 0.5961593571218595 0.6114056595749002
o 2470 0.9979914799067023 0.9991569284568658
o 2480 0.9784663536538803 0.9827708801419559
o 2490 0.6235976454862714 0.638638155790169
o 2500 0.595577544643472 0.61082766754464
o 2510 0.8187978419866203 0.8306526403548122
o 2520 0.8008761537650523 0.8131803061611556
o 2530 0.5049676885636587 0.5205480111560787
o 2540 0.1646128204697577 0.17633831870606975
o 2550 0.3019488848115492 0.31635545371407003
o 2560 0.7750508087691602 0.7879342724799968
o 2570 0.06091464664596609 0.0685923359575753
o 2580 0.4545358099271661 0.47007689550491405
o 2590 0.3368806929863756 0.351691798326799
o 2600 0.9566128517404386 0.9627517716840184
o 2610 0.9946075303645595 0.9966634698045075
o 2620 0.7818826313997788 0.7946201683214886
o 2630 0.486268854244682 0.5018531476089136
o 2640 0.9691954516841588 0.9743649469077416
o 2650 5.000625091698381e-09 0.00021515175808195508
o 2660 0.4719770933962788 0.48754972774402594
o 2670 0.8108570572955764 0.8229160730663788
o 2680 0.9998341327646891 1
o 2690 0.0633267030972156 0.07113943290777713
o 2700 0.841632431483623 0.8528504410972423
o 2710 0.9736313018836821 0.9784075915213216
o 2720 0.6942930066335641 0.7085590873982203
o 2730 0.9359924373171974 0.9434190558316997
o 2740 0.8549954781783563 0.8658029445195443
o 2750 0.9996678275924519 0.9999940967944916
o 2760 0.7985488503418403 0.8109083861512121
o 2770 0.029808318828103652 0.03534975083335368
o 2780 0.9981128936006963 0.9992353457234481
o 2790 0.998532952220799 0.9994945720557045
o 2800 0.6667247467029158 0.6813365857924032
o 2810 5.888889772228268e-05 0.0005571263040640151
o 2820 0.995960421005609 0.997709796129333
o 2830 0.991040229953649 0.9937523964205358
o 2840 0.9998341327646891 1
o 2850 0.9990764961900899 0.99978951939873
o 2860 0.13496432335343417 0.14579699012830916
o 2870 0.4483247863487217 0.4638500153388453
o 2880 0.9946969897174516 0.99673396320075
o 2890 0.4185847783782485 0.4340000666733418
o 2900 0.0681748026232388 0.0762496351541253
o 2910 0.6429222787613811 0.6577870368352519
o 2920 0.00976366249597454 0.013082111541662278
o 2930 0.6898639911191015 0.7041895865671477
o 2940 0.010488480695554496 0.013916985233651924
o 2950 0.7711105246474337 0.7840758727550554
o 2960 0.9059566417447497 0.9148648328510761
o 2970 0.9137099676316155 0.9222689307174349
o 2980 0.816690688158623 0.8286004967724313
o 2990 0.8290746869527379 0.8406523696608768
o 3000 0.9957784861890406 0.9975718466746825
o 3010 0.994518159778464 0.9965928871040928
o 3020 0.9881202178383257 0.9912735571030566
o 3030 0.7775568606472772 0.7903873836211082
o 3040 0.9998341327646891 1
o 3050 0.6868043980778905 0.7011702046535738
o 3060 0.9454687376121839 0.952339602533588
o 3070 0.9611775155718987 0.9669855802681508
o 3080 0.4725166664473204 0.488089972705546
o 3090 0.9215356565105491 0.9297206416268454
o 3100 0.9841842934152971 0.9878509294360642
o 3110 0.0009382061982206309 0.002153199794018512
o 3120 0.09231401930751522 0.1015420141279334
o 3130 0.1882223182140602 0.20056074240957833
o 3140 0.925822474828164 0.9337923988258804
o 3150 0.09476102583077484 0.10409415936127953
o 3160 0.13949037282310844 0.15046938499167872
o 3170 0.9948761849382639 0.9968746717641922
o 3180 0.7527937344866967 0.7661187837443815
o 3190 0.7070006246470925 0.7210872137391402
o 3200 0.46670174767276973 0.4822668529031523
o 3210 0.9985832870189011 0.9995241331856756
o 3220 0.08943754494615305 0.09853948634855259
o 3230 0.28397486394203986 0.29813557783101374
o 3240 0.0764232555735665 0.08491830185266347
o 3250 0.03867464209221384 0.044920222285981026
o 3260 0.9436743275458718 0.9506546100054517
o 3270 0.6911926138239213 0.7055005187705674
o 3280 0.143033819147338 0.15412472141184996
o 3290 0.6591837190455122 0.6738801419785992
o 3300 0.696950792620218 0.711180411197589
o 3310 0.6287991516291246 0.6437949035484856
o 3320 0.002618709956084054 0.004470804819852514
o 3330 0.431235798748894 0.446704772768168
o 3340 0.8495103044235734 0.8604899445246972
o 3350 0.9274644248243166 0.9353499031708622
o 3360 0.6831816707834502 0.6975941457916968
o 3370 0.9932971925796634 0.9956144525825571
o 3380 0.9728348868739524 0.9776842777498204
o 3390 0.007253261850496341 0.01015363073425779
o 3400 0.014682242886669982 0.018681517321877283
o 3410 0.928552555544193 0.9363814108192711
o 3420 0.2630191278870942 0.27685843650842523
o 3430 0.9962802289563542 0.9979497738504909
o 3440 0.14393954780127088 0.15505868171129067
o 3450 0.06478635408463744 0.07267927016555398
o 3460 0.9403563825011847 0.9475336591864972
o 3470 0.5464039676364472 0.5618977795772008
o 3480 0.9983337061651681 0.9993741869624272
o 3490 0.010153713932429469 0.013531893654751603
o 3500 0.8238035683122376 0.8355252452142995
o 3510 0.49504695110963065 0.5106320917752678
o 3520 0.9957330879426143 0.9975372731773589
o 3530 0.9981616966934683 0.9992664707710186
o 3540 0.9530097394316701 0.9593960872427876
o 3550 0.010228072418456398 0.013617503611068837
o 3560 0.2535795771858358 0.2672611982170734
o 3570 0.7635353554832275 0.776653572767187
o 3580 0.5028472734644082 0.5184291407225916
o 3590 0.9996678275924519 0.9999940967944916
o 3600 0.0008905059902949601 0.002080990685935591
o 3610 0.9247555292359093 0.9327796989727122
o 3620 0.5976239691095718 0.6128605554869639
o 3630 0.9899546384624376 0.992838426086989
o 3640 0.038867483700464674 0.045127311517126456
o 3650 0.999599491460172 0.9999830535762632
o 3660 0.9114176778043684 0.9200819821950029
o 3670 0.6523081240547617 0.6670780429066359
o 3680 0.11130560535354826 0.1213038580751884
o 3690 0.9830361031340948 0.9868395298864424
o 3700 0.8650588147513802 0.8755362585365851
o 3710 0.2905273887379993 0.30478082745444834
o 3720 0.9968566305867083 0.998372940528608
o 3730 0.8360519559660722 0.8474327756608933
o 3740 0.9936509981065429 0.9959004803202396
o 3750 0.17947284517239856 0.191593207198839
o 3760 0.9960287934415504 0.997761379103869
o 3770 0.6507000456788532 0.6654866606724761
o 3780 0.7420174078337125 0.7555387133978857
o 3790 0.5518727801278356 0.5673471269321351
o 3800 0.9100468353196801 0.9187732801715531
o 3810 0.1097554645385413 0.11969453409916642
o 3820 0.7268106122529283 0.7405905956477797
o 3830 0.9005003771567576 0.9096429106316615
o 3840 0.5136708591915746 0.5292419085110394
o 3850 0.945613162769791 0.9524751292837702
o 3860 0.9997041638433971 0.9999976422569008
o 3870 0.3787701946484145 0.3939481120536179
o 3880 0.581096003134464 0.5964340760274933
o 3890 0.9680055858921647 0.9732752145346109
o 3900 0.3214667897420698 0.3361109270245257
o 3910 0.06079797435144599 0.0684690492330563
o 3920 0.4146747815261762 0.43007138469910566
o 3930 0.9341002974936323 0.941631824781278
o 3940 0.2757768325973203 0.28981639467706954
o 3950 0.9555975862005611 0.9618073764632983
o 3960 0.9912798280218552 0.9939526992962495
o 3970 0.07472556778118108 0.08313658164360482
o 3980 0.6641102849883452 0.678751924074456
o 3990 0.6106681829036686 0.6258119598929845
o 4000 0.033648790704632815 0.039507883802738175
o 4010 0.617995518363382 0.6330821638110995
o 4020 0.8701450741241186 0.8804483068275876
o 4030 0.9310789178178981 0.9387742088535139
o 4040 0.9989962943624112 0.9997500155155598
o 4050 0.01349817969706845 0.01734605163236913
o 4060 0.7393746173164654 0.7529423877304515
o 4070 0.8401102374291486 0.8513731422023947
o 4080 0.8974778527082403 0.9067464396108307
o 4090 0.45072117862626554 0.4662528142152579
o 4100 0.9997427320109885 0.9999995494141014
o 4110 0.9722275027916009 0.9771318683580508
o 4120 0.9880771995048885 0.9912365917446615
o 4130 0.977076094551563 0.9815216191464571
o 4140 0.8463016760781988 0.857379641359122
o 4150 0.9312227410096284 0.9389103378553603
o 4160 0.3006376276785171 0.31502715592115493
o 4170 0.3269153359495418 0.34162053332229936
o 4180 0.7354211226706626 0.7490572046796828
o 4190 0.031036143368148094 0.03668147893572182
o 4200 0.6127156389124766 0.6278438162638819
o 4210 0.2734946019493556 0.28749940098103144
o 4220 0.001576821692318539 0.0030736644300288773
o 4230 0.5266399657519225 0.5421884342323569
o 4240 0.04570564773952119 0.05244670640106519
o 4250 0.16778872436887401 0.1796013270145369
o 4260 0.9357661525414908 0.9432054158515583
o 4270 0.8594059033493227 0.8700710512380878
o 4280 0.09779657244312967 0.10725756125553854
o 4290 0.4380223696783723 0.4535159100698233
o 4300 0.9900412897098091 0.9929117404334288
o 4310 0.20124695292643965 0.21389165825106926
o 4320 0.060447980157953794 0.06809916637899138
o 4330 0.9994130827814863 0.9999311292217226
o 4340 0.9908444119912284 0.9935882946543282
o 4350 0.918727700729608 0.9270495304111978
o 4360 0.9960059934406409 0.9977441940439223
o 4370 0.999784848241918 0.9999999949993749
o 4380 0.7392334086528871 0.7528036436200994
o 4390 0.9988648919050572 0.999681833128126
o 4400 0.23966588461416918 0.25309962691904164
o 4410 0.49900687801961796 0.5145908302959561
o 4420 0.4642641927673448 0.47982523012514977
o 4430 0.9826963964510842 0.9865393571717801
o 4440 0.8745824909133908 0.884729413878363
o 4450 0.5127103934456918 0.5282826977903701
o 4460 0.8744399721935827 0.8845919800046301
o 4470 0.8616829643896928 0.8722732323336481
o 4480 0.9925924716784956 0.9950394932233926
o 4490 0.5935713803985202 0.6088345058955454
o 4500 0.1442939831752562 0.15542412462663202
o 4510 0.993850483192733 0.996060899066795
o 4520 0.10838217283739966 0.1182683000917587
o 4530 0.7552767184859939 0.7685549697748668
o 4540 0.9990764961900899 0.99978951939873
o 4550 0.0010343410820507295 0.0022968948352768415
o 4560 0.9855274447731228 0.9890272924026274
o 4570 0.7438130780482536 0.7573024427140849
o 4580 0.7135282079255818 0.7275174451528577
o 4590 0 0.00016586723531085122
o 4600 0.5479463574231577 0.5634348707739827
o 4610 0.4329123443280164 0.44838766098544236
o 4620 0.08619091357654192 0.09514724500781746
o 4630 0.8433984123862247 0.8545638719786197
o 4640 0.8053293237804846 0.8175256504302681
o 4650 0.8034264535930711 0.8156691554413134
o 4660 0.36996512486644534 0.3850761615133451
o 4670 0.9683394742581493 0.973581213477615
o 4680 0.763575748499902 0.7766931662533699
o 4690 0.4505813840986459 0.4661126559255626
o 4700 0.21368813277832951 0.22660623250347733
o 4710 0.4367847090790937 0.45227398857839585
o 4720 0.605610366747902 0.6207914748576946
o 4730 0.6681527527659388 0.6827481009835359
o 4740 0.14756318372780747 0.1587938017141547
o 4750 0.17163630855062406 0.1835524254529035
o 4760 0.3324047780165565 0.3471692303245991
o 4770 0.7057315791452093 0.7198366841490684
o 4780 0.9737361396011444 0.9785027180641319
o 4790 0.24957497024897704 0.26318716789922614
o 4800 0.9998341327646891 1
o 4810 0.9891545735149789 0.992158804780602
o 4820 0.977518182882724 0.9819193784869186
o 4830 0.11733232502686383 0.12755505913296328
o 4840 0.9998341327646891 1
o 4850 0.07681361181717095 0.08532780954497676
o 4860 0.9606997855522058 0.9665434703696221
o 4870 0.7852590748205955 0.7979225975401649
o 4880 0.10926497595155317 0.11918519206986944
o 4890 0.9831210641861341 0.9869145386210663
o 4900 0.3449590872125367 0.35985066678295186
o 4910 0.7251171314155527 0.7389246431227856
o 4920 0.9573176098205084 0.9634067780167362
o 4930 0.7072826438423985 0.7213651001192771
o 4940 0.8203581434218242 0.8321718187070488
o 4950 0.9871108268687839 0.9904033273405761
o 4960 0.5978446702205236 0.6130797802237663
o 4970 0.007712423210444503 0.010694257265014495
o 4980 0.08019145118803579 0.08886879362687605
o 4990 0.6486900789212893 0.6634973016621045
o 5000 0.999784848241918 0.9999999949993749
o 5010 0.9978708418570428 0.999077722372286
o 5020 0.9810644539681342 0.9850918749749344
o 5030 0.9678803992382876 0.9731604434272725
o 5040 0.76593888597854 0.7790092391791577
o 5050 0.3923215886320095 0.4075921340939217
o 5060 0.6860194302750642 0.7003954354581461
o 5070 0.1788607710571839 0.19096549069185342
o 5080 0.8591213052616283 0.8697957440524524
o 5090 0.6668454203208324 0.6814558717171326
o 5100 0.9844398190570547 0.9880753119246692
o 5110 0.7208033568997063 0.7346798611759213
o 5120 0.922581363119357 0.9307145875494933
o 5130 0.11770545399781387 0.127941801506952
o 5140 0.9462322094275784 0.9530558764725261
o 5150 0.5939926638812456 0.6092530808509355
o 5160 0.9167405219955072 0.9251573694135896
o 5170 0.9987357880946652 0.999611282711117
o 5180 0.011177802589415992 0.014707374805972173
o 5190 0.7434095434317604 0.7569061122685686
o 5200 0.9736732356584376 0.9784456434521903
o 5210 0.9744073637097767 0.9791112649136805
o 5220 0.9717878850641393 0.9767316354057828
o 5230 0.2152315328985863 0.2281823059257858
o 5240 0.4115630977502812 0.4269441200280615
o 5250 0.8768223638909526 0.8868887958804712
o 5260 0.9980399474396386 0.9991883950191714
o 5270 0.9795212983136442 0.9837155694730465
o 5280 0 0.00016586723531085122
o 5290 0.20243332195965605 0.2151048841644132
o 5300 0.8923955675524924 0.9018704140528215
o 5310 0.9173550324680073 0.9257426547619728
o 5320 0.9623412246314762 0.9680614810255874
o 5330 0.018137429362841257 0.022544987486083135
o 5340 0.010469872292332047 0.013895601483458697
o 5350 0.8910694427821011 0.9005969796545107
o 5360 0.9711392412985573 0.9761404992571092
o 5370 0.3900891703255866 0.4053453073971146
o 5380 0.3744868544366988 0.38963290164630937
o 5390 0.945592530165373 0.9524557687587398
o 5400 0.9577944952135947 0.9638497331603989
o 5410 0.0679799887212182 0.07604451721567695
o 5420 0.9487304167733581 0.955396836877547
o 5430 0.947739121321856 0.9544684626289867
o 5440 0.9997041638433971 0.9999976422569008
o 5450 0.22734579730289903 0.24054391127435737
o 5460 0.9658997807856016 0.9713417292743319
o 5470 0.9940058868960785 0.9961854192572273
o 5480 0.8151712938310022 0.8271203977507333
o 5490 0.8072121768277578 0.8193621692856694
o 5500 0.4715374480085124 0.487109521417904
o 5510 0.7250969716923263 0.7389048095916669
o 5520 0.6421586868365937 0.657030884960417
o 5530 0.3818984230897497 0.3970988252384112
o 5540 0.22685078005100878 0.2400390972316504
o 5550 0.8964161960383268 0.9057284491404007
o 5560 0.302962176023503 0.3173818185836679
o 5570 0.8821392391712897 0.8920101523778102
o 5580 0.09074842642041848 0.09990815002259734
o 5590 0.2722245892166773 0.286209845389375
o 5600 0.3202937096457729 0.33492440494575826
o 5610 0.7163896300237892 0.7303350652598362
o 5620 0 0.00016586723531085122
o 5630 0.011140502705341341 0.0146646902014258
o 5640 0.45317766873429716 0.4687154950420206
o 5650 0.28464988959515747 0.29882032287083893
o 5660 0.8171161466620007 0.8290148964031818
o 5670 0.5254789364688373 0.5410298544547283
o 5680 0.0713905045016865 0.0796328091091314
o 5690 0.20735763971141283 0.22013888553234395
o 5700 0.23558474520840456 0.2489421562712023
o 5710 0.30425368488548843 0.31868987139734695
o 5720 0.9925924716784956 0.9950394932233926
o 5730 0.00044654910006778687 0.001366140519119985
o 5740 0.47413544018603565 0.48971065300469496
o 5750 0.4666018442242064 0.48216679005317076
o 5760 0.7529955917979149 0.7663168589568097
o 5770 0.9808105302465105 0.9848658876764647
o 5780 0.9993257723589525 0.9998990270247117
o 5790 0.9837374566721117 0.9874579262965034
o 5800 0.6448715416791962 0.6597171199287319
o 5810 0.8594262320758508 0.8700907157453249
o 5820 0.7372767550045117 0.7508809516795808
o 5830 0.0015935532185476836 0.003096913671020274
o 5840 0.7266090007376584 0.7403922746203678
o 5850 0.01359203650518442 0.017452157231087617
o 5860 0.8085687817156414 0.8206851118804035
o 5870 0.7579215326631394 0.7711492716171426
o 5880 0.9832697797098506 0.9870457701619012
o 5890 0.25197367855950364 0.2656276432839695
o 5900 0.2710538587823165 0.2850209737788427
o 5910 0.021345102341962654 0.02609609720289252
o 5920 0.999784848241918 0.9999999949993749
o 5930 0.005068703952431516 0.0075392729420531435
o 5940 0.16737443358755988 0.17917575967613586
o 5950 0.9379267212885296 0.9452441286022796
o 5960 0.023134934116902393 0.02806559516544982
o 5970 0.9937839489956886 0.9960074655232721
o 5980 0.9987614482791993 0.999625557902435
o 5990 0.7129438758070954 0.726941972874553
o 6000 0.6330976284112536 0.648054984019273
o 6010 0.021763663721107693 0.02655737857406726
o 6020 0.8471342106007393 0.8581868295843625
o 6030 0.6099656570356213 0.6251147217083461
o 6040 0.00317804953155886 0.005191057407849753
o 6050 0.015548688344027853 0.019654731029846384
o 6060 0.3072939590375017 0.32176856551079736
o 6070 0.6777284145664407 0.6922092294674466
o 6080 0.9376591513974507 0.9449917874833076
o 6090 0.9689866243461294 0.9741738448194956
o 6100 0.9814455371013824 0.9854306580479704
o 6110 0.9998341327646891 1
o 6120 0.8531464732739051 0.8640125649894648
o 6130 0.8452255593577865 0.8563361164645253
o 6140 0.9972534418677634 0.9986557844757022
o 6150 0.7593551274567666 0.7725551977069207
o 6160 0.5328662049353262 0.5484000987994497
o 6170 0.4511405659080274 0.4666732853856814
o 6180 0.8858691474723456 0.8955990038418127
o 6190 0.8877653282572524 0.8974221926208363
o 6200 0.5972828887461747 0.6125217504492024
o 6210 0.03701702224598177 0.04313843745914547
o 6220 0.25879462062772746 0.27256438059015753
o 6230 0.6868245257753028 0.701190070212511
o 6240 0.7359858636202851 0.7496122748328791
o 6250 0.06611023942667496 0.07407492101609325
o 6260 0.08435325832799413 0.09322553883134355
o 6270 0.07570117803784823 0.08416063113378336
o 6280 0.10614618385737543 0.11594506160566465
o 6290 0.016907751991272438 0.021175138402432236
o 6300 0.7363690890143585 0.7499889212579894
o 6310 0.999784848241918 0.9999999949993749
o 6320 0.9505280862625457 0.9570785681748505
o 6330 0.8717325330361377 0.8819803197976932
o 6340 0.7832169574830382 0.7959253967024504
o 6350 0.9998341327646891 1
o 6360 0.6030015108373825 0.6182012071284613
o 6370 0.18909161384878753 0.2014511496581597
o 6380 0.22918737384304222 0.24242170715994626
o 6390 0.9979190093140644 0.999109494009705
o 6400 0.6155060277068106 0.630612490411349
o 6410 0.9905401774134504 0.9933326528099155
o 6420 0.9935403221669237 0.9958112089209974
o 6430 0.6872472110966736 0.7016072432741711
o 6440 0.33922835583502764 0.35406333989329775
o 6450 0.9959148847383061 0.9976753617509324
o 6460 0.7492211884569074 0.7626125240773113
o 6470 0.5940929703344302 0.6093527406924211
o 6480 0.9461290257293977 0.9529590945345979
o 6490 0.01696445122075397 0.021238417238747864
o 6500 0.00848631870480003 0.011600012759041323
o 6510 0.0009382061982206309 0.002153199794018512
o 6520 0.564256238119889 0.5796795032650119
o 6530 0.6573942898533411 0.6721101712610887
o 6540 0.9122976436991653 0.9209217239158248
o 6550 0.9468720319409372 0.9536558408572454
o 6560 0.5778275710044157 0.5931836069127228
o 6570 0.06998699784918805 0.07815680620154086
o 6580 0.36996512486644534 0.3850761615133451
o 6590 0.707886981837544 0.7219605597851391
o 6600 0.9402327982566442 0.9474172845463003
o 6610 0.9796691164007848 0.9838476999577972
o 6620 0.9884645870495095 0.9915690568296796
o 6630 0.871060883470051 0.8813321928047999
o 6640 0.0011964954325924912 0.0025344847804393833
o 6650 0.8056734843414924 0.8178613750577852
o 6660 0.9851219299827149 0.9886729545758292
o 6670 0.41018687658838937 0.4255608063019676
o 6680 0.2833197103438534 0.2974709539931618
o 6690 0.9237503648458747 0.931825197376761
o 6700 0.8848091113591351 0.8945793924111463
o 6710 0.968068183594477 0.9733325957087605
o 6720 0.8017059688013144 0.8139902142525869
o 6730 0.7960600132411687 0.8084780537989663
o 6740 0.814705377481347 0.8266664694692792
o 6750 0.15398607199560516 0.16540870970697785
o 6760 0.9100672932905695 0.9187928154030236
o 6770 0.9811491184303252 0.9851671808149262
o 6780 0.9960287934415504 0.997761379103869
o 6790 0.017948089458076875 0.022334400022276713
o 6800 0.3340756998953248 0.3488577420851682
o 6810 0.9643380252627333 0.9699040100089926
o 6820 0.9993836603972324 0.9999207619417313
o 6830 0.9210641369899786 0.9292723178223595
o 6840 0.6712302654762157 0.6857895565974117
o 6850 0.9617177125322949 0.9674852022268388
o 6860 0.8847071920548621 0.8944813456037438
o 6870 0.583522486972353 0.5988467765444352
o 6880 0.9119701987096455 0.9206092777045597
o 6890 0.6131371915441728 0.6282621220627975
o 6900 0.8403740710211521 0.8516292207237226
o 6910 0.885542967823758 0.8952852919418687
o 6920 0.01125241538673841 0.014792731013492877
o 6930 0.0043676406304762015 0.006680724481076483
o 6940 0.9995668564461039 0.999976016692425
o 6950 0.1682030277784355 0.18002688172644343
o 6960 0.3831537925762875 0.3983630310566104
o 6970 0.1792556546624576 0.19137047200378632
o 6980 0.4315750923908004 0.44704536453733745
o 6990 0.9974418742737955 0.998787169461314
o 7000 0.09065058984524921 0.0998060205392538
o 7010 0.873910636287696 0.884081491987454
o 7020 0.9990496341945716 0.9997764839702489
o 7030 0.7053891497330415 0.7194992282182009
o 7040 0.0010827480523211961 0.002368407822981977
o 7050 0.8630453725616368 0.873590370752255
o 7060 0.9801973016981947 0.984319330585746
o 7070 0.9643380252627333 0.9699040100089926
o 7080 0.00564762405874368 0.008240050165434498
o 7090 0.37361034106484403 0.388749711637974
o 7100 0.00892982708801122 0.012116308472134074
o 7110 0.5397344968271931 0.5552494949531347
o 7120 0.4409370531495621 0.4564402424921665
o 7130 0.9771181878019142 0.9815595114026443
o 7140 0.3139122806875318 0.32846799838446594
o 7150 0.13785683766228252 0.1487834815074197
o 7160 0.9090853905449027 0.9178550444113762
o 7170 0.9617384926535194 0.9675044151384056
o 7180 0.9399032627012227 0.9471069297315386
o 7190 0.793672698798598 0.8061461649871448
o 7200 0.3865216334788539 0.401754050899229
o 7210 0.3020084890425326 0.31641582925246636
o 7220 0.96804731736874 0.9733134689759767
o 7230 0.8871536079538256 0.8968341163024239
o 7240 0.7455483646376274 0.7590065758846325
o 7250 0.9283266945158659 0.936167346912211
o 7260 0.8168325062892307 0.8287386313534296
o 7270 0.8743788934195541 0.8845330790955639
o 7280 0.5174329604219389 0.5329985401066106
o 7290 0.003672553120738686 0.005816229222878833
o 7300 0.06992852808352784 0.07809529640564783
o 7310 0.03399491997503655 0.03988162934963724
o 7320 0.6400488692882922 0.6549414104264959
o 7330 0.3148465353476535 0.3294134268019182
o 7340 0.17899897910972376 0.19110723536022356
o 7350 0.6961051026155896 0.7103463844538802
o 7360 0.00948540631260739 0.012760487459778536
o 7370 0.000304323156902096 0.0011090285290428215
o 7380 0.9751000536933687 0.9797383381453255
o 7390 0.023745058389784163 0.02873524362110691
o 7400 0.8182507631618511 0.8301199015865404
o 7410 0.0791563858712696 0.08778421931338909
o 7420 0.010395450609080118 0.013810054580031261
o 7430 0.4459685108308503 0.4614870862238192
o 7440 0.9105378463079454 0.9192421060335595
o 7450 0.9998341327646891 1
o 7460 0.9965098982706061 0.9981199404896446
o 7470 0.15227165191368527 0.16364371785209597
o 7480 0.03074827276576642 0.03636945430516303
o 7490 0.837938895083703 0.8492652078902125
o 7500 0.9998341327646891 1
o 7510 0.9748061231168329 0.9794723692512484
o 7520 0.6724372306841645 0.6869821868061072
o 7530 0.2685538568382249 0.28248182560634993
o 7540 0.9988389036516672 0.9996678953600677
o 7550 0.9558461780853132 0.9620387015295973
o 7560 0.9507761392831168 0.9573104324461045
o 7570 0.9958011978544946 0.9975891207832343
o 7580 0.9874111697251932 0.9906628723383262
o 7590 0.12503370766230468 0.135531022771592
o 7600 0.0014435142497940508 0.002887131717500435
o 7610 0.6960849674905724 0.7103265263229661
o 7620 0.005339693543369324 0.007868139934422813
o 7630 0.9943396753794747 0.9964514634102983
o 7640 0.7808920597249888 0.7936510707663071
o 7650 0.7161679580795267 0.7301168114002612
o 7660 0.700877589821879 0.7150522988766852
o 7670 0.7164097821230357 0.7303549064154637
o 7680 0.03088260494223497 0.03651507323129466
o 7690 0.9899762982625859 0.9928567576948434
o 7700 0.9846528661265439 0.9882621880785143
o 7710 0.9384825087543637 0.9457681562806352
o 7720 0.6277949270771715 0.6427994651877673
o 7730 0.17266251128503396 0.18460587144072793
o 7740 0.7455281860661312 0.7589867612030955
o 7750 5.903205508420937e-06 0.0003321724075481258
o 7760 0.26817689640520737 0.28209891419801525
o 7770 0.999599491460172 0.9999830535762632
o 7780 0.0001975884929334221 0.0008965034907969516
o 7790 0.4470068479026295 0.46252839865099504
o 7800 0.9775602992505538 0.9819572475943703
o 7810 0.976844620220364 0.9813131731400054
o 7820 0.7688679622802078 0.7818791842821493
o 7830 0.020907745185153072 0.025613619025568135
o 7840 0.999103496509203 0.9998024115070666
o 7850 0.7275969143956899 0.741364030420183
o 7860 0.8658114162308075 0.8762634066236981
o 7870 0.9467894660592941 0.9535784342403564
o 7880 0.5149915465660088 0.5305607762779598
o 7890 0.9711183234499515 0.976121424198708
o 7900 0.09057232169378704 0.0997243158442166
o 7910 0.3512284301952045 0.3661792000817268
o 7920 0.5684252346113581 0.583829104715534
o 7930 0.07630615470883596 0.08479544353854418
o 7940 0.57844914798849 0.5938018209634939
o 7950 0.999297246851899 0.9998877222821806
o 7960 0.9526166415707116 0.9590293162704572
o 7970 0.310314722549749 0.32482677702585205
o 7980 0.6643717197106669 0.6790104016959855
o 7990 0.5184135806398961 0.533977589614128
o 8000 0.9871322711142537 0.9904218751063855
o 8010 0.15942649379901774 0.17100642255575116
o 8020 0.0276815620769533 0.03303728583303467
o 8030 0.8727909870434601 0.8830015136815154
o 8040 0.9778973113308842 0.9822601192044921
o 8050 0.8518259423530157 0.8627335355675478
o 8060 0.9096990606804416 0.9184411703674902
o 8070 0.9095558653083213 0.9183044133199374
o 8080 0.5344479833990506 0.5499777878461556
o 8090 0.39965784417999944 0.4149733978705764
o 8100 0.3923215886320095 0.4075921340939217
o 8110 0 0.00016586723531085122
o 8120 0.055551785244577434 0.0629170842357033
o 8130 0.7402420622828219 0.7537946526595664
o 8140 0.06990903833530557 0.07807479296674291
o 8150 0.9975365616713056 0.998852384613813
o 8160 0.9921975785188053 0.9947145595483547
o 8170 0.9180515648995192 0.9264058908978198
o 8180 0.7537828543923535 0.7670893332032249
o 8190 0.04996542525479541 0.056985417598021226
o 8200 0.039677628064506504 0.04599687681536768
o 8210 0.9998341327646891 1
o 8220 0.2575849356381857 0.2713344770746301
o 8230 0.9992689677678922 0.9998761603306536
o 8240 0.9932309668614464 0.9955607090108873
o 8250 0.9907139714723477 0.9934787883212625
o 8260 0.9986085425177087 0.999538823531834
o 8270 0.9925924716784956 0.9950394932233926
o 8280 0.36080431300660143 0.3758400744828454
o 8290 0.0986977048301179 0.10819611687882646
o 8300 0.02206820362374529 0.026892724459280926
o 8310 0.7159261365381558 0.7298787138828341
o 8320 0.27436777651471267 0.28838592964123155
o 8330 0.9853993448876318 0.9889154389210214
o 8340 0.1881432937461739 0.20047979388835901
o 8350 0.9247144978431913 0.9327407440002782
o 8360 0.9978227858521463 0.9990458375033571
o 8370 0.4104860498506098 0.425861531928287
o 8380 0.9998341327646891 1
o 8390 0.9986592401095487 0.9995680130057608
o 8400 0.7850366545473192 0.7977050920727409
o 8410 0.5941732157358315 0.6094324683268446
o 8420 0.02212531699248894 0.026955589689541704
o 8430 0.9993545677321735 0.9999100498624319
o 8440 0.8477840344612722 0.858816789325173
o 8450 0.05665862981925123 0.06408984966966336
o 8460 0.9766973520184984 0.9811804919914258
o 8470 0.9852286064193986 0.9887662394350276
o 8480 0.8539998219855542 0.864838932177343
o 8490 0.2567917362133008 0.27052794633483357
o 8500 0.8019690898104903 0.8142470054536703
o 8510 0.999442873695936 0.9999411111022777
o 8520 0.3949728010297443 0.41026002514284154
o 8530 0.643002658063914 0.6578666305642202
o 8540 0.41914338975566023 0.43456126655754246
o 8550 0.9815938015266759 0.9855623414829561
o 8560 0.98738970775309 0.9906443423429357
o 8570 0.8293180183990017 0.8408889571194145
o 8580 4.5058589854506926e-07 0.0002572679890114893
o 8590 0.9719344048345503 0.9768650658830975
o 8600 0.355727298449863 0.3707188081747764
o 8610 0.8368837979796788 0.8482406565044235
o 8620 0.4451298788629175 0.46064600128887045
o 8630 0.9563641704450885 0.9625205360887716
o 8640 0.9367125276929142 0.9440987260006386
o 8650 0.8489213129558537 0.8599191321184867
o 8660 0.9414688498234951 0.9485808217245606
o 8670 0.08558481326266491 0.0945135558965653
o 8680 0.07285295622252391 0.08116984667820426
o 8690 0.6759981000698732 0.6905001238833532
o 8700 0.7835606637235166 0.7962615757010951
o 8710 0.5088087970380033 0.5243856085511905
o 8720 1.694642373683569e-05 0.00040050853982798174
o 8730 0.044467805759795635 0.05112498877537175
o 8740 0.6751732229741472 0.6896852774502497
o 8750 0.9915633822032628 0.9941890266049113
o 8760 0.999297246851899 0.9998877222821806
o 8770 0.08628867762990743 0.09524944699249804
o 8780 0.7510780276618407 0.7644350641110184
o 8790 0.7417753065813818 0.7553008956114465
o 8800 0.9982106455758747 0.9992974473203111
o 8810 0.007014977712577282 0.009872026653801935
o 8820 0.997136255370979 0.9985730778766523
o 8830 0.9791624424383089 0.9833945500486287
o 8840 0.05788242013042245 0.06538562851109131
o 8850 0.9697385645204625 0.9748616504201917
o 8860 0.8728316992004445 0.8830407879814304
o 8870 0.7824082630997363 0.7951343611086295
o 8880 0.9870036256442971 0.990310568459844
o 8890 0.9961429349554335 0.9978471617053387
o 8900 0.12615408594956865 0.1366902587154183
o 8910 0.7971323929693828 0.8095253161979297
o 8920 0.9749740721104482 0.9796243628261111
o 8930 0.6757566699396412 0.6902616349321309
o 8940 0.00013563750762027172 0.0007590851201833004
o 8950 0.9969263355699712 0.9984231783076815
o 8960 0.967296347264427 0.9726246923728822
o 8970 0.9797958430498883 0.9839609291888587
o 8980 0.9988648919050572 0.999681833128126
o 8990 0.9993545677321735 0.9999100498624319
o 9000 0.999784848241918 0.9999999949993749
o 9010 0.29946550162510166 0.3138396798470102
o 9020 0.9112539781033548 0.9199257362884173
o 9030 0.6722964152372086 0.6868430494545006
o 9040 0.003037581672469472 0.005011623000165555
o 9050 0.0030726616847531977 0.00505651831829379
o 9060 0.5689664432967853 0.5843677140315049
o 9070 0.6438868455603061 0.6587421464136896
o 9080 0.6068145308436083 0.6219869062860046
o 9090 0.6776278117468577 0.6921098660034498
o 9100 0.08785312425755672 0.09688445703738013
o 9110 0.9979672929505882 0.9991411475683059
o 9120 0.09282292030576511 0.1020729366747184
o 9130 0.7695346423225549 0.7825322815191607
o 9140 0.29966416317280137 0.31404095086308237
o 9150 0.8874798529276651 0.8971477628616092
o 9160 0.4148144157378641 0.43021170330252645
o 9170 0.11529021939659824 0.12543786903924425
o 9180 0.9985832870189011 0.9995241331856756
o 9190 0.47389561668860536 0.4894705573853875
o 9200 0.9067131209718511 0.915588102251563
o 9210 0.9524511461346871 0.9588748669224416
o 9220 0.9974182533663415 0.9987708140525817
o 9230 0.1676308978183173 0.17943920761455712
o 9240 0.8403131858498969 0.8515701261765758
o 9250 0.0014601227440129746 0.0029105026263418488
o 9260 0.8459971048829796 0.8570843139856997
o 9270 0.9963031471150466 0.9979668397331242
o 9280 0.37185739326673795 0.38698325267784317
o 9290 0.6229349722524917 0.6379810514976693
o 9300 0.44171567863996447 0.45722135412455256
o 9310 0.3151248304870887 0.3296950372604526
o 9320 0.9826539483676309 0.9865018203029313
o 9330 0.2952343891470791 0.3095522287368182
o 9340 0.9970661424168645 0.9985232526257974
o 9350 0.780831414253997 0.7935917364883394
o 9360 0.1275891477998466 0.13817470284638456
o 9370 0.3667983412109317 0.38188401706362574
o 9380 0.27508221672540334 0.2891112466166471
o 9390 0.9986846867396864 0.9995825074237993
o 9400 0.9626114837102366 0.9683111312800599
o 9410 0.985762399054934 0.9892322524004082
o 9420 0.7946437686590146 0.8070947710313804
o 9430 0.7660196820981562 0.7790884160643725
o 9440 0.9985078691024893 0.9994797052294327
o 9450 0.517012703801662 0.5325789382730417
o 9460 0.11476013687301559 0.12488813442036495
o 9470 0.9844398190570547 0.9880753119246692
o 9480 0.6859187951241082 0.7002961043272126
o 9490 0.8109988201317284 0.8230542629488411
o 9500 0.9485032127378 0.9551841166251323
o 9510 0.9010723567986301 0.9101907409022986
o 9520 0.7170143531916032 0.7309501329928993
o 9530 0.9989962943624112 0.9997500155155598
o 9540 0.8104520278824279 0.8225212375682822
o 9550 0.9760875136515337 0.9806305398356477
o 9560 0.027604990994504502 0.03295388502180041
o 9570 0.9996330653686861 0.9999891487861118
o 9580 0.8166299093788357 0.8285412958185883
o 9590 0.9926583880225167 0.9950935475867196
o 9600 0.8739920706015419 0.8841600305853184
o 9610 0.727274325580027 0.7410467271683432
o 9620 0.7978406064106718 0.8102168664212114
o 9630 0.7888586323512812 0.8014418383173003
o 9640 0.2905075299059758 0.30476069303054754
o 9650 0.9925265848321886 0.9949854092341149
o 9660 0.9997041638433971 0.9999976422569008
o 9670 0.9940725576711883 0.9962387154919856
o 9680 0.9895867217362898 0.99252648793873
o 9690 0.7149185736705097 0.7288866140034755
o 9700 0.9911926670051865 0.9938798964580051
o 9710 0.4451897804082375 0.4607060795223774
o 9720 0.09092453612953869 0.1000919792198337
o 9730 0.9994730802517786 0.9999506585660503
o 9740 0.01889533745170711 0.023386789611077097
o 9750 0.8935382631120419 0.9029673386529046
o 9760 0.3855849766868833 0.4008110245243668
o 9770 0.05974809476886584 0.06735929771635463
o 9780 0.3822969473178878 0.3975001661862114
o 9790 0.4928472026610283 0.5084325816510672
o 9800 0.999784848241918 0.9999999949993749
o 9810 0.7006762003535701 0.7148537557879107
o 9820 0.08664064180678505 0.09561736055650427
o 9830 0.8756819957494772 0.8857895433197482
o 9840 0.04079694197076075 0.047197162314589036
o 9850 0.023001523080546555 0.027919055975124896
o 9860 0.11845175957343097 0.1287152386310274
o 9870 0.7013005130959351 0.7154692339722449
o 9880 0.7906991445137623 0.8032407117758338
o 9890 0.9963260758000116 0.9979838949949381
o 9900 0.792317340711924 0.8048219754466372
o 9910 0.17132056901358697 0.18322827307732048
o 9920 0.9398826678081534 0.9470875314759916
o 9930 0.05494997814450157 0.06227910351003463
o 9940 0.4460883172142132 0.4616072393979427
o 9950 0.12827726659060945 0.13888634721146065
o 9960 3.180428173812004e-05 0.0004650121175936439
o 9970 0.0016438338246257576 0.0031665762816579512
o 9980 0.9996330653686861 0.9999891487861118
o 9990 0.999784848241918 0.9999999949993749
