
x disttype general-gaussian
x k 75260
x std 0.5
x N 50000
x alpha 0.0005

o 0 0 0.00016586723531085122
o 500 0.9998341327646891 1
o 1000 0.9995349878824064 0.9999681957182619
o 1500 0.9910619993917708 0.9937706180212463
o 2000 5.000625091698381e-09 0.00021515175808195508
o 2500 0 0.00016586723531085122
o 3000 0 0.00016586723531085122
o 3500 0.9998341327646891 1
o 4000 0.9996330653686861 0.9999891487861118
o 4500 0.9997041638433971 0.9999976422569008
o 5000 0.9998341327646891 1
o 5500 0.6031821166195167 0.6183805406754423
o 6000 0 0.00016586723531085122
o 6500 0.7359656940492008 0.7495924511503433
o 7000 0.9998341327646891 1
o 7500 0 0.00016586723531085122
o 8000 0.9998341327646891 1
o 8500 0 0.00016586723531085122
o 9000 5.000625091698381e-09 0.00021515175808195508
o 9500 0.9998341327646891 1
o 10000 0.4435525123888382 0.4590639002559984
o 10500 0.9997427320109885 0.9999995494141014
o 11000 0.9998341327646891 1
o 11500 0.9998341327646891 1
o 12000 0 0.00016586723531085122
o 12500 7.923805826870094e-05 0.0006163396027676349
o 13000 0.9998341327646891 1
o 13500 0.999784848241918 0.9999999949993749
o 14000 0.9998341327646891 1
o 14500 0.9998341327646891 1
o 15000 0.9995668564461039 0.999976016692425
o 15500 0.9998341327646891 1
o 16000 0.9998341327646891 1
o 16500 0.11163921871205827 0.12165012955365173
o 17000 0.9998341327646891 1
o 17500 0.9998341327646891 1
o 18000 0.8232360288404622 0.8349729738754592
o 18500 0.3591317846817084 0.37415316910772234
o 19000 0.999103496509203 0.9998024115070666
o 19500 2.357743099213211e-06 0.0002958361566028911
o 20000 0.9946746164213873 0.9967163483612492
o 20500 0 0.00016586723531085122
o 21000 0 0.00016586723531085122
o 21500 0.9998341327646891 1
o 22000 0.15660742941490932 0.16810645336323615
o 22500 0 0.00016586723531085122
o 23000 0 0.00016586723531085122
o 23500 0 0.00016586723531085122
o 24000 0 0.00016586723531085122
o 24500 0.0014435142497940508 0.002887131717500435
o 25000 0.9998341327646891 1
o 25500 0.9998341327646891 1
o 26000 0.6406918446015384 0.6555782193675466
o 26500 0.0022902038706671237 0.004039578994391002
o 27000 0.999784848241918 0.9999999949993749
o 27500 0.9880556926137908 0.9912181067838138
o 28000 0.9994130827814863 0.9999311292217226
o 28500 0 0.00016586723531085122
o 29000 0.0002499844844402703 0.001003705637588781
o 29500 0.37944761725164633 0.3946304602476288
o 30000 0.28361750518963397 0.2977730579818396
o 30500 0.9998341327646891 1
o 31000 0 0.00016586723531085122
o 31500 0 0.00016586723531085122
o 32000 0.9869821893754152 0.9902920126980463
o 32500 0 0.00016586723531085122
o 33000 0.9998341327646891 1
o 33500 0.9998341327646891 1
o 34000 0 0.00016586723531085122
o 34500 0.999599491460172 0.9999830535762632
o 35000 0.03803840364193666 0.04423668905804112
o 35500 0.0048704328463778455 0.0072976511455792314
o 36000 0 0.00016586723531085122
o 36500 0.17019580517629684 0.1820734219835921
o 37000 0.011532365652274236 0.015112664835838951
o 37500 0 0.00016586723531085122
o 38000 0 0.00016586723531085122
o 38500 0.0066490724387977315 0.009438106115117084
o 39000 0.4017314565369994 0.4170590844605704
o 39500 0 0.00016586723531085122
o 40000 0.9998341327646891 1
o 40500 0.9998341327646891 1
o 41000 0.04301804911635414 0.04957526198880324
o 41500 0.5685855917598998 0.5839886936414149
o 42000 0.834287005669614 0.8457183140143898
o 42500 0.5460233895102694 0.5615184857722324
o 43000 0 0.00016586723531085122
o 43500 0.6115513818750101 0.6266884643017138
o 44000 0 0.00016586723531085122
o 44500 0.9798592152541565 0.984017534911133
o 45000 0.9998341327646891 1
o 45500 0 0.00016586723531085122
o 46000 0.07332103906466249 0.08166160044308002
o 46500 0.004224528700100797 0.006503919293031402
o 47000 0.9924607270579469 0.9949312960475685
o 47500 0.9996678275924519 0.9999940967944916
o 48000 0.2855036259413051 0.29968629652019985
o 48500 0 0.00016586723531085122
o 49000 0.9998341327646891 1
o 49500 5.000625091698381e-09 0.00021515175808195508

x disttype general-gaussian
x k 75260
x std 0.5
x N 50000
x alpha 0.0005

