
x disttype general-gaussian
x k 75260
x std 0.5
x N 200000
x alpha 0.0005

o 0 5.8942745433975e-07 7.396558119343588e-05
o 500 0.9999462081236641 0.9999999987498437
o 1000 0.9997826259516078 0.9999537918597259
o 1500 0.9923171224845478 0.9936211901781571
o 2000 5.8942745433975e-07 7.396558119343588e-05
o 2500 0 4.14693883203939e-05
o 3000 0 4.14693883203939e-05
o 3500 0.9999585306116797 1
o 4000 0.9997424052642038 0.999934156045495
o 4500 0.9999169490435147 0.9999985242285621
o 5000 0.9999585306116797 1
o 5500 0.6057859706352903 0.6133848038107474
o 6000 0 4.14693883203939e-05
o 6500 0.7387526674812842 0.7455669438462085
o 7000 0.9999585306116797 1
o 7500 0 4.14693883203939e-05
o 8000 0.9999585306116797 1
o 8500 0 4.14693883203939e-05
o 9000 5.995610996419816e-06 0.00010829779558296782
o 9500 0.9999585306116797 1
o 10000 0.448001052935195 0.4557529982695281
o 10500 0.9998386198113253 0.9999775138997783
o 11000 0.9999585306116797 1
o 11500 0.9999585306116797 1
o 12000 0 4.14693883203939e-05
o 12500 0.00017175271225547 0.0004413092630061177
o 13000 0.9999585306116797 1
o 13500 0.999891702204417 0.9999940043890035
o 14000 0.9999585306116797 1
o 14500 0.9999585306116797 1
o 15000 0.9997758374174912 0.9999506073681839
o 15500 0.9999356777616586 0.9999998873543512
o 16000 0.9999585306116797 1
o 16500 0.11405625277110472 0.11905604361257083
o 17000 0.9999585306116797 1
o 17500 0.9999585306116797 1
o 18000 0.8278956609045537 0.8337364811283671
o 18500 0.36040307892768386 0.36789835782702196
o 19000 0.9992488102465711 0.9996184118080377
o 19500 4.236473980211181e-06 0.00010013767013261621
o 20000 0.9945381278622178 0.9956299627901012
o 20500 0 4.14693883203939e-05
o 21000 0 4.14693883203939e-05
o 21500 0.9999585306116797 1
o 22000 0.1604645125425352 0.1662238376799524
o 22500 0 4.14693883203939e-05
o 23000 0 4.14693883203939e-05
o 23500 0 4.14693883203939e-05
o 24000 0 4.14693883203939e-05
o 24500 0.0015429582104018007 0.002219369401068927
o 25000 0.9999585306116797 1
o 25500 0.9999585306116797 1
o 26000 0.641342260226443 0.6487955267809182
o 26500 0.0026763182651871613 0.0035458113776292155
o 27000 0.9998998623298674 0.9999957635260198
o 27500 0.9889946308202953 0.990563988948285
o 28000 0.9996774863420045 0.9998992456307944
o 28500 0 4.14693883203939e-05
o 29000 0.00026256097151435134 0.0005803461345259553
o 29500 0.38523269208003774 0.39282665007227424
o 30000 0.2915314408083457 0.29863581140979434
o 30500 0.9999585306116797 1
o 31000 0 4.14693883203939e-05
o 31500 0 4.14693883203939e-05
o 32000 0.9882063717306008 0.9898323186478805
o 32500 0 4.14693883203939e-05
o 33000 0.9999585306116797 1
o 33500 0.9999462081236641 0.9999999987498437
o 34000 0 4.14693883203939e-05
o 34500 0.9997963231907232 0.9999600360698955
o 35000 0.03807446313405144 0.04111435109929884
o 35500 0.0059308249311146284 0.007190909895175457
o 36000 0 4.14693883203939e-05
o 36500 0.16999779554259345 0.17588974551645076
o 37000 0.012847041136036422 0.014664015484430193
o 37500 0 4.14693883203939e-05
o 38000 0 4.14693883203939e-05
o 38500 0.0071860468141723526 0.008565556948524122
o 39000 0.4097331856355452 0.41740409060957595
o 39500 0 4.14693883203939e-05
o 40000 0.9999585306116797 1
o 40500 0.9999585306116797 1
o 41000 0.04553649325552949 0.04884167356254976
o 41500 0.5713270365690677 0.5790266346728568
o 42000 0.8353572722829118 0.8410942451508178
o 42500 0.5552707877869394 0.5630042337449132
o 43000 0 4.14693883203939e-05
o 43500 0.6166454564935865 0.6242044053642848
o 44000 0 4.14693883203939e-05
o 44500 0.9803769159358356 0.9824824555260037
o 45000 0.9999585306116797 1
o 45500 0 4.14693883203939e-05
o 46000 0.07561691092333916 0.07978866803384033
o 46500 0.004644249701726063 0.005767627674990172
o 47000 0.9927881392115881 0.9940501279998726
o 47500 0.9998242864839044 0.9999719325467954
o 48000 0.2914068833619906 0.29851037938160896
o 48500 0 4.14693883203939e-05
o 49000 0.9999585306116797 1
o 49500 1.2334754046947699e-05 0.00013174609214072763
