
x disttype general-gaussian
x k 75260
x std 0.5
x N 50000
x alpha 0.001

o 0 0.012878501439092999 0.027477301685655788
o 500 0.8963099543215213 0.9051285996613325
o 1000 0.7243492512892264 0.7374208472950641
o 1500 0.9521384757024796 0.9582433741920762
o 2000 0 0.001898421329222681
o 2500 0.28306667057099794 0.29643697986044293
o 3000 0.0013519994656035678 0.008106672415360571
o 3500 0.9721185746731955 0.9767772266489947
o 4000 0.9377843848299936 0.9447217688961744
o 4500 0.8304499332361733 0.841368325419828
o 5000 0.9275227935753136 0.9349864303251281
o 5500 0.7046099774017889 0.7179660572208367
o 6000 0 0.001898421329222681
o 6500 0.612528414902135 0.6268353576926013
o 7000 0.9198009114685366 0.9276306211764216
o 7500 0 0.001898421329222681
o 8000 0.7389828211841214 0.7518228791702459
o 8500 0 0.001898421329222681
o 9000 0 0.001898421329222681
o 9500 0.9144207595639596 0.9224923812891684
o 10000 0.5103145206394983 0.5250401287806213
o 10500 0.756470795351628 0.7690096516182071
o 11000 0.7132691602307034 0.7265042699288826
o 11500 0.851216223635503 0.8615558172619544
o 12000 0 0.001898421329222681
o 12500 1.2503125260416678e-07 0.002496859604378729
o 13000 0.8521701780565055 0.8624815773235758
o 13500 0.820179750273491 0.8313615851773827
o 14000 0.808560712972197 0.8200241047576153
o 14500 0.9752345282540057 0.9796203137910602
o 15000 0.9101284134071504 0.9183860103838813
o 15500 0.9103736087056514 0.918620741800413
o 16000 0.8721201590504079 0.8818056274800407
o 16500 0.2515685091190154 0.26446475451912865
o 17000 0.9736858680883297 0.9782094517031501
o 17500 0.8990633067411543 0.9077744242543112
o 18000 0.7180027688707729 0.7311692378384982
o 18500 0.5914223102896187 0.6058678306643361
o 19000 0.6955511719815809 0.7090275880512042
o 19500 0.29389299135492225 0.3074073583511379
o 20000 0.6363400426372972 0.6504565498987143
o 20500 0.2058541690580037 0.24968312028287923
o 21000 0.00024191906793846123 0.004755907633503291
o 21500 0.770035326199333 0.7823210481035241
o 22000 0.11826864042185942 0.1541199809554949
o 22500 0 0.001898421329222681
o 23000 0 0.001898421329222681
o 23500 0 0.001898421329222681
o 24000 0 0.001898421329222681
o 24500 0.06862720079532778 0.09746792116286822
o 25000 0.8095724875400268 0.8210120268980133
o 25500 0.8272891085091927 0.8382900969602427
o 26000 0.5556215924337579 0.5702393594731783
o 26500 1.2503125260416678e-07 0.002496859604378729
o 27000 0.8966770091978188 0.9054814350690248
o 27500 0.546827687658879 0.5614759214838734
o 28000 0.791713468912618 0.8035564006025772
o 28500 0 0.001898421329222681
o 29000 0.22323910119636817 0.26822953725002524
o 29500 0.5134958441022273 0.5282178429368543
o 30000 0.10369665731475272 0.13775173477781735
o 30500 0.7997608731421096 0.8114265829129181
o 31000 0 0.001898421329222681
o 31500 0 0.001898421329222681
o 32000 0.894638039875634 0.9035210138658514
o 32500 0 0.001898421329222681
o 33000 0.7489252613743917 0.7615974518997609
o 33500 0.8457577889522346 0.856255885835078
o 34000 0 0.001898421329222681
o 34500 0.775730286140063 0.7879043788474063
o 35000 0.03783181038182003 0.060398646636323376
o 35500 0.003450136205482341 0.012476788296200752
o 36000 0 0.001898421329222681
o 36500 0.5022124960626646 0.5169446047002496
o 37000 0.006549125926642381 0.0178490196420725
o 37500 0 0.001898421329222681
o 38000 0 0.001898421329222681
o 38500 0.01597279639653893 0.031865327584043084
o 39000 0.5348124158206496 0.549494825031907
o 39500 0 0.001898421329222681
o 40000 0.9632104898667215 0.968568022873599
o 40500 0.7477553323991892 0.7604477323145219
o 41000 0.23753038857505593 0.25018716476350494
o 41500 0.48719385377929225 0.501927792551184
o 42000 0.6254157236229296 0.6396241623729031
o 42500 0.5908807973073267 0.605329507088296
o 43000 0 0.001898421329222681
o 43500 0.5228614721487368 0.5375693822121814
o 44000 0 0.001898421329222681
o 44500 0.8079334441853794 0.8194115615814682
o 45000 0.794644887350564 0.8064241029364353
o 45500 0 0.001898421329222681
o 46000 0.17868696470452639 0.22045820172106206
o 46500 0.05219628438883262 0.07796985457372194
o 47000 0.6089562413139503 0.6232886088443843
o 47500 0.861551494656022 0.871577453417357
o 48000 0.4075131916819373 0.4220326055980489
o 48500 0 0.001898421329222681
o 49000 0.793452045229279 0.8052573028190371
o 49500 0.11567726211539672 0.15122194991583757
