0 5.4836273193359375e-05
50 5.1021575927734375e-05
100 64.1324999332428
150 63.51849341392517
200 1.1920928955078125e-05
250 5.9604644775390625e-06
300 7.3909759521484375e-06
350 2.7418136596679688e-05
400 60.7917218208313
450 66.36049485206604
500 66.9338309764862
550 63.283703088760376
600 1.0251998901367188e-05
650 66.09124612808228
700 64.09328389167786
750 2.5033950805664062e-05
800 64.18683290481567
850 1.4543533325195312e-05
900 7.3909759521484375e-06
950 66.15756368637085
1000 63.83981776237488
1050 65.42360258102417
1100 3.409385681152344e-05
1150 1.1682510375976562e-05
1200 66.18647313117981
1250 66.40105700492859
1300 60.52320075035095
1350 66.12314057350159
1400 1.9788742065429688e-05
1450 66.48162484169006
1500 63.25807738304138
1550 1.239776611328125e-05
1600 8.344650268554688e-06
1650 2.574920654296875e-05
1700 8.344650268554688e-06
1750 60.87256407737732
1800 1.3828277587890625e-05
1850 57.581703424453735
1900 1.3113021850585938e-05
1950 71.35957598686218
2000 1.9788742065429688e-05
2050 66.24478197097778
2100 1.3113021850585938e-05
2150 7.152557373046875e-06
2200 63.49257469177246
2250 63.653536319732666
2300 2.8848648071289062e-05
2350 8.58306884765625e-06
2400 4.696846008300781e-05
2450 66.5921082496643
2500 1.430511474609375e-05
2550 7.3909759521484375e-06
2600 4.76837158203125e-05
2650 2.6702880859375e-05
2700 3.0040740966796875e-05
2750 2.7179718017578125e-05
2800 66.25007820129395
2850 5.507469177246094e-05
2900 8.344650268554688e-06
2950 7.152557373046875e-06
3000 1.1682510375976562e-05
3050 66.25535035133362
3100 9.5367431640625e-06
3150 7.867813110351562e-06
3200 66.55480074882507
3250 4.458427429199219e-05
3300 4.792213439941406e-05
3350 2.9802322387695312e-05
3400 6.031990051269531e-05
3450 3.528594970703125e-05
3500 66.17398166656494
3550 66.13655304908752
3600 51.606022119522095
3650 3.647804260253906e-05
3700 1.0967254638671875e-05
3750 5.9604644775390625e-06
3800 1.52587890625e-05
3850 64.46697783470154
3900 6.818771362304688e-05
3950 63.02336406707764
4000 66.05663871765137
4050 1.6927719116210938e-05
4100 51.448171854019165
4150 68.43275880813599
4200 1.9311904907226562e-05
4250 73.36406397819519
4300 2.9087066650390625e-05
4350 66.4938611984253
4400 1.5020370483398438e-05
4450 66.2016704082489
4500 63.62329697608948
4550 7.963180541992188e-05
4600 1.239776611328125e-05
4650 9.059906005859375e-06
4700 61.1246542930603
4750 62.3392174243927
4800 66.99674534797668
4850 64.48556399345398
4900 1.5497207641601562e-05
4950 66.66400384902954
5000 1.5020370483398438e-05
5050 67.06282353401184
5100 2.956390380859375e-05
5150 60.53511571884155
5200 4.673004150390625e-05
5250 4.887580871582031e-05
5300 66.63269686698914
5350 1.6689300537109375e-05
5400 2.5272369384765625e-05
5450 7.152557373046875e-06
5500 64.47034049034119
5550 66.82074069976807
5600 3.24249267578125e-05
5650 54.993489503860474
5700 9.775161743164062e-06
5750 6.198883056640625e-06
5800 66.22844576835632
5850 5.340576171875e-05
5900 60.39047813415527
5950 1.7642974853515625e-05
6000 1.0013580322265625e-05
6050 57.60436654090881
6100 60.72462034225464
6150 1.1205673217773438e-05
6200 1.52587890625e-05
6250 2.1457672119140625e-05
6300 3.0040740966796875e-05
6350 66.20407581329346
6400 66.31055426597595
6450 66.16071319580078
6500 57.39092183113098
6550 1.6927719116210938e-05
6600 65.28471875190735
6650 63.342864751815796
6700 2.5510787963867188e-05
6750 9.059906005859375e-06
6800 66.24046492576599
6850 1.2636184692382812e-05
6900 54.589489459991455
6950 66.42118239402771
7000 66.25770711898804
7050 66.25442314147949
7100 1.1920928955078125e-05
7150 60.4619197845459
7200 1.8596649169921875e-05
7250 9.298324584960938e-06
7300 8.106231689453125e-06
7350 60.58283495903015
7400 66.31289482116699
7450 1.2874603271484375e-05
7500 7.62939453125e-06
7550 62.508564949035645
7600 51.07675004005432
7650 2.3365020751953125e-05
7700 2.09808349609375e-05
7750 7.62939453125e-06
7800 66.118008852005
7850 63.01960563659668
7900 2.3126602172851562e-05
7950 1.33514404296875e-05
8000 63.78170084953308
8050 60.55096125602722
8100 57.77039670944214
8150 1.5497207641601562e-05
8200 2.9802322387695312e-05
8250 9.5367431640625e-06
8300 7.867813110351562e-06
8350 7.152557373046875e-06
8400 6.9141387939453125e-06
8450 5.340576171875e-05
8500 1.3589859008789062e-05
8550 1.0728836059570312e-05
8600 1.1682510375976562e-05
8650 1.2159347534179688e-05
8700 1.0013580322265625e-05
8750 1.0251998901367188e-05
8800 66.37766885757446
8850 1.33514404296875e-05
8900 63.30319428443909
8950 66.79851603507996
9000 1.239776611328125e-05
9050 7.867813110351562e-06
9100 5.316734313964844e-05
9150 1.3589859008789062e-05
9200 1.2636184692382812e-05
9250 66.1628143787384
9300 3.0040740966796875e-05
9350 54.40867328643799
9400 1.430511474609375e-05
9450 8.58306884765625e-06
9500 66.55234980583191
9550 60.60965657234192
9600 1.33514404296875e-05
9650 6.198883056640625e-06
9700 2.7418136596679688e-05
9750 5.6743621826171875e-05
9800 1.9788742065429688e-05
9850 1.2874603271484375e-05
9900 1.3113021850585938e-05
9950 1.239776611328125e-05
10000 1.1920928955078125e-05
10050 1.0728836059570312e-05
10100 44.33783960342407
10150 57.491448640823364
10200 60.9174063205719
10250 1.3113021850585938e-05
10300 6.198883056640625e-06
10350 66.32259917259216
10400 5.269050598144531e-05
10450 1.2159347534179688e-05
10500 63.79422116279602
10550 69.9646646976471
10600 2.2172927856445312e-05
10650 1.0728836059570312e-05
10700 8.58306884765625e-06
10750 54.08360743522644
10800 1.3828277587890625e-05
10850 66.31118702888489
10900 67.86284899711609
10950 1.0967254638671875e-05
11000 69.29833173751831
11050 66.70427417755127
11100 2.47955322265625e-05
11150 61.02204728126526
11200 1.3589859008789062e-05
11250 61.13322710990906
11300 66.90131258964539
11350 63.93540167808533
11400 58.32329964637756
11450 66.12504529953003
11500 63.44775652885437
11550 1.1682510375976562e-05
11600 60.55731725692749
11650 1.1444091796875e-05
11700 5.340576171875e-05
11750 60.5311598777771
11800 1.3113021850585938e-05
11850 6.198883056640625e-06
11900 7.867813110351562e-06
11950 66.21997570991516
12000 1.1920928955078125e-05
12050 66.76127362251282
12100 1.2159347534179688e-05
12150 64.01381587982178
12200 72.69129681587219
12250 1.1682510375976562e-05
12300 6.9141387939453125e-06
12350 71.14152216911316
12400 62.23490905761719
12450 2.3365020751953125e-05
12500 1.049041748046875e-05
12550 66.33858036994934
12600 1.4781951904296875e-05
12650 6.9141387939453125e-06
12700 8.821487426757812e-06
12750 9.298324584960938e-06
12800 66.76195526123047
12850 62.07769322395325
12900 1.621246337890625e-05
12950 1.049041748046875e-05
13000 66.76944994926453
13050 1.1682510375976562e-05
13100 67.04182195663452
13150 52.16166543960571
13200 1.6450881958007812e-05
13250 2.7418136596679688e-05
13300 66.59554171562195
13350 62.7583544254303
13400 60.38691735267639
13450 1.4066696166992188e-05
13500 63.602365255355835
13550 3.457069396972656e-05
13600 2.384185791015625e-05
13650 62.916476249694824
13700 64.1597957611084
13750 65.8380389213562
13800 65.84908938407898
13850 66.57275938987732
13900 63.733824729919434
13950 57.74496269226074
14000 63.76849150657654
14050 1.2636184692382812e-05
14100 8.106231689453125e-06
14150 2.3603439331054688e-05
14200 2.8371810913085938e-05
14250 7.3909759521484375e-06
14300 66.37895083427429
14350 2.765655517578125e-05
14400 1.049041748046875e-05
14450 60.77554154396057
14500 66.33808732032776
14550 57.6502366065979
14600 3.314018249511719e-05
14650 60.610185623168945
14700 66.16675686836243
14750 1.2874603271484375e-05
14800 38.82000923156738
14850 1.3113021850585938e-05
14900 3.361701965332031e-05
14950 1.1205673217773438e-05
15000 63.461785316467285
15050 66.33454918861389
15100 1.8835067749023438e-05
15150 5.9604644775390625e-06
15200 7.62939453125e-06
15250 5.9604644775390625e-06
15300 5.4836273193359375e-06
15350 5.7220458984375e-06
15400 5.245208740234375e-06
15450 66.59624981880188
15500 60.65756177902222
15550 1.1682510375976562e-05
15600 1.7404556274414062e-05
15650 9.059906005859375e-06
15700 7.152557373046875e-06
15750 6.9141387939453125e-06
15800 64.24899339675903
15850 66.23132634162903
15900 1.239776611328125e-05
15950 54.35145926475525
16000 66.35287976264954
16050 63.82218647003174
16100 1.2874603271484375e-05
16150 7.62939453125e-06
16200 66.08851432800293
16250 1.239776611328125e-05
16300 60.80491805076599
16350 1.4543533325195312e-05
16400 66.65606617927551
16450 1.4066696166992188e-05
16500 8.344650268554688e-06
16550 6.9141387939453125e-06
16600 6.9141387939453125e-06
16650 63.23645067214966
16700 1.3113021850585938e-05
16750 63.22805905342102
16800 1.0728836059570312e-05
16850 8.344650268554688e-06
16900 1.2636184692382812e-05
16950 63.700499296188354
17000 66.24964380264282
17050 1.430511474609375e-05
17100 63.55185604095459
17150 1.4543533325195312e-05
17200 1.0728836059570312e-05
17250 6.9141387939453125e-06
17300 47.81282186508179
17350 1.430511474609375e-05
17400 57.654982805252075
17450 2.5033950805664062e-05
17500 66.35430812835693
17550 66.18567562103271
17600 57.46504020690918
17650 43.28516626358032
17700 60.53773498535156
17750 1.2636184692382812e-05
17800 7.867813110351562e-06
17850 2.288818359375e-05
17900 7.152557373046875e-06
17950 63.42335367202759
18000 51.20584988594055
18050 2.1696090698242188e-05
18100 66.13506746292114
18150 63.221336126327515
18200 63.48295831680298
18250 1.621246337890625e-05
18300 44.05966114997864
18350 1.1444091796875e-05
18400 6.4373016357421875e-06
18450 9.298324584960938e-06
18500 66.03028583526611
18550 66.16683959960938
18600 1.33514404296875e-05
18650 60.52792024612427
18700 1.1682510375976562e-05
18750 65.98889780044556
18800 63.865232706069946
18850 1.5497207641601562e-05
18900 1.3113021850585938e-05
18950 66.41136622428894
19000 1.4066696166992188e-05
19050 1.0251998901367188e-05
19100 63.732365131378174
19150 1.5020370483398438e-05
19200 2.574920654296875e-05
19250 8.106231689453125e-06
19300 8.344650268554688e-06
19350 1.1682510375976562e-05
19400 63.221291065216064
19450 1.5735626220703125e-05
19500 1.4066696166992188e-05
19550 8.58306884765625e-06
19600 1.0013580322265625e-05
19650 1.049041748046875e-05
19700 2.7179718017578125e-05
19750 8.821487426757812e-06
19800 66.3930823802948
19850 1.5020370483398438e-05
19900 60.58856964111328
19950 1.4066696166992188e-05
20000 47.26406812667847
20050 9.775161743164062e-06
20100 5.9604644775390625e-06
20150 1.239776611328125e-05
20200 63.760136127471924
20250 1.4543533325195312e-05
20300 3.337860107421875e-05
20350 54.12839365005493
20400 1.621246337890625e-05
20450 6.198883056640625e-06
20500 2.9325485229492188e-05
20550 6.9141387939453125e-06
20600 63.79401636123657
20650 1.2874603271484375e-05
20700 63.840495109558105
20750 1.4066696166992188e-05
20800 66.2880003452301
20850 1.5020370483398438e-05
20900 2.956390380859375e-05
20950 9.298324584960938e-06
21000 9.5367431640625e-06
21050 9.298324584960938e-06
21100 9.775161743164062e-06
21150 7.152557373046875e-06
21200 6.9141387939453125e-06
21250 9.059906005859375e-06
21300 66.26078486442566
21350 1.1444091796875e-05
21400 54.60929989814758
21450 66.37730741500854
21500 1.7642974853515625e-05
21550 66.3396155834198
21600 54.522385597229004
21650 9.298324584960938e-06
21700 6.198883056640625e-06
21750 5.7220458984375e-06
21800 54.05632495880127
21850 63.26515340805054
21900 1.4543533325195312e-05
21950 54.41172170639038
22000 1.4781951904296875e-05
22050 1.0728836059570312e-05
22100 72.22423315048218
22150 66.18222093582153
22200 1.2636184692382812e-05
22250 3.504753112792969e-05
22300 1.0967254638671875e-05
22350 1.0013580322265625e-05
22400 67.4043300151825
22450 1.1205673217773438e-05
22500 6.4373016357421875e-06
22550 56.43096446990967
22600 1.52587890625e-05
22650 73.64017391204834
22700 3.170967102050781e-05
22750 42.78815460205078
22800 1.2636184692382812e-05
22850 6.198883056640625e-06
22900 2.7179718017578125e-05
22950 7.152557373046875e-06
23000 7.152557373046875e-06
23050 66.2206621170044
23100 2.7418136596679688e-05
23150 9.298324584960938e-06
23200 7.152557373046875e-06
23250 9.5367431640625e-06
23300 65.65294933319092
23350 1.1444091796875e-05
23400 66.60235023498535
23450 1.239776611328125e-05
23500 8.821487426757812e-06
23550 66.33785581588745
23600 68.55532908439636
23650 1.2874603271484375e-05
23700 8.344650268554688e-06
23750 9.5367431640625e-06
23800 67.28248357772827
23850 66.63526749610901
23900 1.4543533325195312e-05
23950 7.62939453125e-06
24000 7.3909759521484375e-06
24050 1.1682510375976562e-05
24100 7.152557373046875e-06
24150 60.523168325424194
24200 1.8835067749023438e-05
24250 1.0251998901367188e-05
24300 63.28981328010559
24350 1.1682510375976562e-05
24400 1.4066696166992188e-05
24450 2.2411346435546875e-05
24500 4.315376281738281e-05
24550 68.88519477844238
24600 3.361701965332031e-05
24650 8.344650268554688e-06
24700 1.239776611328125e-05
24750 1.0013580322265625e-05
24800 8.58306884765625e-06
24850 7.3909759521484375e-06
24900 66.17734622955322
24950 1.4066696166992188e-05
25000 63.20497918128967
25050 1.1920928955078125e-05
25100 62.49242353439331
25150 66.25618624687195
25200 1.7642974853515625e-05
25250 63.779001235961914
25300 2.4080276489257812e-05
25350 66.28822994232178
25400 66.14538192749023
25450 1.8835067749023438e-05
25500 63.809295654296875
25550 54.449291706085205
25600 1.3113021850585938e-05
25650 6.198883056640625e-06
25700 66.53181457519531
25750 3.600120544433594e-05
25800 8.106231689453125e-06
25850 62.48369812965393
25900 1.2874603271484375e-05
25950 8.106231689453125e-06
26000 57.511316776275635
26050 60.567548513412476
26100 60.54054069519043
26150 60.67517328262329
26200 1.4066696166992188e-05
26250 63.95887017250061
26300 3.552436828613281e-05
26350 6.198883056640625e-06
26400 9.5367431640625e-06
26450 1.049041748046875e-05
26500 3.62396240234375e-05
26550 7.867813110351562e-06
26600 8.58306884765625e-06
26650 63.29512429237366
26700 1.9311904907226562e-05
26750 2.002716064453125e-05
26800 8.106231689453125e-06
26850 9.775161743164062e-06
26900 66.25950241088867
26950 54.38186597824097
27000 66.25321125984192
27050 1.3828277587890625e-05
27100 6.4373016357421875e-06
27150 1.0967254638671875e-05
27200 4.315376281738281e-05
27250 8.821487426757812e-06
27300 66.47672533988953
27350 66.32156682014465
27400 62.57312345504761
27450 1.3113021850585938e-05
27500 7.3909759521484375e-06
27550 63.41175627708435
27600 1.4066696166992188e-05
27650 8.58306884765625e-06
27700 63.33456349372864
27750 1.2874603271484375e-05
27800 8.344650268554688e-06
27850 65.56368803977966
27900 1.239776611328125e-05
27950 1.4066696166992188e-05
28000 63.17772102355957
28050 1.0728836059570312e-05
28100 63.18618416786194
28150 3.218650817871094e-05
28200 7.62939453125e-06
28250 66.52690625190735
28300 1.4781951904296875e-05
28350 7.62939453125e-06
28400 7.152557373046875e-06
28450 62.3310706615448
28500 1.6689300537109375e-05
28550 7.867813110351562e-06
28600 1.33514404296875e-05
28650 50.906001567840576
28700 66.0956506729126
28750 1.4781951904296875e-05
28800 6.67572021484375e-06
28850 63.01570677757263
28900 1.2159347534179688e-05
28950 66.65976929664612
29000 2.6941299438476562e-05
29050 66.11997699737549
29100 1.2636184692382812e-05
29150 66.1556146144867
29200 1.2159347534179688e-05
29250 1.4066696166992188e-05
29300 60.82789611816406
29350 1.1920928955078125e-05
29400 65.78621673583984
29450 55.68273115158081
29500 62.973305463790894
29550 66.62741374969482
29600 1.33514404296875e-05
29650 44.9194061756134
29700 2.3126602172851562e-05
29750 63.46282744407654
29800 1.4066696166992188e-05
29850 7.152557373046875e-06
29900 1.2636184692382812e-05
29950 8.344650268554688e-06
30000 7.62939453125e-06
30050 3.0279159545898438e-05
30100 66.46781420707703
30150 66.39119172096252
30200 1.4543533325195312e-05
30250 4.744529724121094e-05
30300 67.38517832756042
30350 66.495689868927
30400 1.1444091796875e-05
30450 6.198883056640625e-06
30500 60.319918632507324
30550 62.63638114929199
30600 66.3090991973877
30650 63.641392946243286
30700 1.4066696166992188e-05
30750 8.344650268554688e-06
30800 2.3365020751953125e-05
30850 1.0013580322265625e-05
30900 7.3909759521484375e-06
30950 7.152557373046875e-06
31000 6.9141387939453125e-06
31050 66.38283681869507
31100 1.2874603271484375e-05
31150 6.4373016357421875e-06
31200 1.4781951904296875e-05
31250 60.808406352996826
31300 1.0967254638671875e-05
31350 6.198883056640625e-06
31400 6.198883056640625e-06
31450 2.47955322265625e-05
31500 1.049041748046875e-05
31550 6.198883056640625e-06
31600 8.58306884765625e-06
31650 9.059906005859375e-06
31700 1.9073486328125e-05
31750 6.9141387939453125e-06
31800 66.53044271469116
31850 1.4781951904296875e-05
31900 4.38690185546875e-05
31950 2.8133392333984375e-05
32000 66.4667227268219
32050 66.45620012283325
32100 66.71194124221802
32150 1.3113021850585938e-05
32200 64.16573929786682
32250 64.44532489776611
32300 1.2636184692382812e-05
32350 7.62939453125e-06
32400 55.29126334190369
32450 62.91120147705078
32500 1.3828277587890625e-05
32550 7.62939453125e-06
32600 63.70815563201904
32650 62.75837731361389
32700 2.1457672119140625e-05
32750 7.152557373046875e-06
32800 63.51357293128967
32850 1.2159347534179688e-05
32900 66.3734245300293
32950 63.54048204421997
33000 54.25757384300232
33050 62.37057590484619
33100 1.1682510375976562e-05
33150 64.6256206035614
33200 1.1444091796875e-05
33250 7.867813110351562e-06
33300 1.0967254638671875e-05
33350 6.67572021484375e-06
33400 6.67572021484375e-06
33450 63.57058262825012
33500 66.29501152038574
33550 62.601065158843994
33600 3.62396240234375e-05
33650 7.867813110351562e-06
33700 6.9141387939453125e-06
33750 7.152557373046875e-06
33800 1.049041748046875e-05
33850 61.086384296417236
33900 1.9311904907226562e-05
33950 62.85039782524109
34000 1.0251998901367188e-05
34050 6.198883056640625e-06
34100 41.97262001037598
34150 1.5974044799804688e-05
34200 60.68064641952515
34250 63.57006502151489
34300 1.239776611328125e-05
34350 8.344650268554688e-06
34400 2.5033950805664062e-05
34450 2.1457672119140625e-05
34500 68.77595973014832
34550 1.5497207641601562e-05
34600 1.0967254638671875e-05
34650 2.5272369384765625e-05
34700 66.54965376853943
34750 1.1682510375976562e-05
34800 6.198883056640625e-06
34850 9.059906005859375e-06
34900 2.3603439331054688e-05
34950 57.67592239379883
35000 1.0013580322265625e-05
35050 66.91021037101746
35100 1.5735626220703125e-05
35150 1.0967254638671875e-05
35200 1.0728836059570312e-05
35250 63.382997035980225
35300 1.52587890625e-05
35350 66.23389077186584
35400 1.4066696166992188e-05
35450 57.55803823471069
35500 2.384185791015625e-05
35550 9.775161743164062e-06
35600 6.9141387939453125e-06
35650 60.76088070869446
35700 66.1700713634491
35750 1.3828277587890625e-05
35800 7.62939453125e-06
35850 60.719510555267334
35900 3.266334533691406e-05
35950 1.1682510375976562e-05
36000 9.059906005859375e-06
36050 54.370872497558594
36100 63.11505579948425
36150 3.4332275390625e-05
36200 1.33514404296875e-05
36250 4.38690185546875e-05
36300 62.694496631622314
36350 1.5974044799804688e-05
36400 61.106926679611206
36450 2.9802322387695312e-05
36500 1.1205673217773438e-05
36550 2.6464462280273438e-05
36600 60.73238205909729
36650 1.2636184692382812e-05
36700 60.81092858314514
36750 1.1682510375976562e-05
36800 66.57365417480469
36850 60.76512956619263
36900 53.7997510433197
36950 54.55814862251282
37000 1.4066696166992188e-05
37050 1.239776611328125e-05
37100 1.0013580322265625e-05
37150 61.05911898612976
37200 1.1920928955078125e-05
37250 6.198883056640625e-06
37300 1.1205673217773438e-05
37350 2.6941299438476562e-05
37400 7.3909759521484375e-06
37450 7.152557373046875e-06
37500 6.9141387939453125e-06
37550 8.106231689453125e-06
37600 5.7220458984375e-06
37650 60.704771518707275
37700 1.4543533325195312e-05
37750 66.41899156570435
37800 66.00374865531921
37850 1.4781951904296875e-05
37900 8.344650268554688e-06
37950 1.049041748046875e-05
38000 1.0251998901367188e-05
38050 8.821487426757812e-06
38100 3.24249267578125e-05
38150 66.63421273231506
38200 3.170967102050781e-05
38250 54.23433446884155
38300 2.7418136596679688e-05
38350 66.71955442428589
38400 1.2636184692382812e-05
38450 60.617958545684814
38500 54.79864573478699
38550 66.24290251731873
38600 3.170967102050781e-05
38650 1.0013580322265625e-05
38700 7.3909759521484375e-06
38750 9.5367431640625e-06
38800 2.47955322265625e-05
38850 50.930639028549194
38900 1.2159347534179688e-05
38950 62.903053522109985
39000 1.52587890625e-05
39050 66.1953558921814
39100 1.239776611328125e-05
39150 63.20266103744507
39200 1.4781951904296875e-05
39250 51.453269481658936
39300 1.2874603271484375e-05
39350 1.0967254638671875e-05
39400 6.198883056640625e-06
39450 5.7220458984375e-06
39500 5.9604644775390625e-06
39550 63.49822115898132
39600 62.54651975631714
39650 1.1920928955078125e-05
39700 62.96707224845886
39750 1.0967254638671875e-05
39800 66.82308864593506
39850 1.33514404296875e-05
39900 63.31767535209656
39950 66.47127389907837
40000 64.50976896286011
40050 2.9325485229492188e-05
40100 56.662755489349365
40150 1.1682510375976562e-05
40200 1.5974044799804688e-05
40250 3.719329833984375e-05
40300 1.5974044799804688e-05
40350 1.049041748046875e-05
40400 7.867813110351562e-06
40450 63.357213258743286
40500 63.6253137588501
40550 1.4781951904296875e-05
40600 1.0013580322265625e-05
40650 7.152557373046875e-06
40700 6.9141387939453125e-06
40750 57.82321119308472
40800 63.4987051486969
40850 4.1484832763671875e-05
40900 7.3909759521484375e-06
40950 1.33514404296875e-05
41000 7.867813110351562e-06
41050 66.46215534210205
41100 67.117027759552
41150 1.3113021850585938e-05
41200 8.106231689453125e-06
41250 60.79477834701538
41300 1.0251998901367188e-05
41350 6.198883056640625e-06
41400 8.58306884765625e-06
41450 62.216057777404785
41500 1.1920928955078125e-05
41550 3.1948089599609375e-05
41600 60.681610345840454
41650 63.30033850669861
41700 1.33514404296875e-05
41750 6.198883056640625e-06
41800 1.0967254638671875e-05
41850 3.7670135498046875e-05
41900 9.298324584960938e-06
41950 63.595927238464355
42000 1.52587890625e-05
42050 7.62939453125e-06
42100 52.686363220214844
42150 1.2159347534179688e-05
42200 58.69353127479553
42250 1.239776611328125e-05
42300 9.775161743164062e-06
42350 6.9141387939453125e-06
42400 6.67572021484375e-06
42450 62.84224534034729
42500 1.3828277587890625e-05
42550 8.344650268554688e-06
42600 66.30256462097168
42650 60.65039134025574
42700 1.2159347534179688e-05
42750 7.62939453125e-06
42800 2.193450927734375e-05
42850 6.9141387939453125e-06
42900 1.3113021850585938e-05
42950 60.786404609680176
43000 1.1682510375976562e-05
43050 66.23715376853943
43100 1.4066696166992188e-05
43150 65.31247091293335
43200 1.1920928955078125e-05
43250 59.73237156867981
43300 1.1920928955078125e-05
43350 59.292179107666016
43400 1.0967254638671875e-05
43450 5.9604644775390625e-06
43500 9.775161743164062e-06
43550 1.3589859008789062e-05
43600 8.821487426757812e-06
43650 1.33514404296875e-05
43700 66.4745512008667
43750 1.4066696166992188e-05
43800 3.123283386230469e-05
43850 66.42670941352844
43900 62.3374388217926
43950 1.2636184692382812e-05
44000 7.3909759521484375e-06
44050 8.58306884765625e-06
44100 9.059906005859375e-06
44150 57.01661920547485
44200 62.94995045661926
44250 1.5020370483398438e-05
44300 57.52764821052551
44350 64.52777147293091
44400 1.1682510375976562e-05
44450 8.106231689453125e-06
44500 59.92724561691284
44550 45.73576760292053
44600 1.0728836059570312e-05
44650 53.102174282073975
44700 54.46736407279968
44750 52.70102310180664
44800 1.0013580322265625e-05
44850 66.56045293807983
44900 1.3589859008789062e-05
44950 6.4373016357421875e-06
45000 63.78501749038696
45050 64.69349384307861
45100 2.3365020751953125e-05
45150 1.0728836059570312e-05
45200 9.775161743164062e-06
45250 59.1670343875885
45300 55.77324318885803
45350 1.4543533325195312e-05
45400 5.7220458984375e-06
45450 6.67572021484375e-06
45500 1.3828277587890625e-05
45550 7.152557373046875e-06
45600 1.2636184692382812e-05
45650 60.84554147720337
45700 65.92881155014038
45750 63.436933755874634
45800 1.71661376953125e-05
45850 60.256314277648926
45900 54.80976867675781
45950 57.65082907676697
46000 1.2159347534179688e-05
46050 5.9604644775390625e-06
46100 57.41676163673401
46150 1.33514404296875e-05
46200 63.19343280792236
46250 62.58039999008179
46300 1.3828277587890625e-05
46350 62.83595299720764
46400 1.0728836059570312e-05
46450 7.62939453125e-06
46500 1.1444091796875e-05
46550 1.9073486328125e-05
46600 49.130515575408936
46650 2.288818359375e-05
46700 9.5367431640625e-06
46750 2.574920654296875e-05
46800 60.8427414894104
46850 1.33514404296875e-05
46900 1.2159347534179688e-05
46950 5.7220458984375e-06
47000 2.5987625122070312e-05
47050 65.84814643859863
47100 62.673774003982544
47150 54.618019342422485
47200 1.0967254638671875e-05
47250 44.21995449066162
47300 2.3126602172851562e-05
47350 1.0728836059570312e-05
47400 57.7187066078186
47450 66.04375338554382
47500 61.065332651138306
47550 58.45834517478943
47600 1.3828277587890625e-05
47650 58.174636363983154
47700 1.1205673217773438e-05
47750 57.37989640235901
47800 57.09708023071289
47850 1.049041748046875e-05
47900 5.4836273193359375e-06
47950 4.76837158203125e-06
48000 6.9141387939453125e-06
48050 2.2411346435546875e-05
48100 1.1920928955078125e-05
48150 66.36580348014832
48200 1.2159347534179688e-05
48250 5.9604644775390625e-06
48300 7.152557373046875e-06
48350 3.2901763916015625e-05
48400 55.55945873260498
48450 58.70478010177612
48500 1.1920928955078125e-05
48550 5.245208740234375e-06
48600 8.344650268554688e-06
48650 58.58422875404358
48700 58.047128677368164
48750 2.7894973754882812e-05
48800 1.049041748046875e-05
48850 1.1444091796875e-05
48900 8.821487426757812e-06
48950 38.34325408935547
49000 64.91516089439392
49050 3.528594970703125e-05
49100 54.94337797164917
49150 54.87282991409302
49200 1.1920928955078125e-05
49250 55.140408992767334
49300 1.1920928955078125e-05
49350 6.9141387939453125e-06
49400 1.4066696166992188e-05
49450 63.76097083091736
49500 2.0742416381835938e-05
49550 60.77503228187561
49600 55.97156310081482
49650 57.91273832321167
49700 57.6833016872406
49750 57.6151328086853
49800 52.56128287315369
49850 52.37249779701233
49900 1.1444091796875e-05
49950 5.245208740234375e-06
