0 2.220971758301581
10 2.280459993113588
20 0.9484533780738157
30 1.9091696321660367
40 1.5577154441083845
50 1.8924583544418612
60 2.4277012086922625
70 2.5386537131364335
80 0.07779408090451015
90 1.761491825229812
100 1.3737516200888367
110 1.3990019447405642
120 0.9771540079936876
130 2.2117383038054426
140 1.4630097223911342
150 1.125313960614184
160 1.2169957763433583
170 0.877376933916902
180 1.9130828860816327
190 1.586700921474698
200 1.7067120434390133
210 1.3046695103791544
220 1.1883782903391633
230 1.3325530216117167
240 1.398719153497226
250 0.37661605985081703
260 1.7866052330812026
270 1.819757670411255
280 1.768390799679327
290 0.3607065099122132
300 0.0
310 1.246624177595765
320 0.0
330 2.058131343920242
340 0.0
350 1.6503115242689126
360 2.247693222736485
370 1.5971475253830265
380 2.2957465244790196
390 2.117268867702461
400 1.7659924018335225
410 2.294881075820257
420 0.48985918007655194
430 2.0771385236781374
440 3.149820296614765
450 1.0734099948558427
460 0.48902558549955966
470 1.6483855088696069
480 1.7902156334963215
490 1.3209883010990393
500 2.6191667037457718
510 1.473087730067588
520 1.144790941868056
530 0.5231903416000061
540 1.2796266735071686
550 0.3248922541016922
560 0.8398925254908114
570 1.5754978465973832
580 1.880960597274681
590 2.2159742429306757
600 2.0451054870025285
610 0.46708881383016115
620 1.6706215144725882
630 1.0693992621219648
640 1.8726766318451245
650 1.4160502346410881
660 1.4616054799684175
670 1.3675180688005633
680 2.162786200083256
690 2.016556262532463
700 1.9743969166120239
710 1.6131828575501506
720 0.25932592757732953
730 1.4229083858926512
740 0.0
750 2.0916901705729414
760 0.09713447768986683
770 1.8928001727224348
780 1.36348327642679
790 1.9074015035985519
800 0.2639791865196188
810 0.7490174760081699
820 2.291440305378567
830 0.345989566273614
840 1.8772977410190235
850 2.1200814789141464
860 2.725471885684783
870 1.0311479984821803
880 1.8983106896743047
890 0.80935326545473
900 0.6489971624335065
910 1.5337557258876564
920 1.706949813237579
930 0.4796563677494506
940 1.0143300590846978
950 0.10247258410588875
960 0.11186885146515321
970 1.4600492578817945
980 2.078675205741896
990 0.5623215176175147
1000 0.8391042617405357
1010 1.7134086528313857
1020 1.721167140111715
1030 1.9939285480032107
1040 1.8473813973930473
1050 0.5819198793301841
1060 2.4401604690604777
1070 1.9723663523155137
1080 0.9773179845622583
1090 1.1357810620428945
1100 2.474699718444331
1110 2.1355968726054755
1120 1.3268100715715185
1130 1.388062245448161
1140 1.643491637086525
1150 1.6323756025947218
1160 1.3832120170339923
1170 1.6338306155086944
1180 2.1468644336924423
1190 1.7808265932068053
1200 0.05779670834989566
1210 2.445265410804332
1220 1.9552650842551056
1230 1.6604826224996185
1240 1.735773571570352
1250 0.9510852814430449
1260 0.0
1270 0.0
1280 1.9456023828279378
1290 0.692023039381078
1300 1.1435973098591705
1310 0.9094901287142947
1320 0.5100988300478646
1330 1.2904074865618922
1340 1.4195430653320527
1350 2.081763710116919
1360 1.8508264908789278
1370 1.2079846701350456
1380 0.9737949121674829
1390 2.5287773182529802
1400 1.9346377048283818
1410 0.9722421496175004
1420 2.06803251999376
1430 2.108940135464114
1440 0.1227044693109027
1450 2.208938515425846
1460 1.4002763496591917
1470 0.7932192859047003
1480 2.0246598568534138
1490 1.3008627157642838
1500 0.0
1510 1.362947026122232
1520 1.6873348829026609
1530 0.0
1540 1.650097014763237
1550 1.4442344100097895
1560 1.9943532796168024
1570 0.9369725323000251
1580 1.1138277231411036
1590 1.839947046277738
1600 1.0562232415893802
1610 2.6299011909019274
1620 1.6296819552901898
1630 1.95997404301933
1640 0.35976401282417647
1650 1.9679309622294288
1660 0.4507837391693035
1670 0.7867738721209476
1680 1.068581308620105
1690 1.535510509048715
1700 1.9821930004804102
1710 1.760701914279506
1720 2.229684633348575
1730 0.7756793595258508
1740 0.6051578194846349
1750 0.4850275770188004
1760 1.912368332336937
1770 1.8251019092015657
1780 1.9615552224417176
1790 0.0
1800 0.5488114327769876
1810 1.8931431612742118
1820 2.0640455281865004
1830 1.9687344427418834
1840 2.317100668263577
1850 0.0
1860 0.8782671828795783
1870 2.6170603075048526
1880 0.874486238513212
1890 2.9479819064242343
1900 1.5383299136132176
1910 0.8113773770641532
1920 0.8807962635529383
1930 1.0996669532490397
1940 1.435648974987822
1950 2.2082416612617295
1960 1.6809507609471972
1970 0.27269501153373554
1980 1.449717451674088
1990 1.7438674439924617
2000 1.3832120170339923
2010 1.618832016537581
2020 1.7146142715885264
2030 1.6635484040415243
2040 0.753000295346382
2050 1.8338347068383447
2060 2.554014150444476
2070 0.0
2080 1.4740405391918823
2090 0.33342636326987507
2100 1.2443544893563634
2110 0.6997118398642532
2120 1.438498049838534
2130 0.0
2140 2.7168100439524574
2150 2.0329119770927218
2160 1.8203490910822315
2170 2.697467872266606
2180 1.2631710154623046
2190 1.6737441100861958
2200 1.129894746670772
2210 1.2649160839469502
2220 2.621285668432837
2230 1.8133015849298393
2240 2.547103161311685
2250 1.308125679858387
2260 1.7515697043350609
2270 1.8736629524884165
2280 0.5193422657423385
2290 1.1230815176760924
2300 1.9683325297196832
2310 1.3573431475104198
2320 0.6542868347319382
2330 1.3645570511697525
2340 2.3668134789997577
2350 1.722879176539995
2360 1.657867618856208
2370 1.4273245507726076
2380 0.767712606386799
2390 1.9070482799981892
2400 1.4478842985420437
2410 1.8153469788261836
2420 1.7392987023051676
2430 0.25533463098559883
2440 1.837798746408248
2450 1.1039180242868591
2460 1.0601733549404766
2470 2.126907432992792
2480 0.9159429241518504
2490 1.249242201101231
2500 0.4981070367682847
2510 1.4667701908537245
2520 1.278082726665473
2530 1.0630569332999458
2540 1.8233148080484134
2550 1.1594609661767739
2560 0.7938386094990886
2570 1.0834275174808208
2580 1.6190349797465484
2590 1.8890477773591194
2600 2.1918596387335656
2610 0.27955317449906764
2620 2.4168372358870807
2630 1.4561742824293709
2640 1.3845944938938741
2650 0.5327883823077306
2660 1.3757969406203583
2670 1.2670163067864997
2680 1.2424311809980892
2690 0.9648407378625874
2700 1.3702211441611678
2710 0.7718250222514733
2720 0.5449070052522136
2730 0.0
2740 0.7553954890121677
2750 1.1451892118440994
2760 0.158478084299999
2770 0.5282947588697282
2780 0.5417550021417072
2790 1.9134396216496983
2800 1.4581861123926356
2810 0.0
2820 0.73616529016831
2830 2.6766978020054966
2840 1.5508222998113421
2850 0.7716226274536039
2860 1.3437937527955217
2870 1.4922691501152179
2880 2.0596024092289795
2890 1.8655009672115455
2900 1.8749817493548298
2910 1.7808265932068053
2920 0.6437877031690946
2930 0.42796966202131537
2940 1.7219002002415755
2950 2.066035051609469
2960 1.8584281166489647
2970 0.0
2980 2.4252592153320687
2990 0.9202681650807286
3000 1.5946158419546839
3010 1.2396116802491255
3020 1.8796256470702084
3030 0.0
3040 1.6483855088696069
3050 2.026480810707759
3060 0.0
3070 1.9010891372126253
3080 1.9148720433584268
3090 1.7223894647400027
3100 0.309392911931856
3110 1.0019393207534495
3120 1.9943532796168024
3130 0.38712441458218644
3140 2.0370952750826206
3150 1.1065747022155397
3160 0.0
3170 2.56645008211611
3180 1.7992110028780532
3190 1.591900712605846
3200 2.1486711369112657
3210 1.6030343219629715
3220 2.2730330139333526
3230 2.04653421630546
3240 0.0
3250 0.8406088693371475
3260 1.260271371210544
3270 2.1051075960493137
3280 0.5480643966044667
3290 1.8846501423944604
3300 1.1792788480718062
3310 2.1072931078204826
3320 1.8941717190879312
3330 0.03959155244838587
3340 1.7243510052761295
3350 1.964732710050836
3360 1.7528641389733108
3370 1.369273937176139
3380 1.9286944699622803
3390 1.8651767696696293
3400 2.357558894806255
3410 0.9088774200678944
3420 1.7071876876441046
3430 1.44803715677023
3440 1.2002531536905339
3450 0.9161739208961218
3460 0.3793587433915763
3470 1.6274129194995677
3480 1.960368838477554
3490 0.0
3500 2.2585820697430985
3510 1.5117289463295065
3520 0.0
3530 1.2209378338991588
3540 2.6387453334310544
3550 0.3188063604655432
3560 2.430159380792811
3570 1.9338902550986417
3580 0.02947214293294103
3590 1.5520862611696291
3600 1.3056558159870968
3610 1.4283588188422098
3620 2.268157795504288
3630 2.292297700065649
3640 0.6821132344258858
3650 2.1878641629776645
3660 2.547103161311685
3670 1.8384117362688213
3680 2.3396963261806176
3690 1.384179110243346
3700 1.477387920110898
3710 0.4999494942957434
3720 1.7340188890160688
3730 0.0
3740 2.0232996701497763
3750 1.2278862701833755
3760 1.596172851346094
3770 1.8368811146712842
3780 0.0
3790 2.450442788467874
3800 1.09872488884434
3810 1.071220535720787
3820 1.618629125437154
3830 2.636511846727826
3840 1.6255634514330577
3850 0.2866287477303595
3860 1.3592064237352273
3870 2.3207760766744583
3880 1.2363552355365983
3890 2.057641898419404
3900 1.7628109993003145
3910 2.4264779068858338
3920 2.6170603075048526
3930 1.9909663378107068
3940 2.328233470989715
3950 0.6717760571234028
3960 2.1480680498769753
3970 1.1076200916210204
3980 2.8088246451683814
3990 1.7918893251126669
4000 0.0
4010 1.9797172646226602
4020 2.111698453752677
4030 0.963707502402702
4040 1.5506417350030746
4050 1.6388510039586108
4060 1.2793887833080997
4070 2.7056152862322427
4080 1.5122362325346557
4090 1.584214285879591
4100 1.5103784842271848
4110 1.536918936236143
4120 1.4049687314113304
4130 2.0552032010858117
4140 0.20912787766624857
4150 3.1936988050348605
4160 1.735773571570352
4170 1.7523459829139645
4180 1.2570373720624102
4190 1.9003939621580601
4200 2.051329495750795
4210 1.549741251898067
4220 1.9231903338809926
4230 1.3211140786933007
4240 1.8302028757917346
4250 2.2515482984222017
4260 1.717274316677111
4270 1.2851167456611272
4280 1.2699429017942543
4290 1.7436126834580938
4300 0.0
4310 1.7153384346007852
4320 2.8773453336302355
4330 0.6525004686774156
4340 1.0698539573177759
4350 0.9004932094110365
4360 0.0
4370 0.6011118634311097
4380 0.017511406605432236
4390 1.7403101998822539
4400 0.3641117936380668
4410 1.066403526189194
4420 0.9667877805964828
4430 2.588876933821439
4440 1.1028767115584648
4450 2.056177282004195
4460 1.5202375350963617
4470 2.1780396019047803
4480 1.11478700130659
4490 1.861309260815581
4500 0.0
4510 2.5869510699445986
4520 1.2881176446745237
4530 1.7423398624019757
4540 0.8160679435505651
4550 1.5400988781079443
4560 1.3921084482918937
4570 1.128332499002835
4580 1.8476941824209172
4590 1.323640257363987
4600 2.260162366558016
4610 1.4099823724326221
4620 1.1224031841994895
4630 0.5751266763255769
4640 1.1344043201906122
4650 2.4252592153320687
4660 0.9234470431183737
4670 2.0948729955442715
4680 2.3207760766744583
4690 0.0
4700 1.3436631309431446
4710 1.5178428891588394
4720 1.7243510052761295
4730 2.3045022975436167
4740 0.0
4750 1.1781354376409392
4760 1.6569992155404978
4770 2.009913251045255
4780 1.742085835901543
4790 1.9007414246283707
4800 2.4264779068858338
4810 1.4223219208870561
4820 1.516649462510597
4830 0.9356348234327193
4840 1.464573981595282
4850 1.6263846047004495
4860 0.14059291048049516
4870 2.7056152862322427
4880 0.48958127388509964
4890 0.0
4900 0.7639508556874666
4910 1.1955663447553377
4920 2.8632343067478816
4930 1.8236120700959457
4940 1.9502151933192593
4950 0.002670381327849324
4960 2.309852278982021
4970 1.6933303392137757
4980 1.6937943965770756
4990 0.0
5000 1.9727717577240969
5010 2.478905575520235
5020 0.8353140190453807
5030 2.187201778630107
5040 1.3217452553536555
5050 1.3351204827083534
5060 1.2680683777871762
5070 1.5743699908486635
5080 1.7431026743141216
5090 1.7310257080219178
5100 1.1047707255742616
5110 1.8945156764330418
5120 2.4427043965174016
5130 1.247306195280955
5140 0.40230780870350374
5150 2.590814308630451
5160 2.184563233773195
5170 1.7913308224261106
5180 1.8335313502896065
5190 1.6655284777845851
5200 0.9577371352454764
5210 0.4622594390625321
5220 1.3600058670975548
5230 2.3396963261806176
5240 1.6141876071898376
5250 1.5724968342289842
5260 0.9728141759908184
5270 2.4039774166283245
5280 2.5191713427546496
5290 2.5719209379655
5300 1.8736629524884165
5310 2.3616442067596086
5320 2.3762995471583803
5330 1.7630760995696928
5340 3.1936988050348605
5350 1.9320276961207408
5360 0.8377438221259257
5370 2.04748907139267
5380 0.5894502979705427
5390 2.6792223307499574
5400 1.8464460275571364
5410 1.5395669605880786
5420 1.336279872577128
5430 2.9300597996324127
5440 0.9764155054759176
5450 1.6750885008247303
5460 1.78192252765868
5470 2.7938837092375817
5480 1.6666312185138956
5490 1.9463685389041714
5500 2.1665476696207926
5510 1.5652444951020987
5520 2.0964726222044527
5530 1.3481049754412846
5540 2.1559768077379373
5550 2.172254107922274
5560 0.5606412777858643
5570 1.9224605867436222
5580 1.7469350456876005
5590 2.001635365880801
5600 0.0
5610 1.1895362307477009
5620 0.0
5630 1.6596093169083206
5640 1.1692559479305253
5650 2.0399060493458556
5660 2.11004146219652
5670 1.438498049838534
5680 1.3914093505262473
5690 1.8171070108695697
5700 1.7322708224617829
5710 1.2978073057662947
5720 0.0
5730 0.8883455181095221
5740 1.6659696379152802
5750 2.4637179921892782
5760 1.850198995507602
5770 2.062559211600439
5780 1.105719615543011
5790 1.6793658589801383
5800 1.4586515645120348
5810 2.113918024581593
5820 2.540327161385636
5830 2.4401604690604777
5840 1.8286970151618942
5850 2.4109367472849943
5860 2.2738516337561725
5870 1.4606712873047938
5880 2.04748907139267
5890 1.0965626224678684
5900 1.6771104309363936
5910 1.1261889875614193
5920 2.210336305746293
5930 2.7168100439524574
5940 1.7219002002415755
5950 0.9348489454619383
5960 1.2991504527522815
5970 1.8176944525913719
5980 2.267350716825087
5990 2.659551489555909
6000 1.1649553252705984
6010 2.115032090919671
6020 1.1915408652821122
6030 0.7227940262410555
6040 1.98136596105308
6050 1.4686588704754298
6060 2.0479670121833884
6070 1.5546215014547955
6080 1.6494547889062923
6090 1.6907858877546844
6100 2.260162366558016
6110 1.6947236984403937
6120 2.1200814789141464
6130 2.994920024260634
6140 2.980673278555673
6150 2.0451054870025285
6160 1.0295818731940272
6170 2.0269369464211744
6180 2.7083772882170516
6190 1.6162024161763324
6200 1.764929492633589
6210 1.3260482615546714
6220 1.7448877154631695
6230 1.6024431682021425
6240 2.6087652326387474
6250 1.9323998150233375
6260 1.64731745767738
6270 2.2821297540483503
6280 2.8285992376917415
6290 1.5456147834651335
6300 1.6332066943570362
6310 1.8866746821543716
6320 2.0745900626049574
6330 2.9738184045350584
6340 2.7168100439524574
6350 2.268157795504288
6360 2.634293791138232
6370 1.0650455818570326
6380 1.8577900301903694
6390 0.8051083144393315
6400 0.7127772760493762
6410 1.5200659092352689
6420 1.3839025578185908
6430 2.0389671723713665
6440 2.2538791114201704
6450 2.246926593635787
6460 1.1503858535184377
6470 2.1918596387335656
6480 1.6261790053423018
6490 1.5093674050454202
6500 1.9615552224417176
6510 2.845412766110308
6520 1.6771104309363936
6530 1.2971977945899096
6540 1.7718752327495202
6550 2.219537448752357
6560 0.0
6570 0.515785503176545
6580 1.942552010631696
6590 1.645189051709746
6600 1.0805659932490503
6610 0.8664474527656685
6620 1.3584072521325299
6630 2.0880070676370823
6640 2.3525126345817875
6650 0.5272161299940924
6660 1.9699422617207336
6670 1.7659924018335225
6680 1.7263197638676304
6690 1.2229165848552679
6700 0.7231831069333983
6710 1.589391793045327
6720 1.880960597274681
6730 1.415760008019203
6740 0.5220011833761895
6750 2.8285992376917415
6760 2.752977399578291
6770 3.136813037360719
6780 1.1403229020519792
6790 1.663109980979842
6800 1.8962363274330944
6810 1.7846721240122745
6820 2.2061581258759166
6830 1.900045816727247
6840 2.010793283997109
6850 1.790772925724271
6860 1.8684237629963008
6870 0.7291682969669697
6880 1.5486621608812778
6890 1.7866052330812026
6900 1.5499215442078227
6910 1.0975961269892223
6920 1.9930802578552735
6930 1.6524603420658521
6940 1.3748411879416353
6950 1.7794601463597295
6960 2.3291757575397094
6970 2.0605861644904047
6980 1.2998836835354708
6990 0.25306471630239047
7000 1.9421718549568152
7010 1.3792199369318339
7020 2.4388953533547744
7030 0.8271366836714587
7040 2.284647035413582
7050 2.04892493118656
7060 1.6935623185130715
7070 1.712207405927024
7080 2.1665476696207926
7090 1.1996123096198565
7100 2.2173956028458175
7110 2.4570198773634493
7120 2.527157695329513
7130 0.14310147381647328
7140 1.7531234085406289
7150 2.0255699161142204
7160 1.767857061634354
7170 1.0997610556309048
7180 1.9210063038812573
7190 1.500011879026209
7200 1.5229864105703104
7210 0.9428943334398106
7220 1.4332597926539319
7230 1.596172851346094
7240 1.3068893483521915
7250 2.3595961105397247
7260 1.595393039606332
7270 2.176102052872159
7280 1.942552010631696
7290 2.1133618054892627
7300 1.252556397437705
7310 2.2318924362801837
7320 0.8649056073414889
7330 2.6320903083021316
7340 2.1456642102102252
7350 0.864540085173489
7360 1.6979879692068849
7370 1.1769936915252015
7380 1.623515347659068
7390 1.3544267296274748
7400 1.468185988874819
7410 1.6485985538209893
7420 1.684133526464175
7430 0.6958939376523611
7440 1.6552656475533138
7450 2.207545981192938
7460 1.6587381939276444
7470 2.4530591160896167
7480 2.1029324987428826
7490 1.2150318027046987
7500 1.6172124903023635
7510 1.5595429307995732
7520 1.8565172261471767
7530 1.4001343218732458
7540 2.1748154833422806
7550 1.9576141393447393
7560 1.4371467288049073
7570 2.294881075820257
7580 0.6061711453774701
7590 2.125191166381933
7600 2.0237526122535456
7610 1.954094464587675
7620 1.4834912361475894
7630 1.6107791005874283
7640 1.4226150872119052
7650 1.9134396216496983
7660 1.9576141393447393
7670 2.136182582219017
7680 0.9376814134046826
7690 1.5987121594589482
7700 1.1533994709532558
7710 2.241600392325502
7720 0.9897130623821122
7730 1.755463469050878
7740 2.3971459310950674
7750 2.3207760766744583
7760 1.8796256470702084
7770 1.7756538405937246
7780 3.0609291228027
7790 1.6000838124999104
7800 1.0121110141398704
7810 2.6387453334310544
7820 2.610819896006126
7830 2.756188246536926
7840 2.375234060656897
7850 0.7636150066426584
7860 1.5105466652202217
7870 1.5768157792631228
7880 2.371000531738214
7890 1.8664730040144613
7900 1.3508638069382726
7910 2.3805933746108185
7920 1.4068262587787903
7930 2.2625442264853897
7940 2.473308337798041
7950 2.189857112087651
7960 2.396019606210645
7970 2.5098209110949172
7980 1.9930802578552735
7990 1.081764407902811
8000 1.4412085417777143
8010 1.525573855097908
8020 0.9749402292344036
8030 1.9235556248246923
8040 2.5700879112309787
8050 2.2068514708472478
8060 1.7780972929510321
8070 2.451748919568561
8080 2.141489841378354
8090 1.9127254767211521
8100 1.9568294951566152
8110 1.070491249111997
8120 1.4659848490835414
8130 2.2957465244790196
8140 2.4028298826636756
8150 1.4131537550838247
8160 0.8973863432529621
8170 1.7405642308678266
8180 1.784947714513387
8190 2.0781620435433874
8200 2.441429939549453
8210 1.2875163342413694
8220 2.192529472900232
8230 1.2289949095818602
8240 2.230419424815824
8250 1.639481202735415
8260 2.0797017925936423
8270 1.706949813237579
8280 1.8393321769649993
8290 0.9203454903868304
8300 2.4637179921892782
8310 1.9116557750562788
8320 1.415905453041304
8330 1.7625468981820482
8340 2.098615645314511
8350 1.9063435420705233
8360 1.9667292915132042
8370 2.399409331165918
8380 2.389330241094603
8390 1.8635617039045278
8400 1.7838453582826093
8410 0.3285097327811405
8420 2.0869598989986913
8430 1.2894420508678643
8440 1.653106033084555
8450 2.623419310227253
8460 3.090711579627108
8470 2.7938837092375817
8480 2.6895223697942012
8490 2.6299011909019274
8500 2.3971459310950674
8510 1.2787947143217056
8520 0.0
8530 1.0437728671699178
8540 1.954094464587675
8550 2.8285992376917415
8560 2.77275560379064
8570 1.9077549856130687
8580 2.2446353688298784
8590 1.6255634514330577
8600 2.100229072589694
8610 1.2211576397259485
8620 1.939521170492573
8630 2.0620653809880833
8640 1.2599242331917775
8650 1.9905447140219512
8660 1.7175167929226673
8670 1.3939301052403743
8680 1.6896328525977151
8690 1.7433580455829953
8700 1.6241286853190668
8710 1.331144567540305
8720 2.154138306029812
8730 2.8725660464673535
8740 2.1678091611979107
8750 1.7667903544301409
8760 2.2763170375312685
8770 1.7451430913523054
8780 2.5966924226206167
8790 2.1045625435305793
8800 3.210360287599117
8810 2.33583706840742
8820 2.6006691566522546
8830 2.994920024260634
8840 2.0251141613895225
8850 2.1178301346566477
8860 2.338728189768015
8870 2.6548132393620936
8880 2.6387453334310544
8890 2.384936326935115
8900 1.7955371134398208
8910 2.177392579293029
8920 1.4828461929371897
8930 2.0064089900059052
8940 2.045580889856552
8950 2.6947975392325025
8960 1.8464460275571364
8970 2.4289285554013738
8980 1.8893881333625453
8990 2.6320903083021316
9000 2.3001001335400613
9010 0.5164627447062169
9020 2.0077205587850226
9030 1.8565172261471767
9040 2.0695373159482657
9050 1.9699422617207336
9060 3.2283306411686032
9070 2.8285992376917415
9080 3.124462221792346
9090 1.8976185603406375
9100 2.228219546471508
9110 1.7821966554026663
9120 2.0143314802344925
9130 2.1350119628099273
9140 2.010353055460707
9150 1.7821966554026663
9160 2.164036479320572
9170 1.1692559479305253
9180 2.005537349038674
9190 1.9264851964684215
9200 2.0422616058408956
9210 1.455401977153309
9220 3.090711579627108
9230 2.8773453336302355
9240 1.8843139962299191
9250 1.736778365541844
9260 2.1029324987428826
9270 2.01834494437059
9280 0.0
9290 1.4828461929371897
9300 2.797550665544211
9310 2.54369879816715
9320 1.254161185877122
9330 1.213834850802801
9340 1.9760267988582927
9350 1.1081913521849271
9360 1.819757670411255
9370 1.9475191502940494
9380 1.8766347810864312
9390 2.535330518924839
9400 1.2292164712513338
9410 1.666190349677894
9420 2.2068514708472478
9430 1.9909663378107068
9440 2.445265410804332
9450 1.2759503323680055
9460 2.303618035915818
9470 1.9930802578552735
9480 2.8725660464673535
9490 1.8063513432702654
9500 2.121777988112347
9510 2.7693703954548035
9520 1.7794601463597295
9530 0.22757272519971464
9540 1.5517244199856588
9550 1.6875643285241604
9560 0.6415261113573852
9570 2.117268867702461
9580 1.1019315798981375
9590 2.2888791891404088
9600 1.7893799466967493
9610 0.5185519913274647
9620 0.5689440989043657
9630 1.9224605867436222
9640 1.3070132696338934
9650 1.9548745540641077
9660 1.8914324847065795
9670 0.647830471423755
9680 0.4397520788829029
9690 1.789658065545769
9700 0.0
9710 2.0329119770927218
9720 1.3729350951591681
9730 1.809814606921361
9740 0.5036439388155294
9750 2.0827975346285434
9760 1.8317123534431383
9770 0.0
9780 0.8602942452876745
9790 1.505842449240863
9800 1.812136600973973
9810 1.9268530144042533
9820 1.4009848810992918
9830 1.1172853482450904
9840 1.144790941868056
9850 1.0163834528704063
9860 1.6323756025947218
9870 1.0940313956289436
9880 0.9352422659948929
9890 0.129089193741995
9900 1.4836529658436848
9910 1.398578146837697
9920 2.045580889856552
9930 2.1999692181970993
9940 0.678281307108908
9950 1.9855159997327245
9960 1.0091323758435289
9970 0.4170570227189371
9980 0.6882265347380198
9990 1.9361342354513433
