0 0.0001785755157470703
10 0.0001227855682373047
20 0.0001163482666015625
30 0.00012063980102539062
40 0.00011563301086425781
50 0.00011515617370605469
60 0.00011444091796875
70 0.00012159347534179688
80 0.00011873245239257812
90 0.00011467933654785156
100 0.00011491775512695312
110 0.00011968612670898438
120 0.00011396408081054688
130 0.00011467933654785156
140 0.00011420249938964844
150 0.00011467933654785156
160 0.00011420249938964844
170 0.00011396408081054688
180 0.00011420249938964844
190 0.00011420249938964844
200 0.00011420249938964844
210 0.00011420249938964844
220 0.00011348724365234375
230 0.00011491775512695312
240 0.00011610984802246094
250 0.00011515617370605469
260 0.00011444091796875
270 0.00011444091796875
280 0.00011420249938964844
290 0.00011396408081054688
300 3.5762786865234375e-06
310 0.00011467933654785156
320 3.0994415283203125e-06
330 0.00011420249938964844
340 2.6226043701171875e-06
350 0.00011396408081054688
360 0.00011372566223144531
370 0.00011396408081054688
380 0.00011324882507324219
390 0.00011277198791503906
400 0.00011372566223144531
410 0.00011277198791503906
420 0.00011324882507324219
430 0.00011396408081054688
440 0.0001220703125
450 0.00011515617370605469
460 0.00011396408081054688
470 0.00011372566223144531
480 0.00011277198791503906
490 0.00011348724365234375
500 0.00011301040649414062
510 0.00011420249938964844
520 0.00011372566223144531
530 0.00011324882507324219
540 0.00011348724365234375
550 0.00011277198791503906
560 0.00011229515075683594
570 0.0001125335693359375
580 0.00011229515075683594
590 0.00011301040649414062
600 0.00011277198791503906
610 0.00011277198791503906
620 0.00011229515075683594
630 0.00011301040649414062
640 0.00011372566223144531
650 0.00011301040649414062
660 0.00011348724365234375
670 0.00011301040649414062
680 0.0001125335693359375
690 0.00011348724365234375
700 0.00011348724365234375
710 0.00011324882507324219
720 0.00011372566223144531
730 0.00011324882507324219
740 3.0994415283203125e-06
750 0.00011610984802246094
760 0.00011444091796875
770 0.00011277198791503906
780 0.00011324882507324219
790 0.00012731552124023438
800 0.00011348724365234375
810 0.00011301040649414062
820 0.00011348724365234375
830 0.00011301040649414062
840 0.00011229515075683594
850 0.00011229515075683594
860 0.00011515617370605469
870 0.00011348724365234375
880 0.00011420249938964844
890 0.00011348724365234375
900 0.00011277198791503906
910 0.0001125335693359375
920 0.00011277198791503906
930 0.00011205673217773438
940 0.00011229515075683594
950 0.00011277198791503906
960 0.00011205673217773438
970 0.00011229515075683594
980 0.00011324882507324219
990 0.00011181831359863281
1000 0.00011181831359863281
1010 0.0001125335693359375
1020 0.00011205673217773438
1030 0.00011301040649414062
1040 0.00011229515075683594
1050 0.0001125335693359375
1060 0.00011444091796875
1070 0.00011396408081054688
1080 0.00011301040649414062
1090 0.00011324882507324219
1100 0.00011229515075683594
1110 0.00011324882507324219
1120 0.00011205673217773438
1130 0.0001220703125
1140 0.00011396408081054688
1150 0.0001125335693359375
1160 0.00011157989501953125
1170 0.00011205673217773438
1180 0.00011229515075683594
1190 0.00011205673217773438
1200 0.00011301040649414062
1210 0.00011205673217773438
1220 0.00011277198791503906
1230 0.00011229515075683594
1240 0.00011205673217773438
1250 0.00011205673217773438
1260 3.814697265625e-06
1270 2.86102294921875e-06
1280 0.00011420249938964844
1290 0.00011205673217773438
1300 0.00011181831359863281
1310 0.00011229515075683594
1320 0.00011181831359863281
1330 0.00011181831359863281
1340 0.00011205673217773438
1350 0.00011277198791503906
1360 0.00011563301086425781
1370 0.0001125335693359375
1380 0.00011301040649414062
1390 0.00011348724365234375
1400 0.00011205673217773438
1410 0.0001125335693359375
1420 0.00011181831359863281
1430 0.00011563301086425781
1440 0.00011277198791503906
1450 0.0001125335693359375
1460 0.00011229515075683594
1470 0.00011205673217773438
1480 0.00011277198791503906
1490 0.00011849403381347656
1500 3.0994415283203125e-06
1510 0.00011539459228515625
1520 0.00011563301086425781
1530 2.86102294921875e-06
1540 0.00011396408081054688
1550 0.00011324882507324219
1560 0.00011229515075683594
1570 0.00011205673217773438
1580 0.00011229515075683594
1590 0.0001125335693359375
1600 0.00011229515075683594
1610 0.00011181831359863281
1620 0.00011229515075683594
1630 0.00011181831359863281
1640 0.00011706352233886719
1650 0.00011181831359863281
1660 0.00011205673217773438
1670 0.00011157989501953125
1680 0.00011301040649414062
1690 0.00011277198791503906
1700 0.00011324882507324219
1710 0.00011301040649414062
1720 0.0001125335693359375
1730 0.00011277198791503906
1740 0.0001125335693359375
1750 0.00011181831359863281
1760 0.0001125335693359375
1770 0.00011229515075683594
1780 0.00011277198791503906
1790 3.0994415283203125e-06
1800 0.00011396408081054688
1810 0.0001125335693359375
1820 0.00011658668518066406
1830 0.00011348724365234375
1840 0.00011277198791503906
1850 3.0994415283203125e-06
1860 0.00011372566223144531
1870 0.00013947486877441406
1880 0.00011587142944335938
1890 0.0001125335693359375
1900 0.00011277198791503906
1910 0.00011324882507324219
1920 0.0001125335693359375
1930 0.00011229515075683594
1940 0.00011372566223144531
1950 0.00011205673217773438
1960 0.00011134147644042969
1970 0.00011205673217773438
1980 0.00011134147644042969
1990 0.00011110305786132812
2000 0.00011110305786132812
2010 0.00011277198791503906
2020 0.00011181831359863281
2030 0.00011110305786132812
2040 0.000110626220703125
2050 0.00011134147644042969
2060 0.00011157989501953125
2070 3.0994415283203125e-06
2080 0.00011229515075683594
2090 0.00011086463928222656
2100 0.00011110305786132812
2110 0.00011038780212402344
2120 0.00011086463928222656
2130 3.0994415283203125e-06
2140 0.00011157989501953125
2150 0.00011157989501953125
2160 0.00011277198791503906
2170 0.00011277198791503906
2180 0.00011205673217773438
2190 0.00011229515075683594
2200 0.00011157989501953125
2210 0.00011110305786132812
2220 0.00011181831359863281
2230 0.00011157989501953125
2240 0.000118255615234375
2250 0.00011086463928222656
2260 0.000110626220703125
2270 0.00011134147644042969
2280 0.00011038780212402344
2290 0.00011110305786132812
2300 0.00011134147644042969
2310 0.000110626220703125
2320 0.00011205673217773438
2330 0.00011229515075683594
2340 0.00011205673217773438
2350 0.00011110305786132812
2360 0.00011157989501953125
2370 0.00011110305786132812
2380 0.00011110305786132812
2390 0.00011086463928222656
2400 0.00011086463928222656
2410 0.00011086463928222656
2420 0.00011110305786132812
2430 0.00011038780212402344
2440 0.00011086463928222656
2450 0.00011110305786132812
2460 0.00011110305786132812
2470 0.00011110305786132812
2480 0.00011086463928222656
2490 0.00011086463928222656
2500 0.000110626220703125
2510 0.000110626220703125
2520 0.00011038780212402344
2530 0.00011110305786132812
2540 0.00011038780212402344
2550 0.00011038780212402344
2560 0.00011110305786132812
2570 0.00011086463928222656
2580 0.00011706352233886719
2590 0.00011181831359863281
2600 0.00011324882507324219
2610 0.00011086463928222656
2620 0.00011110305786132812
2630 0.00011086463928222656
2640 0.00011277198791503906
2650 0.00011205673217773438
2660 0.00011134147644042969
2670 0.00011110305786132812
2680 0.00011134147644042969
2690 0.00011038780212402344
2700 0.00011086463928222656
2710 0.00011348724365234375
2720 0.00011205673217773438
2730 3.0994415283203125e-06
2740 0.00011110305786132812
2750 0.00011086463928222656
2760 0.00011038780212402344
2770 0.00011014938354492188
2780 0.00011086463928222656
2790 0.00011205673217773438
2800 0.0001125335693359375
2810 3.0994415283203125e-06
2820 0.00011277198791503906
2830 0.00011134147644042969
2840 0.00011157989501953125
2850 0.000110626220703125
2860 0.00011134147644042969
2870 0.00011086463928222656
2880 0.00011134147644042969
2890 0.00011134147644042969
2900 0.00011134147644042969
2910 0.000110626220703125
2920 0.00011014938354492188
2930 0.000110626220703125
2940 0.00011110305786132812
2950 0.0001239776611328125
2960 0.00011563301086425781
2970 3.0994415283203125e-06
2980 0.00011301040649414062
2990 0.00011110305786132812
3000 0.00011205673217773438
3010 0.00011181831359863281
3020 0.00011110305786132812
3030 3.0994415283203125e-06
3040 0.00011181831359863281
3050 0.00011157989501953125
3060 3.0994415283203125e-06
3070 0.00011181831359863281
3080 0.00011110305786132812
3090 0.00011134147644042969
3100 0.00011181831359863281
3110 0.00011110305786132812
3120 0.00011086463928222656
3130 0.00011157989501953125
3140 0.00011157989501953125
3150 0.00011110305786132812
3160 3.0994415283203125e-06
3170 0.00011205673217773438
3180 0.00011157989501953125
3190 0.0001125335693359375
3200 0.00011134147644042969
3210 0.00011181831359863281
3220 0.00011157989501953125
3230 0.00011086463928222656
3240 3.0994415283203125e-06
3250 0.00011229515075683594
3260 0.00011181831359863281
3270 0.00011444091796875
3280 0.00011181831359863281
3290 0.00011134147644042969
3300 0.00011086463928222656
3310 0.000110626220703125
3320 0.000110626220703125
3330 3.0994415283203125e-06
3340 0.00011277198791503906
3350 0.00012183189392089844
3360 0.00011157989501953125
3370 0.00011134147644042969
3380 0.00011038780212402344
3390 0.00011420249938964844
3400 0.00011205673217773438
3410 0.000110626220703125
3420 0.000110626220703125
3430 0.00011086463928222656
3440 0.00011086463928222656
3450 0.00011157989501953125
3460 0.00011229515075683594
3470 0.00011205673217773438
3480 0.00011229515075683594
3490 3.337860107421875e-06
3500 0.00011229515075683594
3510 0.00011229515075683594
3520 3.0994415283203125e-06
3530 0.00011205673217773438
3540 0.00011110305786132812
3550 0.00011181831359863281
3560 0.000110626220703125
3570 0.00010991096496582031
3580 0.00011229515075683594
3590 0.00011157989501953125
3600 0.00011134147644042969
3610 0.00011038780212402344
3620 0.00011110305786132812
3630 0.00011467933654785156
3640 0.00011181831359863281
3650 0.00011086463928222656
3660 0.00011038780212402344
3670 0.00011110305786132812
3680 0.00011038780212402344
3690 0.00011014938354492188
3700 0.00010991096496582031
3710 0.000110626220703125
3720 0.00011682510375976562
3730 3.0994415283203125e-06
3740 0.00011205673217773438
3750 0.00011038780212402344
3760 0.000110626220703125
3770 0.00011038780212402344
3780 3.0994415283203125e-06
3790 0.0001125335693359375
3800 0.00011038780212402344
3810 0.00011086463928222656
3820 0.00011086463928222656
3830 0.00011014938354492188
3840 0.00010991096496582031
3850 0.00011110305786132812
3860 0.00011086463928222656
3870 0.00011110305786132812
3880 0.00011038780212402344
3890 0.00011134147644042969
3900 0.00011110305786132812
3910 0.00011086463928222656
3920 0.00011014938354492188
3930 0.00011014938354492188
3940 0.00011038780212402344
3950 0.00010943412780761719
3960 0.00011038780212402344
3970 0.00011086463928222656
3980 0.00011038780212402344
3990 0.000110626220703125
4000 3.337860107421875e-06
4010 0.00011110305786132812
4020 0.000110626220703125
4030 0.00011014938354492188
4040 0.00011038780212402344
4050 0.000110626220703125
4060 0.00011157989501953125
4070 0.00011038780212402344
4080 0.000110626220703125
4090 0.00011086463928222656
4100 0.00011515617370605469
4110 0.00011205673217773438
4120 0.00011134147644042969
4130 0.00011205673217773438
4140 0.00011086463928222656
4150 0.00011086463928222656
4160 0.000110626220703125
4170 0.00011038780212402344
4180 0.00010967254638671875
4190 0.00011086463928222656
4200 0.00011157989501953125
4210 0.00011229515075683594
4220 0.00011539459228515625
4230 0.00011086463928222656
4240 0.00011014938354492188
4250 0.000110626220703125
4260 0.000110626220703125
4270 0.00011014938354492188
4280 0.000110626220703125
4290 0.00011086463928222656
4300 3.337860107421875e-06
4310 0.00011110305786132812
4320 0.000110626220703125
4330 0.00011038780212402344
4340 0.00011014938354492188
4350 0.00011038780212402344
4360 3.0994415283203125e-06
4370 0.00011181831359863281
4380 0.000110626220703125
4390 0.000110626220703125
4400 0.00011110305786132812
4410 0.00011086463928222656
4420 0.00010967254638671875
4430 0.00010991096496582031
4440 0.00011014938354492188
4450 0.00010967254638671875
4460 0.00011563301086425781
4470 0.00011014938354492188
4480 0.00011134147644042969
4490 0.00011014938354492188
4500 3.0994415283203125e-06
4510 0.00011181831359863281
4520 0.00011181831359863281
4530 0.00011134147644042969
4540 0.00011086463928222656
4550 0.000110626220703125
4560 0.00011014938354492188
4570 0.00011014938354492188
4580 0.000110626220703125
4590 0.000110626220703125
4600 0.000110626220703125
4610 0.000110626220703125
4620 0.00011086463928222656
4630 0.00011038780212402344
4640 0.00011014938354492188
4650 0.00011014938354492188
4660 0.00011014938354492188
4670 0.00011110305786132812
4680 0.00011110305786132812
4690 3.0994415283203125e-06
4700 0.00011157989501953125
4710 0.000110626220703125
4720 0.00010967254638671875
4730 0.00011014938354492188
4740 3.337860107421875e-06
4750 0.00011205673217773438
4760 0.00011181831359863281
4770 0.00011086463928222656
4780 0.00011086463928222656
4790 0.00011038780212402344
4800 0.00010991096496582031
4810 0.000110626220703125
4820 0.00011038780212402344
4830 0.00011014938354492188
4840 0.00012135505676269531
4850 0.00011157989501953125
4860 0.00011134147644042969
4870 0.00011110305786132812
4880 0.00011014938354492188
4890 3.0994415283203125e-06
4900 0.00011134147644042969
4910 0.00011086463928222656
4920 0.00010991096496582031
4930 0.00011038780212402344
4940 0.00011157989501953125
4950 3.0994415283203125e-06
4960 0.00011181831359863281
4970 0.00011014938354492188
4980 0.000110626220703125
4990 3.0994415283203125e-06
5000 0.00011134147644042969
5010 0.00011086463928222656
5020 0.00011038780212402344
5030 0.00010991096496582031
5040 0.00011038780212402344
5050 0.00011038780212402344
5060 0.000110626220703125
5070 0.000110626220703125
5080 0.000110626220703125
5090 0.00011038780212402344
5100 0.000110626220703125
5110 0.00011086463928222656
5120 0.00011014938354492188
5130 0.00011038780212402344
5140 0.00011038780212402344
5150 0.00012540817260742188
5160 0.00013113021850585938
5170 0.00011205673217773438
5180 0.00011086463928222656
5190 0.000110626220703125
5200 0.00011014938354492188
5210 0.00011992454528808594
5220 0.00011110305786132812
5230 0.00011038780212402344
5240 0.000110626220703125
5250 0.000110626220703125
5260 0.000110626220703125
5270 0.000110626220703125
5280 0.00010967254638671875
5290 0.00011038780212402344
5300 0.00011038780212402344
5310 0.00011014938354492188
5320 0.00011038780212402344
5330 0.00011038780212402344
5340 0.00011014938354492188
5350 0.0001227855682373047
5360 0.000110626220703125
5370 0.00011014938354492188
5380 0.00011014938354492188
5390 0.00011110305786132812
5400 0.00011372566223144531
5410 0.00011229515075683594
5420 0.00011396408081054688
5430 0.00011157989501953125
5440 0.00011038780212402344
5450 0.000110626220703125
5460 0.00011038780212402344
5470 0.00011396408081054688
5480 0.00011658668518066406
5490 0.00011038780212402344
5500 0.00011038780212402344
5510 0.00010943412780761719
5520 0.00011038780212402344
5530 0.00011014938354492188
5540 0.00010967254638671875
5550 0.00011086463928222656
5560 0.0001163482666015625
5570 0.000110626220703125
5580 0.00011038780212402344
5590 0.00011086463928222656
5600 2.86102294921875e-06
5610 0.00011181831359863281
5620 2.86102294921875e-06
5630 0.00011181831359863281
5640 0.00011038780212402344
5650 0.000110626220703125
5660 0.00010991096496582031
5670 0.00011086463928222656
5680 0.00011038780212402344
5690 0.00010967254638671875
5700 0.00010991096496582031
5710 0.000110626220703125
5720 3.0994415283203125e-06
5730 0.00011110305786132812
5740 0.000110626220703125
5750 0.000110626220703125
5760 0.000110626220703125
5770 0.00011038780212402344
5780 0.00011301040649414062
5790 0.00011229515075683594
5800 0.00011086463928222656
5810 0.00011086463928222656
5820 0.00011110305786132812
5830 0.00011086463928222656
5840 0.00011014938354492188
5850 0.00011014938354492188
5860 0.00011038780212402344
5870 0.00011014938354492188
5880 0.00010991096496582031
5890 0.00011014938354492188
5900 0.000110626220703125
5910 0.00011014938354492188
5920 0.000110626220703125
5930 0.00011110305786132812
5940 0.00011610984802246094
5950 0.00011014938354492188
5960 0.00011110305786132812
5970 0.00011014938354492188
5980 0.00011587142944335938
5990 0.00011038780212402344
6000 0.000110626220703125
6010 0.00010943412780761719
6020 0.00011014938354492188
6030 0.00010967254638671875
6040 0.00011348724365234375
6050 0.00011181831359863281
6060 0.00011157989501953125
6070 0.00011110305786132812
6080 0.00011038780212402344
6090 0.00010991096496582031
6100 0.00011396408081054688
6110 0.00011110305786132812
6120 0.00010991096496582031
6130 0.00011086463928222656
6140 0.00011086463928222656
6150 0.00011014938354492188
6160 0.00011110305786132812
6170 0.00011038780212402344
6180 0.00011038780212402344
6190 0.00011086463928222656
6200 0.00011014938354492188
6210 0.00011014938354492188
6220 0.00011038780212402344
6230 0.00010967254638671875
6240 0.00011086463928222656
6250 0.000110626220703125
6260 0.00011038780212402344
6270 0.000110626220703125
6280 0.000110626220703125
6290 0.00012135505676269531
6300 0.000110626220703125
6310 0.00011014938354492188
6320 0.000110626220703125
6330 0.000110626220703125
6340 0.00011014938354492188
6350 0.00011014938354492188
6360 0.00010991096496582031
6370 0.00010991096496582031
6380 0.00011014938354492188
6390 0.00011014938354492188
6400 0.000110626220703125
6410 0.0001125335693359375
6420 0.00011181831359863281
6430 0.00011157989501953125
6440 0.00011014938354492188
6450 0.00011014938354492188
6460 0.00011014938354492188
6470 0.000110626220703125
6480 0.00010991096496582031
6490 0.000110626220703125
6500 0.00011038780212402344
6510 0.000110626220703125
6520 0.000110626220703125
6530 0.00011038780212402344
6540 0.00010967254638671875
6550 0.00011038780212402344
6560 3.337860107421875e-06
6570 0.00011134147644042969
6580 0.000110626220703125
6590 0.000110626220703125
6600 0.00011038780212402344
6610 0.00011038780212402344
6620 0.00011038780212402344
6630 0.00011134147644042969
6640 0.00010967254638671875
6650 0.00011610984802246094
6660 0.00011038780212402344
6670 0.00011157989501953125
6680 0.00011491775512695312
6690 0.00011229515075683594
6700 0.00011086463928222656
6710 0.00011181831359863281
6720 0.000110626220703125
6730 0.00011372566223144531
6740 0.00011134147644042969
6750 0.00011086463928222656
6760 0.00011014938354492188
6770 0.00011014938354492188
6780 0.0001125335693359375
6790 0.000110626220703125
6800 0.00011038780212402344
6810 0.00011086463928222656
6820 0.00010967254638671875
6830 0.00011110305786132812
6840 0.00011348724365234375
6850 0.00011038780212402344
6860 0.00011086463928222656
6870 0.000110626220703125
6880 0.00011038780212402344
6890 0.000110626220703125
6900 0.00011014938354492188
6910 0.00011038780212402344
6920 0.00011038780212402344
6930 0.00011038780212402344
6940 0.00010943412780761719
6950 0.00011110305786132812
6960 0.00011038780212402344
6970 0.00011038780212402344
6980 0.000110626220703125
6990 0.00011467933654785156
7000 0.00011157989501953125
7010 0.000110626220703125
7020 0.00011014938354492188
7030 0.00011038780212402344
7040 0.00011301040649414062
7050 0.00011181831359863281
7060 0.00011134147644042969
7070 0.00011038780212402344
7080 0.000110626220703125
7090 0.00011134147644042969
7100 0.00011086463928222656
7110 0.00011014938354492188
7120 0.00011348724365234375
7130 0.00011277198791503906
7140 0.000110626220703125
7150 0.000110626220703125
7160 0.000110626220703125
7170 0.000110626220703125
7180 0.00011301040649414062
7190 0.000110626220703125
7200 0.00010991096496582031
7210 0.00011086463928222656
7220 0.000110626220703125
7230 0.00011038780212402344
7240 0.00011014938354492188
7250 0.00010991096496582031
7260 0.00011014938354492188
7270 0.00011038780212402344
7280 0.000110626220703125
7290 0.000110626220703125
7300 0.000110626220703125
7310 0.00011539459228515625
7320 0.00011157989501953125
7330 0.00011110305786132812
7340 0.00012135505676269531
7350 0.00011134147644042969
7360 0.00011420249938964844
7370 0.00011134147644042969
7380 0.000110626220703125
7390 0.00011038780212402344
7400 0.00011086463928222656
7410 0.00010967254638671875
7420 0.00011110305786132812
7430 0.00011014938354492188
7440 0.00011038780212402344
7450 0.00011134147644042969
7460 0.00011086463928222656
7470 0.00011086463928222656
7480 0.00010991096496582031
7490 0.000110626220703125
7500 0.000110626220703125
7510 0.000110626220703125
7520 0.00011014938354492188
7530 0.000110626220703125
7540 0.000110626220703125
7550 0.000110626220703125
7560 0.00011038780212402344
7570 0.00011086463928222656
7580 0.00011086463928222656
7590 0.000110626220703125
7600 0.00011038780212402344
7610 0.00011014938354492188
7620 0.00011038780212402344
7630 0.000110626220703125
7640 0.00011038780212402344
7650 0.00011086463928222656
7660 0.00011014938354492188
7670 0.0001125335693359375
7680 0.00011134147644042969
7690 0.00011658668518066406
7700 0.00011110305786132812
7710 0.00011014938354492188
7720 0.00011014938354492188
7730 0.00010991096496582031
7740 0.00011014938354492188
7750 0.000110626220703125
7760 0.00011086463928222656
7770 0.00011014938354492188
7780 0.00011038780212402344
7790 0.00011014938354492188
7800 0.00011038780212402344
7810 0.00011014938354492188
7820 0.00011014938354492188
7830 0.000110626220703125
7840 0.00011014938354492188
7850 0.00010967254638671875
7860 0.00011038780212402344
7870 0.00011014938354492188
7880 0.00011038780212402344
7890 0.000110626220703125
7900 0.00011038780212402344
7910 0.00011038780212402344
7920 0.00011014938354492188
7930 0.00011038780212402344
7940 0.00011372566223144531
7950 0.00011205673217773438
7960 0.00011134147644042969
7970 0.00011134147644042969
7980 0.000110626220703125
7990 0.00011348724365234375
8000 0.00011086463928222656
8010 0.000110626220703125
8020 0.00011038780212402344
8030 0.00011301040649414062
8040 0.00012111663818359375
8050 0.00011157989501953125
8060 0.00011086463928222656
8070 0.00010991096496582031
8080 0.00011539459228515625
8090 0.000110626220703125
8100 0.00011038780212402344
8110 0.00011014938354492188
8120 0.00011014938354492188
8130 0.00010967254638671875
8140 0.00011014938354492188
8150 0.00010991096496582031
8160 0.00010943412780761719
8170 0.00011038780212402344
8180 0.00011038780212402344
8190 0.00011038780212402344
8200 0.00011038780212402344
8210 0.00010967254638671875
8220 0.00010991096496582031
8230 0.00010991096496582031
8240 0.00010967254638671875
8250 0.00011086463928222656
8260 0.00010943412780761719
8270 0.00010991096496582031
8280 0.00011110305786132812
8290 0.00011038780212402344
8300 0.00011324882507324219
8310 0.00011157989501953125
8320 0.00011110305786132812
8330 0.000110626220703125
8340 0.00011038780212402344
8350 0.00010967254638671875
8360 0.00010991096496582031
8370 0.00010991096496582031
8380 0.00011038780212402344
8390 0.00011563301086425781
8400 0.00011038780212402344
8410 0.00010991096496582031
8420 0.00010991096496582031
8430 0.00011014938354492188
8440 0.00011038780212402344
8450 0.00011014938354492188
8460 0.000110626220703125
8470 0.00010991096496582031
8480 0.00011014938354492188
8490 0.00011014938354492188
8500 0.00011014938354492188
8510 0.00010991096496582031
8520 3.0994415283203125e-06
8530 0.00011086463928222656
8540 0.00011086463928222656
8550 0.00010991096496582031
8560 0.000110626220703125
8570 0.00011301040649414062
8580 0.00011134147644042969
8590 0.00011086463928222656
8600 0.00011110305786132812
8610 0.000110626220703125
8620 0.00011467933654785156
8630 0.00011086463928222656
8640 0.00011038780212402344
8650 0.000110626220703125
8660 0.00011086463928222656
8670 0.000110626220703125
8680 0.00010991096496582031
8690 0.00011014938354492188
8700 0.00011110305786132812
8710 0.00011038780212402344
8720 0.00011134147644042969
8730 0.000110626220703125
8740 0.00011038780212402344
8750 0.00011658668518066406
8760 0.000110626220703125
8770 0.000110626220703125
8780 0.00011038780212402344
8790 0.00011587142944335938
8800 0.00010991096496582031
8810 0.00011014938354492188
8820 0.00011038780212402344
8830 0.0001232624053955078
8840 0.000110626220703125
8850 0.00010991096496582031
8860 0.00011014938354492188
8870 0.00010991096496582031
8880 0.00011014938354492188
8890 0.00011014938354492188
8900 0.00011038780212402344
8910 0.00011038780212402344
8920 0.00011348724365234375
8930 0.00011420249938964844
8940 0.00011157989501953125
8950 0.00011110305786132812
8960 0.00011086463928222656
8970 0.00011038780212402344
8980 0.00011014938354492188
8990 0.00010967254638671875
9000 0.00011014938354492188
9010 0.00011038780212402344
9020 0.000110626220703125
9030 0.00011014938354492188
9040 0.00011086463928222656
9050 0.00011038780212402344
9060 0.00010967254638671875
9070 0.00011014938354492188
9080 0.00011014938354492188
9090 0.00010991096496582031
9100 0.00012183189392089844
9110 0.00011134147644042969
9120 0.00010919570922851562
9130 0.000110626220703125
9140 0.00010991096496582031
9150 0.00010967254638671875
9160 0.00011014938354492188
9170 0.00011014938354492188
9180 0.00011038780212402344
9190 0.00011038780212402344
9200 0.00011324882507324219
9210 0.00011134147644042969
9220 0.00011086463928222656
9230 0.000110626220703125
9240 0.00011014938354492188
9250 0.00011420249938964844
9260 0.00011110305786132812
9270 0.00011038780212402344
9280 3.0994415283203125e-06
9290 0.00011134147644042969
9300 0.00011038780212402344
9310 0.000110626220703125
9320 0.00010967254638671875
9330 0.00011038780212402344
9340 0.000110626220703125
9350 0.00011038780212402344
9360 0.00010943412780761719
9370 0.000110626220703125
9380 0.00010991096496582031
9390 0.000110626220703125
9400 0.00011014938354492188
9410 0.00011038780212402344
9420 0.00011014938354492188
9430 0.00011038780212402344
9440 0.00011014938354492188
9450 0.00010943412780761719
9460 0.0001163482666015625
9470 0.00011134147644042969
9480 0.000110626220703125
9490 0.00011110305786132812
9500 0.000110626220703125
9510 0.00011086463928222656
9520 0.00011038780212402344
9530 0.00011038780212402344
9540 0.00011038780212402344
9550 0.00011014938354492188
9560 0.00011324882507324219
9570 0.00011205673217773438
9580 0.00011181831359863281
9590 0.000110626220703125
9600 0.000110626220703125
9610 0.00010991096496582031
9620 0.00011038780212402344
9630 0.00011038780212402344
9640 0.000110626220703125
9650 0.00011086463928222656
9660 0.00011038780212402344
9670 0.00011014938354492188
9680 0.000110626220703125
9690 0.00011086463928222656
9700 3.0994415283203125e-06
9710 0.00011157989501953125
9720 0.000110626220703125
9730 0.000110626220703125
9740 0.00011014938354492188
9750 0.00011086463928222656
9760 0.00011086463928222656
9770 3.0994415283203125e-06
9780 0.00011157989501953125
9790 0.00011110305786132812
9800 0.00011086463928222656
9810 0.000110626220703125
9820 0.000110626220703125
9830 0.0001163482666015625
9840 0.00011110305786132812
9850 0.00011372566223144531
9860 0.00011277198791503906
9870 0.00011157989501953125
9880 0.00011539459228515625
9890 0.00011157989501953125
9900 0.00011086463928222656
9910 0.00011014938354492188
9920 0.00011038780212402344
9930 0.00011038780212402344
9940 0.00011086463928222656
9950 0.000110626220703125
9960 0.00011014938354492188
9970 0.00011014938354492188
9980 0.00011038780212402344
9990 0.00011014938354492188
