0 0.0 0.0 0.0
50 0.0 0.0 0.0
100 1.6 0.08188898973700565 0.05394137133806794
150 0.72 0.013508178804878201 0.01912007810936492
200 0.0 0.0 0.0
250 0.0 0.0 0.0
300 0.67 0.0535546284256464 0.0868765196320187
350 0.0 0.0 0.0
400 1.16 0.228525056051334 0.24533677211174468
450 1.75 0.09174466922048152 0.05532602097974494
500 1.62 0.04936169273789215 0.031427791178694764
550 1.28 0.13855108252284443 0.1213817634774859
600 0.0 0.0 0.0
650 1.6 0.06392920548388403 0.04161865827546225
700 1.75 0.12410862098638398 0.07633266440078998
750 0.73 0.13854734018285253 0.23424924697385857
800 0.92 0.058447846230454625 0.06784017192079204
850 1.27 0.14081194634008143 0.12470194480333233
900 0.0 0.0 0.0
950 1.75 0.09174466922048152 0.05532602097974494
1000 1.48 0.148482848037502 0.1115140333105405
1050 1.48 0.1258395669920418 0.09292810801783503
1100 0.0 0.0 0.0
1150 0.0 0.0 0.0
1200 1.6300000000000001 0.026662154395210136 0.016629155525954037
1250 1.75 0.09174466922048152 0.05532602097974494
1300 0.0 0.0 0.0
1350 1.75 0.09174466922048152 0.05532602097974494
1400 0.0 0.0 0.0
1450 1.75 0.09174466922048152 0.05532602097974494
1500 0.9400000000000001 0.10105044934482998 0.12044877938836197
1550 0.17 0.014604682767967142 0.09398405967510431
1600 0.0 0.0 0.0
1650 0.0 0.0 0.0
1700 0.0 0.0 0.0
1750 0.0 0.0 0.0
1800 0.0 0.0 0.0
1850 1.47 0.19212403152740953 0.15034638436549522
1900 0.0 0.0 0.0
1950 1.75 0.09174466922048152 0.05532602097974494
2000 0.0 0.0 0.0
2050 1.75 0.09174466922048152 0.05532602097974494
2100 0.0 0.0 0.0
2150 0.0 0.0 0.0
2200 0.6832295214173607 0.0 0.0
2250 1.54 0.08886453973072439 0.06123793550895276
2300 0.0 0.0 0.0
2350 0.0 0.0 0.0
2400 0.0 0.0 0.0
2450 1.41 0.15546705911176928 0.12392425423416618
2500 0.12 0.009826159364217754 0.08918777186593253
2550 0.51 0.042832567335329474 0.09168568770091126
2600 0.0 0.0 0.0
2650 0.22 0.025449763824666932 0.13081332783236013
2700 0.0 0.0 0.0
2750 0.53 0.004375415231141266 0.008324221046596093
2800 1.51 0.054116912561712915 0.03717119391567
2850 0.0 0.0 0.0
2900 0.0 0.0 0.0
2950 0.0 0.0 0.0
3000 0.0 0.0 0.0
3050 1.19 0.07578344701768014 0.06801500732944385
3100 0.0 0.0 0.0
3150 0.02895453598486801 0.0 0.0
3200 0.89 0.007277389484075525 0.00824425408093049
3250 0.0 0.0 0.0
3300 0.0 0.0 0.0
3350 0.0 0.0 0.0
3400 0.0 0.0 0.0
3450 0.0 0.0 0.0
3500 1.75 0.09174466922048152 0.05532602097974494
3550 1.47 0.19212403152740953 0.15034638436549522
3600 1.31 0.13208055502966065 0.112130380047327
3650 0.0 0.0 0.0
3700 0.0 0.0 0.0
3750 0.47000000000000003 0.09685683056665456 0.2595701556422463
3800 0.18 0.014565615103025176 0.08804466563644549
3850 1.3 0.18873099087231116 0.16983375701303777
3900 0.99 0.10199224812534413 0.11485513263823462
3950 0.45 0.017058021874460427 0.039400249308959676
4000 1.75 0.09174466922048152 0.05532602097974494
4050 1.31 0.2438795809433083 0.22875425381974587
4100 1.26 0.07553912533562701 0.06377511233288449
4150 1.43 0.03146132349562003 0.02249585515522316
4200 0.85 0.15280665727292786 0.2191740051263607
4250 1.75 0.09174466922048152 0.05532602097974494
4300 1.04 0.0005750164611315611 0.0005532063114106001
4350 1.57 0.11411691256171297 0.07838329433616023
4400 0.3891935878622409 0.0 0.0
4450 1.75 0.12410862098638398 0.07633266440078998
4500 1.6 0.08188898973793379 0.053941371338712296
4550 0.16 0.004049008679503613 0.02596334043932081
4600 0.3 0.04776486472054836 0.18936642061237666
4650 0.0 0.0 0.0
4700 1.75 0.12410862098638398 0.07633266440078998
4750 0.6644059865759963 0.0 0.0
4800 1.75 0.09174466922048152 0.05532602097974494
4850 1.28 0.17683265767106948 0.16029540658605124
4900 0.73 0.08674663722564979 0.13485609597361722
4950 1.75 0.12410862098638398 0.07633266440078998
5000 1.75 0.09174466922048152 0.05532602097974494
5050 1.411511178031437 0.0 0.0
5100 1.29 0.252559217380556 0.24344446604736977
5150 1.23 0.06177932104202899 0.05288326268726461
5200 0.41000000000000003 0.031059812788258312 0.08196494812756007
5250 0.74 0.050771406304976896 0.07366410327346742
5300 0.9400000000000001 0.013583809094128596 0.014662750098145445
5350 0.0 0.0 0.0
5400 0.0 0.0 0.0
5450 0.0 0.0 0.0
5500 1.47 0.06833568769467124 0.0487532479030439
5550 1.42 0.005034342000246106 0.003557925220151867
5600 0.9500000000000001 0.17839941416649807 0.2312069449426177
5650 1.3800000000000001 0.10475434690900554 0.08214444538987253
5700 0.0 0.0 0.0
5750 1.3 0.25312009827207316 0.2417852304302394
5800 1.36 0.014496804692524456 0.01077426255328337
5850 0.0 0.0 0.0
5900 0.73 0.04706381907984303 0.068913934266056
5950 0.0 0.0 0.0
6000 0.0 0.0 0.0
6050 0.56 0.049910356529770494 0.0978462455936599
6100 1.44 0.14678504339950482 0.11350397909513987
6150 0.0 0.0 0.0
6200 0.0 0.0 0.0
6250 0.0 0.0 0.0
6300 0.14 0.01716401148217503 0.13973113001556806
6350 1.75 0.09174466922048152 0.05532602097974494
6400 1.75 0.12410862098638398 0.07633266440078998
6450 1.75 0.09174466922048152 0.05532602097974494
6500 1.04 0.1450844972429215 0.16212088939787217
6550 0.09 0.004697557702606214 0.05506943970289743
6600 1.6300000000000001 0.026662154395210136 0.016629155525954037
6650 1.12 0.11910754629669484 0.1190013431073404
6700 0.0 0.0 0.0
6750 0.55 0.03867941233364647 0.0756461078756436
6800 1.75 0.09174466922048152 0.05532602097974494
6850 0.0 0.0 0.0
6900 1.37 0.04590384023291105 0.03466805631472084
6950 1.75 0.09174466922048152 0.05532602097974494
7000 1.75 0.09174466922048152 0.05532602097974494
7050 1.75 0.12410862098638398 0.07633266440078998
7100 0.0 0.0 0.0
7150 0.77 0.1383611767727544 0.2190510964253633
7200 0.31 0.07217496199451287 0.30347924087306416
7250 0.0 0.0 0.0
7300 0.0 0.0 0.0
7350 1.1 0.15090338386355162 0.15899686217178205
7400 1.75 0.09174466922048152 0.05532602097974494
7450 0.0 0.0 0.0
7500 0.0 0.0 0.0
7550 1.49 0.1677015758694702 0.12682581542040441
7600 1.36 0.07672367744168329 0.05978733971240764
7650 0.0 0.0 0.0
7700 0.43 0.0475437951921463 0.12431173712041707
7750 0.0 0.0 0.0
7800 1.59 0.07986718022677741 0.052887520343257687
7850 1.1500000000000001 0.0679463430145415 0.06279387586363899
7900 0.6 0.0365169422654712 0.06480575017159657
7950 0.77 0.08990702292012775 0.13219813459354218
8000 1.3900000000000001 0.16645320171455813 0.13604154900148427
8050 0.0 0.0 0.0
8100 1.29 0.16767841578737008 0.14940318189194024
8150 0.0 0.0 0.0
8200 0.0 0.0 0.0
8250 0.0 0.0 0.0
8300 0.0 0.0 0.0
8350 0.0 0.0 0.0
8400 0.0 0.0 0.0
8450 0.21908034816718186 0.0 0.0
8500 0.0 0.0 0.0
8550 0.1264715576288432 0.0 0.0
8600 0.0 0.0 0.0
8650 0.0 0.0 0.0
8700 0.058718967953011764 0.0 0.0
8750 0.024303165408044114 0.0 0.0
8800 0.86 0.054103230809619984 0.06713419494654776
8850 0.49 0.031980563781572935 0.06982359536009204
8900 1.31 0.0807176270516825 0.06566239688127058
8950 1.48 0.07185398480989358 0.05102736792547252
9000 0.0 0.0 0.0
9050 1.31 0.07577735096106109 0.06139682416302049
9100 0.0 0.0 0.0
9150 0.0 0.0 0.0
9200 0.0 0.0 0.0
9250 0.54 0.0381614882290483 0.07604336322132627
9300 0.0 0.0 0.0
9350 1.07 0.059001444791646485 0.05835957379730088
9400 0.54 0.01769642010528716 0.03388148346380173
9450 0.0 0.0 0.0
9500 1.75 0.09174466922048152 0.05532602097974494
9550 0.52 0.004296467865328446 0.008331274846119263
9600 0.0 0.0 0.0
9650 0.0 0.0 0.0
9700 0.0 0.0 0.0
9750 0.0 0.0 0.0
9800 0.0 0.0 0.0
9850 0.0 0.0 0.0
9900 0.0 0.0 0.0
9950 0.5 0.06822723785631035 0.15801653980573468
10000 0.094584810123026 0.0 0.0
10050 0.67 0.060459456700697634 0.0991885730413346
10100 0.8 0.08626921758678374 0.12087080971216672
10150 0.93 0.0018454614203921027 0.0019883126609673064
10200 0.77 0.02291190592975978 0.030668278763395247
10250 0.24 0.03846975781924328 0.19088826273894388
10300 0.47000000000000003 0.06454430353291774 0.15918953438149042
10350 0.023896699132833564 0.0 0.0
10400 0.18 0.0022253650165579564 0.01251789951229672
10450 0.0 0.0 0.0
10500 0.67 0.02745305604714321 0.04272537019358607
10550 1.62 0.034468189741297284 0.021739197863001748
10600 0.0 0.0 0.0
10650 0.0 0.0 0.0
10700 0.0 0.0 0.0
10750 0.66 0.11318686875150863 0.20699369178110041
10800 0.92 0.0917299523369638 0.11074884646110267
10850 1.26 0.039246012275620634 0.03214899371230361
10900 1.75 0.09174466922048152 0.05532602097974494
10950 1.35 0.15950333586459786 0.13398049794657518
11000 1.1500000000000001 0.09100198607962784 0.08593215934630678
11050 1.3800000000000001 0.13216684650019617 0.10591708204699253
11100 0.0 0.0 0.0
11150 0.51 0.04342481772670914 0.09307142637791131
11200 0.0 0.0 0.0
11250 0.98 0.08035929134576603 0.08932376066660536
11300 0.96 0.10960256996950868 0.1288839383787635
11350 1.1400000000000001 0.09890566927324773 0.09500164044136622
11400 0.9500000000000001 0.07613030694205059 0.08711860309017733
11450 1.37 0.08112441645775359 0.06294200735403606
11500 0.25 0.021753809053790263 0.09530853051088566
11550 0.0 0.0 0.0
11600 0.62 0.10700292614759521 0.2085838918028238
11650 0.05 0.011501316257049782 0.2987457008619385
11700 0.41000000000000003 0.04508512718328761 0.12354971129371517
11750 1.02 0.08415237058643843 0.08992101699201992
11800 0.0 0.0 0.0
11850 0.0 0.0 0.0
11900 1.0963062798384233 0.0 0.0
11950 1.35 0.00023458503498341443 0.0001737968926915307
12000 0.0 0.0 0.0
12050 1.02 0.08050691799689469 0.0856918688802315
12100 0.59 0.0727353243285902 0.14061529377427467
12150 1.4000000000000001 0.17265242117563928 0.14067117103128832
12200 1.75 0.09174466922048152 0.05532602097974494
12250 1.32 0.24766730670776127 0.23096125694664932
12300 0.0 0.0 0.0
12350 1.75 0.09174466922048152 0.05532602097974494
12400 0.52 0.06027467219082849 0.13111018372224217
12450 0.19 0.001636047288480047 0.008685564647210707
12500 0.0 0.0 0.0
12550 1.75 0.09174466922048152 0.05532602097974494
12600 0.0 0.0 0.0
12650 0.0 0.0 0.0
12700 0.0 0.0 0.0
12750 0.96 0.091850033787791 0.10579973203078988
12800 1.54 0.02188898973793374 0.014418569913510553
12850 0.0 0.0 0.0
12900 0.21 0.0015397268466348646 0.0073861883770155136
12950 0.0 0.0 0.0
13000 0.618521535761361 0.0 0.0
13050 0.24 0.028896830794580164 0.13688487436425598
13100 1.56 0.07087746206980117 0.04759679627730104
13150 1.03 0.003439309373573396 0.0033503224943034443
13200 0.0 0.0 0.0
13250 0.0 0.0 0.0
13300 0.6514623522595484 0.0 0.0
13350 0.7000000000000001 0.01530089293064163 0.02234688605938504
13400 1.19 0.09987506635432752 0.09161800016840116
13450 0.0 0.0 0.0
13500 1.54 0.1284888219685203 0.09102926279883468
13550 0.0 0.0 0.0
13600 0.0 0.0 0.0
13650 1.42 0.024515185708688936 0.017567504466996894
13700 1.57 0.10402927780314553 0.07096272539962513
13750 1.45 0.10023458503498328 0.07426074481066858
13800 1.51 0.04402927780314547 0.030034213600913306
13850 1.53 0.10783767887916595 0.075826561622148
13900 0.33 0.002829222605731374 0.008647540676659883
13950 0.96 0.10835773913814273 0.1272338681601889
14000 1.25 0.08312099552851504 0.071233602807142
14050 0.0 0.0 0.0
14100 0.0 0.0 0.0
14150 0.8200000000000001 0.14749924775763334 0.21932949110587044
14200 1.75 0.09174466922048152 0.05532602097974494
14250 0.43 0.021324127730053266 0.05217858253194803
14300 1.56 0.06429567678220094 0.042986889710847236
14350 0.74 0.08972382104914345 0.13797802219035946
14400 0.89 0.2401179920424268 0.36947936564217454
14450 0.6900000000000001 0.040904854924496026 0.06301827279841678
14500 1.75 0.09174466922048152 0.05532602097974494
14550 0.86 0.02753903040114969 0.033081467368278314
14600 0.0 0.0 0.0
14650 1.45 0.06327841099536546 0.04563166211379578
14700 1.58 0.009361692737470673 0.00596043830981507
14750 0.0 0.0 0.0
14800 0.2554227918099923 0.0 0.0
14850 0.0 0.0 0.0
14900 0.0 0.0 0.0
14950 0.37 0.01591797779215237 0.04495562269131092
15000 1.6 0.0732840961788983 0.04800113498227213
15050 1.59 0.04366142272958773 0.02823535761919528
15100 0.27 0.0068072585487621295 0.02586415761782443
15150 0.0 0.0 0.0
15200 0.0 0.0 0.0
15250 0.0 0.0 0.0
15300 0.55 0.14357701910391785 0.3532699326877603
15350 1.55 0.1202140227624462 0.0840783338739327
15400 0.0 0.0 0.0
15450 1.75 0.09174466922048152 0.05532602097974494
15500 1.4000000000000001 0.1783203078840232 0.145963225086576
15550 0.0 0.0 0.0
15600 0.0 0.0 0.0
15650 0.0 0.0 0.0
15700 0.0 0.0 0.0
15750 0.0 0.0 0.0
15800 1.23 0.12448696967926964 0.11260561048579736
15850 1.75 0.09174466922048152 0.05532602097974494
15900 0.65 0.07556580199022023 0.1315482299835737
15950 0.0 0.0 0.0
16000 1.6500000000000001 0.024108620986194484 0.014827940720626563
16050 1.19 0.11806154462097851 0.11013836104912732
16100 1.12 0.21166829677118604 0.23302973574386576
16150 1.35 0.243065087132315 0.2195839017333165
16200 1.6300000000000001 0.026662154395210136 0.016629155525954037
16250 0.0 0.0 0.0
16300 1.04 0.1015253907774416 0.10818128671754501
16350 1.75 0.09174466922048152 0.05532602097974494
16400 1.75 0.09174466922048152 0.05532602097974494
16450 0.0 0.0 0.0
16500 0.11 0.0069270566886932144 0.0672053835483452
16550 0.0 0.0 0.0
16600 0.0 0.0 0.0
16650 0.36 0.035182875629368504 0.10831595069853277
16700 0.85 0.13059215437876526 0.18152728688410982
16750 0.8300000000000001 0.032811023383012006 0.0411584007624533
16800 0.47000000000000003 0.05647128037703203 0.13655951254974344
16850 0.91 0.13769329362080063 0.17828835679330976
16900 0.0 0.0 0.0
16950 1.47 0.1839500452183107 0.14303491441709726
17000 1.75 0.09174466922048152 0.05532602097974494
17050 1.12 0.08679105251005703 0.08400145267896243
17100 0.0 0.0 0.0
17150 0.0 0.0 0.0
17200 0.9500000000000001 0.0862687641974541 0.0998791760926609
17250 0.0 0.0 0.0
17300 0.07210147378772197 0.0 0.0
17350 0.4851689409988633 0.0 0.0
17400 1.34 0.19148477935858366 0.16672376292204844
17450 0.05 0.0067705602794605885 0.156619200323425
17500 1.75 0.09174466922048152 0.05532602097974494
17550 1.75 0.12410862098638398 0.07633266440078998
17600 0.99 0.10869803287804558 0.12333801231945278
17650 0.0 0.0 0.0
17700 1.09 0.04857021351012247 0.04663801068512511
17750 0.77 0.15941559242856074 0.2610869037134868
17800 0.0 0.0 0.0
17850 0.91 0.17896739936474615 0.2448145256575791
17900 0.0 0.0 0.0
17950 1.44 0.19433841629357662 0.15601220976513486
18000 1.24 0.1660816389926565 0.1546501531428056
18050 0.0 0.0 0.0
18100 1.75 0.09174466922048152 0.05532602097974494
18150 0.81 0.09406113599645094 0.1313815197438208
18200 1.02 0.045770092088733505 0.04698079140976472
18250 1.06 0.012428048416300408 0.011863670459591741
18300 0.75 0.03381474136123641 0.04721507592254453
18350 0.7000000000000001 0.11334210162102176 0.19319965167809483
18400 0.61 0.11426021632814026 0.23048425825709287
18450 0.0 0.0 0.0
18500 1.3900000000000001 0.11212403152755623 0.08774249950219178
18550 1.36 0.10200665992355185 0.08108680441611313
18600 0.39 0.039721019330254626 0.11339823832508214
18650 1.05 0.1127419580106197 0.12028913379213996
18700 0.0 0.0 0.0
18750 0.34 0.06334038536444736 0.22894698761106308
18800 0.99 0.020525649198201767 0.02117193629849634
18850 1.05 0.0441180210210288 0.04386003720417693
18900 0.0 0.0 0.0
18950 1.6300000000000001 0.026662154395210136 0.016629155525954037
19000 0.5700000000000001 0.056427866446332686 0.1098733026184258
19050 0.0 0.0 0.0
19100 1.56 0.12622431907486864 0.08803630913409236
19150 0.0 0.0 0.0
19200 0.04295705905112135 0.0 0.0
19250 0.0 0.0 0.0
19300 0.08460756825298213 0.0 0.0
19350 1.75 0.09174466922048152 0.05532602097974494
19400 1.09 0.08214387592272598 0.08150357373472474
19450 0.0 0.0 0.0
19500 1.52 0.14672949538036884 0.10684675370713653
19550 0.0 0.0 0.0
19600 0.0 0.0 0.0
19650 1.5 0.12672949538036882 0.09228298063204261
19700 0.0 0.0 0.0
19750 0.0 0.0 0.0
19800 1.75 0.09174466922048152 0.05532602097974494
19850 0.0 0.0 0.0
19900 1.44 0.06414348990845653 0.04662076999889233
19950 1.75 0.09174466922048152 0.05532602097974494
20000 0.16599470564563878 0.0 0.0
20050 0.0 0.0 0.0
20100 0.0 0.0 0.0
20150 0.0 0.0 0.0
20200 1.53 0.14881941372712748 0.10774797677160951
20250 0.0 0.0 0.0
20300 0.4278131061435452 0.0 0.0
20350 1.59 0.04366142272958773 0.02823535761919528
20400 0.0 0.0 0.0
20450 0.0 0.0 0.0
20500 0.0 0.0 0.0
20550 0.4 0.0013654857297824563 0.0034254076877469042
20600 0.8200000000000001 0.052197891851036626 0.06798352244288129
20650 0.0 0.0 0.0
20700 0.51 0.0012243117615322596 0.0024063880995791875
20750 0.0 0.0 0.0
20800 1.48 0.014029277803145446 0.009569957701557396
20850 0.0 0.0 0.0
20900 0.0 0.0 0.0
20950 0.0 0.0 0.0
21000 0.28 0.011800086691410472 0.04399735460702162
21050 0.0 0.0 0.0
21100 0.0 0.0 0.0
21150 0.0 0.0 0.0
21200 0.4311892545324348 0.0 0.0
21250 1.75 0.09174466922048152 0.05532602097974494
21300 1.54 0.13513457799636464 0.09619040790656953
21350 0.13 0.005749184386352663 0.04627079796586212
21400 1.48 0.09042030937602608 0.06507025828466444
21450 1.75 0.09174466922048152 0.05532602097974494
21500 0.62 0.03539164037199649 0.060539059678374786
21550 1.56 0.11784538561890612 0.0817148067507865
21600 1.6 0.08188898973700565 0.05394137133806794
21650 0.0 0.0 0.0
21700 0.0 0.0 0.0
21750 0.0 0.0 0.0
21800 1.6 0.06392920548388403 0.04161865827546225
21850 1.3800000000000001 0.09672367744168331 0.07537244764935483
21900 0.0 0.0 0.0
21950 1.44 0.20171213789871212 0.16289599863833013
22000 0.0 0.0 0.0
22050 0.31227652892996605 0.0 0.0
22100 1.36 0.010234585034983423 0.007582491684489252
22150 0.0 0.0 0.0
22200 0.0 0.0 0.0
22250 0.0 0.0 0.0
22300 0.38 0.03436158124094435 0.09941482015891813
22350 0.0 0.0 0.0
22400 0.0 0.0 0.0
22450 0.0 0.0 0.0
22500 0.17 0.020507576001654232 0.13718137316364046
22550 1.62 0.04936169273747071 0.031427791178418006
22600 0.58 0.06969094034663714 0.1365661436502343
22650 1.75 0.09174466922048152 0.05532602097974494
22700 0.6 0.12493610634540026 0.26298800648536846
22750 1.1 0.015856305080526267 0.014625648938265526
22800 0.0 0.0 0.0
22850 0.38 0.04231728019358333 0.12531668845193664
22900 0.34 0.06386543793079441 0.23128375329846712
22950 0.0 0.0 0.0
23000 0.0 0.0 0.0
23050 1.3800000000000001 0.12773242618504055 0.10200090528249584
23100 0.09 0.016357408583995633 0.2221188617819438
23150 0.0 0.0 0.0
23200 0.0 0.0 0.0
23250 1.75 0.12410862098638398 0.07633266440078998
23300 1.75 0.12410862098638398 0.07633266440078998
23350 0.0 0.0 0.0
23400 1.59 0.07986718022677741 0.052887520343257687
23450 0.0 0.0 0.0
23500 0.0 0.0 0.0
23550 1.75 0.09174466922048152 0.05532602097974494
23600 1.35 0.13108140941569446 0.10753910099349519
23650 0.0 0.0 0.0
23700 0.0 0.0 0.0
23750 1.75 0.09174466922048152 0.05532602097974494
23800 1.02 0.021827783881456453 0.021867753408660467
23850 0.97 0.12853840855348264 0.15275612084981594
23900 0.0 0.0 0.0
23950 0.0 0.0 0.0
24000 0.0 0.0 0.0
24050 0.44 0.005078719799261611 0.011677331118214132
24100 0.0 0.0 0.0
24150 0.11 0.007275622627604547 0.07082664128718959
24200 0.0 0.0 0.0
24250 0.7000000000000001 0.16848269210767686 0.3169843946865578
24300 0.41458293706605376 0.0 0.0
24350 0.78 0.15806845275182035 0.2541573159477367
24400 0.0 0.0 0.0
24450 1.07 0.23183818978099358 0.2766031414869829
24500 0.25 0.017409143007433597 0.0748487848255789
24550 1.75 0.12410862098638398 0.07633266440078998
24600 0.4 0.08204443275515894 0.2580374153096076
24650 0.0 0.0 0.0
24700 0.0 0.0 0.0
24750 0.0 0.0 0.0
24800 0.0 0.0 0.0
24850 0.0 0.0 0.0
24900 1.62 0.034468189741297284 0.021739197863001748
24950 0.0 0.0 0.0
25000 1.55 0.0730193042819598 0.04943822522098785
25050 0.0 0.0 0.0
25100 1.62 0.034468189741297284 0.021739197863001748
25150 1.19 0.05310853723240916 0.04671381479382775
25200 0.0 0.0 0.0
25250 1.57 0.06731164744358242 0.04479414998397364
25300 1.24 0.1042297827240517 0.0917701319673959
25350 1.75 0.09174466922048152 0.05532602097974494
25400 1.1400000000000001 0.20832846941507266 0.22360720766500042
25450 0.0 0.0 0.0
25500 1.35 0.1425350857657397 0.11804490887102204
25550 0.47000000000000003 0.00992536111794634 0.02157337153394113
25600 0.0 0.0 0.0
25650 0.52 0.04064661231119915 0.08479466997652091
25700 1.75 0.09174466922048152 0.05532602097974494
25750 0.0 0.0 0.0
25800 0.0 0.0 0.0
25850 1.62 0.034468189741297284 0.021739197863001748
25900 1.75 0.09174466922048152 0.05532602097974494
25950 0.0 0.0 0.0
26000 1.02 0.22391992671470762 0.2812781455395896
26050 0.0 0.0 0.0
26100 1.28 0.14645097836444854 0.12919686362848287
26150 1.25 0.009639823268051462 0.0077717935877706775
26200 0.0 0.0 0.0
26250 1.46 0.13224094968382039 0.09959709907631947
26300 0.3546139436325717 0.0 0.0
26350 0.0 0.0 0.0
26400 0.0 0.0 0.0
26450 0.0 0.0 0.0
26500 0.0 0.0 0.0
26550 0.0 0.0 0.0
26600 0.07 0.006086503136131877 0.09523032590589996
26650 1.42 0.08848284803748507 0.06645265358172124
26700 0.0 0.0 0.0
26750 0.46 0.06886494832715478 0.17606437477957124
26800 0.0 0.0 0.0
26850 0.13531643475298977 0.0 0.0
26900 1.54 0.14451518570868904 0.10355912456279953
26950 0.28 0.00433449709904743 0.015723755977565416
27000 1.53 0.05301930428195978 0.03589708683103961
27050 0.0 0.0 0.0
27100 0.0 0.0 0.0
27150 0.9 0.08733947860989055 0.10747350992329566
27200 0.0 0.0 0.0
27250 0.0 0.0 0.0
27300 1.5 0.0740828569611276 0.05195453138549439
27350 1.60333784560479 0.0 0.0
27400 1.53 0.11148609634622697 0.07859358731632016
27450 0.56 0.003535849666871149 0.006354137395471752
27500 0.0 0.0 0.0
27550 1.75 0.09174466922048152 0.05532602097974494
27600 1.75 0.09174466922048152 0.05532602097974494
27650 0.0 0.0 0.0
27700 1.27 0.10773564510180922 0.09269461344811386
27750 0.0 0.0 0.0
27800 0.0 0.0 0.0
27850 1.75 0.09174466922048152 0.05532602097974494
27900 0.0 0.0 0.0
27950 1.52 0.11185398480989361 0.07943351300453937
28000 0.0 0.0 0.0
28050 0.0 0.0 0.0
28100 1.59 0.07986718022677741 0.052887520343257687
28150 0.54 0.09264224553933104 0.20708760408326843
28200 0.0 0.0 0.0
28250 1.5 0.004295676782200886 0.0028720093373530782
28300 0.6 0.04239216123006384 0.0760250453501147
28350 0.0 0.0 0.0
28400 0.0 0.0 0.0
28450 1.01 0.003274435908033224 0.0032525606032331733
28500 0.0 0.0 0.0
28550 0.0 0.0 0.0
28600 0.0 0.0 0.0
28650 1.24 0.03673545770079012 0.030529826492348592
28700 1.6300000000000001 0.026662154395210136 0.016629155525954037
28750 0.02 0.002045257252441094 0.11391181044457813
28800 0.0 0.0 0.0
28850 0.0 0.0 0.0
28900 0.73 0.15790782234278022 0.27601814621802745
28950 1.27 0.17006649894684234 0.15461525518043417
29000 0.0 0.0 0.0
29050 1.75 0.09174466922048152 0.05532602097974494
29100 0.0 0.0 0.0
29150 1.75 0.09174466922048152 0.05532602097974494
29200 0.0 0.0 0.0
29250 0.0 0.0 0.0
29300 1.21 0.14766122993604314 0.1389963673519638
29350 0.0 0.0 0.0
29400 0.96 0.14448693269445712 0.1771730441694114
29450 0.32 0.02167550179215927 0.07265746501669497
29500 1.47 0.10175996494127237 0.07437288950319644
29550 1.6 0.014468189741297266 0.009125133691853566
29600 1.18 0.07960810492409665 0.07234523016784435
29650 0.84 0.19918037120617926 0.31082127053611863
29700 0.42 0.08094778489343069 0.23874725274391012
29750 1.6 0.08188898973700565 0.05394137133806794
29800 0.0 0.0 0.0
29850 0.0 0.0 0.0
29900 0.0 0.0 0.0
29950 1.02 0.2846011690272351 0.3870024768067317
30000 0.0 0.0 0.0
30050 0.0 0.0 0.0
30100 1.6300000000000001 0.026662154395210136 0.016629155525954037
30150 1.75 0.09174466922048152 0.05532602097974494
30200 0.0 0.0 0.0
30250 0.0 0.0 0.0
30300 1.61 0.06366142272958775 0.04116913570245561
30350 1.75 0.09174466922048152 0.05532602097974494
30400 0.0 0.0 0.0
30450 0.0 0.0 0.0
30500 0.21084817167070652 0.0 0.0
30550 0.84 0.003015531016307693 0.0036028518187073404
30600 1.75 0.09174466922048152 0.05532602097974494
30650 0.4541299317249721 0.0 0.0
30700 0.79 0.11451440125428292 0.16952900471441618
30750 1.75 0.09174466922048152 0.05532602097974494
30800 0.0 0.0 0.0
30850 0.0 0.0 0.0
30900 0.0 0.0 0.0
30950 0.0 0.0 0.0
31000 0.0 0.0 0.0
31050 1.3800000000000001 0.03023458503498344 0.022399881268084693
31100 1.75 0.09174466922048152 0.05532602097974494
31150 0.0 0.0 0.0
31200 0.0 0.0 0.0
31250 1.55 0.12783767887916597 0.08988965393093426
31300 0.0 0.0 0.0
31350 0.0 0.0 0.0
31400 0.0 0.0 0.0
31450 1.07 0.21626870141394128 0.25332174393995316
31500 0.0 0.0 0.0
31550 0.06 0.008428234774131182 0.16342730828037494
31600 1.33 0.22211068624268027 0.2004809356716415
31650 0.0 0.0 0.0
31700 0.0 0.0 0.0
31750 0.62 0.08839007771155372 0.16626867559404607
31800 0.0 0.0 0.0
31850 0.0 0.0 0.0
31900 0.23 0.04667162955101892 0.254579416359386
31950 0.0 0.0 0.0
32000 1.75 0.12410862098619435 0.07633266440066445
32050 1.75 0.09174466922048152 0.05532602097974494
32100 1.75 0.09174466922048152 0.05532602097974494
32150 0.0 0.0 0.0
32200 1.47 0.09150725457006925 0.0663821081927635
32250 1.75 0.09174466922048152 0.05532602097974494
32300 1.22 0.26724191926105934 0.2804929442884302
32350 0.43 0.0244756407130301 0.06035553759597923
32400 0.0 0.0 0.0
32450 1.42 0.16316848299255637 0.1298252635970379
32500 0.0 0.0 0.0
32550 0.0 0.0 0.0
32600 0.0 0.0 0.0
32650 1.3900000000000001 0.22773564510180933 0.1959413485770696
32700 0.0 0.0 0.0
32750 0.0 0.0 0.0
32800 0.66 0.03698403758167246 0.0593629053068135
32850 0.0 0.0 0.0
32900 1.6 0.014468189741297266 0.009125133691853566
32950 1.36 0.2132782091468115 0.18598949705850396
33000 1.23 0.03718307340839466 0.031172489742112237
33050 1.6 0.08188898973700565 0.05394137133806794
33100 0.0 0.0 0.0
33150 0.21092528689200435 0.0 0.0
33200 0.0 0.0 0.0
33250 0.0 0.0 0.0
33300 0.0 0.0 0.0
33350 0.43 0.07010180704260799 0.19478232570872417
33400 0.0 0.0 0.0
33450 1.37 0.08944794459190009 0.06985108041031089
33500 0.6900000000000001 0.05367846561587997 0.08435745564989251
33550 1.17 0.005113786982129165 0.004389945494230614
33600 0.12 0.012211254770741281 0.11328877374691432
33650 0.0 0.0 0.0
33700 0.0 0.0 0.0
33750 0.0 0.0 0.0
33800 0.0 0.0 0.0
33850 0.07 0.0003783997594964672 0.0054350913824058695
33900 1.53 0.14327841099536553 0.10332168485110871
33950 1.75 0.09174466922048152 0.05532602097974494
34000 0.0 0.0 0.0
34050 0.0 0.0 0.0
34100 0.9400000000000001 0.06628212895139984 0.07586216460452018
34150 0.59 0.01425761954735616 0.024763887515362234
34200 1.44 0.16475434690900537 0.12919420388508424
34250 1.75 0.12410862098638398 0.07633266440078998
34300 0.0 0.0 0.0
34350 1.75 0.09174466922048152 0.05532602097974494
34400 1.75 0.09174466922048152 0.05532602097974494
34450 0.0 0.0 0.0
34500 1.07 0.05137246666026374 0.05043302382749339
34550 0.0 0.0 0.0
34600 0.0 0.0 0.0
34650 0.0 0.0 0.0
34700 1.75 0.09174466922048152 0.05532602097974494
34750 1.26 0.21924055730782177 0.21065440130978064
34800 0.0 0.0 0.0
34850 0.0 0.0 0.0
34900 0.0 0.0 0.0
34950 1.47 0.06513457799636457 0.0463635711835436
35000 0.0 0.0 0.0
35050 1.75 0.09174466922048152 0.05532602097974494
35100 0.0 0.0 0.0
35150 0.0 0.0 0.0
35200 0.58 0.09729830497627695 0.2015702575303679
35250 1.1300000000000001 0.2505789301176482 0.2849362366894057
35300 0.0 0.0 0.0
35350 0.7005191266903941 0.0 0.0
35400 0.0 0.0 0.0
35450 0.63 0.08333180274813146 0.15243579774174731
35500 0.2 0.02259490547994658 0.12736334061360627
35550 0.0 0.0 0.0
35600 0.0 0.0 0.0
35650 0.6559176341957216 0.0 0.0
35700 1.75 0.09174466922048152 0.05532602097974494
35750 0.0 0.0 0.0
35800 1.22 0.0427918281541142 0.0363502642757022
35850 0.87 0.0791789187442874 0.1001224178527998
35900 0.0 0.0 0.0
35950 1.46 0.19484685087679177 0.15401048561735542
36000 0.0 0.0 0.0
36050 0.68 0.0017872092836681563 0.0026351748420735278
36100 1.75 0.12410862098638398 0.07633266440078998
36150 1.1107818172269535 0.0 0.0
36200 0.0 0.0 0.0
36250 0.25 0.01586771330552955 0.06777242698797895
36300 1.6 0.07328409617803544 0.04800113498167983
36350 1.75 0.09174466922048152 0.05532602097974494
36400 1.41 0.08224094968382034 0.06193966417644548
36450 0.0 0.0 0.0
36500 0.22 0.01650268193182078 0.08109532886468687
36550 0.0 0.0 0.0
36600 1.3 0.12630499630713832 0.10761313280685178
36650 0.0 0.0 0.0
36700 1.34 0.24503601478096337 0.2237845427691819
36750 0.0 0.0 0.0
36800 1.75 0.09174466922048152 0.05532602097974494
36850 1.42 0.10123116551492073 0.07676187279209325
36900 0.8 0.12229136327505707 0.18044828802246862
36950 1.23 0.23263661254295465 0.23325160665472483
37000 0.0 0.0 0.0
37050 0.2934368740162379 0.0 0.0
37100 0.0 0.0 0.0
37150 0.03592784789876924 0.0 0.0
37200 0.0 0.0 0.0
37250 0.0 0.0 0.0
37300 1.75 0.09174466922048152 0.05532602097974494
37350 0.0 0.0 0.0
37400 0.2 0.01815588854068967 0.09984314804030513
37450 0.0 0.0 0.0
37500 0.0 0.0 0.0
37550 0.4 0.03553182687830014 0.09748951897217012
37600 0.0 0.0 0.0
37650 1.36 0.16324171545414567 0.13640324663897574
37700 0.0 0.0 0.0
37750 1.27 0.03273815317296802 0.0264601654507696
37800 0.6900000000000001 0.00983386959417809 0.014458040697073082
37850 1.75 0.09174466922048152 0.05532602097974494
37900 0.91 0.07105044934481974 0.08468977579084781
37950 0.59 0.054752513068183406 0.10229382557597726
38000 0.0 0.0 0.0
38050 0.0 0.0 0.0
38100 0.74 0.07689968091366262 0.11596990485484909
38150 1.75 0.09174466922048152 0.05532602097974494
38200 0.0 0.0 0.0
38250 0.6158546612752873 0.0 0.0
38300 0.7312060733083616 0.0 0.0
38350 1.75 0.09174466922048152 0.05532602097974494
38400 0.0 0.0 0.0
38450 1.59 0.032251083536265046 0.020703646907024417
38500 0.0 0.0 0.0
38550 1.35 0.18378798845034527 0.15759397659275437
38600 0.0 0.0 0.0
38650 0.84 0.1046888408702813 0.14237352387550642
38700 0.98 0.17696369408123425 0.2203682358779127
38750 0.0 0.0 0.0
38800 0.0 0.0 0.0
38850 0.0 0.0 0.0
38900 0.0 0.0 0.0
38950 1.75 0.09174466922048152 0.05532602097974494
39000 0.16 0.0009281588472915825 0.005834840664228895
39050 1.6 0.08188898973793379 0.053941371338712296
39100 0.0 0.0 0.0
39150 1.75 0.09174466922048152 0.05532602097974494
39200 0.0 0.0 0.0
39250 0.37 0.014665640228278987 0.041272789486782806
39300 0.0 0.0 0.0
39350 0.0 0.0 0.0
39400 0.0 0.0 0.0
39450 0.0 0.0 0.0
39500 0.0 0.0 0.0
39550 1.57 0.06731164744358242 0.04479414998397364
39600 0.25071272195709704 0.0 0.0
39650 1.06 0.1708554603591157 0.19215712715069064
39700 1.04 0.004849354813557527 0.004684685109464529
39750 0.0 0.0 0.0
39800 1.75 0.09174466922048152 0.05532602097974494
39850 0.0 0.0 0.0
39900 1.26 0.22156959633908335 0.2133697121713257
39950 1.47 0.04021402276244612 0.028125903738503866
40000 1.32 0.15903142456312191 0.13698167885661988
40050 0.8865537545884785 0.0 0.0
40100 0.0 0.0 0.0
40150 0.0 0.0 0.0
40200 0.53 0.0756014102702901 0.16637685938959476
40250 0.0 0.0 0.0
40300 1.36 0.15920530216726791 0.13258328210027193
40350 0.0 0.0 0.0
40400 0.11 0.015808683751158972 0.16783589380357014
40450 1.57 0.09865102283272464 0.06704801129005655
40500 0.0 0.0 0.0
40550 0.86 0.04757581820413337 0.05856031771354571
40600 1.75 0.09174466922048152 0.05532602097974494
40650 0.0 0.0 0.0
40700 0.0 0.0 0.0
40750 0.5843934813763997 0.0 0.0
40800 1.2 0.14026448432608052 0.13235801032570083
40850 0.35000000000000003 0.015106328368669875 0.045107834660129895
40900 0.0 0.0 0.0
40950 0.0 0.0 0.0
41000 0.28 0.05468271916050765 0.24269207828520523
41050 1.75 0.09174466922048152 0.05532602097974494
41100 1.56 0.0771060588220962 0.05199701521529498
41150 0.19354889587111218 0.0 0.0
41200 0.6900000000000001 0.10474559298360286 0.1789744626060854
41250 0.92 0.024749909706028084 0.02764580531670317
41300 0.0 0.0 0.0
41350 0.0 0.0 0.0
41400 0.0 0.0 0.0
41450 1.41 0.044207293915581536 0.03236749890275745
41500 0.41000000000000003 0.037439207322759516 0.10049153871967981
41550 0.0 0.0 0.0
41600 0.16467983549581328 0.0 0.0
41650 1.51 0.027106058822096157 0.018279162163522673
41700 1.24 0.0656080367585774 0.05586553621969074
41750 0.0 0.0 0.0
41800 0.0 0.0 0.0
41850 0.0 0.0 0.0
41900 0.0 0.0 0.0
41950 1.32 0.24408049492507922 0.22685757974810844
42000 1.22 0.26351656239296084 0.27550561989053884
42050 0.0 0.0 0.0
42100 0.32 0.006936165064852395 0.02215575320697534
42150 0.21 0.028452032678830924 0.15671909247266647
42200 1.57 0.11411691256171297 0.07838329433616023
42250 0.89 0.13706066408967066 0.18203413947547267
42300 0.53 0.06566780534967331 0.14142419178822088
42350 0.0 0.0 0.0
42400 0.0 0.0 0.0
42450 1.28 0.13268280142003963 0.11564613655601234
42500 0.41000000000000003 0.05161703087479774 0.14402757754028528
42550 0.0 0.0 0.0
42600 1.75 0.09174466922048152 0.05532602097974494
42650 1.33 0.18564133328794075 0.16222303259284998
42700 0.8300000000000001 0.10043646837076947 0.13766651431504393
42750 0.0 0.0 0.0
42800 0.51 0.028403677159427043 0.058978185281596845
42850 0.0 0.0 0.0
42900 0.0 0.0 0.0
42950 0.76 0.03992634108289006 0.05544757899203492
43000 0.0 0.0 0.0
43050 0.71 0.023229965965200883 0.03382495568236136
43100 0.9500000000000001 0.11753903040114977 0.14119464418588892
43150 1.75 0.09174466922048152 0.05532602097974494
43200 0.0 0.0 0.0
43250 0.0 0.0 0.0
43300 0.22 0.007036159551422311 0.03303922175990841
43350 1.23 0.0873930919324033 0.07648570240154116
43400 0.0 0.0 0.0
43450 0.0 0.0 0.0
43500 0.61 0.11004774273806261 0.2201165034052559
43550 0.74 0.02667651508386304 0.03739750007950363
43600 0.0 0.0 0.0
43650 0.53 0.08685038901353409 0.19598435124472344
43700 1.75 0.12410862098619435 0.07633266440066445
43750 0.0 0.0 0.0
43800 0.0 0.0 0.0
43850 1.53 0.03429567678220091 0.022929449524100157
43900 0.07173463221453272 0.0 0.0
43950 0.0 0.0 0.0
44000 0.0 0.0 0.0
44050 1.75 0.09174466922048152 0.05532602097974494
44100 0.0 0.0 0.0
44150 1.24 0.17118665684385737 0.1601651569378366
44200 1.48 0.1258395669920418 0.09292810801783503
44250 0.0 0.0 0.0
44300 0.9838281335178842 0.0 0.0
44350 1.26 0.08279182815411423 0.07032896146506952
44400 0.0 0.0 0.0
44450 1.21 0.05412117598063748 0.046822534383354084
44500 0.65 0.06258359022818716 0.1065404186656929
44550 1.75 0.09174466922048152 0.05532602097974494
44600 0.0 0.0 0.0
44650 1.0 0.12567242368510478 0.14373608598139764
44700 1.49 0.1032784109953655 0.07447667348245224
44750 0.21413778334619551 0.0 0.0
44800 0.29 0.06198787572792144 0.27186219121380395
44850 1.75 0.09174466922048152 0.05532602097974494
44900 0.0 0.0 0.0
44950 0.0 0.0 0.0
45000 1.61 0.06366142273033071 0.041169135702955856
45050 0.7000000000000001 0.10673244097999413 0.17990608007675493
45100 1.75 0.09174466922048152 0.05532602097974494
45150 0.0 0.0 0.0
45200 0.0 0.0 0.0
45250 1.75 0.09174466922048152 0.05532602097974494
45300 1.140872717301538 0.0 0.0
45350 0.0 0.0 0.0
45400 0.8108933124222724 0.0 0.0
45450 0.08 0.000857519843111415 0.010835139882039397
45500 0.0 0.0 0.0
45550 0.0 0.0 0.0
45600 0.45 0.10439226647858824 0.3020541971527403
45650 0.78 0.030882668939159252 0.04122540977049037
45700 1.24 0.06136572807693019 0.052065114292668024
45750 1.75 0.09174466922048152 0.05532602097974494
45800 1.61 0.052251083536265064 0.03354268649076059
45850 1.75 0.12410862098638398 0.07633266440078998
45900 1.58 0.09710605882209622 0.0654841564360039
45950 1.75 0.09174466922048152 0.05532602097974494
46000 0.0 0.0 0.0
46050 0.0 0.0 0.0
46100 1.58 0.09710605882209622 0.0654841564360039
46150 0.0 0.0 0.0
46200 1.08 0.07411802102102882 0.07368460969572486
46250 0.0 0.0 0.0
46300 1.75 0.09174466922048152 0.05532602097974494
46350 1.25 0.05796001033089748 0.04862253853328072
46400 0.0 0.0 0.0
46450 0.0 0.0 0.0
46500 0.0 0.0 0.0
46550 0.0 0.0 0.0
46600 0.700752008356299 0.0 0.0
46650 0.0 0.0 0.0
46700 0.0 0.0 0.0
46750 0.0 0.0 0.0
46800 1.22 0.15803558510729832 0.14881438859066276
46850 0.0 0.0 0.0
46900 0.0 0.0 0.0
46950 1.33 0.12338347687698548 0.10225574945521157
47000 0.8063576940401727 0.0 0.0
47050 1.75 0.09174466922048152 0.05532602097974494
47100 1.75 0.09174466922048152 0.05532602097974494
47150 0.75 0.003279112849156496 0.004391350108965264
47200 0.0 0.0 0.0
47250 1.36 0.16873341944416742 0.1416420322690813
47300 1.75 0.09174466922048152 0.05532602097974494
47350 0.0 0.0 0.0
47400 1.61 0.06366142272958775 0.04116913570245561
47450 1.56 0.06429567678220094 0.042986889710847236
47500 1.42 0.15484685087671757 0.1223937599839374
47550 1.55 0.0036614227295876933 0.0023678014526746236
47600 0.0 0.0 0.0
47650 1.6300000000000001 0.026662154395210136 0.016629155525954037
47700 0.0 0.0 0.0
47750 1.75 0.09174466922048152 0.05532602097974494
47800 1.16 0.04578344701768011 0.041090259245508264
47850 0.81 0.06281963615394592 0.08407559833423167
47900 0.0 0.0 0.0
47950 0.76 0.1982843091617057 0.3529976327807218
48000 0.07 0.0022822136931878456 0.033701835480086616
48050 0.0 0.0 0.0
48100 0.33 0.07062140302342412 0.2722715129413775
48150 1.75 0.09174466922048152 0.05532602097974494
48200 0.0 0.0 0.0
48250 0.11 0.01344095402882338 0.13919932507240776
48300 0.0 0.0 0.0
48350 0.0 0.0 0.0
48400 0.2222704920419591 0.0 0.0
48450 1.75 0.09174466922048152 0.05532602097974494
48500 0.0 0.0 0.0
48550 1.75 0.12410862098638398 0.07633266440078998
48600 0.0 0.0 0.0
48650 1.75 0.09174466922048152 0.05532602097974494
48700 1.75 0.09174466922048152 0.05532602097974494
48750 0.0 0.0 0.0
48800 0.0 0.0 0.0
48850 1.75 0.09174466922048152 0.05532602097974494
48900 0.0 0.0 0.0
48950 0.79 0.0006924241577885848 0.00087725517780537
49000 1.75 0.09174466922048152 0.05532602097974494
49050 0.0 0.0 0.0
49100 1.31 0.11640195255843055 0.09752190262704732
49150 0.17325258334796423 0.0 0.0
49200 1.75 0.09174466922048152 0.05532602097974494
49250 1.75 0.09174466922048152 0.05532602097974494
49300 1.75 0.09174466922048152 0.05532602097974494
49350 0.0 0.0 0.0
49400 0.0 0.0 0.0
49450 1.18 0.0996018630256732 0.09218996184555621
49500 0.0 0.0 0.0
49550 1.6300000000000001 0.026662154395210136 0.016629155525954037
49600 1.1500000000000001 0.1331590858124463 0.1309537056923394
49650 1.75 0.09174466922048152 0.05532602097974494
49700 1.75 0.12410862098638398 0.07633266440078998
49750 1.52 0.037106058822096166 0.025022732773877135
49800 0.25 0.01670392695019024 0.07159969189290158
49850 0.28 0.03248186145943821 0.1312302268066519
49900 0.0 0.0 0.0
49950 0.0 0.0 0.0
