5.507469177246094e-05
2.9087066650390625e-05
68.75281047821045
19.680997848510742
3.4332275390625e-05
4.9591064453125e-05
47.20251131057739
3.361701965332031e-05
161.851238489151
27.260842323303223
40.51409077644348
100.94702792167664
2.2172927856445312e-05
53.82899260520935
34.506829261779785
100.88634872436523
47.316163778305054
107.25588536262512
1.7642974853515625e-05
27.160946130752563
109.00046801567078
93.7367959022522
3.4332275390625e-05
1.9550323486328125e-05
25.879588842391968
27.052143573760986
3.0040740966796875e-05
27.1363468170166
2.5272369384765625e-05
26.906857013702393
80.72695207595825
19.85029625892639
1.9788742065429688e-05
9.34600830078125e-05
1.6689300537109375e-05
2.8848648071289062e-05
2.0265579223632812e-05
139.86236095428467
1.3589859008789062e-05
27.023814916610718
1.3113021850585938e-05
27.014041662216187
1.52587890625e-05
1.7642974853515625e-05
6.688874959945679
67.84535217285156
1.3589859008789062e-05
1.3828277587890625e-05
2.86102294921875e-05
115.58692598342896
12.944096803665161
40.254690408706665
3.409385681152344e-05
26.61064600944519
1.5497207641601562e-05
15.187992811203003
47.03999662399292
3.147125244140625e-05
4.291534423828125e-05
2.7894973754882812e-05
3.4332275390625e-05
59.22671461105347
1.6927719116210938e-05
6.274118423461914
13.584773063659668
3.0994415283203125e-05
3.457069396972656e-05
2.8848648071289062e-05
2.0265579223632812e-05
1.430511474609375e-05
26.97011709213257
139.53271079063416
95.1675112247467
1.33514404296875e-05
3.0994415283203125e-05
75.36156630516052
19.720938205718994
135.15153408050537
79.45489358901978
24.526248455047607
26.92313861846924
174.03099942207336
60.971378803253174
33.89723610877991
115.96595335006714
27.323907613754272
13.240424633026123
88.07346320152283
2.5082590579986572
34.55153965950012
69.10169196128845
13.901277780532837
41.776609659194946
1.4066696166992188e-05
34.53777074813843
2.5196220874786377
27.227201461791992
128.29284930229187
68.04405546188354
34.67345905303955
26.934399127960205
6.668575048446655
173.47103190422058
53.975642919540405
34.84053897857666
47.11058688163757
20.10789155960083
3.9577484130859375e-05
3.814697265625e-05
3.1948089599609375e-05
54.63143706321716
12.014675855636597
127.8423113822937
81.17323136329651
1.2874603271484375e-05
176.83754205703735
19.881161212921143
0.00010228157043457031
40.377105474472046
1.4066696166992188e-05
2.002716064453125e-05
42.732544898986816
110.97774815559387
2.5510787963867188e-05
1.7881393432617188e-05
5.507469177246094e-05
19.974926233291626
27.115192651748657
34.44361400604248
27.188408136367798
109.94748306274414
13.157767295837402
25.864213705062866
83.45167326927185
1.4066696166992188e-05
33.90901041030884
27.322087049484253
1.621246337890625e-05
39.97774362564087
27.14156198501587
26.983960390090942
34.32061147689819
0.00010156631469726562
102.00346612930298
60.009819984436035
2.6226043701171875e-05
2.0503997802734375e-05
114.04396963119507
27.22720217704773
2.384185791015625e-05
6.580352783203125e-05
120.81651496887207
60.63088274002075
1.7404556274414062e-05
42.71999716758728
3.910064697265625e-05
60.832886695861816
53.26717567443848
33.9453022480011
67.41473984718323
119.31851267814636
1.8596649169921875e-05
119.9486951828003
1.5735626220703125e-05
1.4543533325195312e-05
4.935264587402344e-05
3.147125244140625e-05
1.811981201171875e-05
9.894371032714844e-05
8.519413232803345
4.553794860839844e-05
7.010206937789917
0.00011610984802246094
2.8848648071289062e-05
6.345378160476685
6.322778224945068
46.79123663902283
39.367183685302734
68.27349925041199
60.83505964279175
2.1457672119140625e-05
59.17662215232849
1.811981201171875e-05
1.9788742065429688e-05
1.7642974853515625e-05
37.35780930519104
1.7881393432617188e-05
42.95274615287781
23.854252815246582
2.002716064453125e-05
27.15951442718506
17.020219326019287
1.52587890625e-05
7.963180541992188e-05
1.9311904907226562e-05
2.002716064453125e-05
9.822845458984375e-05
1.9788742065429688e-05
3.457069396972656e-05
55.59743404388428
6.918129920959473
52.6031494140625
66.79322838783264
13.148288488388062
27.80509305000305
34.23007655143738
58.49431920051575
6.904281854629517
15.483120679855347
2.765655517578125e-05
29.54928684234619
31.75797724723816
2.7179718017578125e-05
4.3392181396484375e-05
4.220008850097656e-05
91.23655104637146
81.12552547454834
36.37090182304382
29.29028344154358
103.28508400917053
77.43575310707092
102.55635690689087
0.000110626220703125
38.470189571380615
1.4781951904296875e-05
66.26474499702454
80.52093076705933
74.75330996513367
62.22255992889404
67.79232978820801
31.123209953308105
4.601478576660156e-05
81.85821914672852
18.998496294021606
41.116487979888916
66.70722603797913
2.1696090698242188e-05
4.220008850097656e-05
6.696017026901245
13.449994564056396
0.00012755393981933594
66.4697437286377
60.89852833747864
126.70873951911926
26.869373559951782
177.23417806625366
1.4543533325195312e-05
27.03936505317688
48.66576623916626
14.354921817779541
1.8835067749023438e-05
26.977391958236694
1.5020370483398438e-05
1.5735626220703125e-05
2.7179718017578125e-05
75.47832202911377
27.672723531723022
0.00019168853759765625
16.39639949798584
1.33514404296875e-05
6.215381383895874
24.69714879989624
61.25681662559509
11.932946920394897
1.5974044799804688e-05
2.7894973754882812e-05
6.658182859420776
20.236786603927612
74.67827892303467
3.361701965332031e-05
96.79539203643799
4.506111145019531e-05
3.218650817871094e-05
27.32524299621582
80.53963208198547
80.18052911758423
40.27175569534302
80.48756861686707
14.735023021697998
72.23139810562134
68.61574411392212
1.5497207641601562e-05
1.33514404296875e-05
107.67283153533936
27.271414756774902
29.483661651611328
53.480401277542114
66.74761986732483
177.5853168964386
38.224950075149536
27.060711145401
26.54211926460266
1.2636184692382812e-05
53.020831823349
13.51323127746582
1.3589859008789062e-05
7.962372779846191
1.5497207641601562e-05
1.5974044799804688e-05
20.869088649749756
61.8194797039032
40.000120878219604
15.121765375137329
3.1948089599609375e-05
3.4332275390625e-05
2.288818359375e-05
111.5755684375763
93.49696135520935
3.910064697265625e-05
27.16996693611145
128.35291647911072
2.193450927734375e-05
1.9550323486328125e-05
9.322166442871094e-05
2.1696090698242188e-05
2.0503997802734375e-05
96.17103099822998
27.3686945438385
62.26293754577637
1.2874603271484375e-05
9.862430095672607
87.42150664329529
151.30743765830994
178.36221551895142
26.075304746627808
5.173683166503906e-05
79.51812028884888
26.836865425109863
27.085847854614258
1.5735626220703125e-05
12.967326641082764
8.678436279296875e-05
2.3603439331054688e-05
35.23811650276184
99.77437233924866
34.01568078994751
48.49634599685669
101.1753740310669
1.3828277587890625e-05
135.3841154575348
27.07762050628662
67.93996167182922
1.5735626220703125e-05
8.296966552734375e-05
66.31187558174133
9.703636169433594e-05
6.498723745346069
7.512011766433716
143.1143844127655
13.098577499389648
27.183468341827393
34.48515176773071
82.08864951133728
2.3126602172851562e-05
41.14369606971741
112.36823391914368
2.8848648071289062e-05
130.82378268241882
2.288818359375e-05
141.33989477157593
120.4026997089386
9.5367431640625e-05
27.692079782485962
75.25211000442505
39.75855541229248
20.24721360206604
30.61660623550415
89.25249242782593
91.01400876045227
1.5735626220703125e-05
89.4075379371643
80.75267028808594
34.45904994010925
87.4029495716095
1.6927719116210938e-05
60.044883728027344
23.10734462738037
39.11906719207764
0.00011754035949707031
25.87641167640686
48.886215925216675
3.552436828613281e-05
94.98104882240295
1.5974044799804688e-05
6.46637487411499
4.1961669921875e-05
7.147454261779785
27.254920721054077
66.59549260139465
1.4781951904296875e-05
108.58478379249573
1.4066696166992188e-05
8.916854858398438e-05
95.97781157493591
4.9591064453125e-05
2.9087066650390625e-05
27.67429232597351
1.5497207641601562e-05
54.078311920166016
27.392592668533325
6.971220016479492
8.749961853027344e-05
1.52587890625e-05
1.4781951904296875e-05
109.24692440032959
1.5974044799804688e-05
7.533096790313721
40.04173541069031
1.3828277587890625e-05
3.0040740966796875e-05
4.887580871582031e-05
14.759725093841553
47.90435194969177
1.4066696166992188e-05
17.0493426322937
1.71661376953125e-05
20.44566011428833
3.886222839355469e-05
1.9788742065429688e-05
5.5789947509765625e-05
21.091809272766113
3.647804260253906e-05
2.1457672119140625e-05
2.9325485229492188e-05
7.62487268447876
27.01260995864868
101.01856780052185
13.336922883987427
74.70833373069763
27.207961559295654
33.7844181060791
89.61703038215637
68.23877453804016
2.193450927734375e-05
1.7404556274414062e-05
2.5272369384765625e-05
54.574920654296875
75.36534667015076
1.52587890625e-05
149.81590819358826
2.6226043701171875e-05
7.368451356887817
20.318268060684204
1.1682510375976562e-05
3.1948089599609375e-05
2.6702880859375e-05
35.33762812614441
1.239776611328125e-05
4.410743713378906e-05
2.9325485229492188e-05
26.712769269943237
40.55034375190735
55.8614661693573
27.211890697479248
84.51409459114075
20.021406173706055
2.86102294921875e-05
41.564409494400024
54.38006329536438
4.982948303222656e-05
2.574920654296875e-05
96.33514738082886
19.55603265762329
5.316734313964844e-05
1.5497207641601562e-05
34.78712606430054
35.0607213973999
5.4836273193359375e-05
61.72816610336304
5.125999450683594e-05
3.170967102050781e-05
27.384279012680054
101.62794041633606
3.457069396972656e-05
4.553794860839844e-05
27.182287454605103
27.485997676849365
95.63631916046143
2.9087066650390625e-05
3.719329833984375e-05
2.956390380859375e-05
15.52394151687622
4.3392181396484375e-05
13.029204368591309
2.2172927856445312e-05
122.40648412704468
7.530025482177734
104.49135875701904
9.655952453613281e-05
170.67068004608154
21.26236343383789
34.755826234817505
70.02475953102112
0.00010752677917480469
2.8133392333984375e-05
2.5510787963867188e-05
9.870529174804688e-05
2.5510787963867188e-05
31.225001573562622
2.384185791015625e-05
61.32870936393738
2.2172927856445312e-05
30.884827852249146
46.921191453933716
4.1484832763671875e-05
54.373228788375854
83.75831723213196
27.221716165542603
147.72182536125183
1.4781951904296875e-05
111.31690311431885
15.745128154754639
0.00010991096496582031
41.03522324562073
27.397006034851074
3.3855438232421875e-05
3.62396240234375e-05
31.084801197052002
27.26358413696289
2.09808349609375e-05
165.70868849754333
3.0517578125e-05
110.27560186386108
13.806244134902954
3.123283386230469e-05
101.93477606773376
2.5305867195129395
4.9114227294921875e-05
1.8596649169921875e-05
5.1975250244140625e-05
2.4080276489257812e-05
6.246566772460938e-05
12.815067529678345
67.92899656295776
3.504753112792969e-05
55.610284090042114
2.2411346435546875e-05
7.2660980224609375
110.48525333404541
14.247697114944458
47.43071246147156
2.6941299438476562e-05
2.5510787963867188e-05
70.1363365650177
3.933906555175781e-05
2.47955322265625e-05
62.17979645729065
6.506560564041138
88.96579670906067
15.475881099700928
2.47955322265625e-05
27.301958322525024
27.90008807182312
1.430511474609375e-05
81.2929368019104
5.7220458984375e-05
2.0265579223632812e-05
27.670562982559204
1.3828277587890625e-05
87.88537907600403
1.8835067749023438e-05
2.86102294921875e-05
62.05160331726074
83.53502464294434
2.9087066650390625e-05
14.448216676712036
45.63078856468201
3.337860107421875e-05
3.0040740966796875e-05
14.775986194610596
3.504753112792969e-05
4.6253204345703125e-05
3.2901763916015625e-05
36.34921407699585
28.200231075286865
12.706943988800049
2.5987625122070312e-05
6.318092346191406e-05
116.63883137702942
130.04584074020386
1.5020370483398438e-05
27.48708963394165
9.036064147949219e-05
27.405415773391724
1.4066696166992188e-05
3.933906555175781e-05
109.3794949054718
1.4781951904296875e-05
111.32959222793579
28.811312198638916
81.92086219787598
18.5866436958313
62.21929621696472
143.47928929328918
70.21533966064453
69.31485509872437
3.790855407714844e-05
3.0279159545898438e-05
3.123283386230469e-05
206.17212462425232
2.5033950805664062e-05
2.193450927734375e-05
26.021660089492798
27.435988426208496
1.4066696166992188e-05
2.1696090698242188e-05
54.221025228500366
27.614500999450684
1.3828277587890625e-05
3.409385681152344e-05
8.797505617141724
14.489274501800537
27.797581911087036
8.897466659545898
89.41698050498962
27.377352476119995
0.00011801719665527344
0.00012111663818359375
1.9788742065429688e-05
3.910064697265625e-05
2.86102294921875e-05
33.90953254699707
27.363954782485962
1.3589859008789062e-05
7.82012939453125e-05
94.89058423042297
7.82012939453125e-05
3.147125244140625e-05
2.0742416381835938e-05
139.325834274292
3.600120544433594e-05
12.754793167114258
165.1752851009369
3.4332275390625e-05
5.7697296142578125e-05
68.3663580417633
3.0279159545898438e-05
2.7894973754882812e-05
40.81444001197815
9.608268737792969e-05
34.778985023498535
27.32581663131714
27.310465097427368
4.9591064453125e-05
76.24714756011963
27.688978672027588
187.15443015098572
28.19959783554077
2.6226043701171875e-05
124.01711106300354
2.86102294921875e-05
9.131431579589844e-05
3.1948089599609375e-05
164.8493092060089
1.430511474609375e-05
2.9802322387695312e-05
34.23559260368347
3.1948089599609375e-05
18.585060119628906
159.61279392242432
30.260634422302246
68.88056182861328
1.4781951904296875e-05
7.619029998779297
9.584426879882812e-05
8.106231689453125e-06
1.5974044799804688e-05
63.03396034240723
2.8848648071289062e-05
68.28011417388916
48.41030168533325
14.549315690994263
22.134761810302734
3.743171691894531e-05
4.3392181396484375e-05
1.6927719116210938e-05
2.09808349609375e-05
13.122514724731445
109.6502616405487
27.322688579559326
1.4781951904296875e-05
3.170967102050781e-05
54.847209453582764
21.47749400138855
122.83070087432861
34.94885277748108
4.8160552978515625e-05
27.42608332633972
27.438740015029907
9.584426879882812e-05
48.32998514175415
2.0265579223632812e-05
2.1696090698242188e-05
1.9788742065429688e-05
27.504925966262817
156.31865286827087
1.4781951904296875e-05
2.1219253540039062e-05
3.147125244140625e-05
55.1035943031311
2.2172927856445312e-05
27.315715789794922
1.621246337890625e-05
1.4543533325195312e-05
75.35356116294861
188.4765169620514
1.5735626220703125e-05
6.753567457199097
1.811981201171875e-05
68.55889821052551
27.522846698760986
1.4543533325195312e-05
1.8358230590820312e-05
6.465190410614014
27.319045066833496
1.52587890625e-05
41.00832438468933
62.19483280181885
0.00011682510375976562
145.38233852386475
1.33514404296875e-05
14.347630262374878
38.04201912879944
7.215573310852051
4.76837158203125e-05
22.01229691505432
62.02641415596008
27.3958797454834
68.64574480056763
3.981590270996094e-05
21.381152391433716
2.1696090698242188e-05
94.78089237213135
9.799003601074219e-05
179.54504370689392
0.00011849403381347656
27.670488595962524
82.98520374298096
96.48515057563782
164.06168866157532
9.584426879882812e-05
7.482118606567383
0.00010848045349121094
7.041614294052124
1.4543533325195312e-05
2.193450927734375e-05
27.279441833496094
1.621246337890625e-05
20.12388300895691
1.33514404296875e-05
2.8371810913085938e-05
34.778250217437744
9.584426879882812e-05
121.86340713500977
2.9325485229492188e-05
35.88355040550232
14.637083292007446
29.35561490058899
67.00246810913086
53.39431619644165
3.4809112548828125e-05
4.220008850097656e-05
64.68634009361267
27.820106744766235
2.2649765014648438e-05
6.70349383354187
6.282525300979614
27.449361324310303
1.5497207641601562e-05
34.60012149810791
1.4781951904296875e-05
133.40332221984863
2.6941299438476562e-05
82.82009053230286
129.9671506881714
2.765655517578125e-05
3.814697265625e-05
3.719329833984375e-05
2.3365020751953125e-05
29.694161653518677
15.674554586410522
72.1630311012268
1.5497207641601562e-05
27.8685519695282
1.5020370483398438e-05
21.184590101242065
9.870529174804688e-05
1.4781951904296875e-05
2.288818359375e-05
1.52587890625e-05
2.47955322265625e-05
54.341201066970825
8.59121060371399
129.8924732208252
13.622978210449219
2.1219253540039062e-05
27.41077709197998
1.4066696166992188e-05
160.2169861793518
40.331074237823486
115.99603748321533
7.0394909381866455
1.2874603271484375e-05
2.956390380859375e-05
64.08544731140137
2.574920654296875e-05
115.43626165390015
1.6450881958007812e-05
20.17187809944153
76.58124661445618
3.0517578125e-05
41.01419687271118
27.369990587234497
1.5735626220703125e-05
1.1920928955078125e-05
7.1470723152160645
108.51699495315552
22.094467639923096
1.4781951904296875e-05
1.5020370483398438e-05
47.883971214294434
27.380715370178223
59.15771126747131
2.5072872638702393
81.58901500701904
27.33395504951477
4.935264587402344e-05
3.0994415283203125e-05
4.00543212890625e-05
41.61971116065979
37.666218280792236
4.38690185546875e-05
6.536551237106323
27.659664392471313
55.67486810684204
0.0001246929168701172
3.218650817871094e-05
2.193450927734375e-05
4.1961669921875e-05
187.71270370483398
186.88489603996277
3.886222839355469e-05
13.723044872283936
26.63260006904602
87.89873600006104
100.05779719352722
48.33323121070862
9.465217590332031e-05
2.1219253540039062e-05
101.5908875465393
53.36690926551819
2.6941299438476562e-05
28.853086709976196
137.9728057384491
83.53694462776184
7.963180541992188e-05
32.325666666030884
3.790855407714844e-05
1.7881393432617188e-05
34.62499213218689
0.00010919570922851562
26.948948621749878
88.2211856842041
27.210330724716187
9.322166442871094e-05
8.821487426757812e-06
15.991366147994995
67.1990795135498
5.698204040527344e-05
2.4557113647460938e-05
87.25264477729797
26.21498203277588
3.24249267578125e-05
69.02283143997192
34.221596002578735
2.0742416381835938e-05
1.3113021850585938e-05
34.36925268173218
7.0121870040893555
1.33514404296875e-05
2.2411346435546875e-05
27.460121154785156
1.3589859008789062e-05
117.07905292510986
95.2209153175354
1.3589859008789062e-05
6.228391170501709
68.59323501586914
1.3589859008789062e-05
47.17785358428955
54.41799354553223
26.863543272018433
4.00543212890625e-05
94.20030093193054
80.63154006004333
8.390402555465698
52.27200984954834
26.89714241027832
9.584426879882812e-05
7.867813110351562e-05
59.57289171218872
88.1399347782135
27.64510989189148
1.5020370483398438e-05
9.679794311523438e-05
27.208044052124023
6.6907689571380615
1.3113021850585938e-05
6.577157020568848
14.425530672073364
1.239776611328125e-05
1.3589859008789062e-05
82.47070288658142
33.53891396522522
53.8239107131958
26.920839071273804
47.33425426483154
34.01180410385132
74.7591643333435
26.61718773841858
9.584426879882812e-05
9.298324584960938e-06
74.68391585350037
1.6450881958007812e-05
58.75137209892273
3.2901763916015625e-05
27.278441190719604
42.037187814712524
2.3126602172851562e-05
1.9073486328125e-05
2.7418136596679688e-05
2.5272369384765625e-05
6.400824546813965
3.6716461181640625e-05
2.2172927856445312e-05
1.811981201171875e-05
115.41223287582397
1.33514404296875e-05
1.6927719116210938e-05
94.8773672580719
7.749617099761963
26.770535707473755
27.08659267425537
13.557861566543579
0.00010037422180175781
105.89679622650146
26.766237020492554
1.5497207641601562e-05
58.59704089164734
53.356815338134766
117.56615376472473
13.262975931167603
3.528594970703125e-05
25.88918924331665
9.560585021972656e-05
26.949451684951782
39.44861555099487
53.27637481689453
3.8623809814453125e-05
142.0625250339508
12.776928663253784
9.942054748535156e-05
59.31407809257507
26.841896533966064
1.52587890625e-05
19.343194723129272
1.3828277587890625e-05
2.2411346435546875e-05
8.424610376358032
26.630953311920166
9.584426879882812e-05
34.165836811065674
1.2159347534179688e-05
26.596399545669556
26.593862056732178
2.2411346435546875e-05
8.20159912109375e-05
27.484192609786987
1.4781951904296875e-05
13.408416509628296
27.043916940689087
4.2438507080078125e-05
76.82551717758179
6.920815706253052
27.162238836288452
26.80160641670227
26.9192214012146
1.5735626220703125e-05
2.2411346435546875e-05
73.24260258674622
1.5020370483398438e-05
25.560150623321533
97.53905010223389
26.9098699092865
34.097378730773926
33.3892343044281
23.043049573898315
35.69400358200073
0.00010037422180175781
3.814697265625e-05
