0 8.20159912109375e-05
50 5.245208740234375e-05
100 140.14523029327393
150 0.00015854835510253906
200 0.00013184547424316406
250 0.00013184547424316406
300 140.6018145084381
350 131.79017972946167
400 5.269050598144531e-05
450 2.6702880859375e-05
500 2.5033950805664062e-05
550 2.2411346435546875e-05
600 113.07985997200012
650 2.384185791015625e-05
700 1.1920928955078125e-05
750 142.51917386054993
800 0.0001442432403564453
850 0.00012755393981933594
900 125.4516487121582
950 0.00021600723266601562
1000 0.0001583099365234375
1050 139.6113042831421
1100 2.574920654296875e-05
1150 126.19232773780823
1200 4.6253204345703125e-05
1250 133.40954661369324
1300 137.98589658737183
1350 6.4849853515625e-05
1400 3.790855407714844e-05
1450 3.3855438232421875e-05
1500 145.19519209861755
1550 146.770183801651
1600 2.7418136596679688e-05
1650 1.5735626220703125e-05
1700 1.8358230590820312e-05
1750 142.89222383499146
1800 0.0002028942108154297
1850 0.00019121170043945312
1900 0.00017881393432617188
1950 0.00018072128295898438
2000 0.00018024444580078125
2050 0.0001811981201171875
2100 0.00017571449279785156
2150 0.0002052783966064453
2200 0.0001780986785888672
2250 0.0001780986785888672
2300 129.53778433799744
2350 2.6702880859375e-05
2400 1.8835067749023438e-05
2450 2.1457672119140625e-05
2500 145.8498179912567
2550 4.1484832763671875e-05
2600 105.6308479309082
2650 142.57464909553528
2700 0.00015115737915039062
2750 118.4176197052002
2800 131.6591682434082
2850 0.0001990795135498047
2900 0.00018167495727539062
2950 0.0001823902130126953
3000 0.0002143383026123047
3050 149.70140099525452
3100 135.81184577941895
3150 0.0001995563507080078
3200 140.0567328929901
3250 3.266334533691406e-05
3300 2.0742416381835938e-05
3350 72.6751081943512
3400 0.0002014636993408203
3450 137.88873147964478
3500 3.528594970703125e-05
3550 1.4781951904296875e-05
3600 1.4543533325195312e-05
3650 2.3603439331054688e-05
3700 141.30420327186584
3750 133.62936735153198
3800 129.50265216827393
3850 0.00019812583923339844
3900 126.91080617904663
3950 121.69054102897644
4000 5.459785461425781e-05
4050 2.8371810913085938e-05
4100 2.4318695068359375e-05
4150 135.77165937423706
4200 125.57402348518372
4250 0.00017261505126953125
4300 134.96619510650635
4350 4.839897155761719e-05
4400 100.1504111289978
4450 2.6226043701171875e-05
4500 135.8076400756836
4550 124.71926236152649
4600 125.2707371711731
4650 123.61743474006653
4700 2.6226043701171875e-05
4750 138.43614315986633
4800 4.1961669921875e-05
4850 2.5510787963867188e-05
4900 134.89820837974548
4950 0.00018334388732910156
5000 134.57711338996887
5050 0.000152587890625
5100 0.00011396408081054688
5150 141.73436379432678
5200 2.8371810913085938e-05
5250 143.95905256271362
5300 142.5066261291504
5350 126.04493689537048
5400 0.0001971721649169922
5450 139.1624882221222
5500 4.315376281738281e-05
5550 140.37097311019897
5600 3.314018249511719e-05
5650 137.60623216629028
5700 5.173683166503906e-05
5750 128.05122995376587
5800 4.553794860839844e-05
5850 2.9802322387695312e-05
5900 126.96767210960388
5950 115.06343269348145
6000 0.00025153160095214844
6050 0.00013875961303710938
6100 0.0001270771026611328
6150 0.0001227855682373047
6200 0.00012040138244628906
6250 7.2479248046875e-05
6300 124.79640078544617
6350 138.09253573417664
6400 0.00021076202392578125
6450 0.00019359588623046875
6500 139.06660914421082
6550 136.58013796806335
6600 3.910064697265625e-05
6650 2.09808349609375e-05
6700 1.7404556274414062e-05
6750 1.5020370483398438e-05
6800 1.71661376953125e-05
6850 135.66410756111145
6900 3.7670135498046875e-05
6950 2.4080276489257812e-05
7000 2.5510787963867188e-05
7050 2.4318695068359375e-05
7100 3.504753112792969e-05
7150 138.00372576713562
7200 134.56027388572693
7250 4.3392181396484375e-05
7300 3.2901763916015625e-05
7350 3.743171691894531e-05
7400 3.24249267578125e-05
7450 130.47151160240173
7500 8.320808410644531e-05
7550 131.42267537117004
7600 136.7414801120758
7650 0.00017309188842773438
7700 127.25977373123169
7750 125.21448731422424
7800 136.98284244537354
7850 131.9243414402008
7900 134.92305493354797
7950 141.41061639785767
8000 143.79395651817322
8050 4.76837158203125e-05
8100 142.38697576522827
8150 4.76837158203125e-05
8200 130.0269331932068
8250 5.5789947509765625e-05
8300 137.1905481815338
8350 5.221366882324219e-05
8400 3.075599670410156e-05
8450 3.0040740966796875e-05
8500 3.075599670410156e-05
8550 141.82309651374817
8600 137.96728372573853
8650 0.00017547607421875
8700 138.8378942012787
8750 126.55748105049133
8800 140.65520358085632
8850 137.8426547050476
8900 134.94931507110596
8950 6.031990051269531e-05
9000 4.076957702636719e-05
9050 2.4557113647460938e-05
9100 2.7179718017578125e-05
9150 2.6941299438476562e-05
9200 2.574920654296875e-05
9250 131.3217852115631
9300 3.62396240234375e-05
9350 136.689679145813
9400 133.67826509475708
9450 4.601478576660156e-05
9500 3.4809112548828125e-05
9550 136.67340397834778
9600 4.506111145019531e-05
9650 2.574920654296875e-05
9700 1.9550323486328125e-05
9750 127.77328991889954
9800 2.86102294921875e-05
9850 1.71661376953125e-05
9900 1.6927719116210938e-05
9950 122.43044567108154
10000 139.30708742141724
10050 143.14520478248596
10100 142.83481311798096
10150 132.82783007621765
10200 147.17841935157776
10250 144.0592725276947
10300 143.20072197914124
10350 145.3836441040039
10400 141.59623456001282
10450 5.7697296142578125e-05
10500 133.41251492500305
10550 138.42046856880188
10600 4.673004150390625e-05
10650 3.0517578125e-05
10700 135.880375623703
10750 129.12891268730164
10800 135.1219801902771
10850 2.5033950805664062e-05
10900 1.5020370483398438e-05
10950 140.15572667121887
11000 142.5514543056488
11050 4.124641418457031e-05
11100 2.6702880859375e-05
11150 143.52931928634644
11200 2.7418136596679688e-05
11250 89.68232822418213
11300 137.4001429080963
11350 134.4808337688446
11400 135.91641569137573
11450 129.32807993888855
11500 121.97968339920044
11550 5.9604644775390625e-05
11600 2.5510787963867188e-05
11650 139.35641765594482
11700 3.218650817871094e-05
11750 1.9073486328125e-05
11800 1.8596649169921875e-05
11850 1.8596649169921875e-05
11900 133.77227687835693
11950 2.3603439331054688e-05
12000 1.1682510375976562e-05
12050 136.4093954563141
12100 114.65434241294861
12150 118.49291801452637
12200 0.00016546249389648438
12250 6.961822509765625e-05
12300 1.8358230590820312e-05
12350 1.33514404296875e-05
12400 116.27002477645874
12450 122.95936942100525
12500 2.6702880859375e-05
12550 2.1457672119140625e-05
12600 143.40047359466553
12650 136.94944524765015
12700 133.99803709983826
12750 5.269050598144531e-05
12800 2.3126602172851562e-05
12850 1.4781951904296875e-05
12900 135.51025009155273
12950 109.36810827255249
13000 137.7176148891449
13050 74.1727180480957
13100 0.0001685619354248047
13150 0.00014853477478027344
13200 131.3970456123352
13250 4.887580871582031e-05
13300 140.96509051322937
13350 144.62865614891052
13400 5.984306335449219e-05
13450 3.504753112792969e-05
13500 3.123283386230469e-05
13550 3.24249267578125e-05
13600 3.0994415283203125e-05
13650 3.266334533691406e-05
13700 3.170967102050781e-05
13750 0.0003025531768798828
13800 0.00017976760864257812
13850 0.00019884109497070312
13900 141.6295928955078
13950 139.47587418556213
14000 3.838539123535156e-05
14050 2.4557113647460938e-05
14100 2.4318695068359375e-05
14150 2.193450927734375e-05
14200 2.2172927856445312e-05
14250 145.00891208648682
14300 4.0531158447265625e-05
14350 142.12664604187012
14400 2.6464462280273438e-05
14450 146.6876323223114
14500 141.31610679626465
14550 0.00020074844360351562
14600 0.00017881393432617188
14650 0.00016808509826660156
14700 0.00019621849060058594
14750 0.0001697540283203125
14800 143.02971982955933
14850 2.956390380859375e-05
14900 1.7404556274414062e-05
14950 135.95360708236694
15000 0.0002315044403076172
15050 0.00012040138244628906
15100 105.85578417778015
15150 1.6450881958007812e-05
15200 8.58306884765625e-06
15250 89.81518959999084
15300 123.87482285499573
15350 2.6941299438476562e-05
15400 129.65457916259766
15450 4.8160552978515625e-05
15500 2.288818359375e-05
15550 129.4634566307068
15600 1.7642974853515625e-05
15650 140.29664134979248
15700 133.80954599380493
15750 133.16465711593628
15800 3.218650817871094e-05
15850 2.0503997802734375e-05
15900 145.5160529613495
15950 126.23016476631165
16000 6.699562072753906e-05
16050 132.48237442970276
16100 5.078315734863281e-05
16150 2.4080276489257812e-05
16200 2.4080276489257812e-05
16250 3.4332275390625e-05
16300 4.57763671875e-05
16350 3.695487976074219e-05
16400 3.0279159545898438e-05
16450 1.4066696166992188e-05
16500 122.66138219833374
16550 3.314018249511719e-05
16600 2.0265579223632812e-05
16650 118.5893349647522
16700 2.384185791015625e-05
16750 91.39016389846802
16800 124.8803243637085
16850 94.87111735343933
16900 4.744529724121094e-05
16950 2.86102294921875e-05
17000 2.2411346435546875e-05
17050 129.4017972946167
17100 115.40938758850098
17150 3.9577484130859375e-05
17200 4.267692565917969e-05
17250 1.0967254638671875e-05
17300 97.96745419502258
17350 141.42497944831848
17400 144.591135263443
17450 0.000202178955078125
17500 0.00032711029052734375
17550 0.00019598007202148438
17600 141.1938660144806
17650 0.0001862049102783203
17700 0.0001735687255859375
17750 141.60181093215942
17800 0.0002677440643310547
17850 136.10291194915771
17900 0.00015234947204589844
17950 0.00013637542724609375
18000 0.00013494491577148438
18050 0.0001354217529296875
18100 0.000133514404296875
18150 0.000133514404296875
18200 139.83499002456665
18250 3.218650817871094e-05
18300 137.21741580963135
18350 4.4345855712890625e-05
18400 142.951176404953
18450 0.0002200603485107422
18500 3.600120544433594e-05
18550 3.3855438232421875e-05
18600 138.87780666351318
18650 148.88396334648132
18700 4.267692565917969e-05
18750 0.0001964569091796875
18800 123.64273071289062
18850 2.2172927856445312e-05
18900 84.00056719779968
18950 3.0517578125e-05
19000 117.46444630622864
19050 0.00014162063598632812
19100 0.0001430511474609375
19150 0.0001277923583984375
19200 88.32864451408386
19250 4.2438507080078125e-05
19300 3.123283386230469e-05
19350 3.4332275390625e-05
19400 2.8371810913085938e-05
19450 2.86102294921875e-05
19500 126.90032696723938
19550 3.147125244140625e-05
19600 1.8596649169921875e-05
19650 114.29103946685791
19700 0.0001361370086669922
19750 0.00013065338134765625
19800 0.00012731552124023438
19850 0.00012636184692382812
19900 0.00012421607971191406
19950 0.00012350082397460938
20000 118.52852988243103
20050 3.4332275390625e-05
20100 1.9073486328125e-05
20150 1.811981201171875e-05
20200 1.8596649169921875e-05
20250 118.34561848640442
20300 122.28278994560242
20350 3.981590270996094e-05
20400 1.9550323486328125e-05
20450 118.11104011535645
20500 108.64102983474731
20550 132.58819699287415
20600 136.10098671913147
20650 0.00013971328735351562
20700 0.00011587142944335938
20750 0.00011897087097167969
20800 0.00011706352233886719
20850 122.1470160484314
20900 2.6941299438476562e-05
20950 1.6689300537109375e-05
21000 87.50910425186157
21050 98.41674280166626
21100 132.25911211967468
21150 0.00013971328735351562
21200 4.9114227294921875e-05
21250 0.00020933151245117188
21300 0.00015854835510253906
21350 0.00015616416931152344
21400 0.0001697540283203125
21450 0.0001513957977294922
21500 142.03682494163513
21550 2.6941299438476562e-05
21600 1.9073486328125e-05
21650 127.84001612663269
21700 140.17654466629028
21750 4.029273986816406e-05
21800 3.075599670410156e-05
21850 2.384185791015625e-05
21900 3.0517578125e-05
21950 2.4557113647460938e-05
22000 132.60744500160217
22050 146.89618229866028
22100 4.3392181396484375e-05
22150 2.5510787963867188e-05
22200 2.5033950805664062e-05
22250 2.7894973754882812e-05
22300 2.47955322265625e-05
22350 2.193450927734375e-05
22400 4.00543212890625e-05
22450 2.7418136596679688e-05
22500 6.29425048828125e-05
22550 2.5033950805664062e-05
22600 1.2636184692382812e-05
22650 1.239776611328125e-05
22700 139.33663487434387
22750 4.363059997558594e-05
22800 3.0279159545898438e-05
22850 146.01125574111938
22900 149.68662285804749
22950 4.6253204345703125e-05
23000 3.814697265625e-05
23050 3.528594970703125e-05
23100 149.4425027370453
23150 3.266334533691406e-05
23200 1.9073486328125e-05
23250 2.2172927856445312e-05
23300 2.2411346435546875e-05
23350 1.9311904907226562e-05
23400 1.9311904907226562e-05
23450 1.9073486328125e-05
23500 1.9550323486328125e-05
23550 1.9073486328125e-05
23600 1.9550323486328125e-05
23650 140.453595161438
23700 0.00021767616271972656
23750 4.76837158203125e-05
23800 141.2206678390503
23850 148.03106212615967
23900 139.7620551586151
23950 5.316734313964844e-05
24000 3.0040740966796875e-05
24050 151.751873254776
24100 6.031990051269531e-05
24150 142.82843017578125
24200 4.601478576660156e-05
24250 147.3349368572235
24300 3.314018249511719e-05
24350 144.84569931030273
24400 117.96370649337769
24450 0.0001881122589111328
24500 133.5743703842163
24550 3.838539123535156e-05
24600 145.39230680465698
24650 0.000232696533203125
24700 0.00017499923706054688
24750 0.00019073486328125
24800 131.2918303012848
24850 2.09808349609375e-05
24900 1.33514404296875e-05
24950 8.106231689453125e-06
25000 3.647804260253906e-05
25050 3.0040740966796875e-05
25100 1.9788742065429688e-05
25150 2.09808349609375e-05
25200 120.05057096481323
25250 3.600120544433594e-05
25300 136.06874990463257
25350 4.315376281738281e-05
25400 3.075599670410156e-05
25450 2.6464462280273438e-05
25500 1.9550323486328125e-05
25550 129.33352661132812
25600 3.409385681152344e-05
25650 129.52508211135864
25700 0.00015211105346679688
25750 0.0001227855682373047
25800 0.00012254714965820312
25850 0.00013327598571777344
25900 0.00012230873107910156
25950 0.00012159347534179688
26000 0.00012040138244628906
26050 0.00012230873107910156
26100 0.0001239776611328125
26150 129.47802877426147
26200 0.000194549560546875
26250 151.27775359153748
26300 4.076957702636719e-05
26350 2.002716064453125e-05
26400 1.9788742065429688e-05
26450 1.9788742065429688e-05
26500 1.9311904907226562e-05
26550 2.0265579223632812e-05
26600 1.9788742065429688e-05
26650 2.5033950805664062e-05
26700 132.83002853393555
26750 149.99279832839966
26800 0.0001995563507080078
26850 140.29893803596497
26900 4.1484832763671875e-05
26950 121.93827366828918
27000 0.0001537799835205078
27050 0.0001232624053955078
27100 0.00012063980102539062
27150 0.00012135505676269531
27200 0.00012421607971191406
27250 0.00012373924255371094
27300 0.0001239776611328125
27350 0.00012159347534179688
27400 0.00011849403381347656
27450 0.00012302398681640625
27500 0.00012874603271484375
27550 2.5033950805664062e-05
27600 1.9788742065429688e-05
27650 7.796287536621094e-05
27700 148.21742868423462
27750 0.00020241737365722656
27800 0.00018405914306640625
27850 0.0002167224884033203
27900 0.00019073486328125
27950 0.00021147727966308594
28000 0.00018334388732910156
28050 0.00018739700317382812
28100 0.000186920166015625
28150 0.00019502639770507812
28200 108.20451927185059
28250 0.00023174285888671875
28300 151.2488944530487
28350 4.100799560546875e-05
28400 2.288818359375e-05
28450 2.6702880859375e-05
28500 2.2172927856445312e-05
28550 2.1457672119140625e-05
28600 2.1696090698242188e-05
28650 148.33730053901672
28700 4.267692565917969e-05
28750 130.77193140983582
28800 3.504753112792969e-05
28850 137.60377502441406
28900 123.99334073066711
28950 2.765655517578125e-05
29000 1.71661376953125e-05
29050 1.7404556274414062e-05
29100 126.27321290969849
29150 3.457069396972656e-05
29200 1.5497207641601562e-05
29250 1.5974044799804688e-05
29300 2.6226043701171875e-05
29350 1.2874603271484375e-05
29400 1.3828277587890625e-05
29450 1.049041748046875e-05
29500 1.0251998901367188e-05
29550 1.0251998901367188e-05
29600 1.049041748046875e-05
29650 133.1741235256195
29700 4.0531158447265625e-05
29750 2.6941299438476562e-05
29800 2.1696090698242188e-05
29850 2.1457672119140625e-05
29900 2.1457672119140625e-05
29950 2.1696090698242188e-05
30000 0.0001227855682373047
30050 3.0517578125e-05
30100 2.4318695068359375e-05
30150 2.4557113647460938e-05
30200 138.96822309494019
30250 4.458427429199219e-05
30300 3.8623809814453125e-05
30350 3.075599670410156e-05
30400 3.5762786865234375e-05
30450 3.0517578125e-05
30500 143.6670801639557
30550 5.793571472167969e-05
30600 3.4332275390625e-05
30650 146.9710304737091
30700 4.00543212890625e-05
30750 2.4557113647460938e-05
30800 1.8358230590820312e-05
30850 2.193450927734375e-05
30900 2.2172927856445312e-05
30950 88.40029811859131
31000 0.0001556873321533203
31050 0.000152587890625
31100 0.00014066696166992188
31150 140.37571668624878
31200 0.00016021728515625
31250 4.100799560546875e-05
31300 2.09808349609375e-05
31350 103.7473042011261
31400 5.793571472167969e-05
31450 3.552436828613281e-05
31500 3.314018249511719e-05
31550 142.5987536907196
31600 5.841255187988281e-05
31650 3.24249267578125e-05
31700 3.1948089599609375e-05
31750 3.123283386230469e-05
31800 3.409385681152344e-05
31850 150.07501220703125
31900 136.65239095687866
31950 2.8371810913085938e-05
32000 1.9073486328125e-05
32050 1.8358230590820312e-05
32100 1.8596649169921875e-05
32150 1.52587890625e-05
32200 1.8358230590820312e-05
32250 1.5974044799804688e-05
32300 146.5492980480194
32350 132.59163308143616
32400 2.2411346435546875e-05
32450 1.621246337890625e-05
32500 4.76837158203125e-05
32550 116.83817458152771
32600 126.33245849609375
32650 0.00015091896057128906
32700 3.933906555175781e-05
32750 3.4809112548828125e-05
32800 117.28415155410767
32850 146.57441067695618
32900 3.62396240234375e-05
32950 4.1484832763671875e-05
33000 146.80530190467834
33050 0.0001857280731201172
33100 0.0001633167266845703
33150 0.0001614093780517578
33200 0.00017023086547851562
33250 150.34952545166016
33300 5.078315734863281e-05
33350 134.79498314857483
33400 0.00019049644470214844
33450 0.00016951560974121094
33500 0.0001723766326904297
33550 0.00016832351684570312
33600 126.01127099990845
33650 3.123283386230469e-05
33700 124.85569143295288
33750 111.97583794593811
33800 7.271766662597656e-05
33850 143.34268593788147
33900 0.00020074844360351562
33950 0.00018715858459472656
34000 0.0001728534698486328
34050 0.00017404556274414062
34100 146.55372714996338
34150 120.03622770309448
34200 143.78189730644226
34250 0.00012493133544921875
34300 3.314018249511719e-05
34350 2.7418136596679688e-05
34400 2.7894973754882812e-05
34450 134.9039626121521
34500 138.94217371940613
34550 4.124641418457031e-05
34600 2.5272369384765625e-05
34650 2.193450927734375e-05
34700 2.8371810913085938e-05
34750 136.60595703125
34800 2.8848648071289062e-05
34850 0.00010418891906738281
34900 4.8160552978515625e-05
34950 5.1975250244140625e-05
35000 133.8802614212036
35050 5.125999450683594e-05
35100 2.6464462280273438e-05
35150 2.4080276489257812e-05
35200 133.97521138191223
35250 0.00017833709716796875
35300 127.11055874824524
35350 0.00017905235290527344
35400 0.00015473365783691406
35450 130.88740229606628
35500 126.64263844490051
35550 0.00014543533325195312
35600 0.00013065338134765625
35650 120.052086353302
35700 5.125999450683594e-05
35750 82.43008542060852
35800 0.00015854835510253906
35850 116.0958468914032
35900 5.125999450683594e-05
35950 3.5762786865234375e-05
36000 2.47955322265625e-05
36050 3.0040740966796875e-05
36100 2.765655517578125e-05
36150 2.9802322387695312e-05
36200 2.4557113647460938e-05
36250 122.30986666679382
36300 0.00019311904907226562
36350 0.00018095970153808594
36400 122.67277717590332
36450 0.0001723766326904297
36500 5.14984130859375e-05
36550 3.266334533691406e-05
36600 3.4332275390625e-05
36650 2.956390380859375e-05
36700 2.4080276489257812e-05
36750 2.3603439331054688e-05
36800 2.4318695068359375e-05
36850 7.462501525878906e-05
36900 134.36695456504822
36950 4.1484832763671875e-05
37000 2.3365020751953125e-05
37050 3.695487976074219e-05
37100 2.0265579223632812e-05
37150 100.65427422523499
37200 3.7670135498046875e-05
37250 2.2649765014648438e-05
37300 2.5987625122070312e-05
37350 2.1219253540039062e-05
37400 2.3365020751953125e-05
37450 127.14668393135071
37500 3.552436828613281e-05
37550 127.7999587059021
37600 3.814697265625e-05
37650 131.66172766685486
37700 0.00018906593322753906
37750 135.67364478111267
37800 2.1457672119140625e-05
37850 1.0728836059570312e-05
37900 133.31881260871887
37950 131.12359523773193
38000 0.00015163421630859375
38050 0.000133514404296875
38100 125.25525045394897
38150 0.00016570091247558594
38200 0.00013971328735351562
38250 124.72871923446655
38300 113.49207377433777
38350 3.504753112792969e-05
38400 103.78000330924988
38450 2.09808349609375e-05
38500 102.77698874473572
38550 4.982948303222656e-05
38600 108.9705719947815
38650 120.26144909858704
38700 2.3603439331054688e-05
38750 0.0001900196075439453
38800 0.00013446807861328125
38850 0.0001308917999267578
38900 0.00012993812561035156
38950 0.00013303756713867188
39000 129.5850236415863
39050 3.5762786865234375e-05
39100 1.6927719116210938e-05
39150 1.430511474609375e-05
39200 1.6927719116210938e-05
39250 146.50103759765625
39300 3.719329833984375e-05
39350 2.6226043701171875e-05
39400 2.3126602172851562e-05
39450 2.1457672119140625e-05
39500 2.193450927734375e-05
39550 4.100799560546875e-05
39600 140.25035953521729
39650 142.38716793060303
39700 148.563627243042
39750 2.002716064453125e-05
39800 1.1682510375976562e-05
39850 2.86102294921875e-05
39900 1.52587890625e-05
39950 1.1920928955078125e-05
40000 5.1975250244140625e-05
40050 1.621246337890625e-05
40100 129.74627828598022
40150 4.1484832763671875e-05
40200 138.11670088768005
40250 104.01497912406921
40300 0.00014591217041015625
40350 0.00012159347534179688
40400 122.97577333450317
40450 6.341934204101562e-05
40500 126.89391255378723
40550 4.029273986816406e-05
40600 4.363059997558594e-05
40650 3.814697265625e-05
40700 2.6226043701171875e-05
40750 115.00756692886353
40800 4.6253204345703125e-05
40850 2.4318695068359375e-05
40900 2.1696090698242188e-05
40950 3.314018249511719e-05
41000 98.39276766777039
41050 0.00016617774963378906
41100 0.00012922286987304688
41150 0.00013589859008789062
41200 111.71195101737976
41250 0.00014281272888183594
41300 140.02127599716187
41350 4.7206878662109375e-05
41400 2.5272369384765625e-05
41450 3.0994415283203125e-05
41500 108.58025932312012
41550 5.626678466796875e-05
41600 133.85273551940918
41650 2.765655517578125e-05
41700 1.4781951904296875e-05
41750 2.2411346435546875e-05
41800 7.772445678710938e-05
41850 2.0265579223632812e-05
41900 3.695487976074219e-05
41950 2.7894973754882812e-05
42000 1.5735626220703125e-05
42050 1.5020370483398438e-05
42100 132.93610095977783
42150 114.04960250854492
42200 2.9802322387695312e-05
42250 128.66637015342712
42300 106.23998045921326
42350 2.4080276489257812e-05
42400 117.25569891929626
42450 5.030632019042969e-05
42500 143.8112461566925
42550 3.814697265625e-05
42600 1.52587890625e-05
42650 3.695487976074219e-05
42700 131.13381552696228
42750 4.029273986816406e-05
42800 131.78904724121094
42850 5.841255187988281e-05
42900 3.170967102050781e-05
42950 135.5807342529297
43000 2.7418136596679688e-05
43050 128.71393942832947
43100 6.985664367675781e-05
43150 4.2438507080078125e-05
43200 125.58209013938904
43250 2.574920654296875e-05
43300 117.180734872818
43350 3.0279159545898438e-05
43400 4.172325134277344e-05
43450 1.52587890625e-05
43500 136.26237416267395
43550 4.76837158203125e-05
43600 3.147125244140625e-05
43650 3.361701965332031e-05
43700 3.552436828613281e-05
43750 3.457069396972656e-05
43800 1.5735626220703125e-05
43850 1.8358230590820312e-05
43900 3.147125244140625e-05
43950 1.621246337890625e-05
44000 1.621246337890625e-05
44050 1.8596649169921875e-05
44100 1.33514404296875e-05
44150 1.621246337890625e-05
44200 1.621246337890625e-05
44250 1.8596649169921875e-05
44300 1.9073486328125e-05
44350 1.8835067749023438e-05
44400 2.5987625122070312e-05
44450 128.75245189666748
44500 6.127357482910156e-05
44550 2.9325485229492188e-05
44600 2.6226043701171875e-05
44650 2.7179718017578125e-05
44700 123.95951175689697
44750 104.05894589424133
44800 113.64013051986694
44850 0.0001690387725830078
44900 0.0001437664031982422
44950 0.0001595020294189453
45000 1.7642974853515625e-05
45050 136.767569065094
45100 2.5272369384765625e-05
45150 1.430511474609375e-05
45200 1.1444091796875e-05
45250 1.1444091796875e-05
45300 1.1682510375976562e-05
45350 124.6217348575592
45400 5.14984130859375e-05
45450 3.0279159545898438e-05
45500 3.5762786865234375e-05
45550 3.075599670410156e-05
45600 136.58780360221863
45650 0.00015592575073242188
45700 0.00012993812561035156
45750 8.320808410644531e-05
45800 2.47955322265625e-05
45850 1.71661376953125e-05
45900 3.933906555175781e-05
45950 2.5987625122070312e-05
46000 4.458427429199219e-05
46050 115.22301316261292
46100 8.177757263183594e-05
46150 89.44063568115234
46200 134.60131907463074
46250 1.5735626220703125e-05
46300 3.170967102050781e-05
46350 127.67007303237915
46400 0.00021505355834960938
46450 0.00021338462829589844
46500 0.00018739700317382812
46550 109.4015839099884
46600 112.4214129447937
46650 81.37900018692017
46700 102.84739351272583
46750 1.9311904907226562e-05
46800 1.0967254638671875e-05
46850 107.79988288879395
46900 86.20322608947754
46950 113.71105170249939
47000 117.82396531105042
47050 113.35033988952637
47100 2.4557113647460938e-05
47150 115.67408514022827
47200 2.0742416381835938e-05
47250 1.71661376953125e-05
47300 1.3828277587890625e-05
47350 1.430511474609375e-05
47400 1.4543533325195312e-05
47450 1.4066696166992188e-05
47500 3.0040740966796875e-05
47550 2.0742416381835938e-05
47600 1.6927719116210938e-05
47650 1.8596649169921875e-05
47700 1.7404556274414062e-05
47750 1.7642974853515625e-05
47800 2.2172927856445312e-05
47850 137.87520122528076
47900 2.5987625122070312e-05
47950 139.88396215438843
48000 134.84986090660095
48050 4.315376281738281e-05
48100 128.37229371070862
48150 0.00021314620971679688
48200 93.85774445533752
48250 0.0001323223114013672
48300 0.0001087188720703125
48350 0.00011014938354492188
48400 0.00011420249938964844
48450 0.00010895729064941406
48500 0.00011038780212402344
48550 0.00011348724365234375
48600 0.00010824203491210938
48650 0.00011539459228515625
48700 0.00011396408081054688
48750 4.7206878662109375e-05
48800 2.86102294921875e-05
48850 3.790855407714844e-05
48900 2.8133392333984375e-05
48950 114.72184443473816
49000 3.266334533691406e-05
49050 91.5356798171997
49100 113.10826539993286
49150 100.69733810424805
49200 2.5987625122070312e-05
49250 1.4781951904296875e-05
49300 1.4066696166992188e-05
49350 105.07128500938416
49400 105.26355075836182
49450 3.409385681152344e-05
49500 115.56864500045776
49550 3.2901763916015625e-05
49600 118.5036289691925
49650 2.09808349609375e-05
49700 1.049041748046875e-05
49750 1.049041748046875e-05
49800 114.49249482154846
49850 113.57567763328552
49900 3.4332275390625e-05
49950 1.0728836059570312e-05
