
x disttype infty-general-gaussian
x k 1510
x std 0.55
x N 50000
x alpha 0.0005

o 0 0.638622319978011 0.6535284384206059
o 10 0.7456492577851318 0.7591056490018844
o 20 0.9247965609948341 0.9328186535788255
o 30 0.8050863914403567 0.817288663813177
o 40 0.6098452256980138 0.6249951934939577
o 50 0.9623204372514624 0.9680422753785413
o 60 0.987840706111888 0.9910331745497277
o 70 0.1481344040695136 0.15938238531260496
o 80 0.9493914844331844 0.9560155489012869
o 90 0.8370664046847337 0.8484179889619945
o 100 0.31017560058956917 0.32468594618835844
o 110 0.23146483539088752 0.244743469600455
o 120 0.610628038120633 0.625772118158793
o 130 0.833293058694298 0.8447525921784712
o 140 0.504847661328759 0.520428078832517
o 150 0.804620781570669 0.8168344290137766
o 160 0.7672316645397783 0.7802760286912729
o 170 0.8849518005128436 0.8947166558133077
o 180 0.9714530548307682 0.9764265792811611
o 190 0.4234330627483262 0.43887014432977034
o 200 0.7345337020586021 0.7481849221279557
o 210 0.07375015626785533 0.08211233347718028
o 220 0.9892841417648939 0.9922691861713484
o 230 0.9960744214638696 0.9977957209692991
o 240 0.9985078691024893 0.9994797052294327
o 250 0.2422814185911529 0.255763202332029
o 260 0.553796104166815 0.5692631558029193
o 270 0.35313936618873476 0.36810761686990867
o 280 0.9920442769644893 0.9945879273285018
o 290 0.9985832870189011 0.9995241331856756
o 300 0.9569444727415924 0.9630600398389101
o 310 0.8278175440790552 0.8394299315165468
o 320 0.6037440082322031 0.618938460308663
o 330 0.9197728140668276 0.9280440698163989
o 340 0.06215938347593573 0.06990716209354864
o 350 0.9158598479312035 0.9243183360928034
o 360 0.681893713201789 0.696322534955721
o 370 0.4104262149646915 0.4258013870365345
o 380 0.7070006246470925 0.7210872137391402
o 390 0.9868321721834461 0.9901620855868619
o 400 0.971871608278343 0.9768078837642801
o 410 0.4818707107414829 0.49745277396766674
o 420 0.8796739235258489 0.889636287863008
o 430 0.15030135446912773 0.1616146912768448
o 440 0.8976616172061355 0.9069226140367633
o 450 0.9510655653929074 0.9575809098250012
o 460 0.9375974073854666 0.9449335520301141
o 470 0.295154938581292 0.30947170627784737
o 480 0.08228172741329046 0.09105779005461079
o 490 0.9247350134937803 0.932760221532269
o 500 0.0032308243817428745 0.005258246534788014
o 510 0.7561650142595743 0.7694263770950622
o 520 0.8055925047089243 0.8177823817049398
o 530 0.9405829655982414 0.9477470007056465
o 540 0.8921711300462494 0.9016549261654268
o 550 0.43866118131095516 0.45415688274242005
o 560 0.994741753465212 0.996769175618257
o 570 0.8121329704303477 0.824159734393155
o 580 0.7558016158098981 0.769069897006762
o 590 0.9416955102458584 0.9487940858803043
o 600 0.93702118176251 0.9443899692873863
o 610 0.921392145757372 0.9295842000654625
o 620 0.8249387162697243 0.8366297188685226
o 630 0.13126622620479395 0.1419763591198706
o 640 0.059184399296238095 0.0667631913569593
o 650 0.935066814500169 0.9425449864264511
o 660 0.9680890501456021 0.973351722115829
o 670 0.9777077242088275 0.9820897717752662
o 680 0.39285978576287345 0.4081337549555244
o 690 0.26403074986904174 0.277886470506997
o 700 0.9817632923403422 0.9857127910039591
o 710 0.03805768043311148 0.04425740534593137
o 720 0.29696250245075256 0.3113035287249649
o 730 0.20739719818469043 0.22017931355862086
o 740 0.01995781199212612 0.02456391120060797
o 750 0.9909966982747094 0.9937159459961112
o 760 0.4697389616194693 0.4853086144323422
o 770 0.1933202372005359 0.20578108131661166
o 780 0.7718581045584672 0.7848080431184116
o 790 0 0.00016586723531085122
o 800 0.9992689677678922 0.9998761603306536
o 810 0.09840384442274736 0.10789007901868275
o 820 0.40845172925777357 0.42381654007986613
o 830 0.7838437209178245 0.7965384239973083
o 840 0.9995668564461039 0.999976016692425
o 850 0.0027578846474799633 0.004651523646439837
o 860 0.7084913350581066 0.7225560042245728
o 870 0.3899695811834649 0.4052249369856564
o 880 0.9561569583898032 0.9623278173866693
o 890 0.4929071938020132 0.5084925702893025
o 900 0.26708573074777103 0.2809904508432626
o 910 0.30959924624254276 0.3241024960881842
o 920 0.8156169666392018 0.8275545763271079
o 930 0.5496691154618367 0.5651515330534862
o 940 0.9598484902146114 0.9657550508353159
o 950 0.5744993391735786 0.5898729577138299
o 960 0.875111865579635 0.8852398631269845
o 970 0.6581985131658803 0.6729056782456542
o 980 0.10036314680579869 0.10993009847662649
o 990 0.8264996961011535 0.8381482187321496
o 1000 0.9974418742737955 0.998787169461314
o 1010 0.9995668564461039 0.999976016692425
o 1020 0.9901279733461981 0.9929850222874228
o 1030 0.5902815578923082 0.605565433928428
o 1040 0 0.00016586723531085122
o 1050 0.29064654207234136 0.30490163365589096
o 1060 0.9920880626308164 0.9946241228006638
o 1070 0.5814569555493724 0.5967930022772712
o 1080 0.6591636124468104 0.6738602553198237
o 1090 0.9261097723656848 0.9340650058149604
o 1100 0.20741697745520501 0.2201995275378763
o 1110 0.9969495993090236 0.9984398951779412
o 1120 0.5143111856704479 0.529881366343087
o 1130 0.025004662273886265 0.03011517227039129
o 1140 0.6890789287405285 0.7034149119526115
o 1150 4.5058589854506926e-07 0.0002572679890114893
o 1160 0.1164290263817631 0.12661866927235332
o 1170 0.9212896406579411 0.9294867392249277
o 1180 0.8855021962883184 0.8952460770335298
o 1190 0.8774129686364752 0.8874579947006047
o 1200 0.8950281141936329 0.9043969923543351
o 1210 0.9419634023095125 0.9490461046714675
o 1220 0.048473707315605526 0.055397664065022
o 1230 0.6392451706989282 0.6541453786972449
o 1240 0.06513675150774027 0.07304874995325594
o 1250 0.9513343482668556 0.957832037315296
o 1260 0.4671013645919197 0.48266710117805056
o 1270 0.3282875911110662 0.3430078129235258
o 1280 0.35763853874830115 0.3726469206688625
o 1290 0.7421586348328021 0.755677439171369
o 1300 0.07542798733127176 0.08387391710456138
o 1310 0.9983090111814502 0.9993589235528282
o 1320 0.2694863649654852 0.2834290004569452
o 1330 0.29539329104970863 0.30971327288372585
o 1340 0.9725625686250813 0.9774366886265413
o 1350 0.17578104631793334 0.18780626912259468
o 1360 0.8972532581825542 0.9065311087834395
o 1370 0.8793276133485565 0.8893027132117903
o 1380 0.03224583961928701 0.03799134318046071
o 1390 0.9805355621826651 0.984620951948227
o 1400 0.2249104366409598 0.23806010197786132
o 1410 0.9987614482791993 0.999625557902435
o 1420 0.4044831991713409 0.419826411587784
o 1430 0.5867112987408638 0.6020168929711263
o 1440 0.4568527730266221 0.47239915052530057
o 1450 0.6553436274520018 0.670081521400061
o 1460 0.9688195869863447 0.9740209386143448
o 1470 0.10669531433516201 0.11651574136905407
o 1480 0.5271804592900051 0.5427277587052304
o 1490 0.9611359687814898 0.9669471409825643
o 1500 0.8869904904696102 0.8966772880189116
o 1510 0.24263810838176164 0.2561263910966056
o 1520 0.9037899342952344 0.912792260301666
o 1530 0.15432110172183558 0.16575356507601668
o 1540 0.9245708908484507 0.9326043987157925
o 1550 0.8547313157746733 0.8655471948644591
o 1560 0.9998341327646891 1
o 1570 0.24236068245039688 0.2558439114850015
o 1580 0.04934538999454801 0.05632567245412823
o 1590 0.13850628583495886 0.14945381014040704
o 1600 0.054484142270619124 0.06178510368453516
o 1610 0.0066490724387977315 0.009438106115117084
o 1620 0.2562166848321632 0.26994319334790273
o 1630 0.9666500050001573 0.9720312524486376
o 1640 0.05634789832647651 0.06376069061631595
o 1650 0.999784848241918 0.9999999949993749
o 1660 0.4526983386552685 0.46823498688972376
o 1670 0.17909769994485233 0.1912084807543718
o 1680 0.986639385906359 0.989994943252434
o 1690 0.2148951395248142 0.2278388140391533
o 1700 0.37550284598532885 0.3906565662893793
o 1710 0.5674631090497348 0.582871553829895
o 1720 0.6394059085914638 0.6543045868685182
o 1730 0.08151975682701387 0.09026002571962455
o 1740 0.7815389574806573 0.7942839569981602
o 1750 0.8748675350021117 0.8850042749753996
o 1760 0.7389711664451346 0.7525459735332146
o 1770 0.8428300228778635 0.8540124508023186
o 1780 0.903258589808015 0.9122837813605962
o 1790 0.33640322693313673 0.3512094261949489
o 1800 0.3004786920997479 0.31486614544856195
o 1810 0.9145902926003069 0.9231083132491518
o 1820 0.6460371450697411 0.6608711254908312
o 1830 0.01696445122075397 0.021238417238747864
o 1840 0.0449706010995113 0.05166201448122787
o 1850 5.903205508420937e-06 0.0003321724075481258
o 1860 0.9933192755189235 0.9956323593695238
o 1870 0.9829086875100362 0.986726990782905
o 1880 0.9721437525185846 0.9770556470877987
o 1890 0.8594668896456784 0.8701300446429827
o 1900 0.9972065160734749 0.9986227536460907
o 1910 0.8379186039286406 0.8492455058051982
o 1920 0.9693207645626202 0.9744795916689095
o 1930 0.5502700996639261 0.5657503466365166
o 1940 0.8848498794353311 0.8946186107795504
o 1950 0.3994983414116867 0.4148129545661873
o 1960 0.06356021018418216 0.071385843925303
o 1970 0.9611359687814898 0.9669471409825643
o 1980 0.9980156978384686 0.999172677844584
o 1990 0.14728743220815824 0.15850964788497546
o 2000 0.5770456048259526 0.5924058359824598
o 2010 0.09067015703717021 0.09982644655903672
o 2020 0.9520374574690172 0.9584886935970547
o 2030 0.42067962302503187 0.43610451425867214
o 2040 0.908901301832385 0.9176791942925553
o 2050 0.9658789467315839 0.9713225703404298
o 2060 0.17986774522234616 0.19199817206808756
o 2070 0.26105552336404314 0.27486270884328023
o 2080 0.394175419339202 0.4094576764728871
o 2090 0.9077764376828024 0.9166044322139015
o 2100 0.8313256709424817 0.842840635516294
o 2110 0.6473836784425597 0.6622041403884477
o 2120 0.02260140819622944 0.027479320308610666
o 2130 0.9567993820608017 0.9629251790183893
o 2140 0.996833423718342 0.9983561661753741
o 2150 0.5566412363027827 0.5720970665094072
o 2160 0.6084201585722323 0.623580739253718
o 2170 0.9777498507014378 0.9821276307440316
o 2180 0.9081241006068389 0.916936653767167
o 2190 0.6753140538116429 0.6898243994104278
o 2200 0.5607090203278973 0.576147914146697
o 2210 0.7280203192389232 0.7417804839151385
o 2220 0.9846315568910387 0.98824350500084
o 2230 0.4562934906088593 0.4718386216726682
o 2240 0.7730300464652663 0.7859557097442555
o 2250 0.7265888396851985 0.740372442418539
o 2260 0.6488709699735674 0.6636763499291775
o 2270 0.5999113135006579 0.6151324426069094
o 2280 0.33479184082357766 0.34958135843222293
o 2290 0.977076094551563 0.9815216191464571
o 2300 0.44471057122599683 0.46022545047450936
o 2310 0.33725869287360466 0.35207367033641923
o 2320 0.05792127797013422 0.06542675699693923
o 2330 0.8592026182236663 0.869874404025802
o 2340 0.9974182533663415 0.9987708140525817
o 2350 0.16512564841751243 0.1768653150830728
o 2360 0.6276342543881916 0.6426401918104787
o 2370 0.9341002974936323 0.941631824781278
o 2380 0.9006637949471819 0.9097994385318611
o 2390 0.5331865587903102 0.5487196370986412
o 2400 0.9612606120590715 0.9670624559306886
o 2410 0.9873038736847178 0.9905702085069467
o 2420 0.25847731968880383 0.27224178946164934
o 2430 0.6012958431555878 0.6165074478115906
o 2440 0.9339563692149923 0.9414958009110604
o 2450 0.9933855477319553 0.9956860562216858
o 2460 0.33566714982972795 0.3504657527635927
o 2470 0.9954839710957356 0.9973465410699824
o 2480 0.9774339568365065 0.981843633573488
o 2490 0.5786897617944641 0.5940411262677474
o 2500 0.5318851412795192 0.5474214927332747
o 2510 0.6683538865162044 0.6829468998040358
o 2520 0.9422931465499106 0.9493562506983468
o 2530 0.9248581093204729 0.9328770848004478
o 2540 0.1195713360793887 0.129875276198557
o 2550 0.20575559770842902 0.21850147431189304
o 2560 0.8252833330502339 0.8369649872175742
o 2570 0.08724685191202584 0.09625093990820255
o 2580 0.3430089130802979 0.3578815016385549
o 2590 0.048725497378109946 0.05566578474013506
o 2600 0.991323423552558 0.9939890856380003
o 2610 0.9547070310159103 0.9609782290858224
o 2620 0.7133468619259928 0.7273388518570155
o 2630 0.5338673214238673 0.5493986452922934
o 2640 0.9851859326288351 0.9887289287140122
o 2650 0.0021871224137547263 0.0039027503287166754
o 2660 0.3513478598903953 0.36629972993518023
o 2670 0.5957982308189376 0.611046907217326
o 2680 0.9992689677678922 0.9998761603306536
o 2690 0.06983108021174615 0.07799277834217955
o 2700 0.7269315800270982 0.740709587399107
o 2710 0.9973475076700078 0.9987216292808397
o 2720 0.5254989538577967 0.5410498303254363
o 2730 0.8144217833702201 0.8263901581518419
o 2740 0.7743031011210723 0.7872022298658987
o 2750 0.9989434220919977 0.9997230637730928
o 2760 0.7990142844434334 0.8113627967392741
o 2770 0.13689257831419613 0.1477880722777115
o 2780 0.9970894973736582 0.998539877255987
o 2790 0.9978468002059815 0.9990617938017794
o 2800 0.3819382752709415 0.3971389595747348
o 2810 1.0851213888255374e-05 0.0003669346313138755
o 2820 0.994786540360217 0.9968043647446723
o 2830 0.9846741763764641 0.988280870139696
o 2840 0.9776866618110025 0.9820708414412599
o 2850 0.9888740586074264 0.9919194281709441
o 2860 0.03759509270220486 0.04376015921670118
o 2870 0.6611140217744432 0.6757891919552952
o 2880 0.9879051864494105 0.9910886698738385
o 2890 0.8427488265400723 0.853933674184791
o 2900 0.08722729577278918 0.09623050283886125
o 2910 0.7213475733651574 0.735215462585018
o 2920 0.06673339487503521 0.07473154736343635
o 2930 0.5827002685120782 0.5980292713808317
o 2940 0.0007490736453991112 0.0018627226344664072
o 2950 0.7611119268882428 0.7742778111765327
o 2960 0.8839734103098487 0.893775371336081
o 2970 0.75109821161473 0.7644548734106889
o 2980 0.4516598149900599 0.4671938610540327
o 2990 0.7696962652471934 0.78269060460135
o 3000 0.9932971925796634 0.9956144525825571
o 3010 0.9928563184574575 0.9952555284728464
o 3020 0.9446848394466982 0.9516037617048068
o 3030 0.542578363939826 0.5580846707000784
o 3040 0.999784848241918 0.9999999949993749
o 3050 0.505447801990207 0.5210277359633162
o 3060 0.9314898547733252 0.9391631353026698
o 3070 0.8879080697757422 0.8975594036457959
o 3080 0.47663370842677366 0.4922115422304436
o 3090 0.889947517651561 0.8995192777512405
o 3100 0.9736313018836821 0.9784075915213216
o 3110 0.057377309161527806 0.06485091726572911
o 3120 0.24016122498509754 0.25360411786989145
o 3130 0.3876974783916323 0.4029378082608619
o 3140 0.8280608529800482 0.8396665415235764
o 3150 0.38243643206570516 0.39764063425004403
o 3160 0.029213998373185314 0.03470428832060379
o 3170 0.9864467020062236 0.9898276983002964
o 3180 0.4633251844061678 0.47888455528080387
o 3190 0.5711514184980376 0.586542004093245
o 3200 0.5892184595444774 0.6045088895482942
o 3210 0.9948537648378093 0.9968571040220039
o 3220 0.18954603765849157 0.20191657053962586
o 3230 0.2091378602125365 0.22195805751917275
o 3240 0.08881155128178532 0.09788569728299734
o 3250 0.03278380442255145 0.038573183297264335
o 3260 0.8332119234979313 0.84467375441015
o 3270 0.8380200600288663 0.8493440159052507
o 3280 0.1587758848272352 0.1703372545402927
o 3290 0.964983357173436 0.9704984611775319
o 3300 0.5899405600445886 0.6052265463729983
o 3310 0.6202041141643984 0.6352728264415448
o 3320 0.0046007257972482144 0.006967507163649689
o 3330 0.9340797359790544 0.9416123931318755
o 3340 0.7346547118441628 0.7483038718649029
o 3350 0.9274438966794871 0.9353304381378966
o 3360 0.4524786481219374 0.46801475156706085
o 3370 0.9368359861389141 0.9442152264986001
o 3380 0.8416121343306813 0.8528307450110446
o 3390 0.002740462099535131 0.0046289593214706715
o 3400 0.048144479811389175 0.05504700831611398
o 3410 0.9233606654844392 0.9314550262321295
o 3420 0.012785567524080277 0.01653895078295453
o 3430 0.9930765723074023 0.9954351745937398
o 3440 0.03724822831598244 0.04338714825956136
o 3450 0.020774684115570617 0.025466730267347915
o 3460 0.9056704302879452 0.9145911394147545
o 3470 0.6312496063472508 0.6462236263324832
o 3480 0.9960972496712833 0.9978128775862452
o 3490 0.06320995490867719 0.07101622204623648
o 3500 0.7613138678586894 0.77447580272256
o 3510 0.7295325446432338 0.7432677525708993
o 3520 0.977518182882724 0.9819193784869186
o 3530 0.9913452251092921 0.9940072750035274
o 3540 0.8870516591360048 0.8967360990154873
o 3550 0.012691897767510904 0.016432658475763584
o 3560 0.16394222918359624 0.17564913972548468
o 3570 0.6355283607903167 0.6504634358710463
o 3580 0.6677303768256088 0.6823306185251246
o 3590 0.9972534418677634 0.9986557844757022
o 3600 0.013779812171879787 0.017664306488128667
o 3610 0.673986250212487 0.6885126480583126
o 3620 0.1666839771133894 0.17846645262110805
o 3630 0.9657747808690377 0.9712267712594753
o 3640 0.013685914062358185 0.01755824211761592
o 3650 0.9979190093140644 0.999109494009705
o 3660 0.8526995070294475 0.863579680043964
o 3670 0.47489489311304595 0.49047094394738444
o 3680 0.08237942367296823 0.09116005981286723
o 3690 0.9567993820608017 0.9629251790183893
o 3700 0.7393140992045275 0.752882926082173
o 3710 0.48033150296922766 0.49591250073966975
o 3720 0.97610853536249 0.9806495109106531
o 3730 0.7348967334186504 0.7485417693352163
o 3740 0.9704282447518905 0.9754917367471898
o 3750 0.28516609861197995 0.29934393850224517
o 3760 0.9951457107559273 0.9970849969094725
o 3770 0.49740684877081603 0.5129913987646968
o 3780 0.6417568046646902 0.6566329019742645
o 3790 0.5548980614555371 0.5703608277846528
o 3800 0.7841874393023119 0.7968745908507436
o 3810 0.6643113883955235 0.6789507532394834
o 3820 0.5494086925247845 0.5648920436169809
o 3830 0.357598719929656 0.37260675297093104
o 3840 0.18762964451580397 0.19995361869062367
o 3850 0.8031835504032188 0.8154321396705599
o 3860 0.9996330653686861 0.9999891487861118
o 3870 0.2695062059819828 0.2834491526953109
o 3880 0.6023392989373539 0.6175436414881491
o 3890 0.9579603947754151 0.9640037781145531
o 3900 0.46873984622430376 0.48430806684177485
o 3910 0.03867464209221384 0.044920222285981026
o 3920 0.21877393627878597 0.23179869444038614
o 3930 0.8850741074803055 0.8948343081789645
o 3940 0.1698998298746203 0.18176949862128922
o 3950 0.8959058406387216 0.9052389741692253
o 3960 0.9864038970311344 0.9897905190541766
o 3970 0.10124500978579008 0.11084793036870477
o 3980 0.31882246295366323 0.33343615060808507
o 3990 0.4623062917131517 0.477863791729645
o 4000 0.004028178884443026 0.006260385204911789
o 4010 0.8052888347971747 0.8174861529207138
o 4020 0.9430764275184313 0.9500927090447254
o 4030 0.9029724992611311 0.9120099669794599
o 4040 0.9904099244953146 0.993222958237798
o 4050 0.02050862990597855 0.025172884902879167
o 4060 0.710888753383353 0.724917783274595
o 4070 0.9186867202673024 0.9270105244898825
o 4080 0.8572309530365196 0.8679667254982543
o 4090 0.5981857569286689 0.6134185789165343
o 4100 0.9997041638433971 0.9999976422569008
o 4110 0.8372084339289423 0.8485559123995967
o 4120 0.9699475172915105 0.9750526269510125
o 4130 0.9953259191424008 0.9972246856405348
o 4140 0.9968102306136053 0.9983393779131835
o 4150 0.9182769336453936 0.9266204472698399
o 4160 0.5690065332031085 0.5844076106437575
o 4170 0.15290221513148128 0.16429293833098524
o 4180 0.6526297509576906 0.6673963081252583
o 4190 0.030422092173252587 0.03601575369370613
o 4200 0.7154626522369505 0.7294223533207354
o 4210 0.20988956341954187 0.22272609781249308
o 4220 0.025004662273886265 0.03011517227039129
o 4230 0.5845853873721674 0.5999035188771952
o 4240 0.06897363321088709 0.07709052514708237
o 4250 0.03680510950325037 0.04291042642196896
o 4260 0.9692163363025638 0.9743840552301571
o 4270 0.8464641172423985 0.857537146097642
o 4280 0.06429974277846932 0.07216605203250892
o 4290 0.1676506260368118 0.17945947263982887
o 4300 0.9658997807856016 0.9713417292743319
o 4310 0.21224378916397446 0.22513106883954725
o 4320 0.095446351782998 0.10480859594407843
o 4330 0.9996330653686861 0.9999891487861118
o 4340 0.9170272846221191 0.9254305115064405
o 4350 0.7276977243492627 0.7414631867376633
o 4360 0.9600560870773194 0.965947384456289
o 4370 0.9996678275924519 0.9999940967944916
o 4380 0.6140606135485087 0.6291783899533109
o 4390 0.9956650521574533 0.9974853508716593
o 4400 0.19067227516368043 0.2030699481451862
o 4410 0.46318533446200405 0.4787444524070853
o 4420 0.5028672767262437 0.5184491307205507
o 4430 0.928552555544193 0.9363814108192711
o 4440 0.7611725089622777 0.7743372088574519
o 4450 0.6957628077098297 0.7100087940086908
o 4460 0.858145598034115 0.8688517760465363
o 4470 0.7787291638277465 0.7915346889381029
o 4480 0.9901062993756211 0.9929667048952392
o 4490 0.9004595233279271 0.9096037780376238
o 4500 0.2893358876725367 0.303572733163221
o 4510 0.9426847625371972 0.9497245043809454
o 4520 0.026973470880744532 0.032265637188887086
o 4530 0.4381022204227993 0.45359603236355295
o 4540 0.9913670292074385 0.994025461818258
o 4550 0.0002366864964226909 0.0009770973609918299
o 4560 0.9785085220227878 0.9828086971755222
o 4570 0.68145099264318 0.6958854038700161
o 4580 0.5304836741215089 0.5460234317165289
o 4590 4.028837972215593e-05 0.0004962394110719082
o 4600 0.26970461710358135 0.28365067412250855
o 4610 0.6777887764444754 0.6922688473595973
o 4620 0.2281576533453707 0.2413717785574433
o 4630 0.6548812443816066 0.669624059547604
o 4640 0.6233365905938062 0.6383792983238347
o 4650 0.8518665717726415 0.8627728926203924
o 4660 0.43722387338981966 0.45271467597727744
o 4670 0.860463048912144 0.8710935538211563
o 4680 0.3405813376798835 0.3554298995795542
o 4690 0.3603065264778037 0.3753380295529777
o 4700 0.1549123529093039 0.16636211111885935
o 4710 0.46246611586500747 0.4780239136552734
o 4720 0.61966198887032 0.6347351337575058
o 4730 0.49718685098232324 0.5127714706959465
o 4740 0.2223368194883496 0.23543459644049858
o 4750 0.13852596669558884 0.14947412251642822
o 4760 0.3632535488314116 0.37831000943908744
o 4770 0.7973145020919276 0.8097031463037563
o 4780 0.9463560347852079 0.9531720098754769
o 4790 0.3117059836876491 0.32623504386700075
o 4800 0.9987614482791993 0.999625557902435
o 4810 0.9426641499522652 0.9497051238259706
o 4820 0.8088117682713196 0.8209220442753364
o 4830 0.2085642137219242 0.2213718997616667
o 4840 0.984141719448559 0.9878135186873485
o 4850 0.10695028108281696 0.11678068652216334
o 4860 0.9509828688054406 0.9575036339891817
o 4870 0.6847112042208373 0.6991040998458025
o 4880 0.29928670758970444 0.313658534575075
o 4890 0.9834610492170455 0.9872144324759198
o 4900 0.18393582650625884 0.19616869952590554
o 4910 0.5815371677720678 0.5968727630910932
o 4920 0.9868107463566297 0.9901435193579085
o 4930 0.8313459517993496 0.8428603479010007
o 4940 0.5749003119946184 0.5902718500775153
o 4950 0.9987871854159925 0.9996397540167659
o 4960 0.3683717313151405 0.38347009438144297
o 4970 0.026361421083831636 0.03159791231887421
o 4980 0.08368872094910416 0.09253030722741451
o 4990 0.4870885749041204 0.5026731505993072
o 5000 0.9986846867396864 0.9995825074237993
o 5010 0.9929664007685846 0.9953453963518437
o 5020 0.9146312413745732 0.9231473508691536
o 5030 0.8570480333300918 0.8677897060938508
o 5040 0.92795712933484 0.9358170349160326
o 5050 0.07724303908116599 0.08577823262209894
o 5060 0.5535356471670875 0.5690037004294892
o 5070 0.07002597812682644 0.0781978122984095
o 5080 0.9541480274739115 0.9604574192716827
o 5090 0.7106872803761076 0.7247193237298766
o 5100 0.9776866618110025 0.9820708414412599
o 5110 0.8819354670896715 0.8918139922208779
o 5120 0.8110190720731542 0.8230740042528588
o 5130 0.08628867762990743 0.09524944699249804
o 5140 0.9460464814468811 0.9528816663068278
o 5150 0.31019547510900775 0.32470606492577536
o 5160 0.921638166778263 0.9298180972972371
o 5170 0.9927903109592581 0.9952015656674685
o 5180 0.047137691121300625 0.053974154252808715
o 5190 0.8207837095561594 0.8325861106926116
o 5200 0.9380502219627577 0.9453605868525666
o 5210 0.9385236817315116 0.9458069696088115
o 5220 0.8440277317897318 0.8551743429710246
o 5230 0.6546400041309406 0.6693853807079706
o 5240 0.4087109978993087 0.4240771838081935
o 5250 0.8267835295804549 0.838424290649282
o 5260 0.9981616966934683 0.9992664707710186
o 5270 0.9854633898561419 0.9889713706467704
o 5280 4.5058589854506926e-07 0.0002572679890114893
o 5290 0.03599622188544728 0.04203960522458505
o 5300 0.8902534809741312 0.8998132127146143
o 5310 0.5694876161067128 0.5848863659634209
o 5320 0.986639385906359 0.989994943252434
o 5330 0.2531830477439398 0.26685786258173716
o 5340 0.023630629812571732 0.028609714779460726
o 5350 0.8900699015233735 0.8996368531942015
o 5360 0.9667333873698977 0.972107841989365
o 5370 0.5527943582563012 0.5682652387397966
o 5380 0.26573672659493086 0.27961991367688677
o 5390 0.87120335061297 0.881469678266075
o 5400 0.8742567370892151 0.884415276059422
o 5410 0.03437959641249106 0.04029681388633921
o 5420 0.9575664056140989 0.9636378990347192
o 5430 0.9333601523686651 0.940932215973006
o 5440 0.9991854194751913 0.9998401310800589
o 5450 0.7682821111951837 0.7813052310896057
o 5460 0.9966020844888756 0.998187685653262
o 5470 0.992175669376121 0.9946964781883282
o 5480 0.7447412368552534 0.7582139735475044
o 5490 0.7892428988484929 0.801817443544881
o 5500 0.5220761624543906 0.5376337743237767
o 5510 0.5114298171890136 0.5270037054246841
o 5520 0.545142068251515 0.5606401036111855
o 5530 0.06217883582620105 0.06992770291598072
o 5540 0.18922991534935854 0.2015928008895559
o 5550 0.6814308691617864 0.695865534094811
o 5560 0.21972397130872579 0.23276833546022002
o 5570 0.9181744920874203 0.926522922865548
o 5580 0.14454997118068122 0.1556880487201746
o 5590 0.5204149395480474 0.5359755566757385
o 5600 0.41022676618808085 0.4256009032207638
o 5610 0.4607880022369672 0.4763425934699096
o 5620 4.5058589854506926e-07 0.0002572679890114893
o 5630 0.030153531685565168 0.03572441206235033
o 5640 0.2687324192432145 0.28266320249479693
o 5650 0.17501121782446433 0.1870163610518253
o 5660 0.6424801967016572 0.6573492672215847
o 5670 0.3416359138356925 0.3564949660895326
o 5680 0.045454159024596236 0.052178284541749886
o 5690 0.2384374930225115 0.2518484368369568
o 5700 0.5149115033582886 0.5304808464467343
o 5710 0.2651812779629529 0.27905555117898484
o 5720 0.9894786159586213 0.9924346360773508
o 5730 5.000625091698381e-09 0.00021515175808195508
o 5740 0.4815508692794538 0.49713272327375657
o 5750 0.47327608096943924 0.4888503020529912
o 5760 0.5408559914686059 0.5563676228482233
o 5770 0.9652540607034525 0.9707476666119282
o 5780 0.9974891765373674 0.9988198190301265
o 5790 0.9727720379904534 0.9776271480159221
o 5800 0.5709108632495021 0.586302640230379
o 5810 0.9407683633526671 0.9479215412678883
o 5820 0.5842645078996755 0.599584506204091
o 5830 0.004960506776607285 0.007407528321504375
o 5840 0.6434849387042392 0.6583441881127549
o 5850 0.023745058389784163 0.02873524362110691
o 5860 0.5968214332056728 0.612063361035071
o 5870 0.6784930086885167 0.6929643791001112
o 5880 0.8917834810387758 0.901282704034342
o 5890 0.1845678603294404 0.19681644959678146
o 5900 0.29569123488694843 0.3100152278895629
o 5910 0.09969692274956585 0.10923655309176183
o 5920 0.9997041638433971 0.9999976422569008
o 5930 0.019786951079808445 0.024374836885944662
o 5940 0.1392541837818989 0.15022565519008302
o 5950 0.9237503648458747 0.931825197376761
o 5960 0.023935803252936396 0.028944427821732677
o 5970 0.9604713505616187 0.9663319818870897
o 5980 0.9954387769278694 0.997311761961519
o 5990 0.514051051496253 0.5296215881409746
o 6000 0.5892585757904019 0.6045487598204107
o 6010 0.022449030779449278 0.027311754710578784
o 6020 0.8167514671897416 0.8286596974748569
o 6030 0.6274735825922559 0.6424809175402473
o 6040 0.0018123143467379996 0.0033979155111244497
o 6050 0.007088259566571023 0.009958710290190909
o 6060 0.23027656117035514 0.24353214869375572
o 6070 0.5957781683728439 0.6110269764044568
o 6080 0.7915486783461422 0.8040708943767083
o 6090 0.9133005617873167 0.9218784725925587
o 6100 0.9231555735042503 0.9312601863622205
o 6110 0.9998341327646891 1
o 6120 0.9336890881823192 0.9412431708039615
o 6130 0.6969910642923656 0.7112201260372242
o 6140 0.9873038736847178 0.9905702085069467
o 6150 0.5535957524374938 0.5690635749375168
o 6160 0.32482725709765925 0.3395093201498107
o 6170 0.45613369743924986 0.4716784687650202
o 6180 0.7865532122708008 0.7991880280299167
o 6190 0.6624210756044389 0.6770816998496851
o 6200 0.7276372383229217 0.7414036930013865
o 6210 0.14898143727487947 0.16025506140572932
o 6220 0.15946592571139132 0.17104697712761863
o 6230 0.6915549776301606 0.7058580335749449
o 6240 0.5828606996542023 0.5981887863116504
o 6250 0.3099371075602341 0.32444452013600467
o 6260 0.25334165863602254 0.26701919772047544
o 6270 0.0504693072673828 0.057521357216602564
o 6280 0.06862290864710308 0.07672137237598542
o 6290 0.4112439685064497 0.42662335712385346
o 6300 0.7392737538909456 0.7528432848888723
o 6310 0.9995349878824064 0.9999681957182619
o 6320 0.9153069405149339 0.9237914272193304
o 6330 0.9049549586216087 0.91390684883156
o 6340 0.8563773541014983 0.867140608577912
o 6350 0.9998341327646891 1
o 6360 0.4771133982278288 0.4926916906630421
o 6370 0.190751312401868 0.20315088389758207
o 6380 0.2218023433625153 0.23488925478091016
o 6390 0.9917818042918009 0.9943705122056311
o 6400 0.8643469461717378 0.8748483640027883
o 6410 0.9941615185010257 0.9963097103102978
o 6420 0.9474500613910509 0.9541976188590171
o 6430 0.553796104166815 0.5692631558029193
o 6440 0.03259165189157382 0.03836540548230216
o 6450 0.9896732402269077 0.9925999354561621
o 6460 0.17088643883784735 0.182782551874763
o 6470 0.8086497768094664 0.8207640897702055
o 6480 0.8414903521150243 0.8527125677918419
o 6490 0.019559198730071004 0.024122675677821448
o 6500 0.04740871064860451 0.05426303852281511
o 6510 0 0.00016586723531085122
o 6520 0.4390005552679396 0.45449739419755053
o 6530 0.38446899860404543 0.3996873801115688
o 6540 0.9503833998876273 0.9569433027895191
o 6550 0.9824629732121738 0.9863328630995151
o 6560 0.7828328230747343 0.7955496593721109
o 6570 0.14177379688065958 0.152825176458952
o 6580 0.5868115812246736 0.6021165767826746
o 6590 0.22894974114246544 0.24217942083701194
o 6600 0.9979190093140644 0.999109494009705
o 6610 0.984290745297332 0.9879444393090749
o 6620 0.9377208964899654 0.9450500218554987
o 6630 0.8437435189806054 0.8548986504407446
o 6640 0 0.00016586723531085122
o 6650 0.5000469397761595 0.5156304180462941
o 6660 0.8911714441359974 0.9006949443925603
o 6670 0.17961105898528976 0.1917349461075697
o 6680 0.2990880490594446 0.3134572605416619
o 6690 0.6676096992128933 0.6822113365952001
o 6700 0.8192436251825261 0.8310867085290481
o 6710 0.9075105912033122 0.916350367030227
o 6720 0.7571542988240573 0.7703967618811658
o 6730 0.8788183586460804 0.8888121372786717
o 6740 0.6166905171495546 0.6317876032220227
o 6750 0.0952113749032508 0.10456365423832625
o 6760 0.8218578137940592 0.833631648368901
o 6770 0.9205311693794151 0.9287654625242174
o 6780 0.9974418742737955 0.998787169461314
o 6790 0.01282304176224132 0.016581461382195517
o 6800 0.3784713366894105 0.39364707113168307
o 6810 0.9667959273565025 0.9721652809326785
o 6820 0.9982106455758747 0.9992974473203111
o 6830 0.8041754284286905 0.8163999307315938
o 6840 0.9127069764830849 0.921312255124507
o 6850 0.8760281636915428 0.8861232602368951
o 6860 0.9178876665228197 0.9262498437321449
o 6870 0.7062754476068122 0.7203726335844767
o 6880 0.8649774558032538 0.8754576445579734
o 6890 0.8208039749256992 0.832605838566919
o 6900 0.443093293924393 0.45860327375018206
o 6910 0.8856856698076775 0.895422542510806
o 6920 0.001115136713625694 0.002415967460000501
o 6930 0.0046007257972482144 0.006967507163649689
o 6940 0.9988909714709572 0.9996956768430979
o 6950 0.12322565830457279 0.1336596948277886
o 6960 0.281533020017599 0.29565825131744083
o 6970 0.10161738444988606 0.11123542688071686
o 6980 0.27000223704585324 0.28395295300376056
o 6990 0.9956877226395184 0.9975026664820278
o 7000 0.10195057803645452 0.11158211803460416
o 7010 0.9710974059806625 0.9761023487606445
o 7020 0.9975365616713056 0.998852384613813
o 7030 0.7389308217730658 0.75250633169845
o 7040 0.0006410764471717533 0.0016909888185497879
o 7050 0.7772739021875081 0.7901104365804565
o 7060 0.7326984686247487 0.7463807694646057
o 7070 0.9398414784015684 0.9470487345850418
o 7080 0.005412072671498217 0.007955723035510731
o 7090 0.3833530624674977 0.39856369375361367
o 7100 0.11403378136813579 0.12413474051921247
o 7110 0.596219545258002 0.6114654512154774
o 7120 0.1897436173430204 0.20211892333007864
o 7130 0.9687778310274449 0.9739827086787104
o 7140 0.3252050877885713 0.3398913613484147
o 7150 0.23518856258221826 0.24853847384732275
o 7160 0.8543858821446405 0.8652127434928852
o 7170 0.6601890679308591 0.6748744559614909
o 7180 0.9671086688422942 0.9724524340586743
o 7190 0.7305205871654591 0.7442393794973734
o 7200 0.42087913942896127 0.43630493044838203
o 7210 0.23374256339745578 0.24706496560486468
o 7220 0.7715550280434882 0.7845112208738758
o 7230 0.8508305669050424 0.8617692424318858
o 7240 0.6026202355345777 0.6178226105141902
o 7250 0.9460052101957482 0.9528429513023057
o 7260 0.7243107564463481 0.7381312879163754
o 7270 0.5660199763661717 0.5814351718415147
o 7280 0.4759141871927644 0.4914913061140034
o 7290 0.021973023155454942 0.026787940605488725
o 7300 0.18600978574741556 0.19829403119868616
o 7310 0.06780466392187154 0.07585990336148085
o 7320 0.40526091064770065 0.4206084372189134
o 7330 0.257227992299237 0.27097154183915984
o 7340 0.2017017178214627 0.21435673808457056
o 7350 0.5673428454425985 0.5827518578810664
o 7360 0.016511013388058444 0.02073203077313246
o 7370 0.0004611764681660107 0.0013914574822913028
o 7380 0.9711392412985573 0.9761404992571092
o 7390 0.17059044876820045 0.18247864327837737
o 7400 0.7112514091010108 0.7252750061501632
o 7410 0.18134871438603986 0.1935166963628704
o 7420 0.012616978375718893 0.016347608247620493
o 7430 0.4422347729857598 0.45774208452748955
o 7440 0.7991559409299086 0.8115010929841779
o 7450 0.998064229430307 0.9992040792410983
o 7460 0.9984080584682806 0.9994197042904669
o 7470 0.25655378205965684 0.27028598143949145
o 7480 0.0319385189744127 0.0376587753685238
o 7490 0.7909620909444545 0.8034976775749795
o 7500 0.9985832870189011 0.9995241331856756
o 7510 0.9893489500947826 0.9923243525902947
o 7520 0.6720751353370453 0.6866244035284679
o 7530 0.2285140888129619 0.24173522162401617
o 7540 0.9993257723589525 0.9998990270247117
o 7550 0.9473468330374816 0.9541008816010471
o 7560 0.9016648158122449 0.9107580849980921
o 7570 0.9884215189204483 0.9915321414010584
o 7580 0.946397311100058 0.953210719813548
o 7590 0.05897060763423824 0.06653705819637246
o 7600 0.0014933879139964572 0.0029571968101839152
o 7610 0.8990502166864692 0.9082535530500367
o 7620 0.05547412627999983 0.0628347705746437
o 7630 0.9834185386178046 0.9871769582377585
o 7640 0.4837298523865986 0.4993130054789443
o 7650 0.5389134276363563 0.5544308405009059
o 7660 0.3187827006764962 0.3333959263710482
o 7670 0.7062553041118288 0.7203527838241346
o 7680 0.046208703410581996 0.052983471922081415
o 7690 0.9925265848321886 0.9949854092341149
o 7700 0.9778551768705808 0.9822222682145008
o 7710 0.8237630290176775 0.8354857980224663
o 7720 0.5745594847658655 0.5899327918992365
o 7730 0.07088363152003105 0.07909985917581963
o 7740 0.6759377423287113 0.6904405018541894
o 7750 0.0001722718904719812 0.0008420520734764292
o 7760 0.0749792074682057 0.08340285348441767
o 7770 0.9993545677321735 0.9999100498624319
o 7780 2.357743099213211e-06 0.0002958361566028911
o 7790 0.6587212710328797 0.6734227450711601
o 7800 0.958043349706394 0.9640807954379309
o 7810 0.9813608311599198 0.9853553937557921
o 7820 0.5179132604518484 0.5334780783096051
o 7830 0.011103207191086371 0.01462200123637658
o 7840 0.9990764961900899 0.99978951939873
o 7850 0.5327460730697609 0.5482802711072505
o 7860 0.8473575835045674 0.8584033822941501
o 7870 0.9073265504182508 0.9161744689695683
o 7880 0.4661023316694436 0.48166647111531
o 7890 0.9273823128235024 0.9352720424602716
o 7900 0.22500942894486842 0.23816107593186275
o 7910 0.3797863343934181 0.39497162850465783
o 7920 0.6003728163079938 0.6155907847529865
o 7930 0.016737687522899346 0.020985268721763206
o 7940 0.5416170282454559 0.5571263299352274
o 7950 0.9978708418570428 0.999077722372286
o 7960 0.904934517764021 0.9138872964816929
o 7970 0.562412436338762 0.5778439251840017
o 7980 0.57963218393894 0.5949783873045353
o 7990 0.3119047414346743 0.3264362186887554
o 8000 0.9649625358122581 0.9704792895397737
o 8010 0.1561737832174032 0.16766024824940506
o 8020 0.09188344252044878 0.1010927402315952
o 8030 0.9575042038165681 0.9635801216313358
o 8040 0.9738200176710567 0.9785788113932643
o 8050 0.8620693007172027 0.8726467674307627
o 8060 0.8927220341110281 0.9021838389729929
o 8070 0.9788881459453267 0.9831489417187657
o 8080 0.5469447970548311 0.5624367681661764
o 8090 0.22918737384304222 0.24242170715994626
o 8100 0.12735323256923675 0.13793069928279766
o 8110 2.357743099213211e-06 0.0002958361566028911
o 8120 0.08947667168789987 0.09858034602802213
o 8130 0.8217564797449184 0.8335330162002048
o 8140 0.03453349272062754 0.04046286198691329
o 8150 0.9958921299523205 0.9976581311058543
o 8160 0.9590390807034265 0.965004731298941
o 8170 0.9005616583638797 0.9097016090586764
o 8180 0.5617310588198627 0.5771655318837828
o 8190 0.11727341138373985 0.12749399309033316
o 8200 0.014606972595758917 0.01859681736919494
o 8210 0.9995037605889281 0.9999597116202779
o 8220 0.2570693527043323 0.2708102354011648
o 8230 0.9966713515299861 0.9982383659018511
o 8240 0.9952582896159897 0.9971723541024977
o 8250 0.9760664924477193 0.9806115682528456
o 8260 0.9963719652041643 0.9980179731941595
o 8270 0.9578981808331102 0.9639460128645085
o 8280 0.1477207589588576 0.15895617239720483
o 8290 0.1520943119242372 0.16346111867777835
o 8300 0.06126468608252915 0.06896217358747048
o 8310 0.7009984242975505 0.7151714239352189
o 8320 0.3353886393610481 0.3501843576246949
o 8330 0.9821660327116928 0.9860699085862046
o 8340 0.3866810673577439 0.40191456309142515
o 8350 0.9382148963154652 0.9455158577293806
o 8360 0.9955065793665261 0.9973639193559748
o 8370 0.3103345971772298 0.32484689565519953
o 8380 0.9988648919050572 0.999681833128126
o 8390 0.9918473843023324 0.9944249042949562
o 8400 0.6786539787334098 0.6931233551087177
o 8410 0.18693822055112197 0.1992452790051722
o 8420 0.005629487794368535 0.00821819570819915
o 8430 0.9885938299419412 0.9916797645045298
o 8440 0.6725579302361745 0.6871014467955245
o 8450 0.03884819866742986 0.04510660346569062
o 8460 0.9614475933810187 0.9672354119345834
o 8470 0.9305653049877003 0.9382879924037447
o 8480 0.6679717336872949 0.6825691807484835
o 8490 0.32596076528642615 0.3406554276304796
o 8500 0.9003165368731371 0.909466812011964
o 8510 0.9978227858521463 0.9990458375033571
o 8520 0.7902137155642752 0.8027663027614294
o 8530 0.40727507611332003 0.42263359093109154
o 8540 0.4729563252901052 0.48853016557670537
o 8550 0.9560947987132601 0.9622699978333531
o 8560 0.9621125773434616 0.9678502050050412
o 8570 0.7614350334338125 0.7745945966572416
o 8580 6.887077827747213e-05 0.0005869172185136717
o 8590 0.8102900191248706 0.8223633003609785
o 8600 0.34838217301366736 0.3633064213575209
o 8610 0.6821150763295043 0.696541097650053
o 8620 0.12668483733490796 0.13723932460611998
o 8630 0.547365448547772 0.5628559751232967
o 8640 0.9378649725831251 0.9451858978446729
o 8650 0.5956377316227033 0.6108874603422183
o 8660 0.9100468353196801 0.9187732801715531
o 8670 0.10540099837930565 0.11517050462808531
o 8680 0.14206910180017793 0.15312977010445372
o 8690 0.7418156565994487 0.7553405320998514
o 8700 0.7877058840796382 0.80031497140907
o 8710 0.7158858331910917 0.729839030720063
o 8720 0.00026340314700223097 0.001030197163089941
o 8730 0.021116886285403244 0.025844399137033736
o 8740 0.5012870574293006 0.5168698824975198
o 8750 0.9869607544237587 0.9902734556158375
o 8760 0.9988389036516672 0.9996678953600677
o 8770 0.0445451518623877 0.05120761513733374
o 8780 0.6512628624777564 0.6660436550875775
o 8790 0.4503217673258482 0.46585236032322774
o 8800 0.9917599498345655 0.994352375941256
o 8810 0.01681326555363816 0.021069661414887753
o 8820 0.9916944029342062 0.9942979506127954
o 8830 0.9853993448876318 0.9889154389210214
o 8840 0.02638054256617401 0.03161878379006322
o 8850 0.929907974161548 0.9376655417130302
o 8860 0.9102923356721256 0.9190076982458145
o 8870 0.9480282117176947 0.9547392759168588
o 8880 0.9824417578823841 0.9863140859376422
o 8890 0.9872395125402215 0.9905145936873929
o 8900 0.39654769187491196 0.41184460176119875
o 8910 0.6209671223374351 0.6360295620890652
o 8920 0.9657747808690377 0.9712267712594753
o 8930 0.5473253862598758 0.5628160508921197
o 8940 2.357743099213211e-06 0.0002958361566028911
o 8950 0.9909749360150731 0.9936977171913532
o 8960 0.8711219405553425 0.8813911154070615
o 8970 0.9458401311101233 0.9526880853621673
o 8980 0.9991854194751913 0.9998401310800589
o 8990 0.9992409148798167 0.9998643624923798
o 9000 0.999784848241918 0.9999999949993749
o 9010 0.29863114047309014 0.3129943242320721
o 9020 0.9100468353196801 0.9187732801715531
o 9030 0.7878069992828395 0.8004138224500719
o 9040 0.01995781199212612 0.02456391120060797
o 9050 0.021782694247910843 0.026578340905362707
o 9060 0.5077284388227209 0.5233063307408894
o 9070 0.47219691835582417 0.4877698286415445
o 9080 0.8055317702579395 0.817723136416707
o 9090 0.5866110165857565 0.6019172088308646
o 9100 0.14124226787408756 0.15227688805186324
o 9110 0.9945628341288062 0.9966281894626924
o 9120 0.47257661957017183 0.48814999936183545
o 9130 0.505487811766521 0.5210677127064887
o 9140 0.4926872268328724 0.5082726114011571
o 9150 0.9336068516020374 0.9411654347242012
o 9160 0.378172481765385 0.3933460271748015
o 9170 0.11792148330454331 0.12816569771717357
o 9180 0.9983090111814502 0.9993589235528282
o 9190 0.14541643489907616 0.15658128749742872
o 9200 0.8737274117067557 0.8839047775167128
o 9210 0.8675202358360601 0.8779140184258213
o 9220 0.9910837712416973 0.9937888372015838
o 9230 0.2811161450829057 0.2952352678861624
o 9240 0.8208850366908277 0.8326847497767954
o 9250 0.006229381978753657 0.008938000608229357
o 9260 0.7716762580634454 0.7846299503577877
o 9270 0.9987614482791993 0.999625557902435
o 9280 0.1875308677698831 0.19985242920061752
o 9290 0.5776471155140408 0.5930041230703669
o 9300 0.36821239677797923 0.38330948285044664
o 9310 0.40027592533838885 0.41559510774420594
o 9320 0.9922194906714479 0.9947326378860454
o 9330 0.31530373608321577 0.3298760709773051
o 9340 0.9976554062814149 0.9989334115040904
o 9350 0.8121329704303477 0.824159734393155
o 9360 0.24261829211880517 0.2561062141064888
o 9370 0.08636689005551695 0.09533120739767953
o 9380 0.20870267838915665 0.22151338784386054
o 9390 0.9975840325399995 0.9988848632863743
o 9400 0.9432413538660142 0.9502477278032843
o 9410 0.9942728290862174 0.9963983436740477
o 9420 0.9686734470169225 0.9738871279472359
o 9430 0.7924589402068942 0.8049603286893436
o 9440 0.9937617797195815 0.9959896455065341
o 9450 0.46951915355326174 0.4850884966417095
o 9460 0.1908105905904443 0.2032115854519856
o 9470 0.9927463231219569 0.9951655732255644
o 9480 0.8292571851264154 0.8408298106658197
o 9490 0.751905585978414 0.7652472291463779
o 9500 0.9067540143687223 0.9156271952661927
o 9510 0.8674592014839949 0.8778550730857579
o 9520 0.8429112197557961 0.8540912268796035
o 9530 0.9997427320109885 0.9999995494141014
o 9540 0.8905390577193467 0.900087541033597
o 9550 0.9372475449853817 0.9446035307847293
o 9560 0.00898532684233052 0.012180784390923294
o 9570 0.9985078691024893 0.9994797052294327
o 9580 0.8102495172037102 0.8223238157908972
o 9590 0.8743585339184149 0.8845134453689332
o 9600 0.8530448884750286 0.8639141836090753
o 9610 0.4720170614584259 0.48758974620136586
o 9620 0.6863012108088806 0.7006735605136147
o 9630 0.6279556006592161 0.6429587376717427
o 9640 0.4276235477766208 0.44307824377898664
o 9650 0.9969495993090236 0.9984398951779412
o 9660 0.9955518186013934 0.9973986530682086
o 9670 0.8886829973518734 0.8983042184377455
o 9680 0.9626322746574845 0.9683303333570054
o 9690 0.6870660593852884 0.7014284556786776
o 9700 0.9877977265708879 0.9909961702972301
o 9710 0.19187763599036953 0.2043041754295456
o 9720 0.29034865983578334 0.3045996170529658
o 9730 0.9894137747722214 0.9923795026130479
o 9740 0.03366801811291094 0.0395286494383813
o 9750 0.8432360126760455 0.8544063257793014
o 9760 0.5277810183903 0.5433269973947507
o 9770 0.05196210417766326 0.05910803232685058
o 9780 0.3292223559509713 0.3439527311846088
o 9790 0.49622687826622897 0.5118117669440148
o 9800 0.9997041638433971 0.9999976422569008
o 9810 0.6564091485510614 0.671135642947944
o 9820 0.04139544694736662 0.047838443384639495
o 9830 0.8935178562918117 0.9029477522563677
o 9840 4.934143394975716e-05 0.0005269197482213883
o 9850 0.00756536392264901 0.0105213840413787
o 9860 0.1577113237923255 0.16924218051555295
o 9870 0.8567431740073417 0.8674946668972399
o 9880 0.9324968281079186 0.9401158272347079
o 9890 0.985079266883367 0.9886356331410749
o 9900 0.7449026599398633 0.758372496486991
o 9910 0.1653228951909895 0.177068000742869
o 9920 0.9410567807017365 0.9481930279567886
o 9930 0.0032660367992501027 0.005303010282548426
o 9940 0.2511608625866181 0.26480073585369934
o 9950 0.2697442995366449 0.28369097819926803
o 9960 0.0004758668143244943 0.001416712981098911
o 9970 0.013104212254791216 0.01690017738223004
o 9980 0.9982106455758747 0.9992974473203111
o 9990 0.999784848241918 0.9999999949993749
