
x disttype infty-general-gaussian
x k 1510
x std 0.5
x N 50000
x alpha 0.0005

o 0 0.9349228494453413 0.9424089993485824
o 10 0.9997041638433971 0.9999976422569008
o 20 0.6900049023318348 0.7043286281478949
o 30 0.9986846867396864 0.9995825074237993
o 40 0.2887203018260953 0.30294852807667505
o 50 0.991825521513603 0.9944067763946416
o 60 0.9990764961900899 0.99978951939873
o 70 0.7438130780482536 0.7573024427140849
o 80 0.999784848241918 0.9999999949993749
o 90 0.9737151711821116 0.978483693632111
o 100 0.44111673424749703 0.4566205007302172
o 110 0.047002192243476765 0.05382970123783004
o 120 0.9998341327646891 1
o 130 0.09517221289822461 0.1045228298126537
o 140 0.8927016295334025 0.902164250333331
o 150 0.9998341327646891 1
o 160 0.8550361191088097 0.8658422900595781
o 170 0.9936952978991156 0.9959361593135826
o 180 0.9994730802517786 0.9999506585660503
o 190 0.7115737743896846 0.7255925329440518
o 200 0.028945685528957904 0.03441269925703272
o 210 0.0005202947705672456 0.0014921308975106573
o 220 0.9998341327646891 1
o 230 0.9995037605889281 0.9999597116202779
o 240 0.9998341327646891 1
o 250 0.522716656967368 0.5382730641206779
o 260 0.5240777503839009 0.5396315123625004
o 270 0.43387041067587506 0.4493492710932222
o 280 0.9998341327646891 1
o 290 0.9998341327646891 1
o 300 0.9977269908240753 0.9989817458746678
o 310 0.9998341327646891 1
o 320 0.06909054777879874 0.07721356969311077
o 330 0.9393060619604366 0.9465443291366826
o 340 0.0019650041047284397 0.003605073843765516
o 350 0.9890466485450916 0.9920667715745632
o 360 0.8191220465853029 0.8309683276618645
o 370 0.0987172959656573 0.10821651896122397
o 380 0.9819964231647338 0.985919578001834
o 390 0.9998341327646891 1
o 400 0.9998341327646891 1
o 410 0.8940076355638079 0.9034178101822894
o 420 0.9948761849382639 0.9968746717641922
o 430 0.0242219913747488 0.029258133369629347
o 440 0.9998341327646891 1
o 450 0.9989171466500022 0.9997094220119266
o 460 0.994764143998584 0.996786773113775
o 470 0.2278804303386171 0.2410890960380907
o 480 0.0001848488648285143 0.0008693561352292045
o 490 0.9998341327646891 1
o 500 6.887077827747213e-05 0.0005869172185136717
o 510 0.9998341327646891 1
o 520 0.853207424594766 0.8640715933760843
o 530 0.9998341327646891 1
o 540 0.6284376267671892 0.643436549761965
o 550 0 0.00016586723531085122
o 560 0.9998341327646891 1
o 570 0.9997427320109885 0.9999995494141014
o 580 0.9484619049818439 0.9551454381457176
o 590 0.999784848241918 0.9999999949993749
o 600 0.9923948979403604 0.9948771540820822
o 610 0.9997427320109885 0.9999995494141014
o 620 0.9249196584717295 0.9329355151961691
o 630 0.0001238396693464139 0.0007310322321077978
o 640 0 0.00016586723531085122
o 650 0.9998341327646891 1
o 660 0.9998341327646891 1
o 670 0.9998341327646891 1
o 680 0.9721437525185846 0.9770556470877987
o 690 5.000625091698381e-09 0.00021515175808195508
o 700 0.9998341327646891 1
o 710 0.002273000311075335 0.00401679734158189
o 720 0.011103207191086371 0.01462200123637658
o 730 0.09859974997985543 0.10809410563957422
o 740 0 0.00016586723531085122
o 750 0.9998341327646891 1
o 760 0.21871456072048973 0.23173809024573977
o 770 0.877616634519889 0.887654261079285
o 780 0.9956423896922855 0.9974680271834279
o 790 0 0.00016586723531085122
o 800 0.9998341327646891 1
o 810 0.22746460335268448 0.24066506473546012
o 820 0.6803844697138856 0.6948322841999008
o 830 0.9802395746456529 0.9843570428842723
o 840 0.9998341327646891 1
o 850 0 0.00016586723531085122
o 860 0.9996330653686861 0.9999891487861118
o 870 5.000625091698381e-09 0.00021515175808195508
o 880 0.9998341327646891 1
o 890 0.9950782432968917 0.997032502195308
o 900 0.0004174925762006784 0.0013153132603136442
o 910 0.11607558736274556 0.12625223018583565
o 920 0.7610917329049026 0.7742580119082018
o 930 0.9622580766298522 0.9679846569177746
o 940 0.9998341327646891 1
o 950 0.18061808443175945 0.19276757620875606
o 960 0.9998341327646891 1
o 970 0.9998341327646891 1
o 980 4.028837972215593e-05 0.0004962394110719082
o 990 0.9947193687185263 0.9967515723000848
o 1000 0.9998341327646891 1
o 1010 0.9998341327646891 1
o 1020 0.9998341327646891 1
o 1030 0.4987868692714115 0.514370913186935
o 1040 0 0.00016586723531085122
o 1050 0.12104467653673925 0.13140142798616594
o 1060 0.9998341327646891 1
o 1070 0.039446124007001954 0.04574846380431097
o 1080 0.999784848241918 0.9999999949993749
o 1090 0.9981372773655336 0.9992509263546009
o 1100 0.2535994038513702 0.2672813648053399
o 1110 0.9998341327646891 1
o 1120 0.45765176497067317 0.47319988896771215
o 1130 0.00014765267811112144 0.0007869294098699076
o 1140 0.5749203607718798 0.5902917945593507
o 1150 0 0.00016586723531085122
o 1160 0.7132662641516251 0.7272594766111178
o 1170 0.9213101415059828 0.9295062315649354
o 1180 0.9956877226395184 0.9975026664820278
o 1190 0.9993545677321735 0.9999100498624319
o 1200 0.4644639853460609 0.4800253701433608
o 1210 0.9991306438647708 0.9998151511351715
o 1220 0.001627059471392074 0.003143369413291741
o 1230 0.01791022822473365 0.022292275791172655
o 1240 0 0.00016586723531085122
o 1250 0.9997041638433971 0.9999976422569008
o 1260 0.03222663019301489 0.03797055957667428
o 1270 0 0.00016586723531085122
o 1280 1.694642373683569e-05 0.00040050853982798174
o 1290 0.9972299702688214 0.9986392778683405
o 1300 0.0016102992078156333 0.003120148603596995
o 1310 0.9998341327646891 1
o 1320 0.4150138942809068 0.4304121573524916
o 1330 0.09816876506352892 0.10764523976623885
o 1340 0.9998341327646891 1
o 1350 0.005556970617227345 0.008130750107464335
o 1360 0.9996678275924519 0.9999940967944916
o 1370 0.9993545677321735 0.9999100498624319
o 1380 0 0.00016586723531085122
o 1390 0.9998341327646891 1
o 1400 0.9226018694419715 0.9307340744129454
o 1410 0.9998341327646891 1
o 1420 0.06005913789348452 0.06768814527418476
o 1430 0.5403152658947921 0.5558285304134216
o 1440 0.9783820240679677 0.9826952389127027
o 1450 0.4770534366098767 0.4926316725017855
o 1460 0.9998341327646891 1
o 1470 0.17848564149022642 0.19058074858874108
o 1480 0.7284034066894759 0.7421572682938185
o 1490 0.999784848241918 0.9999999949993749
o 1500 0.9515824814360312 0.9580638213897452
o 1510 0.5107495318439104 0.5263242199391212
o 1520 0.999784848241918 0.9999999949993749
o 1530 0.013366815405433824 0.017197468617499045
o 1540 0.9998341327646891 1
o 1550 0.7953721079960913 0.8078061886187095
o 1560 0.9998341327646891 1
o 1570 0.7259235350497802 0.7397179696622234
o 1580 0.00036024598323412533 0.00121281458400746
o 1590 0 0.00016586723531085122
o 1600 0 0.00016586723531085122
o 1610 0 0.00016586723531085122
o 1620 0.47143752944483636 0.4870094736829791
o 1630 0.9995037605889281 0.9999597116202779
o 1640 0.0164732431924053 0.02068981563456651
o 1650 0.9998341327646891 1
o 1660 0.8175213567216221 0.8294095512318006
o 1670 0.00710658512486482 0.00998037612076319
o 1680 0.9998341327646891 1
o 1690 0.45261845101265447 0.46815490149379835
o 1700 0.7250364926300261 0.7388453088908349
o 1710 0.33801470834738045 0.3528373986568747
o 1720 0.14685412162609912 0.15806310720675132
o 1730 0 0.00016586723531085122
o 1740 0.10500882484666424 0.11476281371725572
o 1750 0.9997041638433971 0.9999976422569008
o 1760 0.6829602984890516 0.6973755922645655
o 1770 0.8118899310828156 0.8239228547966937
o 1780 0.999784848241918 0.9999999949993749
o 1790 0.00479843433253168 0.007209689040741929
o 1800 0.05753271979704735 0.06501545192330538
o 1810 0.8242900489989806 0.8359986023626276
o 1820 0.632233864150059 0.6471990381800318
o 1830 0 0.00016586723531085122
o 1840 0.00033210463993232117 0.0011610963483328351
o 1850 0 0.00016586723531085122
o 1860 0.9998341327646891 1
o 1870 0.9998341327646891 1
o 1880 0.9997041638433971 0.9999976422569008
o 1890 0.9072243079271759 0.916076745434482
o 1900 0.9998341327646891 1
o 1910 0.8495915469766929 0.860568674919294
o 1920 0.9998341327646891 1
o 1930 0.7498064784646292 0.7631870383962772
o 1940 0.41507373809556813 0.43047229331569437
o 1950 0.20000135587478812 0.21261768061831943
o 1960 0 0.00016586723531085122
o 1970 0.9998341327646891 1
o 1980 0.9998341327646891 1
o 1990 5.888889772228268e-05 0.0005571263040640151
o 2000 0.8808759310024977 0.8907938806495903
o 2010 0.00010097297528831012 0.0006742276410476311
o 2020 0.9998341327646891 1
o 2030 0.0682137664831668 0.07629065766266885
o 2040 0.5429789290755176 0.5584839707555829
o 2050 0.9998341327646891 1
o 2060 0.9998341327646891 1
o 2070 0.01736149824765321 0.021681216891914712
o 2080 0.9911926670051865 0.9938798964580051
o 2090 0.9998341327646891 1
o 2100 0.8389737871818419 0.850269971028647
o 2110 0.5652783924707566 0.5806970051411925
o 2120 0 0.00016586723531085122
o 2130 0.9981128936006963 0.9992353457234481
o 2140 0.9998341327646891 1
o 2150 0.9976792437995069 0.9989495473086407
o 2160 0.12214492691424367 0.13254079851600487
o 2170 0.9998341327646891 1
o 2180 0.9879911809906673 0.9911626428272275
o 2190 0.9843546281428882 0.9880005334933005
o 2200 0.9990229026390082 0.9997633135035773
o 2210 0.07400374394825424 0.08237865730699134
o 2220 0.9998341327646891 1
o 2230 0.6009145895025898 0.6161288295468513
o 2240 0.9998341327646891 1
o 2250 0.6414152093227353 0.6562946119317198
o 2260 0.7016630245780371 0.7158266010922552
o 2270 0.9964178981004407 0.998052007502891
o 2280 0.07096160823940759 0.07918185521125265
o 2290 0.9994130827814863 0.9999311292217226
o 2300 0.31838508122987763 0.3329936806751811
o 2310 0.27909142925159874 0.29318067166075745
o 2320 0.001115136713625694 0.002415967460000501
o 2330 0.8692293522163594 0.8795643333944836
o 2340 0.9998341327646891 1
o 2350 6.887077827747213e-05 0.0005869172185136717
o 2360 0.8205607923854434 0.8323691021816821
o 2370 0.9982597477012427 0.9993282676995614
o 2380 0.9995668564461039 0.999976016692425
o 2390 0.8239049170614627 0.8356238626809253
o 2400 0.999784848241918 0.9999999949993749
o 2410 0.9998341327646891 1
o 2420 0.07568166390719608 0.08414015206879666
o 2430 0.9976315921770181 0.9989172519476788
o 2440 0.9969728777400151 0.998456597194961
o 2450 0.9998341327646891 1
o 2460 0.9503007256535633 0.9568660045869489
o 2470 0.9998341327646891 1
o 2480 0.9998341327646891 1
o 2490 0.21236249791868575 0.22525231958673908
o 2500 0.6525292421479562 0.6672968506470266
o 2510 0.9912798280218552 0.9939526992962495
o 2520 0.9823993296831387 0.9862765291491912
o 2530 0.9899979600658653 0.9928750872932561
o 2540 0 0.00016586723531085122
o 2550 0.980493269944149 0.9845832589711583
o 2560 0.9761716035451471 0.9807064210819528
o 2570 0.23651580552010265 0.24989077882980038
o 2580 0.9831635499440565 0.9869520377468656
o 2590 1.0851213888255374e-05 0.0003669346313138755
o 2600 0.9998341327646891 1
o 2610 0.9998341327646891 1
o 2620 0.8428097237427925 0.8539927566985797
o 2630 0.07894158679640217 0.08755909319013389
o 2640 0.9993257723589525 0.9998990270247117
o 2650 0 0.00016586723531085122
o 2660 0 0.00016586723531085122
o 2670 0.6950983663441083 0.7093534579276586
o 2680 0.9998341327646891 1
o 2690 5.000625091698381e-09 0.00021515175808195508
o 2700 0.4409370531495621 0.4564402424921665
o 2710 0.9998341327646891 1
o 2720 0.19764881639955478 0.21021102349440635
o 2730 0.9979672929505882 0.9991411475683059
o 2740 0.9230735392017697 0.9311822479237285
o 2750 0.9998341327646891 1
o 2760 0.9995037605889281 0.9999597116202779
o 2770 0.008062147903792042 0.011104373633033182
o 2780 0.9998341327646891 1
o 2790 0.9998341327646891 1
o 2800 0.07798486364409264 0.08655614958567204
o 2810 0 0.00016586723531085122
o 2820 0.9998341327646891 1
o 2830 0.9998341327646891 1
o 2840 0.9998341327646891 1
o 2850 0.9998341327646891 1
o 2860 0.0011638875009322325 0.0024871414296815386
o 2870 0.9996330653686861 0.9999891487861118
o 2880 0.9998341327646891 1
o 2890 0.9784663536538803 0.9827708801419559
o 2900 0 0.00016586723531085122
o 2910 0.3790889798151347 0.3942692190267024
o 2920 0.00011227771781942915 0.0007027531481009763
o 2930 0.4910275246389866 0.5066128730355836
o 2940 0 0.00016586723531085122
o 2950 0.5654788188139498 0.5808965113914499
o 2960 0.9995668564461039 0.999976016692425
o 2970 0.8238238380034495 0.8355449687662277
o 2980 0.6623808576218567 0.6770419313177731
o 2990 0.996717592406219 0.9982720892569996
o 3000 0.9998341327646891 1
o 3010 0.9998341327646891 1
o 3020 0.9998341327646891 1
o 3030 0.9641091004613689 0.9696930117281717
o 3040 0.9998341327646891 1
o 3050 0.8341247234451564 0.8455606503112423
o 3060 0.9998341327646891 1
o 3070 0.9998341327646891 1
o 3080 0.06040909402306902 0.06805806617614407
o 3090 0.999784848241918 0.9999999949993749
o 3100 0.9998341327646891 1
o 3110 0.43211397809036606 0.4475862968436728
o 3120 5.903205508420937e-06 0.0003321724075481258
o 3130 0.0007646542765519723 0.001887106399303673
o 3140 0.9995037605889281 0.9999597116202779
o 3150 0.26605413201884065 0.2799424003276286
o 3160 5.000625091698381e-09 0.00021515175808195508
o 3170 0.999442873695936 0.9999411111022777
o 3180 0.8484542030227792 0.8594663975962349
o 3190 0.002845103687389532 0.0047642397117935165
o 3200 0.0023763566719851885 0.004153353342933763
o 3210 0.9998341327646891 1
o 3220 0.2169729634194028 0.22996028146800096
o 3230 4.028837972215593e-05 0.0004962394110719082
o 3240 0.12546611873019073 0.13597846280745918
o 3250 0 0.00016586723531085122
o 3260 0.9879051864494105 0.9910886698738385
o 3270 0.9940947906981642 0.9962564714166792
o 3280 0 0.00016586723531085122
o 3290 0.9998341327646891 1
o 3300 0.9953259191424008 0.9972246856405348
o 3310 0.9621541473094323 0.9678886210969633
o 3320 0 0.00016586723531085122
o 3330 0.5555592543403144 0.5710194124618531
o 3340 0.8396637625260803 0.8509397658348455
o 3350 0.9998341327646891 1
o 3360 0.04622805377294499 0.05300411468361543
o 3370 0.9998341327646891 1
o 3380 0.9998341327646891 1
o 3390 0 0.00016586723531085122
o 3400 0 0.00016586723531085122
o 3410 0.9976315921770181 0.9989172519476788
o 3420 0.05854306404681163 0.0660847521557828
o 3430 0.9998341327646891 1
o 3440 0 0.00016586723531085122
o 3450 2.357743099213211e-06 0.0002958361566028911
o 3460 0.9998341327646891 1
o 3470 0.9946075303645595 0.9966634698045075
o 3480 0.9998341327646891 1
o 3490 0 0.00016586723531085122
o 3500 0.9881202178383257 0.9912735571030566
o 3510 0.6461175333002178 0.6609507102915229
o 3520 0.9998341327646891 1
o 3530 0.9998341327646891 1
o 3540 0.9992409148798167 0.9998643624923798
o 3550 0 0.00016586723531085122
o 3560 0.000843071543134267 0.002008520093297661
o 3570 0.299167512280854 0.31353777034572083
o 3580 0.9507761392831168 0.9573104324461045
o 3590 0.9998341327646891 1
o 3600 0 0.00016586723531085122
o 3610 0.84394652744896 0.855095574357853
o 3620 0.8695752813785261 0.8798982891409208
o 3630 0.9998341327646891 1
o 3640 0 0.00016586723531085122
o 3650 0.9998341327646891 1
o 3660 0.8203378786829544 0.8321520902020839
o 3670 0.9887015770536661 0.9917719760749888
o 3680 0.022830023424139242 0.027730619657223565
o 3690 0.9988909714709572 0.9996956768430979
o 3700 0.04901605412485422 0.055975125013968285
o 3710 0.913587142720337 0.9221517964389958
o 3720 0.9998341327646891 1
o 3730 0.9534235976220727 0.9597820909376074
o 3740 0.9998341327646891 1
o 3750 0.5975838418080616 0.6128206962706306
o 3760 0.9998341327646891 1
o 3770 0.9817421032969416 0.9856939875100651
o 3780 0.031708071053293194 0.03740930698081457
o 3790 0.9854633898561419 0.9889713706467704
o 3800 0.9665040975685858 0.9718972090263809
o 3810 0.1478192445602749 0.1590576529922273
o 3820 0.8528214051518496 0.8636977413372795
o 3830 0.378610803359347 0.39378755727284087
o 3840 0.001426922123347726 0.002863744629020948
o 3850 0.9992409148798167 0.9998643624923798
o 3860 0.9998341327646891 1
o 3870 0.13287906168891228 0.1436429688664862
o 3880 0.2009306020183161 0.21356811717498025
o 3890 0.996833423718342 0.9983561661753741
o 3900 0.013685914062358185 0.01755824211761592
o 3910 0.008671006333979204 0.011815243217333848
o 3920 0.008025305169084614 0.0110612330127412
o 3930 0.9995037605889281 0.9999597116202779
o 3940 0.6422591582751875 0.6571303798112889
o 3950 0.9997427320109885 0.9999995494141014
o 3960 0.9993545677321735 0.9999100498624319
o 3970 5.000625091698381e-09 0.00021515175808195508
o 3980 0.03032617157494896 0.035911709244376255
o 3990 0.9959148847383061 0.9976753617509324
o 4000 0 0.00016586723531085122
o 4010 0.9306269351237789 0.9383463417826685
o 4020 0.9385854421162675 0.9458651886815641
o 4030 0.9805778572144799 0.9846586421275972
o 4040 0.9998341327646891 1
o 4050 0 0.00016586723531085122
o 4060 0.6553637312404176 0.6701014108690859
o 4070 0.9994730802517786 0.9999506585660503
o 4080 0.996234423774403 0.9979156106725443
o 4090 0.12065176221026896 0.13099447770930783
o 4100 0.9998341327646891 1
o 4110 0.9998341327646891 1
o 4120 0.9620502242773852 0.9677925789827473
o 4130 0.9998341327646891 1
o 4140 0.3089831576950099 0.3234787936755772
o 4150 0.9998341327646891 1
o 4160 0.07710639912707822 0.08563492019363428
o 4170 0.12424755641155899 0.13471744475251823
o 4180 0.8354838996908578 0.8468810211998052
o 4190 0 0.00016586723531085122
o 4200 0.018326824901818303 0.02275551939145426
o 4210 0.22021880062897567 0.2332733374176238
o 4220 0 0.00016586723531085122
o 4230 0.9420046184681715 0.9490848747971476
o 4240 0.007216580723522231 0.010110328988892636
o 4250 0.2842329597211474 0.298397394375565
o 4260 0.9998341327646891 1
o 4270 0.9904099244953146 0.993222958237798
o 4280 0.8638384992167414 0.8743569801565826
o 4290 0.5735971692971883 0.5889754309242722
o 4300 0.9998341327646891 1
o 4310 0.0021185936590183444 0.0038113406133253314
o 4320 0 0.00016586723531085122
o 4330 0.9998341327646891 1
o 4340 0.9998341327646891 1
o 4350 0.999784848241918 0.9999999949993749
o 4360 0.8335770358355437 0.8450285204130149
o 4370 0.9998341327646891 1
o 4380 0.9831210641861341 0.9869145386210663
o 4390 0.9998341327646891 1
o 4400 0.0017279107430003948 0.003282407593780956
o 4410 0.9940058868960785 0.9961854192572273
o 4420 0.9033607680545794 0.9123815691589017
o 4430 0.999599491460172 0.9999830535762632
o 4440 0.5484271176646175 0.563913948761008
o 4450 0.9137509098716984 0.9223079748736948
o 4460 0.9988648919050572 0.999681833128126
o 4470 0.9997041638433971 0.9999976422569008
o 4480 0.9998341327646891 1
o 4490 0.9784874375395989 0.9827897889579362
o 4500 0.9775392407872652 0.9819383133204425
o 4510 0.9998341327646891 1
o 4520 0.0036902896897021992 0.005838481498974257
o 4530 0.9957104012102794 0.9975199739418538
o 4540 0.9998341327646891 1
o 4550 0 0.00016586723531085122
o 4560 0.9998341327646891 1
o 4570 0.6072962100826884 0.6224650652560987
o 4580 0.9258840370409795 0.9338508161550622
o 4590 0 0.00016586723531085122
o 4600 0.11124673382460953 0.12124274992736661
o 4610 0.9896948746063506 0.9926182925641336
o 4620 5.000625091698381e-09 0.00021515175808195508
o 4630 0.9563848927655936 0.9625398068432541
o 4640 0.32892402320314845 0.3436511650703279
o 4650 0.9723321996983925 0.9772271358704222
o 4660 0.47451516439777425 0.4900908007277923
o 4670 0.9997427320109885 0.9999995494141014
o 4680 0.46268587538195305 0.4782440799948956
o 4690 0.12666517935302252 0.13721898935543952
o 4700 0.32339552648231185 0.3380615362383367
o 4710 0.20352090025729816 0.21621693457546765
o 4720 0.8314473565475169 0.8429589093607607
o 4730 0.17493226339819187 0.18693534249740318
o 4740 0.09194215581596984 0.10115400657424811
o 4750 0.10198977828809568 0.11162290422324173
o 4760 0.8424240465833505 0.8536185623194766
o 4770 0.9540445234692249 0.9603609578302097
o 4780 0.9993836603972324 0.9999207619417313
o 4790 0.023192116235719543 0.028128391721657042
o 4800 0.9998341327646891 1
o 4810 0.9996330653686861 0.9999891487861118
o 4820 0.9058544218657416 0.9147670866972746
o 4830 0 0.00016586723531085122
o 4840 0.9998341327646891 1
o 4850 0 0.00016586723531085122
o 4860 0.9998341327646891 1
o 4870 0.8913550500203696 0.9008712774728538
o 4880 0.0193315185228319 0.023870442418716387
o 4890 0.9998341327646891 1
o 4900 0.2892167407982532 0.3034519205020024
o 4910 0.998532952220799 0.9994945720557045
o 4920 0.9983832285394911 0.9994045786411975
o 4930 0.9050162815897735 0.9139655054857424
o 4940 0.982378116810592 0.9862577495257544
o 4950 0.999599491460172 0.9999830535762632
o 4960 0.3636319047273173 0.37869152545293516
o 4970 0.0937821124714931 0.10307341198857445
o 4980 0 0.00016586723531085122
o 4990 0.3523232213974082 0.36728403807675347
o 5000 0.9998341327646891 1
o 5010 0.9998341327646891 1
o 5020 0.9989962943624112 0.9997500155155598
o 5030 0.9998341327646891 1
o 5040 0.9995349878824064 0.9999681957182619
o 5050 0.023401814357787938 0.02835861544076601
o 5060 0.9779394480828787 0.9822979678996248
o 5070 0.0009701459672754151 0.002201201746783621
o 5080 0.9998341327646891 1
o 5090 0.7303189422776621 0.7440410918448475
o 5100 0.9996678275924519 0.9999940967944916
o 5110 0.9998341327646891 1
o 5120 0.9989434220919977 0.9997230637730928
o 5130 0 0.00016586723531085122
o 5140 0.999784848241918 0.9999999949993749
o 5150 0.3139122806875318 0.32846799838446594
o 5160 0.9517685977476309 0.9582376430008919
o 5170 0.9998341327646891 1
o 5180 0.0018292325510135831 0.003420979978664307
o 5190 0.46770079934463593 0.4832674642165822
o 5200 0.9998341327646891 1
o 5210 0.9998341327646891 1
o 5220 0.9998341327646891 1
o 5230 0.8669099093113036 0.8773245480259665
o 5240 0.1323676470789774 0.14311455937388728
o 5250 0.9998341327646891 1
o 5260 0.9998341327646891 1
o 5270 0.999784848241918 0.9999999949993749
o 5280 0 0.00016586723531085122
o 5290 0.052931866906230335 0.06013792695841069
o 5300 0.9993257723589525 0.9998990270247117
o 5310 0.9566543014847056 0.9627903080862309
o 5320 0.9998341327646891 1
o 5330 0 0.00016586723531085122
o 5340 0 0.00016586723531085122
o 5350 0.9998341327646891 1
o 5360 0.9898030753680346 0.992710049150321
o 5370 0.26067869001902716 0.27447967035557264
o 5380 0 0.00016586723531085122
o 5390 0.9998341327646891 1
o 5400 0.9997427320109885 0.9999995494141014
o 5410 0.0005501918341939858 0.0015421373722853682
o 5420 0.9961429349554335 0.9978471617053387
o 5430 0.9998341327646891 1
o 5440 0.9998341327646891 1
o 5450 0.00011227771781942915 0.0007027531481009763
o 5460 0.9998341327646891 1
o 5470 0.9998341327646891 1
o 5480 0.9989962943624112 0.9997500155155598
o 5490 0.49842685820695476 0.5140110455758349
o 5500 0.7408271030802411 0.7543694162086723
o 5510 0.9536719478668685 0.9600136578015497
o 5520 0.18579250060467392 0.19807139062504386
o 5530 0 0.00016586723531085122
o 5540 0.16003770208349394 0.17163500477876337
o 5550 0.852090036184168 0.8629893538070446
o 5560 0.007785996484222579 0.010780650376298384
o 5570 0.9252684526365631 0.9332666051249644
o 5580 0.06190651219938547 0.0696401221285613
o 5590 0.00014765267811112144 0.0007869294098699076
o 5600 0.4470068479026295 0.46252839865099504
o 5610 0.46220640202508145 0.4777637151192432
o 5620 0 0.00016586723531085122
o 5630 0 0.00016586723531085122
o 5640 0.003548536589701714 0.005660324620525348
o 5650 0.01562410199056255 0.01973928785814094
o 5660 0.9972065160734749 0.9986227536460907
o 5670 8.995013756807068e-05 0.0006454322678265401
o 5680 0 0.00016586723531085122
o 5690 0.5845653323067628 0.5998835806834757
o 5700 0.12859185133740458 0.1392116541960292
o 5710 0.002792751176889676 0.00469663101293627
o 5720 0.9998341327646891 1
o 5730 0 0.00016586723531085122
o 5740 0.010916795881558706 0.014408490291543008
o 5750 0.5137508993021671 0.5293218414392817
o 5760 0.9863396987797751 0.989734740952503
o 5770 0.9998341327646891 1
o 5780 0.9998341327646891 1
o 5790 0.997323963754113 0.9987051958885018
o 5800 0.23534703468176602 0.24869994776771343
o 5810 0.9998341327646891 1
o 5820 0.46318533446200405 0.4787444524070853
o 5830 0 0.00016586723531085122
o 5840 0.9937617797195815 0.9959896455065341
o 5850 0 0.00016586723531085122
o 5860 0.9748691004637569 0.9795293703718064
o 5870 0.9998341327646891 1
o 5880 0.9964638754550494 0.998085996940606
o 5890 0.1722678090324327 0.18420070879898687
o 5900 0.925822474828164 0.9337923988258804
o 5910 2.357743099213211e-06 0.0002958361566028911
o 5920 0.9998341327646891 1
o 5930 0 0.00016586723531085122
o 5940 0.0001238396693464139 0.0007310322321077978
o 5950 0.9789303385851122 0.9831867344463622
o 5960 0 0.00016586723531085122
o 5970 0.9998341327646891 1
o 5980 0.9998341327646891 1
o 5990 0.976024451558808 0.9805736235666093
o 6000 0.7767888407090031 0.7896356600571093
o 6010 0.01404283458047259 0.01796117921189677
o 6020 0.9958239179842938 0.9976063863609007
o 6030 0.4834299835431184 0.4990129754262502
o 6040 0 0.00016586723531085122
o 6050 5.000625091698381e-09 0.00021515175808195508
o 6060 0.00056521870835256 0.0015670639793761154
o 6070 0.03234189050068424 0.03809525745220266
o 6080 0.9990496341945716 0.9997764839702489
o 6090 0.999784848241918 0.9999999949993749
o 6100 0.9998341327646891 1
o 6110 0.9998341327646891 1
o 6120 0.9987871854159925 0.9996397540167659
o 6130 0.6318923831300907 0.6468606338112634
o 6140 0.9998341327646891 1
o 6150 0.5754616826664942 0.5908302906640024
o 6160 2.357743099213211e-06 0.0002958361566028911
o 6170 0.9932309668614464 0.9955607090108873
o 6180 0.9081854549566651 0.9169952790303222
o 6190 0.6452935648888303 0.6601349551332134
o 6200 0.8823837721536698 0.892245538080346
o 6210 0 0.00016586723531085122
o 6220 0.0009382061982206309 0.002153199794018512
o 6230 0.006101899088547247 0.008785546470935102
o 6240 0.8613373072109656 0.8719390045511826
o 6250 0.11438713569820909 0.12450126427691555
o 6260 0.0021185936590183444 0.0038113406133253314
o 6270 0 0.00016586723531085122
o 6280 0.0007335292289815797 0.0018383033065316745
o 6290 0.002792751176889676 0.00469663101293627
o 6300 0.7570533491887499 0.7702977452563978
o 6310 0.9998341327646891 1
o 6320 0.999784848241918 0.9999999949993749
o 6330 0.9961429349554335 0.9978471617053387
o 6340 0.8674185121261341 0.8778157759821589
o 6350 0.9998341327646891 1
o 6360 0.9980156978384686 0.999172677844584
o 6370 0.011700448817871181 0.015304512356957845
o 6380 0.01719130282447827 0.02149147797721218
o 6390 0.9998341327646891 1
o 6400 0.20110854866841527 0.2137501097659401
o 6410 0.9998341327646891 1
o 6420 0.9998341327646891 1
o 6430 0.8210876931149291 0.8328820257899346
o 6440 0 0.00016586723531085122
o 6450 0.9998341327646891 1
o 6460 0.14691320847852343 0.15812400007140892
o 6470 0.6303055540113275 0.6452879955332588
o 6480 0.9996330653686861 0.9999891487861118
o 6490 5.000625091698381e-09 0.00021515175808195508
o 6500 0.0009701459672754151 0.002201201746783621
o 6510 0 0.00016586723531085122
o 6520 0.3081286078936374 0.3226136334367934
o 6530 0.0059381722468306855 0.008589354930157445
o 6540 0.9998341327646891 1
o 6550 0.9997427320109885 0.9999995494141014
o 6560 0.9979190093140644 0.999109494009705
o 6570 0.05700823804428418 0.06446011832479226
o 6580 0.0265909006203347 0.03184834824542626
o 6590 0.04955851114953738 0.056552475804846236
o 6600 0.9998341327646891 1
o 6610 0.9998341327646891 1
o 6620 0.9998341327646891 1
o 6630 0.9923290970738091 0.9948229837460756
o 6640 0 0.00016586723531085122
o 6650 0.9997041638433971 0.9999976422569008
o 6660 0.999784848241918 0.9999999949993749
o 6670 0.004906452413280383 0.007341611977483287
o 6680 0.7003741192533651 0.7145559380522963
o 6690 0.9998341327646891 1
o 6700 0.9698848277296087 0.974995337726114
o 6710 0.9984828397939801 0.999464783357556
o 6720 0.9997427320109885 0.9999995494141014
o 6730 0.9974182533663415 0.9987708140525817
o 6740 0.9626738573214314 0.9683687367408503
o 6750 0.3258016735025349 0.3404945733553898
o 6760 0.9998341327646891 1
o 6770 0.9987102018538886 0.9995969315746592
o 6780 0.9998341327646891 1
o 6790 0 0.00016586723531085122
o 6800 0.976234676317106 0.9807633266580484
o 6810 0.9996678275924519 0.9999940967944916
o 6820 0.9998341327646891 1
o 6830 0.5201747698748505 0.5357358072326579
o 6840 0.9976078010658749 0.9989010690693881
o 6850 0.997894911366256 0.9990936226399529
o 6860 0.9982597477012427 0.9993282676995614
o 6870 0.9913016245268479 0.9939708937321148
o 6880 0.31315695054549947 0.3277035847627928
o 6890 0.9444167113715283 0.9513519790462069
o 6900 0.8621099685360385 0.872686086077503
o 6910 0.9997427320109885 0.9999995494141014
o 6920 0 0.00016586723531085122
o 6930 0 0.00016586723531085122
o 6940 0.9998341327646891 1
o 6950 0.013047962253133998 0.016836450055943475
o 6960 0.002531972816572227 0.004357610307714532
o 6970 0.5309241285938453 0.5464628289562861
o 6980 0.017096770744052765 0.021386046566506445
o 6990 0.9998341327646891 1
o 7000 0.1489617381346918 0.16023476730634578
o 7010 0.618758469010313 0.6338389569865213
o 7020 0.9998341327646891 1
o 7030 0.9872609648903561 0.990533133328646
o 7040 0 0.00016586723531085122
o 7050 0.34080020865238436 0.3556509544432058
o 7060 0.9939614630105198 0.9961498650097489
o 7070 0.27545929131983904 0.2894940438710504
o 7080 0 0.00016586723531085122
o 7090 0.09231401930751522 0.1015420141279334
o 7100 0.15244899450325505 0.16382631442669693
o 7110 0.6088215790255757 0.6239791839741159
o 7120 0.9691327998898891 0.9743076198776853
o 7130 0.9998341327646891 1
o 7140 0.9552454630998362 0.9614796171842785
o 7150 0.002549304511062255 0.004380264826709945
o 7160 0.9602221812571287 0.9661012346509231
o 7170 0.9994730802517786 0.9999506585660503
o 7180 0.9998341327646891 1
o 7190 0.9465830619384403 0.9533849071090715
o 7200 0.11845175957343097 0.1287152386310274
o 7210 0.23497066551731205 0.24831644513498552
o 7220 0.9979431363013752 0.9991253358653104
o 7230 0.999784848241918 0.9999999949993749
o 7240 0.012186481312651591 0.015858280551441006
o 7250 0.999784848241918 0.9999999949993749
o 7260 0.7390115111927267 0.7525856152925137
o 7270 0.9996678275924519 0.9999940967944916
o 7280 0.8196894221291805 0.8315207629506729
o 7290 0 0.00016586723531085122
o 7300 0.1560752293641902 0.1675588358957666
o 7310 0 0.00016586723531085122
o 7320 0.03624655188581366 0.042309185067589516
o 7330 0.313574367102795 0.32812602660103984
o 7340 0.0028101950419103317 0.004719174169603879
o 7350 0.9998341327646891 1
o 7360 0 0.00016586723531085122
o 7370 0 0.00016586723531085122
o 7380 0.9998341327646891 1
o 7390 0 0.00016586723531085122
o 7400 0.9837587252117892 0.9874766501503918
o 7410 0.02223955511372774 0.02708130877915038
o 7420 0 0.00016586723531085122
o 7430 0.41611104934050125 0.4315146315546572
o 7440 0.7899710062441915 0.8025290930989805
o 7450 0.9998341327646891 1
o 7460 0.9998341327646891 1
o 7470 0.015379048051772917 0.019464437817334868
o 7480 4.028837972215593e-05 0.0004962394110719082
o 7490 0.9996678275924519 0.9999940967944916
o 7500 0.9998341327646891 1
o 7510 0.9995668564461039 0.999976016692425
o 7520 0.992175669376121 0.9946964781883282
o 7530 0.134983997633303 0.14581730908396395
o 7540 0.9998341327646891 1
o 7550 0.9998341327646891 1
o 7560 0.9973946521725114 0.9987544386726732
o 7570 0.9998341327646891 1
o 7580 0.9996330653686861 0.9999891487861118
o 7590 0.00014765267811112144 0.0007869294098699076
o 7600 2.398330757498869e-05 0.00043314355389612036
o 7610 0.9959148847383061 0.9976753617509324
o 7620 2.398330757498869e-05 0.00043314355389612036
o 7630 0.9998341327646891 1
o 7640 0.9871322711142537 0.9904218751063855
o 7650 0.7018241425179647 0.7159854291976258
o 7660 0.8270268200869992 0.8386609190533347
o 7670 0.9600145658551942 0.96590891958305
o 7680 0.03576518027368014 0.04179073008064538
o 7690 0.9998341327646891 1
o 7700 0.9998341327646891 1
o 7710 0.9472642531222645 0.954023489025488
o 7720 0.25716850231485894 0.2709110520611919
o 7730 0.00011227771781942915 0.0007027531481009763
o 7740 0.6646130463241713 0.6792489941688813
o 7750 0 0.00016586723531085122
o 7760 0.00889283464947107 0.012073317147789475
o 7770 0.9998341327646891 1
o 7780 0 0.00016586723531085122
o 7790 0.6760182193478705 0.6905199978621502
o 7800 0.9998341327646891 1
o 7810 0.9998341327646891 1
o 7820 0.9619255249031993 0.9676773201749267
o 7830 0 0.00016586723531085122
o 7840 0.9998341327646891 1
o 7850 0.4894478877712741 0.5050330423828192
o 7860 0.936013009352615 0.9434384769555721
o 7870 0.9998341327646891 1
o 7880 0.2038372997846685 0.2165404270374891
o 7890 0.9998341327646891 1
o 7900 0.013648360562257066 0.017515810635844065
o 7910 0.01685105828123501 0.021111854054673307
o 7920 0.9005412312329759 0.9096820429782079
o 7930 0 0.00016586723531085122
o 7940 0.025100151433422913 0.03021964776265773
o 7950 0.9998341327646891 1
o 7960 0.9874755639937498 0.9907184539512934
o 7970 0.7422191609758563 0.7557368927878454
o 7980 0.8535121861732741 0.8643667303341463
o 7990 0.1358497026240022 0.1467113064618979
o 8000 0.9994730802517786 0.9999506585660503
o 8010 0.0002104806012700251 0.0009235038099101311
o 8020 0.5997909226271324 0.6150128739273508
o 8030 0.9984578626277146 0.999449808165806
o 8040 0.9990496341945716 0.9997764839702489
o 8050 0.9940725576711883 0.9962387154919856
o 8060 0.9936952978991156 0.9959361593135826
o 8070 0.9985078691024893 0.9994797052294327
o 8080 0.4538767047405502 0.4694162231232436
o 8090 0.6202241930718541 0.6352927407925355
o 8100 0.0024108792167656357 0.004198802145505387
o 8110 0 0.00016586723531085122
o 8120 0.021782694247910843 0.026578340905362707
o 8130 0.9995668564461039 0.999976016692425
o 8140 5.000625091698381e-09 0.00021515175808195508
o 8150 0.9998341327646891 1
o 8160 0.9998341327646891 1
o 8170 0.9921099598704722 0.9946422161123841
o 8180 0.9167405219955072 0.9251573694135896
o 8190 0.0038323555433575148 0.006016327357384332
o 8200 4.5058589854506926e-07 0.0002572679890114893
o 8210 0.9998341327646891 1
o 8220 0.732214476467776 0.7459049235281341
o 8230 0.9998341327646891 1
o 8240 0.9998341327646891 1
o 8250 0.999784848241918 0.9999999949993749
o 8260 0.9998341327646891 1
o 8270 0.9998341327646891 1
o 8280 0 0.00016586723531085122
o 8290 4.028837972215593e-05 0.0004962394110719082
o 8300 1.694642373683569e-05 0.00040050853982798174
o 8310 0.5941531543656023 0.6094125364381249
o 8320 0.039407542643664716 0.04570705899126981
o 8330 0.9998341327646891 1
o 8340 0.7165105428801072 0.7304541119327869
o 8350 0.9998341327646891 1
o 8360 0.9998341327646891 1
o 8370 0.22811804981326436 0.24133139558583416
o 8380 0.9998341327646891 1
o 8390 0.9998341327646891 1
o 8400 0.9706791356049738 0.9757207609061979
o 8410 0.017304761087297532 0.021617975932032296
o 8420 0 0.00016586723531085122
o 8430 0.9998341327646891 1
o 8440 0.8931097317012351 0.9025560125090627
o 8450 0.0002104806012700251 0.0009235038099101311
o 8460 0.9998341327646891 1
o 8470 0.9998341327646891 1
o 8480 0.9797324767750645 0.9839043175280957
o 8490 0.2815727227772928 0.29569853506875554
o 8500 0.9929003408208814 0.9952914862335147
o 8510 0.9998341327646891 1
o 8520 0.18099326829717305 0.19315226402009134
o 8530 0.31601937080466375 0.3306001935085219
o 8540 0.7681002989955501 0.7811271040303395
o 8550 0.9998341327646891 1
o 8560 0.9998341327646891 1
o 8570 0.998532952220799 0.9994945720557045
o 8580 0 0.00016586723531085122
o 8590 0.9997041638433971 0.9999976422569008
o 8600 0.2340000623402699 0.2473273789430276
o 8610 0.9930545307500314 0.9954172262285641
o 8620 0.40272843597710245 0.4180617679769246
o 8630 0.9967407321599208 0.9982889314230393
o 8640 0.9998341327646891 1
o 8650 0.11083464505782013 0.12081498095911014
o 8660 0.9593711044704873 0.9653125964025068
o 8670 0.010711873310762059 0.014173498664446949
o 8680 0.030671517398208947 0.03628623761894578
o 8690 0.9998341327646891 1
o 8700 0.9998341327646891 1
o 8710 0.9424580315517344 0.9495113108237169
o 8720 0 0.00016586723531085122
o 8730 0 0.00016586723531085122
o 8740 0.41345799590675303 0.42884858150196237
o 8750 0.9998341327646891 1
o 8760 0.9998341327646891 1
o 8770 0.0009701459672754151 0.002201201746783621
o 8780 0.9998341327646891 1
o 8790 0.029712442353361124 0.035245662297628155
o 8800 0.9998341327646891 1
o 8810 0 0.00016586723531085122
o 8820 0.9998341327646891 1
o 8830 0.9998341327646891 1
o 8840 2.357743099213211e-06 0.0002958361566028911
o 8850 0.9971128682824996 0.998556485750206
o 8860 0.9992409148798167 0.9998643624923798
o 8870 0.9998341327646891 1
o 8880 0.9996678275924519 0.9999940967944916
o 8890 0.9998341327646891 1
o 8900 0.000304323156902096 0.0011090285290428215
o 8910 0.7280001569225814 0.7417606529772202
o 8920 0.9998341327646891 1
o 8930 0.9996678275924519 0.9999940967944916
o 8940 0 0.00016586723531085122
o 8950 0.9998341327646891 1
o 8960 0.9998341327646891 1
o 8970 0.9995349878824064 0.9999681957182619
o 8980 0.9998341327646891 1
o 8990 0.9998341327646891 1
o 9000 0.9998341327646891 1
o 9010 0.2523701854646878 0.2660310014542888
o 9020 0.9977509012387209 0.9989978077068434
o 9030 0.9443548390751112 0.9512938719407619
o 9040 0 0.00016586723531085122
o 9050 0 0.00016586723531085122
o 9060 0.26976414077923194 0.283711130211579
o 9070 0.8867865982914238 0.8964812479863298
o 9080 0.8970899212076155 0.9063745000458511
o 9090 0.5065680945738258 0.522147065925052
o 9100 0.020014774421154957 0.024626927191544024
o 9110 0.9998341327646891 1
o 9120 0.5750807514576979 0.5904513499474391
o 9130 0.9405417675152086 0.9477082124953481
o 9140 0.8078600927272104 0.8199940372602714
o 9150 0.9998341327646891 1
o 9160 0.9928563184574575 0.9952555284728464
o 9170 0.00056521870835256 0.0015670639793761154
o 9180 0.9998341327646891 1
o 9190 0.9390589752060778 0.9463114980822436
o 9200 0.9998341327646891 1
o 9210 0.9699057238939446 0.9750144344910898
o 9220 0.9998341327646891 1
o 9230 0.014005250335970186 0.017918778420792147
o 9240 0.999784848241918 0.9999999949993749
o 9250 0.0001848488648285143 0.0008693561352292045
o 9260 0.9993545677321735 0.9999100498624319
o 9270 0.9998341327646891 1
o 9280 0.0064847003761392555 0.009242557514590244
o 9290 0 0.00016586723531085122
o 9300 0.9408507657147782 0.9479991114893712
o 9310 0.23045479766462848 0.2437138514681716
o 9320 0.9998341327646891 1
o 9330 0.9818268641156814 0.9857691968325095
o 9340 0.9998341327646891 1
o 9350 0.9679429911096651 0.9732178304378837
o 9360 0.0016438338246257576 0.0031665762816579512
o 9370 0.0005202947705672456 0.0014921308975106573
o 9380 0.5024272078443804 0.5180093478879424
o 9390 0.9998341327646891 1
o 9400 0.998064229430307 0.9992040792410983
o 9410 0.9998341327646891 1
o 9420 0.9998341327646891 1
o 9430 0.9997427320109885 0.9999995494141014
o 9440 0.9998341327646891 1
o 9450 0.5050677116021884 0.5206479544163438
o 9460 0 0.00016586723531085122
o 9470 0.9998341327646891 1
o 9480 0.16650643686958716 0.17828405367244127
o 9490 0.9729186912208496 0.9777604448862726
o 9500 0.9792257566198349 0.9834512138810432
o 9510 0.9754991091690025 0.9800991460527729
o 9520 0.977012958734546 0.9814647766981548
o 9530 0.9998341327646891 1
o 9540 0.9997041638433971 0.9999976422569008
o 9550 0.9996330653686861 0.9999891487861118
o 9560 0 0.00016586723531085122
o 9570 0.9998341327646891 1
o 9580 0.984035301353711 0.9877199749605755
o 9590 0.9858051327617159 0.9892695030757817
o 9600 0.9965790200213357 0.9981707674489865
o 9610 0.822871194127372 0.8346179302086993
o 9620 0.8033050015356061 0.8155506480185143
o 9630 0.9985580909074143 0.9995093820155696
o 9640 0.20401527710882603 0.21672238895757334
o 9650 0.9998341327646891 1
o 9660 0.9998341327646891 1
o 9670 0.9990496341945716 0.9997764839702489
o 9680 0.9998341327646891 1
o 9690 0.7629698620187212 0.7760992551907894
o 9700 0.999784848241918 0.9999999949993749
o 9710 0.025501302080501446 0.030658348749246223
o 9720 0.06291810012737489 0.07070817920854888
o 9730 0.9998341327646891 1
o 9740 0 0.00016586723531085122
o 9750 0.9909966982747094 0.9937159459961112
o 9760 0.7551757782553027 0.7684559437446501
o 9770 0 0.00016586723531085122
o 9780 0 0.00016586723531085122
o 9790 0.23320776867787227 0.2465199425111806
o 9800 0.9998341327646891 1
o 9810 0.9838012650761434 0.98751409506781
o 9820 0.30284296316732395 0.3172610719007233
o 9830 0.15296133211262364 0.16435380107167663
o 9840 0 0.00016586723531085122
o 9850 0 0.00016586723531085122
o 9860 0.004046007623922551 0.006282545803314332
o 9870 0.9993836603972324 0.9999207619417313
o 9880 0.9988130027235841 0.999653867701341
o 9890 0.9998341327646891 1
o 9900 0.5441806548388053 0.5596818405656575
o 9910 2.357743099213211e-06 0.0002958361566028911
o 9920 0.9998341327646891 1
o 9930 0 0.00016586723531085122
o 9940 0.0803672372867533 0.089052946339653
o 9950 0.0688372369078341 0.07694696915195776
o 9960 0 0.00016586723531085122
o 9970 0 0.00016586723531085122
o 9980 0.9998341327646891 1
o 9990 0.9998341327646891 1
