
x disttype general-gaussian
x k 1530
x std 0.25
x N 100000
x alpha 0.001

o 0 0.7311894067400555 0.7403749251413267
o 10 0.40189019184015373 0.412123873507256
o 20 0.9041551346795983 0.9102032196150915
o 30 0.9443951345835675 0.9490771847772939
o 40 0.9764322291393278 0.9794952443320232
o 50 0.9261985282969424 0.9315565213685285
o 60 0.9983953304189399 0.9991279258286866
o 70 0.15287442426555475 0.19237405102836047
o 80 0.9987549803144379 0.9993880185391557
o 90 0.765917798183611 0.7746813090071123
o 100 0.4924326110387256 0.5028477458798166
o 110 0.19261233187531324 0.23547744110483848
o 120 0.7961024159917657 0.8044321536344701
o 130 0.6468766159573663 0.6568004172067241
o 140 0.9271548487013804 0.9324800575616501
o 150 0.9995126784110874 0.999869096973979
o 160 0.8900729954785556 0.8965074699336391
o 170 0.9970470275238427 0.9980768058937483
o 180 0.9810833427818384 0.9838234100876057
o 190 0.8307642203363269 0.8385051429433032
o 200 0.7006461322400458 0.7101427981390542
o 210 0.018910144623236213 0.035912128007889677
o 220 0.9670735986891309 0.9706953026644578
o 230 0.9997474636700737 0.9999730088185749
o 240 0.9999239938640181 1
o 250 0.8975628912275558 0.9037964512989358
o 260 0.7253681308354791 0.734617077235566
o 270 0.6090510882396974 0.6191916504850046
o 280 0.9527521908714855 0.9570788722673447
o 290 0.9999239938640181 1
o 300 0.9984528651741528 0.9991703551211992
o 310 0.9203718852502284 0.9259240380286791
o 320 0.9648336256959842 0.968575615013078
o 330 0.999717988398479 0.9999627351752136
o 340 0.26094760007066453 0.27014786677847336
o 350 0.9340364455513236 0.9391174285883493
o 360 0.9926633601204234 0.9943414758302672
o 370 0.5995597095991431 0.6097444614858629
o 380 0.9097163853130485 0.9156011353303666
o 390 0.9994996047638228 0.999862213815235
o 400 0.9997625252542223 0.9999778024249072
o 410 0.9337206984114242 0.9388132230949704
o 420 0.9903542408553363 0.9922910088249471
o 430 0.4508558452172287 0.46123080318017295
o 440 0.9844224605226423 0.9869037659632093
o 450 0.9823820093433195 0.9850245399787936
o 460 0.9974911457860921 0.9984325344670717
o 470 0.22469028795333978 0.2697726320689181
o 480 0.6012233120739668 0.6114006079340826
o 490 0.998967851134707 0.9995349432565738
o 500 0.1142648385615757 0.14964015252881835
o 510 0.9871177267805762 0.9893680652463518
o 520 0.9115336637433884 0.9173635844830927
o 530 0.9939227111454251 0.9954418809364116
o 540 0.9962451532088131 0.9974189126833434
o 550 0.9554123387064554 0.9596183239883598
o 560 0.9996610130687411 0.9999401001755236
o 570 0.9742526165632877 0.9774551914264366
o 580 0.9528340113362138 0.9571570394908533
o 590 0.995202502956889 0.9965418170165917
o 600 0.9666624241689761 0.9703065395268227
o 610 0.9618981692004898 0.9657915153599133
o 620 0.9907976907615714 0.9926874818034438
o 630 0.03076874400457423 0.051494619636539785
o 640 0.04363401647478295 0.06757012263740214
o 650 0.995722438057023 0.9969817601675951
o 660 0.9934521602445171 0.9950325250786087
o 670 0.9844328853333953 0.986913339491746
o 680 0.7322351316911649 0.7414090428052356
o 690 0.06610204647657884 0.09450386340453099
o 700 0.9996059399519922 0.9999154644598418
o 710 0.008280151850726062 0.020605114026656657
o 720 0.22372278944996762 0.2687439428153795
o 730 0.4276147020869896 0.43793546567873887
o 740 0.003799135800326572 0.013123930847532606
o 750 0.9991000077843155 0.99962262720283
o 760 0.4262068207193426 0.4365235602982812
o 770 0.25878982342110896 0.2679659718160624
o 780 0.9984759245855118 0.9991872808319237
o 790 0 0.0018984213292246109
o 800 0.9998794920615223 0.9999996803882305
o 810 0.3373100529768685 0.3471938078666301
o 820 0.5542547608245896 0.5645962510950413
o 830 0.9516068980751944 0.9559843373691532
o 840 0.9999000177236425 0.9999999949987496
o 850 0.038721079664563125 0.06150530760601092
o 860 0.825213840940414 0.8330563557163132
o 870 0.7707197337752821 0.7794186513298744
o 880 0.9927591375570419 0.994425680429756
o 890 0.6067156417094123 0.6168674494359894
o 900 0.1784472387993126 0.2201988831601075
o 910 0.5524526893535011 0.5627985947998582
o 920 0.8348321057209875 0.842496646851031
o 930 0.9756364261227869 0.9787511696703322
o 940 0.9998429101352648 0.9999964480564058
o 950 0.7948830806481533 0.8032316722112176
o 960 0.999296181483583 0.9997461411602921
o 970 0.9983838423236461 0.9991194209127192
o 980 0.07831051996758237 0.10874356474606683
o 990 0.9970249223305538 0.9980589181524007
o 1000 0.9997474636700737 0.9999730088185749
o 1010 0.9999239938640181 1
o 1020 0.9996059399519922 0.9999154644598418
o 1030 0.9930147505112028 0.9946500191167248
o 1040 0.009855042906880381 0.02301953307245419
o 1050 0.538278786404236 0.5486546393053726
o 1060 0.9998606673855076 0.9999985029476508
o 1070 0.9810314348667747 0.9837753261124776
o 1080 0.21381543713048523 0.25819038010432205
o 1090 0.9940941394234655 0.9955904179289893
o 1100 0.07623025843951702 0.10633260157362945
o 1110 0.9999000177236425 0.9999999949987496
o 1120 0.1022910651430474 0.1361631222375037
o 1130 0.004153101605381687 0.013766270526947566
o 1140 0.9212155926271917 0.9267402041602366
o 1150 3.7434621427565704e-05 0.0034787482068516784
o 1160 0.9415076511857678 0.9463051017625654
o 1170 0.9969034966555681 0.9979603818516104
o 1180 0.9967933241891525 0.9978705877466331
o 1190 0.9954188385042565 0.9967254318195659
o 1200 0.9088535622351127 0.9147640877483342
o 1210 0.9991485556760993 0.9996540120142048
o 1220 0.0056105476602690794 0.016295299336843594
o 1230 0.022313814480865047 0.04049087661982853
o 1240 0.2914396615712107 0.30095116747965056
o 1250 0.9997326272886489 0.9999679765707885
o 1260 0.03827628268832144 0.060952138415978574
o 1270 0.4816551650784865 0.492066822171804
o 1280 0.5573685022303786 0.5677020393287111
o 1290 0.9818727048288026 0.9845539244749932
o 1300 0.014108803141318006 0.029239823439471624
o 1310 0.9995789431075351 0.9999025818545951
o 1320 0.9189388159532635 0.9245373221706836
o 1330 0.3046892213647106 0.31431959393342035
o 1340 0.9969365876027007 0.9979872806698704
o 1350 0.3319394635222004 0.34178521268363593
o 1360 0.9987315401120841 0.9993714783359323
o 1370 0.6072869628339984 0.6174360420970642
o 1380 0.2556677647590028 0.26480850566640524
o 1390 0.9884388303112381 0.9905667438946995
o 1400 0.42764465747182434 0.43796550575661997
o 1410 0.9999239938640181 1
o 1420 0.6703993046857564 0.6801541825936994
o 1430 0.7709814977038841 0.7796768480412102
o 1440 0.3281236907161865 0.3379415648753741
o 1450 0.896832933085848 0.9030865188711074
o 1460 0.9987198340595758 0.9993631939942338
o 1470 0.4223927746022968 0.43269818416338424
o 1480 0.3989662788941403 0.4091882296105067
o 1490 0.9998429101352648 0.9999964480564058
o 1500 0.9746345793474193 0.977813170131249
o 1510 0.9005846485387045 0.906734240994661
o 1520 0.9847457026537467 0.9872004722767322
o 1530 0.48065552464989736 0.4910666138372356
o 1540 0.9958310891340717 0.9970730825112807
o 1550 0.9960814707043383 0.9972826379045724
o 1560 0.9999239938640181 1
o 1570 0.15716508683325336 0.19706615311009779
o 1580 0.00044226519601315694 0.005544357862371729
o 1590 0.26659627586643836 0.2758583314468277
o 1600 0.1438326237723172 0.18245226398839465
o 1610 0.2716490702222959 0.2809647683789984
o 1620 0.3776663839990805 0.3877913537275143
o 1630 0.994480534235881 0.9959239431089456
o 1640 0.40126148474412277 0.4114926758894929
o 1650 0.9967493096902165 0.9978346153365509
o 1660 0.9651725612969375 0.9688966281038563
o 1670 0.5322041209407913 0.5425902227876751
o 1680 0.9774871661766406 0.980480144769239
o 1690 0.7590635786752572 0.767916559355473
o 1700 0.4537430604935694 0.46412315082357836
o 1710 0.7936537280864546 0.8020212095170686
o 1720 0.9818934869016729 0.9845731391425623
o 1730 0.16408774653398117 0.2046157408163103
o 1740 0.996387280815993 0.9975367468894076
o 1750 0.89842471229491 0.9046345010341079
o 1760 0.9886698823540101 0.9907756533188103
o 1770 0.9832246040926795 0.985801812415827
o 1780 0.9929082079542215 0.9945565819061326
o 1790 0.027276561151479792 0.04700355242469079
o 1800 0.7181205755350437 0.7274457235633507
o 1810 0.9394476748376701 0.9443253873360051
o 1820 0.9920895255577995 0.9938354164230112
o 1830 0.010053943484575811 0.02331933510981521
o 1840 0.21188435363645589 0.2561290920465136
o 1850 0 0.0018984213292246109
o 1860 0.999717988398479 0.9999627351752136
o 1870 0.9993840302011118 0.9997981063300013
o 1880 0.9999239938640181 1
o 1890 0.7087341623130227 0.71815355005362
o 1900 0.9996892172795872 0.9999517166583664
o 1910 0.8092973062810223 0.8174152808717989
o 1920 0.99892021955174 0.9995026253706265
o 1930 0.9775906397920412 0.9805766551877526
o 1940 0.9972352892475651 0.9982284820246484
o 1950 0.7356540784839936 0.7447895814760029
o 1960 0.1359994303062217 0.1738171116722298
o 1970 0.9985916421321996 0.9992714840859439
o 1980 0.9976252286403242 0.9985384002643557
o 1990 0.7563967989608591 0.7652837401856334
o 2000 0.9822260676654971 0.9848805061683847
o 2010 0.11638375506751471 0.15201256806078867
o 2020 0.9997625252542223 0.9999778024249072
o 2030 0.6249714913370076 0.6350288454329274
o 2040 0.9948571841323497 0.9962472125575441
o 2050 0.9773837013906805 0.980383625515344
o 2060 0.05106474188061733 0.07660637162028372
o 2070 0.44229513799412146 0.45265280652624196
o 2080 0.8017564833614874 0.8099972366849335
o 2090 0.9869188136744408 0.9891870108241909
o 2100 0.9788330352529063 0.981734067642333
o 2110 0.946447072655744 0.9510449384631287
o 2120 0.15811921708161952 0.1981081938117668
o 2130 0.9976140382043557 0.998529595094999
o 2140 0.9999239938640181 1
o 2150 0.9911571277370969 0.9930079816290128
o 2160 0.9286608252374088 0.9339338551886072
o 2170 0.9968814462338119 0.9979424390422685
o 2180 0.9729732318096835 0.9762547718615995
o 2190 0.44309420488587054 0.45345361864261213
o 2200 0.8685006165223197 0.875463083868245
o 2210 0.7438610146968969 0.7529014103208196
o 2220 0.9998259044303537 0.9999936749830985
o 2230 0.7969489317521737 0.8052655106689509
o 2240 0.6897677689752886 0.6993627999647292
o 2250 0.8448793361223913 0.8523479083445356
o 2260 0.9879141502864401 0.9900915109093529
o 2270 0.4000340341049228 0.41026031256385465
o 2280 0.6481206533079092 0.6580361922825015
o 2290 0.9925144539220145 0.9942104097983075
o 2300 0.43676197174997494 0.44710681064271074
o 2310 0.03428832245567197 0.055958503429923256
o 2320 0.001802363746780083 0.009147509219049055
o 2330 0.949715887255741 0.9541756325700308
o 2340 0.9997934737315558 0.9999865160465087
o 2350 0.0656434535073394 0.09396441984944537
o 2360 0.9891533940191297 0.9912120605258787
o 2370 0.996595491667816 0.997708478018561
o 2380 0.9885123337433683 0.990633228219882
o 2390 0.9867618289840417 0.9890440210884754
o 2400 0.9998094654176469 0.9999903279212801
o 2410 0.9984990110277941 0.9992041792094797
o 2420 0.08898327519375175 0.12102608740484555
o 2430 0.9263918161019045 0.9317432045800943
o 2440 0.9766390101203093 0.9796884315288154
o 2450 0.9999239938640181 1
o 2460 0.6382496281169909 0.6482287059420901
o 2470 0.9702630212831529 0.9737053955981891
o 2480 0.9977260883623545 0.9986174999554572
o 2490 0.8187268106212398 0.826684360200579
o 2500 0.6323521851057874 0.6423670383836853
o 2510 0.9924825580168476 0.9941823116274352
o 2520 0.9969255552289567 0.9979783164661415
o 2530 0.6452513970787258 0.6551858811402712
o 2540 0.5063228861762371 0.5167353700647982
o 2550 0.5246894186231169 0.5350860609030719
o 2560 0.9630165195161727 0.9668529960488477
o 2570 0.05332920236363793 0.07933196875276594
o 2580 0.19525792122031269 0.23832135179139802
o 2590 0.31092241839980783 0.32060544982779693
o 2600 0.9988609575119792 0.9994619461165326
o 2610 0.9942550191117432 0.9957295052342232
o 2620 0.9368789617814068 0.9418544858843798
o 2630 0.8827296927347156 0.8893518737161291
o 2640 0.9993461951853181 0.9997760261613108
o 2650 7.991222603902014e-06 0.003009067182210501
o 2660 0.6758203000095291 0.6855323703409386
o 2670 0.930757570479154 0.935956795488913
o 2680 0.9997474636700737 0.9999730088185749
o 2690 0.06220937850355408 0.08991324236165787
o 2700 0.6508195393778503 0.6607168992958332
o 2710 0.9998429101352648 0.9999964480564058
o 2720 0.9718803834721237 0.9752277870168526
o 2730 0.9685956485615522 0.9721330218025097
o 2740 0.9640121660922087 0.9677971989151195
o 2750 0.9998094654176469 0.9999903279212801
o 2760 0.942211504035084 0.9469811432385351
o 2770 0.1942957248114048 0.23728736617433055
o 2780 0.9991974091936578 0.9996850848564172
o 2790 0.9996332781059027 0.9999279902963232
o 2800 0.7620426029156283 0.7708570870640921
o 2810 0 0.0018984213292246109
o 2820 0.9986847703136744 0.9993382858302795
o 2830 0.9993336475888702 0.9997686002519833
o 2840 0.9999000177236425 0.9999999949987496
o 2850 0.9997474636700737 0.9999730088185749
o 2860 0.05469046832439126 0.08096474978400059
o 2870 0.8329343280392754 0.8406347094361346
o 2880 0.9958419610377574 0.9970822079234836
o 2890 0.9749133724718694 0.9780743342716749
o 2900 0.011457429961108786 0.02540696475648374
o 2910 0.9948033130735459 0.9962010953324718
o 2920 0.9144075729580469 0.9201492444529776
o 2930 0.3467775592358512 0.35672486454785557
o 2940 0.013082806626720506 0.027771789344781972
o 2950 0.9600113805256454 0.9639985888982451
o 2960 0.48048558784898054 0.490896576348386
o 2970 0.8194934491167227 0.8274376065696
o 2980 0.980834210836496 0.9835925809391178
o 2990 0.8999457468996162 0.9061132384106898
o 3000 0.9981894224879377 0.9989739506694784
o 3010 0.9904597701573131 0.9923854612517164
o 3020 0.9979851502583181 0.998818324470548
o 3030 0.8483946405177895 0.8557920763886988
o 3040 0.9999239938640181 1
o 3050 0.9964529672860731 0.997591042395597
o 3060 0.9988964791760753 0.9994863897866425
o 3070 0.9795065750946107 0.9823604233441664
o 3080 0.9837972503616755 0.9863290754962195
o 3090 0.970551359881058 0.9739770131135393
o 3100 0.738821950294111 0.7479212329513276
o 3110 0.08387081979499487 0.1151599064619182
o 3120 0.565979922720776 0.5762893181545934
o 3130 0.5175860582617168 0.5279904950506484
o 3140 0.9826419765599667 0.9852645318529913
o 3150 0.2833290492021357 0.2927630129812787
o 3160 0.15740359748220084 0.19732668516439555
o 3170 0.9998094654176469 0.9999903279212801
o 3180 0.9310426192658733 0.9362317039492934
o 3190 0.994319417532619 0.9957850934820478
o 3200 0.9924400369338559 0.9941448405947165
o 3210 0.998178034038101 0.9989653451204188
o 3220 0.2145397691136054 0.2589631876372043
o 3230 0.2629861833298034 0.2722089732955266
o 3240 0.17197952872148292 0.21319239929599487
o 3250 0.0034501362054804923 0.01247678829620591
o 3260 0.9983953304189399 0.9991279258286866
o 3270 0.5749434935530061 0.5852243936891279
o 3280 0.31584198460681195 0.3255651362702394
o 3290 0.9777251687943284 0.9807021054205661
o 3300 0.9038913612663736 0.9099470325692247
o 3310 0.9538364652409782 0.9581144347187427
o 3320 1.2503125260320302e-07 0.002496859604380064
o 3330 0.9997934737315558 0.9999865160465087
o 3340 0.948857569809379 0.9533540790522422
o 3350 0.984026431313163 0.986539858169019
o 3360 0.9765976512674495 0.9796497967478301
o 3370 0.9999000177236425 0.9999999949987496
o 3380 0.9988609575119792 0.9994619461165326
o 3390 0.001068276358234717 0.007397085257802805
o 3400 0.0006752903406776944 0.006301857709340886
o 3410 0.9882603720498335 0.9904052318211399
o 3420 0.4090460893192977 0.4193068915874839
o 3430 0.9989559237480858 0.9995268835988521
o 3440 0.002276367222972179 0.010165794313463095
o 3450 0.04700318891614543 0.071685893584155
o 3460 0.9983838423236461 0.9991194209127192
o 3470 0.7578156975652319 0.766684628158636
o 3480 0.9997474636700737 0.9999730088185749
o 3490 0.04385816182102931 0.06784497091570063
o 3500 0.17317653345256812 0.21449061467451958
o 3510 0.6651296009162039 0.6749246805829603
o 3520 0.9991729421784531 0.9996695895522608
o 3530 0.9995789431075351 0.9999025818545951
o 3540 0.9975134629644082 0.9984502089331776
o 3550 0.00015818935869794096 0.004345911904070632
o 3560 0.13197139646707817 0.16936146556823295
o 3570 0.8317230759962669 0.8394461433254935
o 3580 0.7062221586095252 0.7156659320277545
o 3590 0.9999239938640181 1
o 3600 0.01933307619856811 0.03648697123700817
o 3610 0.9260764546404278 0.9314386133298763
o 3620 0.5698155189233276 0.5801131426896149
o 3630 0.9995389947463791 0.9998826879485003
o 3640 0.49433241161381725 0.5047476579550543
o 3650 0.9999000177236425 0.9999999949987496
o 3660 0.9948679610039767 0.996256433334421
o 3670 0.7453799306228801 0.7544022658612234
o 3680 0.6368955513118371 0.6468829869544914
o 3690 0.9958854612725865 0.9971186969029503
o 3700 0.9879246381155795 0.9901010213479355
o 3710 0.8203811696742288 0.8283097526949601
o 3720 0.9967823177060946 0.9978615975169564
o 3730 0.9941263022973894 0.9956182484894497
o 3740 0.9989321082177423 0.9995107243878806
o 3750 0.5829170191216908 0.5931696642045683
o 3760 0.9995789431075351 0.9999025818545951
o 3770 0.983245420116728 0.9858209931023089
o 3780 0.7548270313193979 0.7637337439508924
o 3790 0.8827499440891335 0.8893716193251777
o 3800 0.9572449845198514 0.9613654020797603
o 3810 0.9524147011168472 0.9567564128021012
o 3820 0.4532335391495411 0.4636127492992894
o 3830 0.854103468712695 0.861382391540247
o 3840 0.6123489873944087 0.6224732537033402
o 3850 0.9917395021061081 0.9935255033523807
o 3860 0.9999239938640181 1
o 3870 0.9305845115658783 0.9357898803579185
o 3880 0.9601241413226393 0.9641058110850389
o 3890 0.8568625860875981 0.8640828601829013
o 3900 0.3470666014434941 0.3570157784727379
o 3910 0.0416198618566382 0.06509335287496698
o 3920 0.47891619997258206 0.4893262016666602
o 3930 0.9512899602859607 0.9556813228310204
o 3940 0.47362864073833416 0.4840345609450667
o 3950 0.994964993429255 0.9963393796179671
o 3960 0.9984528651741528 0.9991703551211992
o 3970 0.6733305653658426 0.6830624801690091
o 3980 0.8554880231725657 0.8627376293359498
o 3990 0.4960122978601146 0.5064275176311468
o 4000 0.03406761615929396 0.05568023800619748
o 4010 0.5739619233522596 0.5842461121096807
o 4020 0.9503188650439189 0.9547525641171478
o 4030 0.9974911457860921 0.9984325344670717
o 4040 0.9995389947463791 0.9998826879485003
o 4050 0.30258848725277426 0.3122006472717609
o 4060 0.9951376813762604 0.9964866532237622
o 4070 0.9992466035921717 0.9997158092851735
o 4080 0.9987432554791599 0.9993797532365777
o 4090 0.46624302827235026 0.47664129105538555
o 4100 0.9999239938640181 1
o 4110 0.9940298328733965 0.9955347375584157
o 4120 0.9989321082177423 0.9995107243878806
o 4130 0.9901960081335842 0.9921492688542408
o 4140 0.9975693076762732 0.9984943429853878
o 4150 0.8919069983045923 0.8982931921426701
o 4160 0.925913693189018 0.9312813991870271
o 4170 0.9415076511857678 0.9463051017625654
o 4180 0.6253826110382251 0.6354376637153567
o 4190 0.1367107814866957 0.17460288146049718
o 4200 0.6289123843461405 0.6389473579710496
o 4210 0.39103374899668575 0.4012219619427062
o 4220 0.07923595023207776 0.10981423724804773
o 4230 0.7348898125296168 0.7440339624455016
o 4240 0.3491995956049645 0.35916246060089096
o 4250 0.4829747223409297 0.49338706527669984
o 4260 0.9905970081515466 0.9925081994227839
o 4270 0.9919409731289929 0.9937039958943256
o 4280 0.4695009521503865 0.4799028741429714
o 4290 0.8896981246924109 0.896142396923677
o 4300 0.9978384799556884 0.9987050608755791
o 4310 0.1786869647045152 0.22045820172106112
o 4320 0.7240310880565513 0.7332943212758505
o 4330 0.9999000177236425 0.9999999949987496
o 4340 0.9991729421784531 0.9996695895522608
o 4350 0.9390704435232438 0.943962675268922
o 4360 0.9904070013773354 0.992338239174072
o 4370 0.9999239938640181 1
o 4380 0.9898692194580185 0.9918561136069488
o 4390 0.9993211301255228 0.999761143401458
o 4400 0.6179329204753313 0.6280284781269088
o 4410 0.41389716708979535 0.42417507876359395
o 4420 0.982766789882866 0.9853796988680464
o 4430 0.9943731037345706 0.9958313961120484
o 4440 0.8658405836776408 0.8728635157147321
o 4450 0.3921112935321638 0.40230425405649084
o 4460 0.9994736123112946 0.9998482871313812
o 4470 0.6959046642148831 0.7054449803034485
o 4480 0.9998094654176469 0.9999903279212801
o 4490 0.9660252575720039 0.9697038026854793
o 4500 0.010653112877210795 0.02421631795186774
o 4510 0.9716536560770869 0.9750145489856776
o 4520 0.3723804101646607 0.38247812921779434
o 4530 0.2179212404946276 0.26256836862810295
o 4540 0.9988373331200868 0.9994455927520963
o 4550 0.0021160690975945565 0.00982856282591027
o 4560 0.9986731000629289 0.9993299652120586
o 4570 0.9706440499051742 0.9740643089779912
o 4580 0.8965896248246941 0.9028498636076694
o 4590 0 0.0018984213292246109
o 4600 0.9033029694553176 0.9093755125832055
o 4610 0.7872963007035729 0.795759592369859
o 4620 0.799911965103597 0.8081820320867226
o 4630 0.9721483734030847 0.9754797562049012
o 4640 0.9297701812567298 0.9350043327988375
o 4650 0.942925663427286 0.9476668766136633
o 4660 0.34235247491701387 0.35227062049760094
o 4670 0.9985221252268359 0.9992210495148895
o 4680 0.9939227111454251 0.9954418809364116
o 4690 0.7850700579307712 0.7935661697648131
o 4700 0.16910807725130816 0.2100753244191843
o 4710 0.8298558730071789 0.8376136266505965
o 4720 0.8375478648917236 0.8451604800018797
o 4730 0.640426271622131 0.6503917341909882
o 4740 0.08247903642434067 0.1135575239977753
o 4750 0.3469370305502966 0.3568853690307131
o 4760 0.009656569816732272 0.022719311412352727
o 4770 0.945436297333543 0.9500758656376799
o 4780 0.9685236340101944 0.9720650472911013
o 4790 0.14026983123743625 0.17852944075862276
o 4800 0.9992096743120683 0.9996928002040392
o 4810 0.9988727865115414 0.9994701057402408
o 4820 0.9962888573233785 0.99745519694004
o 4830 0.16432667173959792 0.2048758589468379
o 4840 0.9998094654176469 0.9999903279212801
o 4850 0.38481842082421125 0.39497823241307306
o 4860 0.999565558673665 0.9998960216619766
o 4870 0.8875099285488537 0.8940109211477116
o 4880 0.15168343564163891 0.1910698286365724
o 4890 0.999308641751924 0.9997536566961236
o 4900 0.3473058103064021 0.35725653330580665
o 4910 0.906417797462046 0.9124002176503614
o 4920 0.9998794920615223 0.9999996803882305
o 4930 0.8375579613660449 0.8451703820119932
o 4940 0.8051132641201673 0.813299951594255
o 4950 0.9992713415924842 0.9997310274127916
o 4960 0.6583653150058967 0.6682099860969919
o 4970 0.6701483506463353 0.679905174453451
o 4980 0.0014991176491168999 0.008456476299684712
o 4990 0.3239197888404174 0.33370610514379984
o 5000 0.9999239938640181 1
o 5010 0.9994736123112946 0.9998482871313812
o 5020 0.9953214362620237 0.9966428565803729
o 5030 0.9786051617557247 0.9815219764260242
o 5040 0.660703583103592 0.6705313655278526
o 5050 0.595751693644086 0.6059530521924992
o 5060 0.6608541199849748 0.6706808059550752
o 5070 0.8241947515521245 0.8320555981315914
o 5080 0.9078182832769085 0.9137595218981204
o 5090 0.9868036871396846 0.989082156118323
o 5100 0.9993713852765496 0.999790780467655
o 5110 0.8570849526856095 0.8643004602218584
o 5120 0.9724885768244237 0.975799500862473
o 5130 0.3145373421402706 0.32424997691933954
o 5140 0.9945987997024104 0.9960256526237097
o 5150 0.9590479702251204 0.9630821445432214
o 5160 0.9834432001797787 0.9860031817638314
o 5170 0.9997326272886489 0.9999679765707885
o 5180 0.3026681337934465 0.31228098862769327
o 5190 0.9665596428044997 0.9702093364713362
o 5200 0.9899535235192156 0.9919317951188676
o 5210 0.9977485384512838 0.9986350405805469
o 5220 0.9329263135060698 0.9380477271648249
o 5230 0.9485306401555418 0.9530410578487591
o 5240 0.02039368637728274 0.037920834621886
o 5250 0.8514660567650043 0.8588001992364143
o 5260 0.998967851134707 0.9995349432565738
o 5270 0.9967713131357254 0.9978526053648469
o 5280 1.2503125260320302e-07 0.002496859604380064
o 5290 0.11285317391065253 0.14805759794908602
o 5300 0.9789469895569236 0.9818400956824789
o 5310 0.7610562712184633 0.769883567103923
o 5320 0.9864584519623358 0.9887674474052521
o 5330 0.038943598439273086 0.06178177267868168
o 5340 0.0054251615024280015 0.01598228581462402
o 5350 0.9584229491890691 0.9624872598367834
o 5360 0.9996750511339219 0.9999459758541345
o 5370 0.5943889025687614 0.6045960489674517
o 5380 0.40052301452248373 0.4107512580346583
o 5390 0.994512778774384 0.9959516917754864
o 5400 0.9920046278747661 0.993760329579821
o 5410 8.882678547898962e-05 0.003921732017860169
o 5420 0.9932813485317377 0.9948833699619849
o 5430 0.9691924420752421 0.9726961376174601
o 5440 0.9997934737315558 0.9999865160465087
o 5450 0.9587098276639372 0.9627603381020378
o 5460 0.9999239938640181 1
o 5470 0.9998094654176469 0.9999903279212801
o 5480 0.9195181093088478 0.9250979419685379
o 5490 0.7190955394614784 0.7284106128581183
o 5500 0.9510037169235674 0.9554076092456422
o 5510 0.903617450312024 0.9096809845842188
o 5520 0.7170049286422128 0.7263415384183265
o 5530 0.8326416020193179 0.8403474794027918
o 5540 0.8446571274369643 0.8521301503796394
o 5550 0.9536420895878953 0.9579288396286663
o 5560 0.3442659668316761 0.3541968381468019
o 5570 0.9891113272019787 0.9911741344292244
o 5580 0.07046666272768241 0.09962062476499378
o 5590 0.6974415566371701 0.7069678563929874
o 5600 0.8607443340454495 0.8678805298493455
o 5610 0.9187863776039197 0.9243897833731141
o 5620 0 0.0018984213292246109
o 5630 0.18516432808238617 0.22745504520126358
o 5640 0.4827447968736566 0.4931570255284462
o 5650 0.4517549591611618 0.46213155312123066
o 5660 0.8483845380692376 0.8557821803532906
o 5670 0.9168557500998902 0.9225207003058714
o 5680 0.8889990734756283 0.8954615529492413
o 5690 0.07484495801567255 0.10472375743045048
o 5700 0.4416758704671463 0.45203216782221556
o 5710 0.9552178728417453 0.9594328191390115
o 5720 0.9995924018266042 0.9999090646014682
o 5730 0.0016493249080622365 0.008803341649747276
o 5740 0.543093034066532 0.5534596641822132
o 5750 0.8398096091559673 0.8473783962359185
o 5760 0.8967214161119098 0.9029780525630249
o 5770 0.9990156980202815 0.9995670421974359
o 5780 0.9999239938640181 1
o 5790 0.99892021955174 0.9995026253706265
o 5800 0.9647411972664732 0.9684880574321245
o 5810 0.9995522439324256 0.9998893888980779
o 5820 0.9266461506246924 0.9319888319195502
o 5830 0.012267477350824068 0.026591976281593377
o 5840 0.7572119027551081 0.7660885137872764
o 5850 0.022099803812841226 0.040205972668573065
o 5860 0.8934473839729125 0.8997925755362676
o 5870 0.9013452981771096 0.9074734773288261
o 5880 0.9990517359552183 0.9995909609264688
o 5890 0.5080832077503407 0.5184947823138737
o 5900 0.6425528700929743 0.6525048150355905
o 5910 0.07877316909732207 0.10927896678183324
o 5920 0.9999239938640181 1
o 5930 0.3730087094105046 0.3831097346802893
o 5940 0.18900701474784842 0.23159707916605
o 5950 0.9981666505567539 0.9989567345568832
o 5960 0.017646124018831314 0.03418287941103704
o 5970 0.9976364222472532 0.9985472022405449
o 5980 0.9998606673855076 0.9999985029476508
o 5990 0.8536790297699138 0.8609668941691067
o 6000 0.8962854972728452 0.9025540367527598
o 6010 0.6309381229795683 0.6409613137894942
o 6020 0.9966503860977012 0.9977535678378251
o 6030 0.9921213695507284 0.9938635666127754
o 6040 0.038054005654712286 0.0606754331432775
o 6050 0.0056105476602690794 0.016295299336843594
o 6060 0.2896780598468773 0.2991730370085288
o 6070 0.05901320457479149 0.08612321769981557
o 6080 0.9767424131030061 0.9797850126269058
o 6090 0.989848146484747 0.9918371901822268
o 6100 0.9952781735271289 0.9966061292296615
o 6110 0.9999239938640181 1
o 6120 0.9958093490752798 0.9970548279237499
o 6130 0.8000631498633355 0.808330824610519
o 6140 0.9994865835970232 0.9998552762881997
o 6150 0.9811975503467958 0.9839291846728351
o 6160 0.918247786188508 0.9238684555321075
o 6170 0.4778066637466785 0.48821590576566587
o 6180 0.99892021955174 0.9995026253706265
o 6190 0.8876720033079073 0.8941688220880588
o 6200 0.6386608747903217 0.6486373972501418
o 6210 0.30371351033295735 0.31333545323108714
o 6220 0.29714305897170096 0.30670690313558036
o 6230 0.9469985045160495 0.9515734237473125
o 6240 0.9570606483117055 0.9611897660678218
o 6250 0.21091906883520092 0.2550981913432411
o 6260 0.6417102428035705 0.6516675693889162
o 6270 0.43089992388409604 0.4412297462951893
o 6280 0.6255931860492331 0.6356470569397428
o 6290 0.8581159648188295 0.86530929340208
o 6300 0.9958637086203578 0.9971004549579592
o 6310 0.9998606673855076 0.9999985029476508
o 6320 0.9793718333631102 0.98223518599177
o 6330 0.9835889654521075 0.9861373934162101
o 6340 0.5335450842950865 0.5439290567737722
o 6350 0.9999239938640181 1
o 6360 0.6013936844693795 0.6115702098258695
o 6370 0.06426867244941464 0.09234509527610102
o 6380 0.5226583502888137 0.5330574362497562
o 6390 0.9999239938640181 1
o 6400 0.9938798816356167 0.9954047190557473
o 6410 0.9999239938640181 1
o 6420 0.9998794920615223 0.9999996803882305
o 6430 0.7992971567143321 0.807576932855395
o 6440 0.7011283495555942 0.7106205081981578
o 6450 0.9987198340595758 0.9993631939942338
o 6460 0.9496852298562497 0.9541462945788761
o 6470 0.749403903086308 0.7583776879962688
o 6480 0.9615186548647258 0.965431087018256
o 6490 0.014314859436919573 0.029532585666127265
o 6500 0.004874202103357291 0.015038188227976534
o 6510 0 0.0018984213292246109
o 6520 0.5652589058736767 0.5755704438966003
o 6530 0.6974114208804554 0.7069379966887581
o 6540 0.9958202184816749 0.9970639558429264
o 6550 0.9956139070083865 0.99689031734161
o 6560 0.43270739363876526 0.4430420027931621
o 6570 0.8963564595971742 0.9026230637900505
o 6580 0.424349680636759 0.4346609816925291
o 6590 0.3355563129195266 0.34542781416305657
o 6600 0.9999239938640181 1
o 6610 0.9888800364686805 0.9909654640272446
o 6620 0.9997474636700737 0.9999730088185749
o 6630 0.9946418298357893 0.9960626133202795
o 6640 0 0.0018984213292246109
o 6650 0.9530078860379909 0.9573231386245841
o 6660 0.999647091932423 0.9999341015602782
o 6670 0.9096554774272952 0.9155420523464718
o 6680 0.15073091882428952 0.19002617708969605
o 6690 0.985601487131934 0.9879845506513667
o 6700 0.9977822396736948 0.9986613252356356
o 6710 0.998109805866592 0.998913608359589
o 6720 0.9052305933844805 0.9112475996943197
o 6730 0.9577161157881525 0.9618141998009966
o 6740 0.3755718651360976 0.3856861902265609
o 6750 0.12747558365389644 0.16437553021004692
o 6760 0.9998259044303537 0.9999936749830985
o 6770 0.9999239938640181 1
o 6780 0.9997934737315558 0.9999865160465087
o 6790 0.06931671002238937 0.09827547293437278
o 6800 0.7964853600314951 0.8048091520497305
o 6810 0.9960705698528428 0.9972735415563042
o 6820 0.9982807155936814 0.9990426077982462
o 6830 0.9977485384512838 0.9986350405805469
o 6840 0.9986964493040371 0.9993465975946715
o 6850 0.9290475512986411 0.9343070711310251
o 6860 0.722814726193253 0.732090866239991
o 6870 0.9479994355255223 0.9525323423198425
o 6880 0.9461815937372756 0.9507904572681485
o 6890 0.8510315798657432 0.8583747413322979
o 6900 0.996125088015969 0.9973190093341655
o 6910 0.9945987997024104 0.9960256526237097
o 6920 0.009656569816732272 0.022719311412352727
o 6930 0.12511204007996582 0.16174868532323983
o 6940 0.9999239938640181 1
o 6950 0.3142286163929089 0.3239387495649718
o 6960 0.9032928250801265 0.9093656584791373
o 6970 0.0021160690975945565 0.00982856282591027
o 6980 0.9577673300616619 0.961862977807452
o 6990 0.9994478100027654 0.9998341637972972
o 7000 0.0008012396235490344 0.006671700522780322
o 7010 0.9996059399519922 0.9999154644598418
o 7020 0.9998259044303537 0.9999936749830985
o 7030 0.9297701812567298 0.9350043327988375
o 7040 7.991222603902014e-06 0.003009067182210501
o 7050 0.9926314434318513 0.9943133984870614
o 7060 0.9948464081513343 0.9962379908872889
o 7070 0.9946741111801148 0.9960903250722773
o 7080 0.012267477350824068 0.026591976281593377
o 7090 0.300448050070627 0.31004140973522387
o 7100 0.10815325227023213 0.14277680180986574
o 7110 0.47162971559715205 0.4820337885607232
o 7120 0.27714035897646344 0.28651264435984336
o 7130 0.999647091932423 0.9999341015602782
o 7140 0.2229972723557227 0.2679723191961564
o 7150 0.722040700208237 0.7313250087429125
o 7160 0.9746965287020922 0.9778712112826763
o 7170 0.9382549021960156 0.9431783389923367
o 7180 0.9914005208112315 0.9932245453696812
o 7190 0.9308491918654445 0.9360451603608909
o 7200 0.8275952741353577 0.8353945649397594
o 7210 0.33743959359011677 0.3473242475880086
o 7220 0.9545526805118867 0.9587981116294808
o 7230 0.9911571277370969 0.9930079816290128
o 7240 0.9229948110650529 0.9284607189668537
o 7250 0.9779114647862088 0.9808757806601603
o 7260 0.9894900877613894 0.9915153098627467
o 7270 0.9966613703158965 0.9977625804435469
o 7280 0.4646141496608917 0.4750104161842864
o 7290 0.010053943484575811 0.02331933510981521
o 7300 0.07023659585269243 0.09935167045046334
o 7310 0.11614823672166057 0.1517490493284297
o 7320 0.19237189424284223 0.23521883336470317
o 7330 0.33639331579112963 0.34627068422257923
o 7340 0.8782852925921458 0.8850169403171024
o 7350 0.9862493212670317 0.9885766119884312
o 7360 0.7659781949135093 0.7747409031946074
o 7370 0.001802363746780083 0.009147509219049055
o 7380 0.9918561244475723 0.9936288599531853
o 7390 0.6618175692372253 0.6716372114775855
o 7400 0.55481541932584 0.5651555078986883
o 7410 0.24500138794801404 0.2540165063769222
o 7420 0.06931671002238937 0.09827547293437278
o 7430 0.3074970204886675 0.3171513681705741
o 7440 0.9714269588318772 0.9748012807885923
o 7450 0.9999239938640181 1
o 7460 0.9991851653448052 0.9996773477700754
o 7470 0.9545526805118867 0.9587981116294808
o 7480 0.5525027459650946 0.5628485306262077
o 7490 0.8950792090979849 0.9013805057696994
o 7500 0.9999000177236425 0.9999999949987496
o 7510 0.9798175835648117 0.9826493665568564
o 7520 0.9094423030992832 0.9153352586299573
o 7530 0.6913546279269269 0.7009357019673941
o 7540 0.999565558673665 0.9998960216619766
o 7550 0.9919409731289929 0.9937039958943256
o 7560 0.9280400766172525 0.9333346968985256
o 7570 0.9984643915450886 0.999178821348288
o 7580 0.9986032547892192 0.9992798630239523
o 7590 0.019121514132245974 0.03619964481055049
o 7600 0 0.0018984213292246109
o 7610 0.8931737473941775 0.8995262531388282
o 7620 0.010053943484575811 0.02331933510981521
o 7630 0.992333767753348 0.9940511294160689
o 7640 0.7555213415979624 0.7644193292333961
o 7650 0.8801782791602049 0.8868636698795374
o 7660 0.8563976475203731 0.8636278685081972
o 7670 0.9878302559113716 0.9900154191318351
o 7680 0.1753319711600415 0.21682657431491048
o 7690 0.9958745843100395 0.9971095765693644
o 7700 0.9974465459639887 0.9983971507728185
o 7710 0.9997474636700737 0.9999730088185749
o 7720 0.7597076667225123 0.7685523744334223
o 7730 0.5206673866327856 0.5310687008685213
o 7740 0.8987390411519149 0.9049401250556715
o 7750 0 0.0018984213292246109
o 7760 0.0009324348934342627 0.007036589240053792
o 7770 0.9996610130687411 0.9999401001755236
o 7780 0.058785253196458866 0.08585215637731503
o 7790 0.3850977427946863 0.3952588680918393
o 7800 0.987316715112585 0.9895490443520211
o 7810 0.9965845180479388 0.9976994547632368
o 7820 0.5234087349549813 0.533806938155345
o 7830 0.02338621852422883 0.04191306902261149
o 7840 0.9999000177236425 0.9999999949987496
o 7850 0.9624521535555677 0.9663174473063801
o 7860 0.9901221908889122 0.9920830988028551
o 7870 0.9774664725150836 0.9804608416233197
o 7880 0.7800339977449773 0.7886029869788608
o 7890 0.9518625127507013 0.9562286842421402
o 7900 0.3819953725496287 0.39214170873377086
o 7910 0.5243792499022308 0.5347762765075521
o 7920 0.9881029667244211 0.9902626632448129
o 7930 0.11567726211539509 0.1512219499158416
o 7940 0.6691847018316316 0.6789489684979129
o 7950 0.9999239938640181 1
o 7960 0.7182813924451719 0.7276048824422601
o 7970 0.009063820827199639 0.021816026451220605
o 7980 0.9341383031469406 0.9392155557123921
o 7990 0.4434438009075127 0.45380396968689796
o 8000 0.9987667147758514 0.999396274082256
o 8010 0.00635994575739452 0.017539703548457353
o 8020 0.01186176684099139 0.026000146230658716
o 8030 0.9943516269583274 0.9958128773619825
o 8040 0.9996195632227871 0.999921775321969
o 8050 0.9833495085841605 0.9859168881799595
o 8060 0.9980190946752646 0.9988443640031044
o 8070 0.997692438742789 0.9985911633173263
o 8080 0.6778282654863802 0.6875241022931744
o 8090 0.38811054130356126 0.3982856128017538
o 8100 0.8833980045993569 0.8900034616401356
o 8110 0 0.0018984213292246109
o 8120 0.08039347441641605 0.11115184393480293
o 8130 0.6389517589869944 0.6489264691866252
o 8140 0.5280914011151434 0.5384835642021885
o 8150 0.9997934737315558 0.9999865160465087
o 8160 0.9997625252542223 0.9999778024249072
o 8170 0.9952781735271289 0.9966061292296615
o 8180 0.9272362440054078 0.9325586500519708
o 8190 0.1022910651430474 0.1361631222375037
o 8200 0.038054005654712286 0.0606754331432775
o 8210 0.9999239938640181 1
o 8220 0.1760506853490496 0.21760499289800317
o 8230 0.9987549803144379 0.9993880185391557
o 8240 0.992355017791706 0.994069875457446
o 8250 0.9976588190754329 0.9985647965108426
o 8260 0.9995126784110874 0.999869096973979
o 8270 0.9980530778683915 0.9988703644308505
o 8280 0.9934308004453084 0.9950138890441662
o 8290 0.67226645251476 0.6820067533800954
o 8300 0.008085509488830215 0.020301137019068105
o 8310 0.9564462723819764 0.960604234570777
o 8320 0.7489511803418039 0.7579304788494374
o 8330 0.9971909312781029 0.9981928549708997
o 8340 0.8069178556938594 0.8150750889115896
o 8350 0.914001307256891 0.9197555710562444
o 8360 0.9998606673855076 0.9999985029476508
o 8370 0.6884621753837173 0.698068590238365
o 8380 0.9998606673855076 0.9999985029476508
o 8390 0.9987784590257699 0.9994045196998897
o 8400 0.9490006098762898 0.9534910174830258
o 8410 0.17317653345256812 0.21449061467451958
o 8420 0.05582628632404506 0.08232397761859866
o 8430 0.9996059399519922 0.9999154644598418
o 8440 0.8562460399700933 0.863479498805468
o 8450 0.11473556263414542 0.15016750191552886
o 8460 0.9892585801924098 0.9913068566095026
o 8470 0.9946633498938239 0.9960810886623236
o 8480 0.9796828018306215 0.9825241692370075
o 8490 0.03827628268832144 0.060952138415978574
o 8500 0.9927165647074193 0.9943882612744163
o 8510 0.9999239938640181 1
o 8520 0.8481117741539618 0.855514985201991
o 8530 0.9828708155931646 0.985475656759717
o 8540 0.305824263969956 0.3154643788564554
o 8550 0.984339067612247 0.9868271721539562
o 8560 0.9988137522006917 0.999429195267528
o 8570 0.9324171486987399 0.9375569683476803
o 8580 0 0.0018984213292246109
o 8590 0.8713634725957154 0.8782597983974086
o 8600 0.4396083749342445 0.44995997642248964
o 8610 0.8559024013674368 0.8631431889674777
o 8620 0.6091112301087311 0.6192514995407946
o 8630 0.9937407595406416 0.9952838689404377
o 8640 0.9934094430521485 0.9949952505978831
o 8650 0.7614286578901452 0.7702511244254562
o 8660 0.9942979483808264 0.9957665670860425
o 8670 0.11991897883756474 0.15596290581892736
o 8680 0.8090452342990855 0.8171673907201455
o 8690 0.6093217272895679 0.6194609705966715
o 8700 0.6796455631872232 0.6893265307633025
o 8710 0.9558320146963272 0.9600185847896827
o 8720 0.0006752903406776944 0.006301857709340886
o 8730 0.521807928550548 0.5322079865399177
o 8740 0.7935126586725518 0.8018823001309854
o 8750 0.9998794920615223 0.9999996803882305
o 8760 0.9999239938640181 1
o 8770 0.12771204072537207 0.16463811219129
o 8780 0.8521026358774849 0.8594235246017021
o 8790 0.9340160742480554 0.9390978029476305
o 8800 0.9497976414922723 0.95425386604161
o 8810 0.42871307878100623 0.43903692261823135
o 8820 0.9994996047638228 0.999862213815235
o 8830 0.9982807155936814 0.9990426077982462
o 8840 0.024031477401260347 0.042764585657877774
o 8850 0.9368178170547249 0.9417956397860758
o 8860 0.9928443080619423 0.9945004938804054
o 8870 0.9939227111454251 0.9954418809364116
o 8880 0.9940941394234655 0.9955904179289893
o 8890 0.9674642881932939 0.9710645539017634
o 8900 0.7240411408141525 0.7333042670049856
o 8910 0.8772022616281022 0.8839601336958849
o 8920 0.9923975235481891 0.9941073618485928
o 8930 0.6012433558516929 0.61142056113122
o 8940 1.2503125260320302e-07 0.002496859604380064
o 8950 0.9996610130687411 0.9999401001755236
o 8960 0.2617729624437622 0.27098237880207676
o 8970 0.9976140382043557 0.998529595094999
o 8980 0.9999239938640181 1
o 8990 0.999647091932423 0.9999341015602782
o 9000 0.9999239938640181 1
o 9010 0.26172324123097956 0.2709321075812129
o 9020 0.9974911457860921 0.9984325344670717
o 9030 0.892585958102657 0.8989541305527717
o 9040 0.0014991176491168999 0.008456476299684712
o 9050 0.001802363746780083 0.009147509219049055
o 9060 0.9400390664995368 0.9448939069075992
o 9070 0.996420116828843 0.9975639018975835
o 9080 0.9015075775313717 0.907631173647722
o 9090 0.6934839359995717 0.703046073146736
o 9100 0.05264928860384195 0.07851486243464789
o 9110 0.9974688401759891 0.9984148483563065
o 9120 0.20416694449139697 0.2478770224145037
o 9130 0.9845371420151349 0.9870090661941854
o 9140 0.9026131758288233 0.9087054096137656
o 9150 0.9036580292258435 0.9097203995874014
o 9160 0.5909320055629067 0.6011534677827051
o 9170 0.9623803340950436 0.9662492776193066
o 9180 0.9999239938640181 1
o 9190 0.032525345861938726 0.05372972540966037
o 9200 0.9708706457175929 0.9742776786606522
o 9210 0.9831829737054891 0.9857634493803897
o 9220 0.9998094654176469 0.9999903279212801
o 9230 0.17317653345256812 0.21449061467451958
o 9240 0.9861552371344611 0.9884907113427004
o 9250 0.05423650251671396 0.08042069893637183
o 9260 0.3338126123732421 0.3436717794373263
o 9270 0.9998794920615223 0.9999996803882305
o 9280 0.836518052463066 0.8441504470182964
o 9290 0.8173449119056845 0.8253264664586191
o 9300 0.06472676503730264 0.09288503723153363
o 9310 0.7047351347434796 0.7141931798274546
o 9320 0.9950944865363048 0.9964498577499777
o 9330 0.8945825410701621 0.9008972482568467
o 9340 0.9996892172795872 0.9999517166583664
o 9350 0.6896472507614717 0.6992433363339375
o 9360 0 0.0018984213292246109
o 9370 0.2017575702570176 0.2452959370859502
o 9380 0.5875755592593944 0.5978104207675305
o 9390 0.9999239938640181 1
o 9400 0.9962342309085002 0.9974098378746368
o 9410 0.9994865835970232 0.9998552762881997
o 9420 0.9878931753181354 0.9900724893412607
o 9430 0.8189890786431515 0.8269420527904362
o 9440 0.991093666914281 0.9929514536584148
o 9450 0.7516273706914621 0.7605738858976308
o 9460 0.3143779995109696 0.3240893437542707
o 9470 0.9992837483903975 0.9997385977610909
o 9480 0.8800163016947399 0.8867056716344766
o 9490 0.9385607152424493 0.9434724800508189
o 9500 0.9655834591937306 0.969285667986695
o 9510 0.979102400877825 0.9819846602716146
o 9520 0.9990517359552183 0.9995909609264688
o 9530 0.9999239938640181 1
o 9540 0.9317552992829423 0.936918917038067
o 9550 0.9962888573233785 0.99745519694004
o 9560 0.008475317778145777 0.02090857829713111
o 9570 0.9999239938640181 1
o 9580 0.9995258073724307 0.9998759227757309
o 9590 0.4233412646783544 0.43364955040629005
o 9600 0.7393751024305512 0.7484679975777184
o 9610 0.9766493500420427 0.9796980900153799
o 9620 0.8387998685215373 0.8463882884361843
o 9630 0.4760974284733558 0.4865053996542381
o 9640 0.9828604124206605 0.9854660615725691
o 9650 0.9967823177060946 0.9978615975169564
o 9660 0.9998794920615223 0.9999996803882305
o 9670 0.9918137103979051 0.9935912816716022
o 9680 0.9870234955157862 0.9892823119035273
o 9690 0.6349999160284198 0.6449989081268376
o 9700 0.9971244658727542 0.9981393424226017
o 9710 0.3300664017533574 0.33989855884974507
o 9720 0.41281910551386153 0.42309330368436826
o 9730 0.9540717766532795 0.9583390878856902
o 9740 0.010853627969684755 0.024514534203403326
o 9750 0.632703200640559 0.6427159699069971
o 9760 0.389626993778256 0.3998089304249238
o 9770 0.11567726211539509 0.1512219499158416
o 9780 0.6240790741338975 0.6341413972568195
o 9790 0.9255169784743985 0.9308981733875423
o 9800 0.9999239938640181 1
o 9810 0.9894585104945781 0.9914868924838544
o 9820 0.06954662391809073 0.0985445796614719
o 9830 0.9670633183621579 0.9706855845504245
o 9840 0.019544828235674435 0.03677410982616791
o 9850 0.12794851631193838 0.16490067569437727
o 9860 0.37121359276293203 0.38130512359005353
o 9870 0.9957007224029903 0.9969634810820441
o 9880 0.961775077505199 0.9656746256486091
o 9890 0.9992219613154416 0.9997004931760775
o 9900 0.9980871009964017 0.99889632457896
o 9910 0.9333438613729088 0.938450116663086
o 9920 0.9994094264948036 0.9998126484893034
o 9930 0.9696247180193216 0.973103795958878
o 9940 0.42376060330955356 0.4340701482529945
o 9950 0.46769207741617635 0.4780920226170693
o 9960 0 0.0018984213292246109
o 9970 0.14050723548619398 0.1787910773562168
o 9980 0.9999239938640181 1
o 9990 0.9999239938640181 1
