
x disttype L1-general-gaussian
x k 1530
x std 0.5
x N 50000
x alpha 0.0005

o 0 0.7071013454085331 0.721186459254699
o 10 0.9950332974105176 0.9969974730832851
o 20 0.7455685432283964 0.7590263905467671
o 30 0.9958011978544946 0.9975891207832343
o 40 0.2359215066659923 0.24928528010668327
o 50 0.9998341327646891 1
o 60 0.9944735070159787 0.9965575630291789
o 70 0.5588654272915493 0.5743121273173916
o 80 0.999297246851899 0.9998877222821806
o 90 0.877351869780687 0.887399113877612
o 100 0.4099874293684678 0.42536032092948095
o 110 0.01140169254522634 0.014963391973332185
o 120 0.9983584448714474 0.9993894057514955
o 130 0.004708513766485367 0.007099659179118589
o 140 0.4793120683668553 0.49489227909522127
o 150 0.9996678275924519 0.9999940967944916
o 160 0.5612100154237167 0.5766467505357333
o 170 0.7351790953010707 0.7488193130048724
o 180 0.9941170284920611 0.9962742225482251
o 190 0.6635874231580354 0.6782349612168674
o 200 0.0015935532185476836 0.003096913671020274
o 210 0.005393973465078963 0.007933831666746216
o 220 0.9998341327646891 1
o 230 0.999784848241918 0.9999999949993749
o 240 0.9998341327646891 1
o 250 0.06840859116548242 0.0764957648248572
o 260 0.4293996852712473 0.4448615063751419
o 270 0.9246734668163735 0.9327017886617578
o 280 0.9998341327646891 1
o 290 0.999784848241918 0.9999999949993749
o 300 0.9885938299419412 0.9916797645045298
o 310 0.9998341327646891 1
o 320 0.040005638417463525 0.04634874900586394
o 330 0.9551419082709155 0.9613832066002074
o 340 0.0034777824684113132 0.0055711244494914824
o 350 0.9966944655818283 0.9982552340301704
o 360 0.7861690052453443 0.798812363324223
o 370 0.34004411631876996 0.354887302979496
o 380 0.9845676352489735 0.9881874496911185
o 390 0.9998341327646891 1
o 400 0.9998341327646891 1
o 410 0.45916990494170723 0.4747212367314697
o 420 0.5478662314268434 0.563355023732264
o 430 0.1267241534191656 0.13727999498695398
o 440 0.989651607756594 0.9925815764331913
o 450 0.949060929940913 0.9557062135636764
o 460 0.999442873695936 0.9999411111022777
o 470 0.005122845917917665 0.007605102059639601
o 480 0.0002366864964226909 0.0009770973609918299
o 490 0.9998341327646891 1
o 500 0.0004611764681660107 0.0013914574822913028
o 510 0.9998341327646891 1
o 520 0.7127625342977267 0.7267633750881264
o 530 0.9899546384624376 0.992838426086989
o 540 0.7539039744146994 0.7672081726946712
o 550 0.0046007257972482144 0.006967507163649689
o 560 0.9998341327646891 1
o 570 0.9981128936006963 0.9992353457234481
o 580 0.2633563300802648 0.2772011196417662
o 590 0.9562398407832987 0.9624049072977958
o 600 0.9710346558443375 0.9760451201724578
o 610 0.9997427320109885 0.9999995494141014
o 620 0.49600688855976816 0.511591830793214
o 630 0.07390620861102135 0.08227622667818013
o 640 0 0.00016586723531085122
o 650 0.9995668564461039 0.999976016692425
o 660 0.9998341327646891 1
o 670 0.9996330653686861 0.9999891487861118
o 680 0.9384207502064553 0.9457099353701454
o 690 5.000625091698381e-09 0.00021515175808195508
o 700 0.9980156978384686 0.999172677844584
o 710 0.08531111142801268 0.0942273528355867
o 720 0.0002366864964226909 0.0009770973609918299
o 730 0.09877606970309209 0.10827772487767984
o 740 0 0.00016586723531085122
o 750 0.999784848241918 0.9999999949993749
o 760 0.015831545751605246 0.019971762990576458
o 770 0.7569524000610486 0.7701987281240107
o 780 0.9917380981304329 0.994334236913034
o 790 0 0.00016586723531085122
o 800 0.9998341327646891 1
o 810 0.39995691413410106 0.41527422680291515
o 820 0.08290701358106668 0.0917122864106058
o 830 0.9879266828522105 0.9911071653505287
o 840 0.9998341327646891 1
o 850 0 0.00016586723531085122
o 860 0.9949210433152184 0.9969097889562678
o 870 0.00037444209756495455 0.0012385517208006736
o 880 0.9998341327646891 1
o 890 0.9676092012258107 0.972911732919832
o 900 0.0002366864964226909 0.0009770973609918299
o 910 0.04829940523876849 0.055212027946286324
o 920 0.2378629485430587 0.2512631769871979
o 930 0.9600560870773194 0.965947384456289
o 940 0.9995668564461039 0.999976016692425
o 950 0.18689871154568455 0.19920480151636144
o 960 0.9998341327646891 1
o 970 0.9997427320109885 0.9999995494141014
o 980 0 0.00016586723531085122
o 990 0.9810221261163969 0.98505421766842
o 1000 0.9998341327646891 1
o 1010 0.9998341327646891 1
o 1020 0.9981128936006963 0.9992353457234481
o 1030 0.09188344252044878 0.1010927402315952
o 1040 0 0.00016586723531085122
o 1050 0.017758806004069844 0.022123756185303156
o 1060 0.999784848241918 0.9999999949993749
o 1070 0.03480284626209559 0.04075341118644982
o 1080 0.9993257723589525 0.9998990270247117
o 1090 0.6892399651909357 0.7035738215521561
o 1100 0.006594261510428823 0.009372943420317581
o 1110 0.9998341327646891 1
o 1120 0.21234271307113817 0.22523211118397957
o 1130 0 0.00016586723531085122
o 1140 0.8369040874845924 0.848260360239814
o 1150 0 0.00016586723531085122
o 1160 0.8527807722976671 0.8636583877196207
o 1170 0.904934517764021 0.9138872964816929
o 1180 0.8689444786623964 0.8792893017277249
o 1190 0.9961886593866747 0.9978814063409817
o 1200 0.7897485257144164 0.8023116478944439
o 1210 0.9824417578823841 0.9863140859376422
o 1220 0.00876340825533869 0.011922800495111519
o 1230 0.34543670179939095 0.3603328903871047
o 1240 5.000625091698381e-09 0.00021515175808195508
o 1250 0.9984329360206239 0.9994347812916474
o 1260 0.0006717323004385943 0.0017402522987572944
o 1270 1.694642373683569e-05 0.00040050853982798174
o 1280 1.694642373683569e-05 0.00040050853982798174
o 1290 0.9768656606610799 0.981332125460819
o 1300 0.021364123243966908 0.026117069147837846
o 1310 0.9993545677321735 0.9999100498624319
o 1320 0.24127083141669642 0.254734133602607
o 1330 0.09738522509617631 0.10682905104247808
o 1340 0.9993257723589525 0.9998990270247117
o 1350 3.180428173812004e-05 0.0004650121175936439
o 1360 0.9703864347499822 0.9754535609085073
o 1370 0.9847167999285377 0.9883182312035966
o 1380 5.000625091698381e-09 0.00021515175808195508
o 1390 0.9990496341945716 0.9997764839702489
o 1400 0.8140976824203735 0.8260743671824655
o 1410 0.9997041638433971 0.9999976422569008
o 1420 0.004942485342267722 0.007385559505686201
o 1430 0.5271404224180894 0.5426878090578273
o 1440 0.9736103356508208 0.9783885649006143
o 1450 0.006575995670644459 0.0093512180674995
o 1460 0.9934518554915925 0.9957397173533522
o 1470 0.03420648059241844 0.04010999225954892
o 1480 0.7753539420886248 0.7882310379146477
o 1490 0.995937648394377 0.9976925834541458
o 1500 0.37474582932528233 0.38989383912022224
o 1510 0.23623846384408315 0.24960821496963614
o 1520 0.9951907220735846 0.9971199601512736
o 1530 0 0.00016586723531085122
o 1540 0.9996678275924519 0.9999940967944916
o 1550 0.877351869780687 0.887399113877612
o 1560 0.9998341327646891 1
o 1570 0.8272295654723993 0.8388581060929854
o 1580 0.0029150030905273953 0.004854289244072829
o 1590 0 0.00016586723531085122
o 1600 5.000625091698381e-09 0.00021515175808195508
o 1610 0 0.00016586723531085122
o 1620 0.535108749556576 0.5506367992560195
o 1630 0.9439011477426371 0.9508677143057254
o 1640 0.1342167283065784 0.14502484223077228
o 1650 0.9998341327646891 1
o 1660 0.5007470003073698 0.5163301216062874
o 1670 0.059806413266930286 0.06742095872035891
o 1680 0.9998341327646891 1
o 1690 0.289911772521156 0.30415665273659176
o 1700 0.034091080416949915 0.03998543414480582
o 1710 0.6261279913222555 0.6411469605047174
o 1720 0.0298466713733309 0.03539138429399813
o 1730 5.000625091698381e-09 0.00021515175808195508
o 1740 0.012991720155435248 0.01677271484023679
o 1750 0.9915633822032628 0.9941890266049113
o 1760 0.03241873569366107 0.03817838438529053
o 1770 0.5207952118819259 0.5363551562761156
o 1780 0.9142422403536151 0.9227764811406827
o 1790 0.0012948041114980967 0.0026760362458870812
o 1800 0.0021185936590183444 0.0038113406133253314
o 1810 0.14701168723609506 0.15822548750924814
o 1820 0.4289606306435453 0.4444207092948347
o 1830 1.0851213888255374e-05 0.0003669346313138755
o 1840 5.903205508420937e-06 0.0003321724075481258
o 1850 5.000625091698381e-09 0.00021515175808195508
o 1860 0.9998341327646891 1
o 1870 0.9980156978384686 0.999172677844584
o 1880 0.9930545307500314 0.9954172262285641
o 1890 0.9911926670051865 0.9938798964580051
o 1900 0.9998341327646891 1
o 1910 0.36904891287571256 0.38415268361090915
o 1920 0.9993257723589525 0.9998990270247117
o 1930 0.4086112789310864 0.42397693648020796
o 1940 0.27986556465085793 0.2939662732231003
o 1950 0.0942323944389931 0.10354297395294776
o 1960 0.0001975884929334221 0.0008965034907969516
o 1970 0.9993545677321735 0.9999100498624319
o 1980 0.9998341327646891 1
o 1990 0 0.00016586723531085122
o 2000 0.6749921558652341 0.6895064052477418
o 2010 0.004493068940042879 0.006835224640902138
o 2020 0.9998341327646891 1
o 2030 0.0006258130375729788 0.0016662938348318557
o 2040 0.02290624147255572 0.02781437314856272
o 2050 0.9998341327646891 1
o 2060 0.999784848241918 0.9999999949993749
o 2070 0.0002235160297511361 0.0009503658054283992
o 2080 0.9914324568552197 0.9940800068520943
o 2090 0.9998341327646891 1
o 2100 0.3696066036855175 0.38471480404035197
o 2110 0.5357094579609831 0.5512358886399921
o 2120 0 0.00016586723531085122
o 2130 0.9822508566571856 0.986145054673059
o 2140 0.9996330653686861 0.9999891487861118
o 2150 0.9966482500970695 0.9982214850281281
o 2160 0.0036902896897021992 0.005838481498974257
o 2170 0.9998341327646891 1
o 2180 0.6923602492341251 0.706652492215935
o 2190 0.943839286012627 0.9508095966283482
o 2200 0.999784848241918 0.9999999949993749
o 2210 0.0030726616847531977 0.00505651831829379
o 2220 0.9996330653686861 0.9999891487861118
o 2230 0.6033627234893852 0.6185598731346448
o 2240 0.9995037605889281 0.9999597116202779
o 2250 0.2833395632171041 0.297491094375508
o 2260 0.6637684126432807 0.6784139110467289
o 2270 0.9966713515299861 0.9982383659018511
o 2280 0.0004030684253407234 0.0012897981461114094
o 2290 0.989651607756594 0.9925815764331913
o 2300 0.13221029390615005 0.14295196666990795
o 2310 0.8404755469688588 0.8517277109732135
o 2320 0.011849925557204283 0.015474974147458798
o 2330 0.6628634773645746 0.6775191497493845
o 2340 0.999784848241918 0.9999999949993749
o 2350 0.00015986891994112005 0.0008145805248086502
o 2360 0.7455887218385673 0.7590462051895885
o 2370 0.8632690687297104 0.8738066001406061
o 2380 0.9983090111814502 0.9993589235528282
o 2390 0.5108095564412392 0.5263841751209877
o 2400 0.9975602862033369 0.9988686350034939
o 2410 0.999297246851899 0.9998877222821806
o 2420 0.031247286257636047 0.03691025924787583
o 2430 0.9765711427264191 0.9810667446702946
o 2440 0.9880126833610141 0.9911811323207574
o 2450 0.999784848241918 0.9999999949993749
o 2460 0.9467894660592941 0.9535784342403564
o 2470 0.9998341327646891 1
o 2480 0.9997041638433971 0.9999976422569008
o 2490 0.7634949625500957 0.7766139791974264
o 2500 0.26484404804649286 0.2787128957671361
o 2510 0.9743234355027129 0.9790352217807234
o 2520 0.8423631513011862 0.853559477884855
o 2530 0.9991579479265237 0.999827728109528
o 2540 0 0.00016586723531085122
o 2550 0.9336890881823192 0.9412431708039615
o 2560 0.9760875136515337 0.9806305398356477
o 2570 0.8855633536680999 0.8953048993194249
o 2580 0.8833823556528204 0.893206622527528
o 2590 0.00013563750762027172 0.0007590851201833004
o 2600 0.9998341327646891 1
o 2610 0.9998341327646891 1
o 2620 0.8465453386588465 0.8576158976324584
o 2630 0.019711025685747997 0.024290791084046415
o 2640 0.999784848241918 0.9999999949993749
o 2650 0 0.00016586723531085122
o 2660 0.002688238038480897 0.004561223072130582
o 2670 0.8528823547083615 0.8637567714885755
o 2680 0.9998341327646891 1
o 2690 0.0005954213588024984 0.001616771460508759
o 2700 0.9869393207858841 0.9902548972166832
o 2710 0.9998341327646891 1
o 2720 0.20043631570925108 0.21306257225984526
o 2730 0.9981861524596591 0.9992819780723441
o 2740 0.9984828397939801 0.999464783357556
o 2750 0.9998341327646891 1
o 2760 0.9596409163642335 0.9655626941849352
o 2770 0.0016438338246257576 0.0031665762816579512
o 2780 0.9998341327646891 1
o 2790 0.9998341327646891 1
o 2800 0.0268778161943422 0.03216132706290997
o 2810 0 0.00016586723531085122
o 2820 0.9998341327646891 1
o 2830 0.9998341327646891 1
o 2840 0.9998341327646891 1
o 2850 0.9998341327646891 1
o 2860 5.000625091698381e-09 0.00021515175808195508
o 2870 0.8982129396626238 0.9074511083439858
o 2880 0.999784848241918 0.9999999949993749
o 2890 0.8594668896456784 0.8701300446429827
o 2900 0 0.00016586723531085122
o 2910 0.9645461676020437 0.9700957977200785
o 2920 0.12536784175656135 0.13587677362081174
o 2930 0.30222703910364634 0.3166372050127333
o 2940 0.002775314359465145 0.004674080857599239
o 2950 0.585347489578164 0.600661160516677
o 2960 0.9960516027518843 0.9977785547768216
o 2970 0.6009747871265027 0.6161886116994908
o 2980 0.3826157705642683 0.39782123508065836
o 2990 0.9910837712416973 0.9937888372015838
o 3000 0.9998341327646891 1
o 3010 0.9996678275924519 0.9999940967944916
o 3020 0.9986592401095487 0.9995680130057608
o 3030 0.7644038237863401 0.7775048142740031
o 3040 0.9998341327646891 1
o 3050 0.20500407389031855 0.21773325464759674
o 3060 0.9998341327646891 1
o 3070 0.9998341327646891 1
o 3080 0.10840178961237361 0.11828867654081476
o 3090 0.9989434220919977 0.9997230637730928
o 3100 0.9998341327646891 1
o 3110 0.0016438338246257576 0.0031665762816579512
o 3120 0 0.00016586723531085122
o 3130 7.923805826870094e-05 0.0006163396027676349
o 3140 0.999599491460172 0.9999830535762632
o 3150 0.56918693842079 0.5845871447598685
o 3160 1.0851213888255374e-05 0.0003669346313138755
o 3170 0.9679221268295012 0.9731987017576725
o 3180 0.3101358515969338 0.3246457086673047
o 3190 0.00038871728888304033 0.0012642119053347667
o 3200 0.06040909402306902 0.06805806617614407
o 3210 0.9993257723589525 0.9998990270247117
o 3220 0.4725566351834525 0.4881299904889326
o 3230 0.10779369237799959 0.11765698383541523
o 3240 0.10302866168399367 0.11270366151365019
o 3250 1.0851213888255374e-05 0.0003669346313138755
o 3260 0.9792046512631187 0.9834323265673873
o 3270 0.9994130827814863 0.9999311292217226
o 3280 5.903205508420937e-06 0.0003321724075481258
o 3290 0.9998341327646891 1
o 3300 0.905486444103435 0.9144151867373354
o 3310 0.9902797490379132 0.9931131859476482
o 3320 0 0.00016586723531085122
o 3330 2.357743099213211e-06 0.0002958361566028911
o 3340 0.8031633086376823 0.815412388189338
o 3350 0.9998341327646891 1
o 3360 0.0009861560727413455 0.002225163115378459
o 3370 0.999784848241918 0.9999999949993749
o 3380 0.9939614630105198 0.9961498650097489
o 3390 3.180428173812004e-05 0.0004650121175936439
o 3400 4.5058589854506926e-07 0.0002572679890114893
o 3410 0.9826751719903334 0.9865205891571315
o 3420 0.0008905059902949601 0.002080990685935591
o 3430 0.9998341327646891 1
o 3440 0.0018800595103553234 0.003490101729393902
o 3450 0 0.00016586723531085122
o 3460 0.9998341327646891 1
o 3470 0.7637171247167095 0.7768317427965545
o 3480 0.9998341327646891 1
o 3490 2.357743099213211e-06 0.0002958361566028911
o 3500 0.9972769311337085 0.9986722731996572
o 3510 0.5724544584646529 0.587838525979187
o 3520 0.999784848241918 0.9999999949993749
o 3530 0.999784848241918 0.9999999949993749
o 3540 0.993142719033892 0.9954889975318352
o 3550 4.028837972215593e-05 0.0004962394110719082
o 3560 0.011700448817871181 0.015304512356957845
o 3570 5.888889772228268e-05 0.0005571263040640151
o 3580 0.06118689662591202 0.06887999036144687
o 3590 0.9988130027235841 0.999653867701341
o 3600 5.000625091698381e-09 0.00021515175808195508
o 3610 0.8449819237432719 0.8560998332206624
o 3620 0.4471266582201666 0.4626485478910598
o 3630 0.9998341327646891 1
o 3640 2.357743099213211e-06 0.0002958361566028911
o 3650 0.9998341327646891 1
o 3660 0.5113297743218012 0.5269037819932643
o 3670 0.9750790555754257 0.9797193434476966
o 3680 0.0032660367992501027 0.005303010282548426
o 3690 0.9880341872339348 0.991199620307723
o 3700 0.5638754440645429 0.5793004253923775
o 3710 0.9983090111814502 0.9993589235528282
o 3720 0.999784848241918 0.9999999949993749
o 3730 0.994764143998584 0.996786773113775
o 3740 0.9997427320109885 0.9999995494141014
o 3750 0.4459685108308503 0.4614870862238192
o 3760 0.9998341327646891 1
o 3770 0.9977509012387209 0.9989978077068434
o 3780 0.14963152735566812 0.16092474823486658
o 3790 0.8866642654741015 0.8963636214765787
o 3800 0.9674840511029925 0.9727969252472476
o 3810 0.2315638615217899 0.24484440973038213
o 3820 0.975772248462549 0.9803459131581002
o 3830 0.7600618671182169 0.7732482218578941
o 3840 6.887077827747213e-05 0.0005869172185136717
o 3850 0.9967407321599208 0.9982889314230393
o 3860 0.9998341327646891 1
o 3870 0.08173466075811119 0.0904850470193792
o 3880 0.01562410199056255 0.01973928785814094
o 3890 0.9893273455096673 0.9923059655978558
o 3900 0.022468076513725416 0.02733270185155945
o 3910 0.018781596455206218 0.023260574002673118
o 3920 0.005267362113954577 0.007780509328552121
o 3930 0.9984828397939801 0.999464783357556
o 3940 0.7918318656995896 0.8043476124999996
o 3950 0.9985832870189011 0.9995241331856756
o 3960 0.9799014666988194 0.9840552687457147
o 3970 7.923805826870094e-05 0.0006163396027676349
o 3980 0.23267298853505639 0.2459749048418991
o 3990 0.9248581093204729 0.9328770848004478
o 4000 2.357743099213211e-06 0.0002958361566028911
o 4010 0.3979033599533595 0.41320847529840066
o 4020 0.9789936321758643 0.983243418899909
o 4030 0.9207156516598732 0.928940918945285
o 4040 0.9961429349554335 0.9978471617053387
o 4050 0 0.00016586723531085122
o 4060 0.7682821111951837 0.7813052310896057
o 4070 0.999103496509203 0.9998024115070666
o 4080 0.9267665217716519 0.9346880381574141
o 4090 0.09818835470502843 0.10766564334229889
o 4100 0.9998341327646891 1
o 4110 0.9995349878824064 0.9999681957182619
o 4120 0.4893679082247326 0.5049530488903697
o 4130 0.9998341327646891 1
o 4140 0.9307296540750062 0.9384435886889335
o 4150 0.9997041638433971 0.9999976422569008
o 4160 0.05134162582511377 0.058448730052035436
o 4170 0.08134393271076053 0.09007591101253853
o 4180 0.8024751038662528 0.8147408225698668
o 4190 0.0015100441422738538 0.002980520524678121
o 4200 0.13354787324556697 0.1443339272969214
o 4210 0.0010343410820507295 0.0022968948352768415
o 4220 0 0.00016586723531085122
o 4230 0.9291686009621536 0.936965160655433
o 4240 0.010525701060477639 0.013959749183515058
o 4250 0.041202362048179106 0.04763159728938948
o 4260 0.9947193687185263 0.9967515723000848
o 4270 0.9719762711861992 0.9769031853126422
o 4280 0.945406843307669 0.9522815174478538
o 4290 0.9298874342527736 0.9376460884487453
o 4300 0.9998341327646891 1
o 4310 0.034341124622365764 0.04025529957597185
o 4320 0 0.00016586723531085122
o 4330 0.9998341327646891 1
o 4340 0.997136255370979 0.9985730778766523
o 4350 0.9338330064261038 0.9413792047133585
o 4360 0.9114176778043684 0.9200819821950029
o 4370 0.9997427320109885 0.9999995494141014
o 4380 0.999297246851899 0.9998877222821806
o 4390 0.9998341327646891 1
o 4400 0.009503947317030251 0.01278193845011244
o 4410 0.8116671484405967 0.82370571173979
o 4420 0.38949122939568787 0.40474345055902916
o 4430 0.9947193687185263 0.9967515723000848
o 4440 0.47079805802803765 0.48636916078880765
o 4450 0.7192514027519017 0.7331523347138558
o 4460 0.946252846614033 0.9530752324130267
o 4470 0.996717592406219 0.9982720892569996
o 4480 0.9984828397939801 0.999464783357556
o 4490 0.46568274716224484 0.48124619716874417
o 4500 0.09061145564626476 0.09976516831498983
o 4510 0.9998341327646891 1
o 4520 0.00015986891994112005 0.0008145805248086502
o 4530 0.7821454453181855 0.7948772666468746
o 4540 0.9998341327646891 1
o 4550 0 0.00016586723531085122
o 4560 0.9997427320109885 0.9999995494141014
o 4570 0.42297413916520626 0.43840922294689655
o 4580 0.3912850880228781 0.40654898523679084
o 4590 0 0.00016586723531085122
o 4600 0.0038501349902511925 0.006038536989480314
o 4610 0.9926583880225167 0.9950935475867196
o 4620 0 0.00016586723531085122
o 4630 0.5481466733022415 0.5636344874901495
o 4640 0.3728732933599909 0.38800700877356187
o 4650 0.9559704847912482 0.9621543532919462
o 4660 0.5094290191116764 0.5250051775291762
o 4670 0.9979672929505882 0.9991411475683059
o 4680 0.04355918325971557 0.050153934929380695
o 4690 0.6664230650378843 0.6810383686003274
o 4700 0.7132058160015597 0.7271999449959973
o 4710 0.21837810285553585 0.23139466284425325
o 4720 0.7563265267844546 0.7695848105869169
o 4730 0.26583591530544637 0.27972069123970156
o 4740 0.02029965172631541 0.02494194206672029
o 4750 0.006722184653926337 0.009524958835076536
o 4760 0.8645706708981513 0.8750645648273259
o 4770 0.9248786256124752 0.9328965616908313
o 4780 0.996234423774403 0.9979156106725443
o 4790 0.1265668900465255 0.13711731249938386
o 4800 0.9998341327646891 1
o 4810 0.999784848241918 0.9999999949993749
o 4820 0.5748000683027082 0.5901721274731844
o 4830 5.000625091698381e-09 0.00021515175808195508
o 4840 0.9998341327646891 1
o 4850 4.5058589854506926e-07 0.0002572679890114893
o 4860 0.9998341327646891 1
o 4870 0.8810389279933143 0.8909508294543265
o 4880 0.019502271869255728 0.024059624163392468
o 4890 0.9998341327646891 1
o 4900 0.00839403415105412 0.011492338429597071
o 4910 0.9741765786125233 0.9789021288051581
o 4920 0.9986085425177087 0.999538823531834
o 4930 0.9925046290312628 0.9949673747285386
o 4940 0.8704706851651423 0.8807625874590295
o 4950 0.9950108340448901 0.9969799488864464
o 4960 0.21871456072048973 0.23173809024573977
o 4970 0.026495278391726246 0.03174400569230995
o 4980 0 0.00016586723531085122
o 4990 0.7005553674668592 0.7147346291403102
o 5000 0.9998341327646891 1
o 5010 0.9997041638433971 0.9999976422569008
o 5020 0.9937174541966857 0.9959539923760775
o 5030 0.9967638850029287 0.998305760365681
o 5040 0.9992130705901301 0.9998523473218889
o 5050 0.002618709956084054 0.004470804819852514
o 5060 0.9909096634437746 0.9936430165193098
o 5070 0.0004758668143244943 0.001416712981098911
o 5080 0.9998341327646891 1
o 5090 0.9631729299202467 0.9688294966505694
o 5100 0.9989962943624112 0.9997500155155598
o 5110 0.9995037605889281 0.9999597116202779
o 5120 0.9521201895258204 0.9585659339419429
o 5130 5.000625091698381e-09 0.00021515175808195508
o 5140 0.9995349878824064 0.9999681957182619
o 5150 4.934143394975716e-05 0.0005269197482213883
o 5160 0.5497091807196005 0.5651914543147167
o 5170 0.9998341327646891 1
o 5180 0.0018800595103553234 0.003490101729393902
o 5190 0.4821905553931012 0.4977728214719601
o 5200 0.9998341327646891 1
o 5210 0.9754570951018898 0.980061174510845
o 5220 0.9997427320109885 0.9999995494141014
o 5230 0.034071847864388397 0.039964673649622307
o 5240 0.058290449729804 0.06581745533988337
o 5250 0.9977031051647232 0.9989656589179493
o 5260 0.9998341327646891 1
o 5270 0.9998341327646891 1
o 5280 0 0.00016586723531085122
o 5290 0.0346874035974933 0.040628895529512765
o 5300 0.9987357880946652 0.999611282711117
o 5310 0.7265686786507337 0.7403526101987129
o 5320 0.9998341327646891 1
o 5330 0 0.00016586723531085122
o 5340 0 0.00016586723531085122
o 5350 0.998088544558281 0.9992197297420591
o 5360 0.9998341327646891 1
o 5370 0.05219481794519324 0.05935523631145523
o 5380 0 0.00016586723531085122
o 5390 0.9998341327646891 1
o 5400 0.9892193496237016 0.9922140035157774
o 5410 0.0018292325510135831 0.003420979978664307
o 5420 0.9932530382717406 0.9955786273822332
o 5430 0.9988130027235841 0.999653867701341
o 5440 0.9998341327646891 1
o 5450 0.0002499844844402703 0.001003705637588781
o 5460 0.9555975862005611 0.9618073764632983
o 5470 0.999784848241918 0.9999999949993749
o 5480 0.9895218526688343 0.992471382439758
o 5490 0.1064403560190533 0.11625078778639575
o 5500 0.8569464126045717 0.8676913606463662
o 5510 0.8448601077916027 0.8559816897428197
o 5520 0.04789274567560957 0.05477883174374654
o 5530 0 0.00016586723531085122
o 5540 0.013122964003698258 0.01692141807925629
o 5550 0.5677236817900281 0.5831308934607844
o 5560 0.00822802392501098 0.011298422946333875
o 5570 0.999442873695936 0.9999411111022777
o 5580 0.08728596438474809 0.0962918138526635
o 5590 0.00056521870835256 0.0015670639793761154
o 5600 0.007602117717599437 0.010564613341352724
o 5610 0.6243004972233973 0.6393350680955312
o 5620 0 0.00016586723531085122
o 5630 0 0.00016586723531085122
o 5640 0.0006410764471717533 0.0016909888185497879
o 5650 0.004010354493465864 0.006238220280418538
o 5660 0.9857410339165169 0.9892136253439652
o 5670 8.995013756807068e-05 0.0006454322678265401
o 5680 0.006101899088547247 0.008785546470935102
o 5690 0.7182235424073901 0.7321405390660155
o 5700 0.0741793126261635 0.08256302736958332
o 5710 4.5058589854506926e-07 0.0002572679890114893
o 5720 0.9998341327646891 1
o 5730 0 0.00016586723531085122
o 5740 0.011159152102406521 0.014686033047492275
o 5750 0.2080103660648261 0.22080593642243684
o 5760 0.9964408811586623 0.9980690078933331
o 5770 0.9998341327646891 1
o 5780 0.9998341327646891 1
o 5790 0.9940058868960785 0.9961854192572273
o 5800 0.5825999994736147 0.5979295741236348
o 5810 0.9989171466500022 0.9997094220119266
o 5820 0.21147220162207173 0.22434291962105746
o 5830 0 0.00016586723531085122
o 5840 0.6732821391421424 0.6878169951380553
o 5850 0 0.00016586723531085122
o 5860 0.8228306575198068 0.8345784803294932
o 5870 0.9980156978384686 0.999172677844584
o 5880 0.9299695944961995 0.9377239008973661
o 5890 0.001426922123347726 0.002863744629020948
o 5900 0.9692163363025638 0.9743840552301571
o 5910 2.357743099213211e-06 0.0002958361566028911
o 5920 0.9998341327646891 1
o 5930 0 0.00016586723531085122
o 5940 0.0005501918341939858 0.0015421373722853682
o 5950 0.7370750481776823 0.7506827259707565
o 5960 0.006174731737513757 0.008872677784805272
o 5970 0.9997427320109885 0.9999995494141014
o 5980 0.9998341327646891 1
o 5990 0.8483323513362037 0.8593482898591771
o 6000 0.7753741511532202 0.7882508221002871
o 6010 0.020698659341790916 0.025382783723073232
o 6020 0.9736103356508208 0.9783885649006143
o 6030 0.2890975945125524 0.3033311072522564
o 6040 0 0.00016586723531085122
o 6050 0.0001722718904719812 0.0008420520734764292
o 6060 0.00976366249597454 0.013082111541662278
o 6070 0.058445902480750885 0.06598194790054734
o 6080 0.9507968114694622 0.9573297533667948
o 6090 0.9996678275924519 0.9999940967944916
o 6100 0.9985078691024893 0.9994797052294327
o 6110 0.9998341327646891 1
o 6120 0.9997041638433971 0.9999976422569008
o 6130 0.3482030476315512 0.36312560741724087
o 6140 0.999784848241918 0.9999999949993749
o 6150 0.0005202947705672456 0.0014921308975106573
o 6160 0 0.00016586723531085122
o 6170 0.8322383401755669 0.8437276621506838
o 6180 0.19869654471201792 0.21128293736035442
o 6190 0.48964783750928065 0.5052330252423751
o 6200 0.9685064500034014 0.9737341813567538
o 6210 0 0.00016586723531085122
o 6220 0.0014767473742026275 0.0029338575831354685
o 6230 8.995013756807068e-05 0.0006454322678265401
o 6240 0.6586207398952103 0.6733233099218634
o 6250 0.6375574778425341 0.652473637881693
o 6260 0.0001238396693464139 0.0007310322321077978
o 6270 0 0.00016586723531085122
o 6280 0.0050326252714616255 0.007495370968737203
o 6290 0.0643192060680935 0.07218658192002803
o 6300 0.06424135349314104 0.07210446178671948
o 6310 0.9998341327646891 1
o 6320 0.9998341327646891 1
o 6330 0.9615930369897494 0.967369919568708
o 6340 0.9821448287310842 0.9860511200552328
o 6350 0.9998341327646891 1
o 6360 0.976844620220364 0.9813131731400054
o 6370 0.014776347522060338 0.018787375518750538
o 6380 0.08280930792407763 0.09161002604686241
o 6390 0.9998341327646891 1
o 6400 0.38235672641499485 0.39756036686547114
o 6410 0.9997041638433971 0.9999976422569008
o 6420 0.9746801810395487 0.9793583543782763
o 6430 0.9288605670922228 0.9366732969027843
o 6440 0 0.00016586723531085122
o 6450 0.9998341327646891 1
o 6460 0.008671006333979204 0.011815243217333848
o 6470 0.9902363741416428 0.9930765782058028
o 6480 0.9920880626308164 0.9946241228006638
o 6490 8.995013756807068e-05 0.0006454322678265401
o 6500 0.004457213180271527 0.0067911007472153395
o 6510 0 0.00016586723531085122
o 6520 0.05867909487346673 0.06622867348100103
o 6530 0.00037444209756495455 0.0012385517208006736
o 6540 0.9993836603972324 0.9999207619417313
o 6550 0.9979672929505882 0.9991411475683059
o 6560 0.9981128936006963 0.9992353457234481
o 6570 0.01963510822163714 0.02420673736218537
o 6580 0.4168292083277505 0.43223622990273614
o 6590 0.2386950527855445 0.2521107893598714
o 6600 0.9998341327646891 1
o 6610 0.9941170284920611 0.9962742225482251
o 6620 0.9996330653686861 0.9999891487861118
o 6630 0.8601174319891116 0.8707592857755861
o 6640 0 0.00016586723531085122
o 6650 0.9182974222011101 0.9266399519064846
o 6660 0.9994130827814863 0.9999311292217226
o 6670 0.0015935532185476836 0.003096913671020274
o 6680 0.9975602862033369 0.9988686350034939
o 6690 0.9948537648378093 0.9968571040220039
o 6700 0.9755411251899605 0.9801371156384348
o 6710 0.9908444119912284 0.9935882946543282
o 6720 0.9993257723589525 0.9998990270247117
o 6730 0.9998341327646891 1
o 6740 0.7746264304590161 0.7875187925335563
o 6750 0.3498351213080616 0.36477298090180865
o 6760 0.9533822085010023 0.9597434938722507
o 6770 0.9966713515299861 0.9982383659018511
o 6780 0.9998341327646891 1
o 6790 0 0.00016586723531085122
o 6800 0.993850483192733 0.996060899066795
o 6810 0.9984578626277146 0.999449808165806
o 6820 0.9997427320109885 0.9999995494141014
o 6830 0.0404495024875983 0.046824726078293244
o 6840 0.9919348635956466 0.9944973876467764
o 6850 0.9960059934406409 0.9977441940439223
o 6860 0.9969728777400151 0.998456597194961
o 6870 0.9729186912208496 0.9777604448862726
o 6880 0.7434902497407507 0.7569853789720068
o 6890 0.5612300553941397 0.5766667038247411
o 6900 0.04984915789014344 0.05686172613136198
o 6910 0.9966251611325634 0.998204591561967
o 6920 0 0.00016586723531085122
o 6930 0 0.00016586723531085122
o 6940 0.9998341327646891 1
o 6950 0.043404560185423095 0.049988613114700486
o 6960 0.00010097297528831012 0.0006742276410476311
o 6970 0.5799931191975622 0.5953373307108152
o 6980 0.0012783707191603459 0.0026524923299922065
o 6990 0.9998341327646891 1
o 7000 0.28326015182384634 0.2974105327462542
o 7010 0.999784848241918 0.9999999949993749
o 7020 0.9987357880946652 0.999611282711117
o 7030 0.9720390736940626 0.9769603614733786
o 7040 0 0.00016586723531085122
o 7050 0.003513149101605536 0.0056157349023105985
o 7060 0.9886584732879916 0.9917350963815065
o 7070 0.3329816322390173 0.34775218057239443
o 7080 5.888889772228268e-05 0.0005571263040640151
o 7090 0.23392083153747548 0.2472466367362608
o 7100 0.0007959207589015687 0.0019357705696929628
o 7110 0.6321133409730362 0.6470796018080842
o 7120 0.9421076612004079 0.9491817977746285
o 7130 0.9998341327646891 1
o 7140 0.9944065677150438 0.9965045368392506
o 7150 0.00026340314700223097 0.001030197163089941
o 7160 0.9678178102694256 0.9731030535114212
o 7170 0.9892193496237016 0.9922140035157774
o 7180 0.9998341327646891 1
o 7190 0.618778546926907 0.6338588723284488
o 7200 0.06505888273042885 0.07296664601602898
o 7210 0.34189458962732205 0.35675620265000996
o 7220 0.9438805270260089 0.9508483418866113
o 7230 0.9995668564461039 0.999976016692425
o 7240 0.01147635659576059 0.015048697035182967
o 7250 0.999784848241918 0.9999999949993749
o 7260 0.594273522786063 0.6095321275713069
o 7270 0.9734845473832024 0.9782743960362563
o 7280 0.5220161167510389 0.5375738402480457
o 7290 1.694642373683569e-05 0.00040050853982798174
o 7300 0.0004758668143244943 0.001416712981098911
o 7310 0 0.00016586723531085122
o 7320 0.9768656606610799 0.981332125460819
o 7330 0.11346451954575772 0.12354419876232992
o 7340 0.00031816687187396863 0.0011351080949426606
o 7350 0.999784848241918 0.9999999949993749
o 7360 0.0009861560727413455 0.002225163115378459
o 7370 0 0.00016586723531085122
o 7380 0.9992409148798167 0.9998643624923798
o 7390 2.357743099213211e-06 0.0002958361566028911
o 7400 0.9897597892642745 0.9926733523329196
o 7410 0.002531972816572227 0.004357610307714532
o 7420 0 0.00016586723531085122
o 7430 0.8068072430777847 0.818967238112649
o 7440 0.7317103292282733 0.7454092394194827
o 7450 0.9998341327646891 1
o 7460 0.9998341327646891 1
o 7470 0.02123098626715515 0.025970256207052067
o 7480 2.398330757498869e-05 0.00043314355389612036
o 7490 0.8577187540451104 0.8684387621158819
o 7500 0.9998341327646891 1
o 7510 0.9985078691024893 0.9994797052294327
o 7520 0.7161679580795267 0.7301168114002612
o 7530 0.22142623972877737 0.2345054866405757
o 7540 0.9998341327646891 1
o 7550 0.9998341327646891 1
o 7560 0.9286757574936159 0.9364981679235136
o 7570 0.9997427320109885 0.9999995494141014
o 7580 0.993850483192733 0.996060899066795
o 7590 0.04605390600538673 0.052818324338979705
o 7600 0.00015986891994112005 0.0008145805248086502
o 7610 0.9158188898793822 0.9242793077534244
o 7620 5.903205508420937e-06 0.0003321724075481258
o 7630 0.9998341327646891 1
o 7640 0.9959832026584181 0.9977269996889246
o 7650 0.08376689772842695 0.09261210326832292
o 7660 0.44187539906682743 0.45738157977418126
o 7670 0.9654414991411524 0.9709201651251157
o 7680 0.026246699151665182 0.03147267653652297
o 7690 0.9998341327646891 1
o 7700 0.9998341327646891 1
o 7710 0.7517239239797453 0.7650689518729248
o 7720 0.8675609256143564 0.8779533151088698
o 7730 0.0016102992078156333 0.003120148603596995
o 7740 0.5834823782440333 0.5988068987544719
o 7750 0 0.00016586723531085122
o 7760 0.001627059471392074 0.003143369413291741
o 7770 0.9998341327646891 1
o 7780 0 0.00016586723531085122
o 7790 0.8543858821446405 0.8652127434928852
o 7800 0.9997427320109885 0.9999995494141014
o 7810 0.9998341327646891 1
o 7820 0.4173478890971959 0.432757373875688
o 7830 4.5058589854506926e-07 0.0002572679890114893
o 7840 0.9998341327646891 1
o 7850 0.06938284808629021 0.07752116717562751
o 7860 0.8199123257719095 0.8317377849914465
o 7870 0.9998341327646891 1
o 7880 0.7378213727977534 0.7514161517320002
o 7890 0.9992689677678922 0.9998761603306536
o 7900 0 0.00016586723531085122
o 7910 0.0006717323004385943 0.0017402522987572944
o 7920 0.021744633626213355 0.02653641581140176
o 7930 4.028837972215593e-05 0.0004962394110719082
o 7940 0.0008273221554159791 0.0019843021615314482
o 7950 0.9998341327646891 1
o 7960 0.9138942100903319 0.922444627041657
o 7970 0.9009702140036482 0.9100929176424852
o 7980 0.6663426171679699 0.6809588434417899
o 7990 0.8732591875824124 0.8834531573942785
o 8000 0.9995668564461039 0.999976016692425
o 8010 0.0001848488648285143 0.0008693561352292045
o 8020 0.8229928046490218 0.8347362791471391
o 8030 0.6350863940643873 0.6500255509191601
o 8040 0.9021347346659194 0.9112080099793267
o 8050 0.8562350941203095 0.8670029159153104
o 8060 0.9845889414544596 0.9882061358049364
o 8070 0.9997427320109885 0.9999995494141014
o 8080 0.3523630327896369 0.36732421320081243
o 8090 0.8839122647732346 0.8937165372042831
o 8100 2.357743099213211e-06 0.0002958361566028911
o 8110 0 0.00016586723531085122
o 8120 0.2149545026048006 0.22789943071098884
o 8130 0.9952357602882066 0.9971548963126106
o 8140 0 0.00016586723531085122
o 8150 0.9998341327646891 1
o 8160 0.9921099598704722 0.9946422161123841
o 8170 0.9107015257976555 0.9193983721577647
o 8180 0.288779873962774 0.30300893570763365
o 8190 0.0038501349902511925 0.006038536989480314
o 8200 0 0.00016586723531085122
o 8210 0.9998341327646891 1
o 8220 0.8646316875903783 0.8751235278307035
o 8230 0.9998341327646891 1
o 8240 0.9998341327646891 1
o 8250 0.9985078691024893 0.9994797052294327
o 8260 0.9995037605889281 0.9999597116202779
o 8270 0.9998341327646891 1
o 8280 5.000625091698381e-09 0.00021515175808195508
o 8290 0.000780270257940891 0.001911455441719001
o 8300 0.0010021922931565453 0.0022490987612791002
o 8310 0.15093181442114162 0.1622640150058282
o 8320 0.6210072812139422 0.6360693897294188
o 8330 0.9998341327646891 1
o 8340 0.662300421836139 0.6769623940743561
o 8350 0.999784848241918 0.9999999949993749
o 8360 0.9997041638433971 0.9999976422569008
o 8370 0.11203172243585272 0.1220574903477275
o 8380 0.9996330653686861 0.9999891487861118
o 8390 0.9997041638433971 0.9999976422569008
o 8400 0.3499943531049249 0.3649336951695662
o 8410 0.17840666807072558 0.19049974902521605
o 8420 0 0.00016586723531085122
o 8430 0.9998341327646891 1
o 8440 0.49004774072085305 0.5056329872258343
o 8450 2.357743099213211e-06 0.0002958361566028911
o 8460 0.9998341327646891 1
o 8470 0.999784848241918 0.9999999949993749
o 8480 0.8908858437857493 0.900420639684481
o 8490 0.34686959482529917 0.3617795119360441
o 8500 0.8775759009699295 0.8876150081769446
o 8510 0.9998341327646891 1
o 8520 0.13819139696397206 0.14912880722601118
o 8530 0.019464323142598702 0.024017587309737465
o 8540 0.187846955574806 0.2001762333509457
o 8550 0.9998341327646891 1
o 8560 0.9997041638433971 0.9999976422569008
o 8570 0.9827813027071018 0.9866144208021582
o 8580 0 0.00016586723531085122
o 8590 0.995937648394377 0.9976925834541458
o 8600 0.9210641369899786 0.9292723178223595
o 8610 0.9838863559990058 0.9875889736869883
o 8620 0.0030726616847531977 0.00505651831829379
o 8630 0.9947193687185263 0.9967515723000848
o 8640 0.9998341327646891 1
o 8650 0.720682421655511 0.73456083689232
o 8660 0.8090547586528459 0.8211589728439019
o 8670 0.03199613667556459 0.03772113674912381
o 8680 0.00011227771781942915 0.0007027531481009763
o 8690 0.9969495993090236 0.9984398951779412
o 8700 0.9863824963889312 0.9897719275815435
o 8710 0.8910694427821011 0.9005969796545107
o 8720 0 0.00016586723531085122
o 8730 0.00013563750762027172 0.0007590851201833004
o 8740 0.14671625347721326 0.15792102268235642
o 8750 0.9984329360206239 0.9994347812916474
o 8760 0.9998341327646891 1
o 8770 0.0007025526796888737 0.0017893544241253112
o 8780 0.99294437724161 0.9953274298730065
o 8790 0.03166966664299434 0.037367725342515645
o 8800 0.9998341327646891 1
o 8810 0 0.00016586723531085122
o 8820 0.9992409148798167 0.9998643624923798
o 8830 0.9998341327646891 1
o 8840 0 0.00016586723531085122
o 8850 0.9842055818486868 0.9878696333575213
o 8860 0.9991306438647708 0.9998151511351715
o 8870 0.9998341327646891 1
o 8880 0.9987614482791993 0.999625557902435
o 8890 0.9998341327646891 1
o 8900 0.02865827072566802 0.03410021921439843
o 8910 0.3587534883039417 0.3737715935775281
o 8920 0.9998341327646891 1
o 8930 0.9957330879426143 0.9975372731773589
o 8940 5.000625091698381e-09 0.00021515175808195508
o 8950 0.999784848241918 0.9999999949993749
o 8960 0.9998341327646891 1
o 8970 0.9987357880946652 0.999611282711117
o 8980 0.9998341327646891 1
o 8990 0.9998341327646891 1
o 9000 0.9998341327646891 1
o 9010 0.4320341425863907 0.4475061593097427
o 9020 0.8974574347276689 0.9067268643775677
o 9030 0.8923751638653487 0.901850824522418
o 9040 0 0.00016586723531085122
o 9050 0 0.00016586723531085122
o 9060 0.5430790711498318 0.55858379497911
o 9070 0.7284034066894759 0.7421572682938185
o 9080 0.9566543014847056 0.9627903080862309
o 9090 0.648087117239926 0.6629004656118627
o 9100 0.0002499844844402703 0.001003705637588781
o 9110 0.9998341327646891 1
o 9120 0.4888480460286114 0.5044330863329607
o 9130 0.44431123579450393 0.45982492071430026
o 9140 0.8789405770709526 0.8889298782069247
o 9150 0.9997041638433971 0.9999976422569008
o 9160 0.9930986175276119 0.9954531192790149
o 9170 0.004403458086905679 0.006724886495749316
o 9180 0.9998341327646891 1
o 9190 0.9028703271099205 0.9119121730840561
o 9200 0.9998341327646891 1
o 9210 0.5168325955087396 0.5323991072286312
o 9220 0.9998341327646891 1
o 9230 0.02208724099036388 0.026913679958501024
o 9240 0.9990229026390082 0.9997633135035773
o 9250 2.398330757498869e-05 0.00043314355389612036
o 9260 0.9975840325399995 0.9988848632863743
o 9270 0.9815514364721789 0.9855247214408741
o 9280 0.2771661269227085 0.2912266282202628
o 9290 0 0.00016586723531085122
o 9300 0.9799859775677082 0.9841307284231373
o 9310 0.04742807029249307 0.05428367200788142
o 9320 0.9998341327646891 1
o 9330 0.9745962289485626 0.9792823351579113
o 9340 0.9997041638433971 0.9999976422569008
o 9350 0.9876688228689464 0.9908851225286238
o 9360 0.007271605369439602 0.010175278660681797
o 9370 0.0015100441422738538 0.002980520524678121
o 9380 0.9330929125751877 0.9406795446088334
o 9390 0.9998341327646891 1
o 9400 0.948090163647185 0.9547973033459187
o 9410 0.9998341327646891 1
o 9420 0.9845037226572628 0.9881313853126923
o 9430 0.999599491460172 0.9999830535762632
o 9440 0.9998341327646891 1
o 9450 0.24010178349931754 0.25354357959698637
o 9460 1.0851213888255374e-05 0.0003669346313138755
o 9470 0.9998341327646891 1
o 9480 0.11515278742181763 0.1252953484208883
o 9490 0.9922852453284942 0.9947868546246592
o 9500 0.7672720652697781 0.7803156144634406
o 9510 0.9773286867549997 0.9817489399384544
o 9520 0.9843759243900332 0.9880192295854896
o 9530 0.9998341327646891 1
o 9540 0.9944735070159787 0.9965575630291789
o 9550 0.9784663536538803 0.9827708801419559
o 9560 0 0.00016586723531085122
o 9570 0.9998341327646891 1
o 9580 0.9459226694705023 0.9527655195153116
o 9590 0.9866822183709741 0.9900320949448694
o 9600 0.9964178981004407 0.998052007502891
o 9610 0.5834823782440333 0.5988068987544719
o 9620 0.14344729491639757 0.15455110364173197
o 9630 0.9935403221669237 0.9958112089209974
o 9640 0.014475278559125865 0.018448563527821094
o 9650 0.9998341327646891 1
o 9660 0.9998341327646891 1
o 9670 0.9962802289563542 0.9979497738504909
o 9680 0.9991306438647708 0.9998151511351715
o 9690 0.3076914074567025 0.32217098222580753
o 9700 0.9994730802517786 0.9999506585660503
o 9710 0.0014767473742026275 0.0029338575831354685
o 9720 0.12878847193226994 0.13941496593424163
o 9730 0.9998341327646891 1
o 9740 0 0.00016586723531085122
o 9750 0.9400680264103042 0.947262111209515
o 9760 0.821189022405419 0.8329806627178733
o 9770 0.0001238396693464139 0.0007310322321077978
o 9780 0 0.00016586723531085122
o 9790 0.3911256295710339 0.40638849761696716
o 9800 0.9998341327646891 1
o 9810 0.8512977731216683 0.8622218806543125
o 9820 0.24024048057127406 0.2536848352953064
o 9830 0.41086500683848365 0.4262424468661068
o 9840 0 0.00016586723531085122
o 9850 0 0.00016586723531085122
o 9860 0.03998634219845002 0.046328052133131514
o 9870 0.9792468626074285 0.9834701005629122
o 9880 0.9936067152200819 0.9958647843344953
o 9890 0.9997427320109885 0.9999995494141014
o 9900 0.5296628433726719 0.5452045388198279
o 9910 4.934143394975716e-05 0.0005269197482213883
o 9920 0.9998341327646891 1
o 9930 0 0.00016586723531085122
o 9940 0.0046366407544798545 0.007011572135639188
o 9950 0.00011227771781942915 0.0007027531481009763
o 9960 0 0.00016586723531085122
o 9970 0 0.00016586723531085122
o 9980 0.9998341327646891 1
o 9990 0.9998341327646891 1
