0 5.6743621826171875e-05
50 2.0742416381835938e-05
100 115.30079960823059
150 121.97693490982056
200 2.8133392333984375e-05
250 119.38271808624268
300 2.09808349609375e-05
350 1.2636184692382812e-05
400 116.64458131790161
450 115.84304738044739
500 115.9933762550354
550 117.5394217967987
600 2.09808349609375e-05
650 129.76814198493958
700 133.55743885040283
750 2.384185791015625e-05
800 119.93727612495422
850 101.51154923439026
900 1.9311904907226562e-05
950 133.52888941764832
1000 108.9853515625
1050 134.67901730537415
1100 2.3365020751953125e-05
1150 3.0040740966796875e-05
1200 122.95504355430603
1250 118.68975162506104
1300 95.17861413955688
1350 127.00772070884705
1400 2.6702880859375e-05
1450 1.3113021850585938e-05
1500 116.37646102905273
1550 2.3365020751953125e-05
1600 2.2649765014648438e-05
1650 1.0967254638671875e-05
1700 1.0728836059570312e-05
1750 97.7760853767395
1800 4.172325134277344e-05
1850 86.27233171463013
1900 2.1219253540039062e-05
1950 1.4543533325195312e-05
2000 1.0251998901367188e-05
2050 120.13366484642029
2100 2.09808349609375e-05
2150 8.344650268554688e-06
2200 109.31841731071472
2250 108.90862822532654
2300 3.147125244140625e-05
2350 1.1682510375976562e-05
2400 4.0531158447265625e-05
2450 119.65716409683228
2500 5.245208740234375e-05
2550 2.7418136596679688e-05
2600 2.6702880859375e-05
2650 67.89612817764282
2700 3.719329833984375e-05
2750 9.775161743164062e-06
2800 121.06116724014282
2850 3.457069396972656e-05
2900 4.315376281738281e-05
2950 3.62396240234375e-05
3000 1.0251998901367188e-05
3050 119.82263588905334
3100 2.0503997802734375e-05
3150 9.775161743164062e-06
3200 102.58654403686523
3250 2.2411346435546875e-05
3300 1.1920928955078125e-05
3350 1.0967254638671875e-05
3400 1.049041748046875e-05
3450 1.0251998901367188e-05
3500 126.72882771492004
3550 131.80455088615417
3600 117.56154012680054
3650 1.621246337890625e-05
3700 8.58306884765625e-06
3750 4.506111145019531e-05
3800 95.31308364868164
3850 117.21807360649109
3900 2.4557113647460938e-05
3950 116.65186285972595
4000 122.35710668563843
4050 1.9550323486328125e-05
4100 112.17592763900757
4150 124.2909824848175
4200 2.2649765014648438e-05
4250 132.27787160873413
4300 4.649162292480469e-05
4350 130.22987937927246
4400 1.811981201171875e-05
4450 120.71150779724121
4500 119.96694946289062
4550 1.52587890625e-05
4600 1.049041748046875e-05
4650 8.58306884765625e-06
4700 117.15557360649109
4750 118.71520066261292
4800 2.2411346435546875e-05
4850 114.15352034568787
4900 4.458427429199219e-05
4950 119.32251477241516
5000 120.52676296234131
5050 125.82323050498962
5100 2.09808349609375e-05
5150 115.27267718315125
5200 1.8358230590820312e-05
5250 8.344650268554688e-06
5300 123.30283522605896
5350 5.340576171875e-05
5400 0.00014734268188476562
5450 3.123283386230469e-05
5500 121.57030391693115
5550 134.99936866760254
5600 3.790855407714844e-05
5650 106.48534059524536
5700 3.3855438232421875e-05
5750 2.86102294921875e-05
5800 131.24113821983337
5850 2.0742416381835938e-05
5900 127.0816490650177
5950 1.8596649169921875e-05
6000 7.867813110351562e-06
6050 108.96790742874146
6100 119.62656235694885
6150 3.24249267578125e-05
6200 1.33514404296875e-05
6250 4.172325134277344e-05
6300 2.8133392333984375e-05
6350 116.3905200958252
6400 2.765655517578125e-05
6450 3.528594970703125e-05
6500 1.1682510375976562e-05
6550 8.58306884765625e-06
6600 114.3822169303894
6650 115.96556043624878
6700 2.1696090698242188e-05
6750 110.50315856933594
6800 3.147125244140625e-05
6850 1.1205673217773438e-05
6900 118.70956301689148
6950 127.07270669937134
7000 123.85212659835815
7050 126.63299798965454
7100 1.8596649169921875e-05
7150 1.1682510375976562e-05
7200 1.1682510375976562e-05
7250 1.0967254638671875e-05
7300 1.1205673217773438e-05
7350 126.73230409622192
7400 1.8835067749023438e-05
7450 6.9141387939453125e-06
7500 4.506111145019531e-05
7550 112.73170924186707
7600 119.61634302139282
7650 1.6689300537109375e-05
7700 6.4373016357421875e-06
7750 6.198883056640625e-06
7800 116.52817249298096
7850 111.15882158279419
7900 3.1948089599609375e-05
7950 9.059906005859375e-06
8000 118.68855690956116
8050 105.78427267074585
8100 112.31572151184082
8150 2.6464462280273438e-05
8200 1.4543533325195312e-05
8250 1.4543533325195312e-05
8300 1.33514404296875e-05
8350 1.2874603271484375e-05
8400 1.3589859008789062e-05
8450 1.2874603271484375e-05
8500 1.2874603271484375e-05
8550 1.3113021850585938e-05
8600 1.4066696166992188e-05
8650 1.33514404296875e-05
8700 1.3589859008789062e-05
8750 4.267692565917969e-05
8800 107.27736330032349
8850 1.9073486328125e-05
8900 119.56300449371338
8950 122.71269941329956
9000 2.5033950805664062e-05
9050 1.1205673217773438e-05
9100 1.2159347534179688e-05
9150 4.57763671875e-05
9200 7.796287536621094e-05
9250 125.62985372543335
9300 1.71661376953125e-05
9350 113.58613181114197
9400 3.814697265625e-05
9450 7.3909759521484375e-06
9500 121.61740708351135
9550 100.36446475982666
9600 2.3126602172851562e-05
9650 1.4543533325195312e-05
9700 1.5497207641601562e-05
9750 1.52587890625e-05
9800 1.5497207641601562e-05
9850 1.3589859008789062e-05
9900 1.33514404296875e-05
9950 2.384185791015625e-05
10000 4.267692565917969e-05
10050 1.430511474609375e-05
10100 1.3113021850585938e-05
10150 81.26291275024414
10200 106.52033543586731
10250 2.4557113647460938e-05
10300 2.8848648071289062e-05
10350 117.99611258506775
10400 1.7881393432617188e-05
10450 1.5974044799804688e-05
10500 111.54603862762451
10550 129.4020552635193
10600 2.3126602172851562e-05
10650 2.8371810913085938e-05
10700 1.0967254638671875e-05
10750 9.5367431640625e-06
10800 9.298324584960938e-06
10850 122.56808638572693
10900 128.50429153442383
10950 2.384185791015625e-05
11000 117.95542693138123
11050 130.2274260520935
11100 1.9311904907226562e-05
11150 84.4018611907959
11200 1.7404556274414062e-05
11250 106.69067096710205
11300 120.85653257369995
11350 114.37825012207031
11400 1.6927719116210938e-05
11450 130.08694291114807
11500 115.09900093078613
11550 1.5020370483398438e-05
11600 96.4204671382904
11650 3.790855407714844e-05
11700 1.7881393432617188e-05
11750 122.42979311943054
11800 2.1219253540039062e-05
11850 1.52587890625e-05
11900 1.0251998901367188e-05
11950 122.841543674469
12000 1.7642974853515625e-05
12050 101.87651252746582
12100 2.5272369384765625e-05
12150 115.80254530906677
12200 120.64090132713318
12250 2.1219253540039062e-05
12300 1.049041748046875e-05
12350 130.99533939361572
12400 116.85585594177246
12450 2.1219253540039062e-05
12500 2.0742416381835938e-05
12550 124.56900453567505
12600 3.3855438232421875e-05
12650 5.4836273193359375e-05
12700 1.3113021850585938e-05
12750 79.51769161224365
12800 2.4557113647460938e-05
12850 114.1301383972168
12900 2.7179718017578125e-05
12950 1.8596649169921875e-05
13000 134.74580931663513
13050 1.6689300537109375e-05
13100 130.1789526939392
13150 122.28899836540222
13200 84.81932139396667
13250 2.288818359375e-05
13300 131.76844835281372
13350 113.43889594078064
13400 109.68235874176025
13450 2.193450927734375e-05
13500 117.86747026443481
13550 2.956390380859375e-05
13600 1.1444091796875e-05
13650 111.11220097541809
13700 103.51759815216064
13750 127.45729041099548
13800 118.49695444107056
13850 127.05527520179749
13900 125.0887303352356
13950 124.46092867851257
14000 109.83256363868713
14050 2.2172927856445312e-05
14100 2.7179718017578125e-05
14150 1.1444091796875e-05
14200 124.87281680107117
14250 2.2172927856445312e-05
14300 129.5636065006256
14350 1.6450881958007812e-05
14400 6.9141387939453125e-06
14450 98.93764901161194
14500 125.93420171737671
14550 104.63628554344177
14600 2.3603439331054688e-05
14650 113.360830783844
14700 116.49415874481201
14750 1.71661376953125e-05
14800 1.049041748046875e-05
14850 3.5762786865234375e-05
14900 1.0251998901367188e-05
14950 9.775161743164062e-06
15000 122.3343870639801
15050 122.96289253234863
15100 2.288818359375e-05
15150 8.58306884765625e-06
15200 1.049041748046875e-05
15250 1.2874603271484375e-05
15300 1.0013580322265625e-05
15350 2.0503997802734375e-05
15400 1.2159347534179688e-05
15450 132.6007857322693
15500 93.96566009521484
15550 3.528594970703125e-05
15600 8.106231689453125e-06
15650 9.059906005859375e-06
15700 7.62939453125e-06
15750 7.867813110351562e-06
15800 120.49410152435303
15850 3.600120544433594e-05
15900 2.4080276489257812e-05
15950 1.9788742065429688e-05
16000 117.33768677711487
16050 117.96353340148926
16100 4.076957702636719e-05
16150 1.3589859008789062e-05
16200 1.5497207641601562e-05
16250 3.600120544433594e-05
16300 101.77623891830444
16350 2.3603439331054688e-05
16400 1.239776611328125e-05
16450 1.1444091796875e-05
16500 1.1205673217773438e-05
16550 1.0728836059570312e-05
16600 1.0728836059570312e-05
16650 117.550532579422
16700 2.288818359375e-05
16750 117.71034693717957
16800 2.2649765014648438e-05
16850 1.1205673217773438e-05
16900 1.0251998901367188e-05
16950 122.48364162445068
17000 2.8371810913085938e-05
17050 1.1205673217773438e-05
17100 123.7946400642395
17150 1.9311904907226562e-05
17200 6.9141387939453125e-06
17250 7.867813110351562e-06
17300 116.5980932712555
17350 2.0265579223632812e-05
17400 96.25464344024658
17450 3.552436828613281e-05
17500 3.4332275390625e-05
17550 124.59665012359619
17600 103.61033821105957
17650 2.384185791015625e-05
17700 105.59849953651428
17750 2.2411346435546875e-05
17800 1.0728836059570312e-05
17850 1.0728836059570312e-05
17900 1.0251998901367188e-05
17950 119.17966842651367
18000 2.1457672119140625e-05
18050 1.2874603271484375e-05
18100 2.0265579223632812e-05
18150 127.25689911842346
18200 118.5186219215393
18250 2.384185791015625e-05
18300 107.60178828239441
18350 7.534027099609375e-05
18400 8.58306884765625e-06
18450 1.3113021850585938e-05
18500 122.84758591651917
18550 125.28444051742554
18600 2.9802322387695312e-05
18650 74.18032431602478
18700 2.0503997802734375e-05
18750 126.06573677062988
18800 111.3198618888855
18850 116.05654311180115
18900 4.38690185546875e-05
18950 132.82339763641357
19000 2.0503997802734375e-05
19050 1.049041748046875e-05
19100 124.62314200401306
19150 3.0994415283203125e-05
19200 3.790855407714844e-05
19250 1.2636184692382812e-05
19300 1.1682510375976562e-05
19350 1.52587890625e-05
19400 118.26242899894714
19450 2.0503997802734375e-05
19500 9.5367431640625e-06
19550 9.059906005859375e-06
19600 9.059906005859375e-06
19650 109.93021512031555
19700 2.2649765014648438e-05
19750 1.8835067749023438e-05
19800 3.62396240234375e-05
19850 1.430511474609375e-05
19900 122.98448324203491
19950 3.6716461181640625e-05
20000 107.77208018302917
20050 2.3603439331054688e-05
20100 3.838539123535156e-05
20150 1.1205673217773438e-05
20200 134.10195183753967
20250 1.8596649169921875e-05
20300 8.58306884765625e-06
20350 131.56281566619873
20400 3.0040740966796875e-05
20450 95.6482036113739
20500 1.71661376953125e-05
20550 6.67572021484375e-06
20600 115.44935822486877
20650 3.170967102050781e-05
20700 115.35483860969543
20750 2.193450927734375e-05
20800 120.7052276134491
20850 2.09808349609375e-05
20900 2.5987625122070312e-05
20950 3.0517578125e-05
21000 2.956390380859375e-05
21050 1.0251998901367188e-05
21100 8.821487426757812e-06
21150 87.23470544815063
21200 83.20246315002441
21250 2.0265579223632812e-05
21300 111.92299008369446
21350 2.1696090698242188e-05
21400 1.1920928955078125e-05
21450 1.71661376953125e-05
21500 109.70010256767273
21550 131.6670434474945
21600 91.553302526474
21650 98.13292455673218
21700 1.8835067749023438e-05
21750 4.553794860839844e-05
21800 122.19873261451721
21850 113.8972954750061
21900 2.6702880859375e-05
21950 99.9701337814331
22000 1.5735626220703125e-05
22050 7.62939453125e-06
22100 116.67051196098328
22150 102.83410930633545
22200 2.4557113647460938e-05
22250 1.1444091796875e-05
22300 9.775161743164062e-06
22350 9.059906005859375e-06
22400 9.5367431640625e-06
22450 9.059906005859375e-06
22500 2.193450927734375e-05
22550 120.87739396095276
22600 1.71661376953125e-05
22650 122.78600978851318
22700 3.0517578125e-05
22750 102.46097922325134
22800 2.2411346435546875e-05
22850 1.0013580322265625e-05
22900 1.049041748046875e-05
22950 2.002716064453125e-05
23000 9.298324584960938e-06
23050 118.4096450805664
23100 3.266334533691406e-05
23150 4.363059997558594e-05
23200 4.291534423828125e-05
23250 3.314018249511719e-05
23300 115.57130074501038
23350 1.8596649169921875e-05
23400 113.0023410320282
23450 1.7404556274414062e-05
23500 9.059906005859375e-06
23550 3.0994415283203125e-05
23600 120.89391350746155
23650 2.7179718017578125e-05
23700 1.0013580322265625e-05
23750 2.9325485229492188e-05
23800 130.01446795463562
23850 125.16435670852661
23900 3.218650817871094e-05
23950 8.344650268554688e-06
24000 8.344650268554688e-06
24050 7.62939453125e-06
24100 7.62939453125e-06
24150 7.3909759521484375e-06
24200 7.3909759521484375e-06
24250 1.1682510375976562e-05
24300 114.63726711273193
24350 1.7642974853515625e-05
24400 1.33514404296875e-05
24450 1.1920928955078125e-05
24500 9.059906005859375e-06
24550 122.69923877716064
24600 1.5735626220703125e-05
24650 8.344650268554688e-06
24700 8.344650268554688e-06
24750 4.601478576660156e-05
24800 2.765655517578125e-05
24850 3.647804260253906e-05
24900 114.07811045646667
24950 2.3365020751953125e-05
25000 121.02750611305237
25050 1.5497207641601562e-05
25100 2.7894973754882812e-05
25150 122.38896584510803
25200 2.47955322265625e-05
25250 113.63155627250671
25300 2.6702880859375e-05
25350 116.703777551651
25400 119.05883884429932
25450 1.5497207641601562e-05
25500 110.74727988243103
25550 110.6471757888794
25600 2.4318695068359375e-05
25650 2.9802322387695312e-05
25700 1.3113021850585938e-05
25750 1.9788742065429688e-05
25800 9.5367431640625e-06
25850 108.83020544052124
25900 3.0279159545898438e-05
25950 4.00543212890625e-05
26000 104.87408947944641
26050 87.49765658378601
26100 67.80543231964111
26150 96.25020384788513
26200 1.5020370483398438e-05
26250 111.65819787979126
26300 1.8835067749023438e-05
26350 8.58306884765625e-06
26400 1.0013580322265625e-05
26450 9.775161743164062e-06
26500 9.5367431640625e-06
26550 1.0013580322265625e-05
26600 2.0742416381835938e-05
26650 117.75876784324646
26700 1.6450881958007812e-05
26750 84.00570631027222
26800 1.8358230590820312e-05
26850 2.7418136596679688e-05
26900 114.12495732307434
26950 107.72178745269775
27000 114.78657722473145
27050 1.7642974853515625e-05
27100 6.198883056640625e-06
27150 6.198883056640625e-06
27200 2.3126602172851562e-05
27250 2.1457672119140625e-05
27300 111.04530048370361
27350 110.72175025939941
27400 112.28480291366577
27450 1.7881393432617188e-05
27500 1.71661376953125e-05
27550 112.10871529579163
27600 2.6226043701171875e-05
27650 1.430511474609375e-05
27700 110.19259667396545
27750 2.3603439331054688e-05
27800 1.239776611328125e-05
27850 113.74921250343323
27900 2.9802322387695312e-05
27950 9.5367431640625e-06
28000 113.3187108039856
28050 1.5497207641601562e-05
28100 106.64931988716125
28150 1.7642974853515625e-05
28200 8.344650268554688e-06
28250 119.64522862434387
28300 1.6927719116210938e-05
28350 7.867813110351562e-06
28400 7.62939453125e-06
28450 114.64673829078674
28500 2.956390380859375e-05
28550 7.62939453125e-06
28600 1.049041748046875e-05
28650 100.7508020401001
28700 1.8596649169921875e-05
28750 3.2901763916015625e-05
28800 3.981590270996094e-05
28850 110.6978828907013
28900 2.4557113647460938e-05
28950 1.71661376953125e-05
29000 2.0742416381835938e-05
29050 117.58179783821106
29100 2.0265579223632812e-05
29150 1.0967254638671875e-05
29200 7.867813110351562e-06
29250 7.62939453125e-06
29300 107.14241814613342
29350 1.5974044799804688e-05
29400 110.9000313282013
29450 1.7404556274414062e-05
29500 114.16435933113098
29550 111.76970100402832
29600 2.5033950805664062e-05
29650 1.0967254638671875e-05
29700 9.298324584960938e-06
29750 112.33291506767273
29800 2.193450927734375e-05
29850 1.0013580322265625e-05
29900 9.5367431640625e-06
29950 9.298324584960938e-06
30000 2.0265579223632812e-05
30050 1.2636184692382812e-05
30100 116.9778642654419
30150 110.02191281318665
30200 1.9073486328125e-05
30250 1.1682510375976562e-05
30300 114.7336368560791
30350 3.62396240234375e-05
30400 2.4080276489257812e-05
30450 1.0728836059570312e-05
30500 108.28545928001404
30550 108.3623309135437
30600 1.811981201171875e-05
30650 111.80518341064453
30700 2.0742416381835938e-05
30750 2.6464462280273438e-05
30800 2.4318695068359375e-05
30850 8.344650268554688e-06
30900 5.9604644775390625e-06
30950 6.198883056640625e-06
31000 3.409385681152344e-05
31050 109.47470283508301
31100 2.47955322265625e-05
31150 3.4809112548828125e-05
31200 4.458427429199219e-05
31250 108.72326111793518
31300 1.811981201171875e-05
31350 1.1205673217773438e-05
31400 1.1444091796875e-05
31450 1.0728836059570312e-05
31500 1.0967254638671875e-05
31550 1.0728836059570312e-05
31600 94.84959697723389
31650 1.6689300537109375e-05
31700 8.106231689453125e-06
31750 7.62939453125e-06
31800 1.0967254638671875e-05
31850 7.62939453125e-06
31900 8.106231689453125e-06
31950 7.3909759521484375e-06
32000 110.0667941570282
32050 3.814697265625e-05
32100 109.3129494190216
32150 1.7642974853515625e-05
32200 107.83735704421997
32250 118.0326201915741
32300 1.621246337890625e-05
32350 3.24249267578125e-05
32400 84.12333106994629
32450 109.20726203918457
32500 1.5735626220703125e-05
32550 7.867813110351562e-06
32600 89.28671932220459
32650 108.7892415523529
32700 4.4345855712890625e-05
32750 3.504753112792969e-05
32800 106.2025158405304
32850 2.2411346435546875e-05
32900 2.193450927734375e-05
32950 113.69509243965149
33000 104.73968315124512
33050 107.12088775634766
33100 2.8371810913085938e-05
33150 108.60836791992188
33200 1.9788742065429688e-05
33250 9.298324584960938e-06
33300 9.5367431640625e-06
33350 7.152557373046875e-06
33400 6.9141387939453125e-06
33450 93.21013116836548
33500 97.8212537765503
33550 100.1124038696289
33600 2.5510787963867188e-05
33650 2.6941299438476562e-05
33700 1.1682510375976562e-05
33750 1.6927719116210938e-05
33800 1.1920928955078125e-05
33850 93.19054079055786
33900 105.8952476978302
33950 114.94202542304993
34000 3.4332275390625e-05
34050 1.239776611328125e-05
34100 1.049041748046875e-05
34150 1.0728836059570312e-05
34200 112.69292283058167
34250 105.8320152759552
34300 2.4318695068359375e-05
34350 2.3365020751953125e-05
34400 1.1205673217773438e-05
34450 9.298324584960938e-06
34500 103.86619567871094
34550 1.9550323486328125e-05
34600 6.9141387939453125e-06
34650 9.059906005859375e-06
34700 2.5510787963867188e-05
34750 7.62939453125e-06
34800 7.152557373046875e-06
34850 7.152557373046875e-06
34900 6.9141387939453125e-06
34950 78.41320657730103
35000 1.5497207641601562e-05
35050 1.1444091796875e-05
35100 2.4080276489257812e-05
35150 1.0013580322265625e-05
35200 1.0967254638671875e-05
35250 113.8593020439148
35300 4.029273986816406e-05
35350 1.5497207641601562e-05
35400 1.1205673217773438e-05
35450 99.16867852210999
35500 1.9311904907226562e-05
35550 3.7670135498046875e-05
35600 2.86102294921875e-05
35650 82.38666892051697
35700 116.10501265525818
35750 2.1219253540039062e-05
35800 1.049041748046875e-05
35850 2.47955322265625e-05
35900 1.0251998901367188e-05
35950 1.049041748046875e-05
36000 1.0013580322265625e-05
36050 1.1205673217773438e-05
36100 106.93888926506042
36150 2.1219253540039062e-05
36200 8.344650268554688e-06
36250 1.5497207641601562e-05
36300 105.98315501213074
36350 1.8835067749023438e-05
36400 105.69132208824158
36450 1.5735626220703125e-05
36500 2.2172927856445312e-05
36550 1.2159347534179688e-05
36600 114.33897948265076
36650 3.62396240234375e-05
36700 95.32147979736328
36750 2.574920654296875e-05
36800 3.0994415283203125e-05
36850 3.790855407714844e-05
36900 89.11138129234314
36950 77.53214144706726
37000 1.4781951904296875e-05
37050 9.775161743164062e-06
37100 1.1205673217773438e-05
37150 78.06128549575806
37200 1.811981201171875e-05
37250 7.62939453125e-06
37300 1.0251998901367188e-05
37350 8.58306884765625e-06
37400 95.45152735710144
37450 1.7881393432617188e-05
37500 1.4781951904296875e-05
37550 9.059906005859375e-06
37600 1.2636184692382812e-05
37650 79.52398133277893
37700 1.5735626220703125e-05
37750 107.30339169502258
37800 2.3126602172851562e-05
37850 1.0013580322265625e-05
37900 6.67572021484375e-06
37950 9.5367431640625e-06
38000 9.059906005859375e-06
38050 7.867813110351562e-06
38100 91.20369338989258
38150 3.0994415283203125e-05
38200 1.33514404296875e-05
38250 98.13965010643005
38300 1.8596649169921875e-05
38350 103.83974003791809
38400 2.0503997802734375e-05
38450 77.24011564254761
38500 1.8596649169921875e-05
38550 97.70250463485718
38600 1.9550323486328125e-05
38650 73.89896059036255
38700 3.4332275390625e-05
38750 2.6941299438476562e-05
38800 1.0251998901367188e-05
38850 1.049041748046875e-05
38900 1.0013580322265625e-05
38950 106.69131755828857
39000 4.553794860839844e-05
39050 106.29117941856384
39100 3.361701965332031e-05
39150 99.39041781425476
39200 6.937980651855469e-05
39250 4.506111145019531e-05
39300 1.1682510375976562e-05
39350 1.239776611328125e-05
39400 1.0013580322265625e-05
39450 9.5367431640625e-06
39500 9.775161743164062e-06
39550 104.14949655532837
39600 86.19012570381165
39650 72.61238956451416
39700 88.82161664962769
39750 3.838539123535156e-05
39800 96.39635062217712
39850 1.6689300537109375e-05
39900 74.09639406204224
39950 93.05696201324463
40000 103.23859524726868
40050 3.24249267578125e-05
40100 99.17596340179443
40150 3.075599670410156e-05
40200 1.239776611328125e-05
40250 9.059906005859375e-06
40300 8.58306884765625e-06
40350 8.344650268554688e-06
40400 8.106231689453125e-06
40450 105.88744378089905
40500 84.92677903175354
40550 1.4066696166992188e-05
40600 9.5367431640625e-06
40650 6.9141387939453125e-06
40700 9.5367431640625e-06
40750 102.84451866149902
40800 91.56438136100769
40850 1.6450881958007812e-05
40900 9.059906005859375e-06
40950 2.47955322265625e-05
41000 8.344650268554688e-06
41050 8.344650268554688e-06
41100 94.57122468948364
41150 2.4557113647460938e-05
41200 1.0728836059570312e-05
41250 95.93327260017395
41300 2.1457672119140625e-05
41350 7.867813110351562e-06
41400 3.504753112792969e-05
41450 90.97821235656738
41500 1.7642974853515625e-05
41550 6.4373016357421875e-06
41600 105.47853469848633
41650 96.99826383590698
41700 1.4543533325195312e-05
41750 6.4373016357421875e-06
41800 6.4373016357421875e-06
41850 7.152557373046875e-06
41900 7.152557373046875e-06
41950 95.56531500816345
42000 1.6450881958007812e-05
42050 7.152557373046875e-06
42100 1.430511474609375e-05
42150 7.152557373046875e-06
42200 96.15261387825012
42250 3.4332275390625e-05
42300 1.049041748046875e-05
42350 7.62939453125e-06
42400 8.821487426757812e-06
42450 89.76613879203796
42500 3.0994415283203125e-05
42550 2.765655517578125e-05
42600 104.30164623260498
42650 96.17186307907104
42700 1.6689300537109375e-05
42750 7.3909759521484375e-06
42800 7.3909759521484375e-06
42850 7.3909759521484375e-06
42900 7.152557373046875e-06
42950 97.93529748916626
43000 1.5735626220703125e-05
43050 97.20242094993591
43100 2.7418136596679688e-05
43150 1.0967254638671875e-05
43200 7.3909759521484375e-06
43250 92.78317093849182
43300 1.71661376953125e-05
43350 100.72740364074707
43400 1.9073486328125e-05
43450 2.288818359375e-05
43500 8.344650268554688e-06
43550 8.821487426757812e-06
43600 8.821487426757812e-06
43650 7.867813110351562e-06
43700 98.47835755348206
43750 2.002716064453125e-05
43800 2.9802322387695312e-05
43850 102.03801488876343
43900 93.80814838409424
43950 2.86102294921875e-05
44000 1.049041748046875e-05
44050 2.5510787963867188e-05
44100 7.62939453125e-06
44150 83.06108331680298
44200 98.19805431365967
44250 3.123283386230469e-05
44300 95.87345314025879
44350 98.39486384391785
44400 1.7642974853515625e-05
44450 75.37139225006104
44500 82.91982007026672
44550 90.47414779663086
44600 1.7404556274414062e-05
44650 87.12181949615479
44700 89.4713978767395
44750 68.11930298805237
44800 1.52587890625e-05
44850 90.24245285987854
44900 1.430511474609375e-05
44950 2.2649765014648438e-05
45000 100.7971830368042
45050 105.9731752872467
45100 2.6702880859375e-05
45150 9.775161743164062e-06
45200 2.7418136596679688e-05
45250 102.59391069412231
45300 91.69874620437622
45350 68.4821834564209
45400 3.933906555175781e-05
45450 74.69707584381104
45500 1.1205673217773438e-05
45550 1.811981201171875e-05
45600 2.47955322265625e-05
45650 8.58306884765625e-06
45700 93.7179114818573
45750 3.647804260253906e-05
45800 1.0967254638671875e-05
45850 1.049041748046875e-05
45900 86.60945582389832
45950 92.04297494888306
46000 3.790855407714844e-05
46050 9.775161743164062e-06
46100 9.775161743164062e-06
46150 1.049041748046875e-05
46200 85.16442775726318
46250 99.69008541107178
46300 2.2411346435546875e-05
46350 111.4161286354065
46400 1.8835067749023438e-05
46450 9.059906005859375e-06
46500 8.58306884765625e-06
46550 8.821487426757812e-06
46600 84.57018899917603
46650 4.172325134277344e-05
46700 5.078315734863281e-05
46750 1.2159347534179688e-05
46800 94.46783947944641
46850 2.3365020751953125e-05
46900 2.6702880859375e-05
46950 7.62939453125e-06
47000 7.3909759521484375e-06
47050 102.96609091758728
47100 1.9788742065429688e-05
47150 92.16984343528748
47200 1.5497207641601562e-05
47250 88.13161659240723
47300 3.170967102050781e-05
47350 1.33514404296875e-05
47400 97.84147953987122
47450 2.3365020751953125e-05
47500 101.31149125099182
47550 94.2162652015686
47600 2.2411346435546875e-05
47650 97.46337842941284
47700 2.765655517578125e-05
47750 93.24904322624207
47800 91.61963391304016
47850 2.9087066650390625e-05
47900 3.528594970703125e-05
47950 3.409385681152344e-05
48000 2.2411346435546875e-05
48050 2.2172927856445312e-05
48100 82.7308840751648
48150 1.7404556274414062e-05
48200 5.9604644775390625e-06
48250 8.344650268554688e-06
48300 7.3909759521484375e-06
48350 6.198883056640625e-06
48400 80.98063087463379
48450 93.37722826004028
48500 3.0040740966796875e-05
48550 7.3909759521484375e-06
48600 6.9141387939453125e-06
48650 90.38699078559875
48700 1.7404556274414062e-05
48750 1.7881393432617188e-05
48800 1.1920928955078125e-05
48850 102.84159183502197
48900 1.5020370483398438e-05
48950 87.34706568717957
49000 97.15631818771362
49050 1.9073486328125e-05
49100 72.0838680267334
49150 91.70445132255554
49200 1.7642974853515625e-05
49250 91.69165992736816
49300 1.6689300537109375e-05
49350 7.3909759521484375e-06
49400 6.9141387939453125e-06
49450 89.54715585708618
49500 1.52587890625e-05
49550 89.27131843566895
49600 88.69719123840332
49650 3.457069396972656e-05
49700 88.85394024848938
49750 89.04956102371216
49800 84.43878269195557
49850 84.74742364883423
49900 1.6927719116210938e-05
49950 5.9604644775390625e-06
