4.203219175338745
4.5366740226745605
965.9900386333466
7.260631322860718
169.59291529655457
6.087467908859253
5.752139091491699
5.677679538726807
173.94227933883667
5.172987222671509
5.211940288543701
5.17216420173645
5.345808982849121
4.19899582862854
4.242967367172241
4.614727735519409
165.53403687477112
5.918888568878174
5.768118619918823
5.695533752441406
5.584296226501465
5.616757392883301
5.299991607666016
5.806870222091675
6.061389207839966
332.43596148490906
4.192561149597168
4.1892991065979
4.2527995109558105
873.0531761646271
173.18240237236023
5.308115243911743
496.56221652030945
5.0103960037231445
4.029273986816406e-05
5.010812520980835
5.052393674850464
5.0808587074279785
5.087127685546875
4.455629825592041
4.211244821548462
4.228029012680054
4.211260795593262
4.199567556381226
4.197886943817139
488.8304388523102
330.02040219306946
5.485315561294556
5.626671552658081
5.987547874450684
5.876140356063843
5.887142658233643
4.232756853103638
866.9859340190887
5.309004068374634
348.5478618144989
167.65081477165222
5.11821985244751
5.12264084815979
5.118656873703003
5.115992784500122
5.107084035873413
5.130115985870361
5.154310941696167
5.188920736312866
4.174642562866211
4.287423610687256
4.241983652114868
4.206345081329346
4.206438064575195
4.234154224395752
4.263250827789307
4.6253204345703125e-05
4.2174437046051025
172.0375030040741
6.838979005813599
714.996640920639
5.435664653778076
4.187656402587891
4.408231019973755
4.259344100952148
4.582675933837891
4.4539196491241455
165.7976725101471
5.662215709686279
5.513564348220825
5.524886608123779
167.2651970386505
5.435404062271118
490.1139509677887
528.3842585086823
4.196218729019165
4.253330230712891
4.4282073974609375
4.494030237197876
4.190894365310669
309.08144879341125
6.820244550704956
5.841311454772949
522.3942365646362
1043.198124408722
4.746975898742676
4.956783056259155
4.732877731323242
4.210601329803467
513.6876134872437
5.890398263931274
8.22895884513855
174.46873545646667
330.02004957199097
5.356513023376465
5.629742622375488
5.811410427093506
170.30635237693787
6.469929218292236
5.8727030754089355
5.4205780029296875
4.563849210739136
4.213826656341553
4.2541937828063965
497.486230134964
5.727449655532837
5.787797212600708
5.820693016052246
6.1772942543029785
7.540154457092285
4.482269287109375e-05
364.25488471984863
6.246875047683716
166.83093118667603
4.188443183898926
4.473211050033569
4.4481894969940186
4.531805753707886
4.590790033340454
4.650624990463257
4.666988849639893
4.486356496810913
165.53690791130066
5.6528167724609375
5.443542718887329
5.862433671951294
5.343510866165161
4.574304819107056
316.95127964019775
6.9063544273376465
6.491459608078003
5.320930480957031
5.288831472396851
6.226715803146362
366.13714051246643
6.793339252471924
665.0530598163605
155.98507690429688
5.712953567504883
5.743730545043945
4.22217321395874
153.79714608192444
6.406280994415283
5.37898325920105
876.7866246700287
5.8045432567596436
5.843201160430908
5.88642430305481
5.751305341720581
8.195361375808716
7.616957902908325
486.6529459953308
5.462942600250244
4.206051826477051
4.139878988265991
4.21034836769104
4.1986424922943115
4.152717113494873
4.203454256057739
4.233388662338257
4.200029611587524
4.229746341705322
4.763559818267822
166.45182061195374
5.534224033355713
6.8015735149383545
4.374544858932495
4.177528142929077
4.245212078094482
639.7137227058411
6.009538888931274
6.712312459945679
175.2555377483368
5.522236585617065
649.2556440830231
5.0735697746276855
5.063066482543945
5.076338768005371
5.101721286773682
4.502836227416992
4.534746885299683
4.591076612472534
4.219538450241089
4.208357810974121
4.217726230621338
4.230394124984741
4.232344627380371
4.493467807769775
4.79010272026062
4.8919970989227295
4.737208127975464
3.933906555175781e-05
4.2028326988220215
1232.0434012413025
5.256038188934326
5.256293773651123
5.340634107589722
2.2172927856445312e-05
5.854020595550537
5.937465667724609
5.310490131378174
5.392972230911255
5.420182943344116
5.506953239440918
5.376660585403442
4.272119998931885
4.2239320278167725
4.2313477993011475
4.2006447315216064
4.2003631591796875
4.200193881988525
4.223696708679199
701.2905843257904
5.463076829910278
5.710800409317017
6.880588054656982
7.589451551437378
6.861310720443726
4.201390743255615
4.171382665634155
4.216863632202148
4.191189527511597
4.192254543304443
4.22850489616394
4.236542224884033
4.224581480026245
4.231983661651611
517.0212359428406
5.892601013183594
5.869945049285889
5.345108985900879
4.180565595626831
4.532074451446533
4.23489785194397
4.225442171096802
155.29660296440125
5.308687210083008
5.350241184234619
5.356737375259399
5.7002434730529785
178.5831937789917
6.103429555892944
5.768078088760376
6.094357967376709
4.732914447784424
4.961842060089111
5.947210311889648
532.6860716342926
5.595221281051636
5.625493764877319
5.693587779998779
5.631299734115601
5.67495322227478
5.42698335647583
7.908584833145142
7.836880922317505
350.1766393184662
332.97682523727417
491.6036615371704
178.5284402370453
766.882474899292
148.21470069885254
4.454421043395996
4.4718334674835205
4.399002313613892
141.95507955551147
4.329270601272583
4.338337421417236
4.314516067504883
4.406453847885132
181.5906467437744
5.387223482131958
5.562693357467651
8.314460754394531
6.614739656448364
5.355258464813232
5.313879013061523
5.529505729675293
5.296772241592407
5.980956554412842
7.447993755340576
360.197283744812
5.879930019378662
733.948156118393
181.44296550750732
5.326250076293945
5.326983690261841
469.29327726364136
5.20168399810791
5.126146554946899
162.3485164642334
4.739746809005737
4.598797559738159
4.828486204147339
791.2068874835968
4.162145137786865
5.41654109954834
170.2492082118988
7.2065815925598145
7.636837482452393
546.9276549816132
5.175100088119507
5.185515403747559
5.186437129974365
5.18916130065918
5.161057710647583
5.167567253112793
5.154577970504761
152.49319744110107
176.12361454963684
7.175848722457886
5.3447370529174805
327.52131366729736
5.352554082870483
5.367015838623047
5.767719030380249
5.897374868392944
343.367830991745
5.126423120498657
5.115060091018677
5.117535591125488
5.111742258071899
6.358740568161011
5.65446662902832
5.3944337368011475
651.4607653617859
5.628539085388184
166.50951504707336
5.06553053855896
5.022669076919556
449.9011974334717
4.567232608795166
4.58415675163269
285.3097312450409
4.28760552406311
5.332329511642456
4.6253204345703125e-05
5.9039833545684814
5.8612565994262695
486.5998604297638
5.177098035812378
5.1576759815216064
472.2622046470642
4.820948123931885
5.031113147735596
4.818213701248169
4.832608222961426
4.835782289505005
180.37444925308228
5.344423055648804
6.02238130569458
5.86036491394043
6.117845296859741
5.331150531768799
6.150002956390381
176.56785082817078
5.237261533737183
525.1328690052032
4.872700929641724
4.874638795852661
4.907872438430786
5.658019781112671
341.9794898033142
5.174559831619263
5.226866006851196
172.34040355682373
5.651913642883301
5.624560356140137
5.603282451629639
613.3147978782654
4.663509130477905
4.458154916763306
4.518616437911987
4.510044813156128
5.312862873077393
5.314226865768433
5.669900178909302
5.8414552211761475
5.651001214981079
170.3684527873993
5.306681394577026
487.8163185119629
5.037126541137695
5.048604249954224
441.4897503852844
4.384308815002441
4.397520303726196
6.198537349700928
5.362931251525879
5.3512749671936035
5.333966970443726
5.341474294662476
5.790178537368774
5.379307270050049
326.41581201553345
153.63725185394287
5.059433221817017
5.022951602935791
456.0514612197876
4.5679850578308105
5.629832029342651
5.786273002624512
5.274477481842041
5.2438576221466064
5.256542444229126
5.258455514907837
5.234863519668579
5.204888105392456
5.561390399932861
5.200085639953613
5.2155091762542725
5.220585107803345
156.57611393928528
5.202886581420898
1195.3641152381897
4.666276693344116
4.320545196533203
4.3024725914001465
4.297027349472046
648.2855613231659
125.1292724609375
4.0125837326049805
119.72191619873047
3.963345527648926
3.964600086212158
3.968787431716919
5.139577388763428
5.233001708984375
5.12156343460083
5.119590997695923
165.76520657539368
5.520411491394043
5.137332201004028
5.607122182846069
343.64963555336
5.072639226913452
4.723255395889282
4.716625690460205
148.77853631973267
5.113901615142822
5.111293077468872
445.1736102104187
4.805753469467163
4.815374851226807
5.01413369178772
4.9791178703308105
830.9718370437622
866.4828691482544
4.049052715301514
4.0068464279174805
4.003430366516113
4.002704381942749
5.100975036621094
315.9349310398102
4.9830162525177
4.982134819030762
4.982043027877808
4.95606803894043
122.43158149719238
4.747600317001343
4.764081716537476
4.877695322036743
4.756199836730957
4.722430229187012
4.77465033531189
5.130663633346558
5.150656223297119
5.298011302947998
5.596309185028076
5.491012811660767
170.7650282382965
5.090868234634399
166.51640915870667
4.816043138504028
149.30924677848816
4.6048362255096436
4.61230993270874
4.61593222618103
5.131058216094971
592.1828882694244
4.561818838119507
4.514332294464111
4.518902063369751
797.5064399242401
4.097936391830444
4.069252252578735
4.053800344467163
4.03183913230896
4.026853084564209
4.029343843460083
4.027330160140991
5.0654027462005615
5.0751025676727295
5.097738981246948
5.279289245605469
5.663928985595703
5.631308078765869
5.625555515289307
705.2152247428894
4.331070899963379
4.400100469589233
4.397529125213623
4.387749433517456
4.394228935241699
164.40163278579712
312.822007894516
4.6048126220703125
4.609331369400024
4.965190410614014
5.104310512542725
5.099602937698364
5.087928056716919
5.057953357696533
5.034357309341431
5.015142917633057
5.018612384796143
4.946394205093384
5.598218679428101
5.6592795848846436
5.6851465702056885
5.7477662563323975
5.738356351852417
5.7255918979644775
5.647680997848511
5.651169776916504
5.662045001983643
5.6177942752838135
5.535662412643433
5.047790765762329
154.91950154304504
5.479543924331665
5.640938997268677
5.705154657363892
5.44446587562561
5.0515077114105225
5.582003355026245
5.567146062850952
5.539700984954834
5.577259302139282
5.354799032211304
5.048015356063843
5.039084196090698
5.1438469886779785
5.099339246749878
584.481733083725
4.334677219390869
502.9186382293701
4.164111375808716
125.37879085540771
4.1068737506866455
4.056489944458008
4.057669639587402
4.05877947807312
4.10484766960144
4.098987102508545
4.169568777084351
153.9902000427246
406.9232909679413
4.433897018432617
4.3192267417907715
4.357640743255615
4.3497231006622314
4.425611972808838
4.384943962097168
4.3830320835113525
4.358365774154663
4.411145210266113
4.411259412765503
4.411776781082153
4.934294700622559
5.464992046356201
5.267679691314697
5.3155012130737305
5.1458892822265625
4.815761089324951
4.801173448562622
4.921671152114868
4.976209878921509
4.939919710159302
4.813978672027588
4.799062252044678
4.815187931060791
4.784832239151001
4.7909204959869385
4.792940139770508
4.797378301620483
4.803158521652222
4.822704076766968
4.8026862144470215
4.801201343536377
4.826846122741699
5.05215311050415
557.1571907997131
4.312333822250366
4.351302862167358
4.843377113342285
5.1336143016815186
4.840383291244507
4.8363683223724365
4.796295881271362
4.784461498260498
4.877805948257446
4.680028676986694
4.695993661880493
4.711197137832642
4.818583250045776
4.823323965072632
4.705528259277344
4.904522180557251
4.969615459442139
4.809211492538452
4.80793023109436
4.878597974777222
4.729724407196045
4.730379343032837
4.761815309524536
4.702202796936035
4.719938516616821
4.917862892150879
4.732910633087158
4.727169990539551
4.73781418800354
4.911081552505493
5.149405002593994
522.6812541484833
4.311788558959961
4.318063259124756
4.295363903045654
4.309730529785156
4.299912929534912
4.321310758590698
4.3338463306427
4.255871534347534
4.284439563751221
4.704281568527222
4.7120020389556885
4.702131271362305
4.665805101394653
4.633350610733032
4.6282806396484375
145.2920377254486
146.99363708496094
4.368616104125977
4.381433010101318
4.4134016036987305
512.8624954223633
4.121506214141846
4.711190223693848
4.716309309005737
146.77968859672546
4.521268129348755
4.536678791046143
4.521208763122559
4.485383749008179
4.503609657287598
4.515629291534424
4.5610973834991455
4.454250335693359
4.457269906997681
4.463663101196289
4.72643780708313
4.6787731647491455
4.688449859619141
4.648359060287476
4.5976197719573975
4.593834638595581
4.589132070541382
4.592264175415039
4.588106155395508
4.594257354736328
4.6061906814575195
4.599966526031494
4.595720529556274
4.584640264511108
4.597317695617676
271.4113690853119
4.392879486083984
4.351253509521484
4.368051767349243
4.368556261062622
4.37254524230957
4.37322211265564
492.2846977710724
4.44320273399353
4.281583547592163
4.494891166687012
4.5719146728515625
4.59975790977478
4.598766565322876
4.599503040313721
4.575547933578491
4.588988304138184
4.579460144042969
4.5863707065582275
4.537397623062134
4.564288854598999
4.7444188594818115
4.539133310317993
4.555283069610596
4.957820892333984
4.759672164916992
4.551490068435669
4.559312582015991
4.612185716629028
400.72541999816895
4.277082920074463
129.67798686027527
4.293457269668579
4.305952787399292
4.325535297393799
4.250013113021851
4.2196245193481445
4.531872510910034
4.506333589553833
4.505686044692993
4.579002618789673
4.55282998085022
4.528799057006836
4.494178056716919
4.533660888671875
4.55188250541687
571.522082567215
4.18319845199585
4.22227668762207
4.181538105010986
4.550163745880127
4.524770498275757
4.5513739585876465
4.547281265258789
4.537981986999512
4.5013628005981445
4.5049121379852295
4.587032079696655
4.515648603439331
4.500149726867676
4.4657158851623535
4.471635341644287
4.484758615493774
4.982605934143066
4.515340805053711
4.526283025741577
4.516828775405884
667.7474355697632
4.1427812576293945
4.135606527328491
4.125873804092407
4.08854079246521
4.078619003295898
4.095818281173706
4.110324382781982
4.095182657241821
4.512889385223389
131.27311325073242
4.383083343505859
4.415328025817871
4.381076097488403
4.319791793823242
4.365386962890625
4.484468221664429
4.559504747390747
4.509033918380737
4.50722861289978
4.501647233963013
136.0933380126953
133.06115698814392
4.434748888015747
4.426052093505859
4.675182342529297
4.795301198959351
400.6420314311981
4.522603273391724
4.530885696411133
4.19104790687561
4.170683145523071
241.6541233062744
4.038583993911743
128.80744910240173
4.438311576843262
4.422950744628906
4.423897743225098
4.376256942749023
4.3704705238342285
4.36820650100708
155.0034408569336
4.4145097732543945
4.416187286376953
4.361770868301392
4.616264820098877
4.783010721206665
4.606066703796387
4.362764835357666
4.34739875793457
4.4293341636657715
4.33023476600647
4.348083019256592
431.79890155792236
4.658392906188965
4.3098273277282715
4.259110927581787
4.211760759353638
394.9584126472473
3.9940757751464844
3.994337797164917
4.418117523193359
4.400378942489624
4.3829967975616455
4.385182857513428
4.376385688781738
4.452871084213257
4.330784559249878
4.356151819229126
4.360492706298828
4.351384401321411
4.337621212005615
4.347141981124878
4.408823251724243
4.388696670532227
4.3843748569488525
4.375060558319092
4.381002187728882
4.385493755340576
4.438656330108643
4.341350793838501
4.73084568977356
4.696014165878296
684.3816885948181
4.043787956237793
4.046168804168701
4.054814100265503
4.408508539199829
4.384972810745239
4.413585424423218
4.4410834312438965
4.293245792388916
4.313685178756714
128.71855640411377
140.84720373153687
4.294112682342529
4.305342197418213
4.241652011871338
4.20680046081543
4.242793083190918
4.38055157661438
4.384202718734741
4.380512237548828
4.343630313873291
4.343525171279907
4.3547327518463135
4.322095632553101
137.4326376914978
4.284890174865723
4.286173582077026
4.309332609176636
4.2515788078308105
4.256928205490112
4.739913702011108
4.648833513259888
4.636892557144165
4.693247318267822
4.790912866592407
4.755478620529175
4.6933019161224365
4.793837070465088
4.661328077316284
4.59184193611145
4.68061637878418
4.639991283416748
4.719949722290039
4.299114227294922
4.31177282333374
4.281944990158081
4.305722713470459
4.316311359405518
4.306628942489624
4.330153703689575
4.308082580566406
4.352966547012329
4.30306339263916
4.3509721755981445
4.379706382751465
4.37024998664856
4.642582893371582
4.665351390838623
4.768331527709961
4.665872097015381
4.730003833770752
4.69801139831543
4.696410655975342
4.594036340713501
4.6463422775268555
4.721827030181885
4.60868239402771
4.620413064956665
4.6718785762786865
4.335130453109741
4.283646821975708
4.285175085067749
4.320189952850342
4.317598342895508
4.290072679519653
4.55430006980896
4.595306396484375
4.725444793701172
4.688835859298706
4.594236612319946
4.77981424331665
4.769341707229614
4.270221948623657
4.273191213607788
4.287110805511475
4.332958459854126
4.290174722671509
135.18187355995178
4.249531507492065
4.2172980308532715
4.231783628463745
4.302164554595947
4.2942259311676025
4.289319038391113
4.2957165241241455
4.622772693634033
4.661155700683594
4.61440372467041
4.680212736129761
4.664163112640381
4.626372814178467
4.581796169281006
4.617231369018555
4.656046152114868
4.754559516906738
4.437310457229614
4.535420179367065
4.657087087631226
4.685452699661255
519.590320110321
4.038908243179321
4.028487920761108
499.21184825897217
129.22410917282104
3.9808969497680664
3.990219831466675
3.9884815216064453
126.36567306518555
3.9645090103149414
3.975285291671753
3.967719554901123
540.3544056415558
4.013211488723755
4.015004873275757
4.020554065704346
4.014529466629028
4.0175299644470215
4.104308366775513
4.033734321594238
129.3910002708435
3.9876866340637207
3.983370065689087
4.029074668884277
350.6630036830902
4.306194305419922
4.279541492462158
3.314018249511719e-05
4.278108596801758
4.271732568740845
4.276244878768921
4.269333600997925
135.92598247528076
4.175839900970459
128.3891899585724
252.04418206214905
4.3102030754089355
4.200875997543335
4.71512508392334
396.6075563430786
4.071690559387207
4.03981876373291
4.0287556648254395
4.029878616333008
135.7346851825714
4.325868606567383
4.412717342376709
4.334295034408569
650.0536901950836
3.977677583694458
