0 0.9248632162517612
10 0.9248632162517612
20 0.9248632162517612
30 0.9248632162517612
40 0.9248632162517612
50 0.9248632162517612
60 0.9248632162517612
70 0.9248632162517612
80 0.9248632162517612
90 0.9248632162517612
100 0.9248632162517612
110 0.9248632162517612
120 0.9248632162517612
130 0.9248632162517612
140 0.9248632162517612
150 0.9248632162517612
160 0.9248632162517612
170 0.896130376462756
180 0.9248632162517612
190 0.9248632162517612
200 0.9248632162517612
210 0.9248632162517612
220 0.9248632162517612
230 0.9248632162517612
240 0.9248632162517612
250 0.8038455154608943
260 0.9248632162517612
270 0.9248632162517612
280 0.9248632162517612
290 0.9248632162517612
300 0.9248632162517612
310 0.9248632162517612
320 0.6693210075082379
330 0.9248632162517612
340 0.35262169724164605
350 0.9248632162517612
360 0.9248632162517612
370 0.9248632162517612
380 0.9248632162517612
390 0.9248632162517612
400 0.9248632162517612
410 0.9248632162517612
420 0.9078631045106997
430 0.9248632162517612
440 0.9248632162517612
450 0.8445269650934328
460 0.9248632162517612
470 0.9248632162517612
480 0.9248632162517612
490 0.9248632162517612
500 0.9248632162517612
510 0.9248632162517612
520 0.9248632162517612
530 0.9248632162517612
540 0.9248632162517612
550 0.9078631045106997
560 0.9248632162517612
570 0.9248632162517612
580 0.9248632162517612
590 0.9248632162517612
600 0.9248632162517612
610 0.9248632162517612
620 0.9248632162517612
630 0.9248632162517612
640 0.9248632162517612
650 0.9248632162517612
660 0.9248632162517612
670 0.9248632162517612
680 0.9248632162517612
690 0.9248632162517612
700 0.9248632162517612
710 0.9248632162517612
720 0.7312047079673776
730 0.9248632162517612
740 0.0
750 0.9248632162517612
760 0.6038959296168686
770 0.9248632162517612
780 0.9248632162517612
790 0.9248632162517612
800 0.9248632162517612
810 0.9248632162517612
820 0.9248632162517612
830 0.9248632162517612
840 0.9248632162517612
850 0.9248632162517612
860 0.9248632162517612
870 0.9248632162517612
880 0.9248632162517612
890 0.9248632162517612
900 0.33065390764960256
910 0.9248632162517612
920 0.9248632162517612
930 0.9248632162517612
940 0.9248632162517612
950 0.9248632162517612
960 0.9248632162517612
970 0.9248632162517612
980 0.9248632162517612
990 0.9248632162517612
1000 0.9248632162517612
1010 0.9248632162517612
1020 0.9248632162517612
1030 0.9248632162517612
1040 0.9248632162517612
1050 0.9248632162517612
1060 0.9248632162517612
1070 0.9248632162517612
1080 0.9078631045106997
1090 0.9248632162517612
1100 0.9248632162517612
1110 0.9248632162517612
1120 0.9248632162517612
1130 0.9248632162517612
1140 0.9248632162517612
1150 0.9248632162517612
1160 0.9248632162517612
1170 0.9248632162517612
1180 0.9248632162517612
1190 0.9248632162517612
1200 0.9078631045106997
1210 0.9248632162517612
1220 0.9248632162517612
1230 0.9248632162517612
1240 0.9248632162517612
1250 0.9248632162517612
1260 0.0
1270 0.403973470710146
1280 0.9248632162517612
1290 0.8869202835011956
1300 0.9248632162517612
1310 0.9248632162517612
1320 0.9248632162517612
1330 0.9248632162517612
1340 0.9248632162517612
1350 0.9248632162517612
1360 0.9248632162517612
1370 0.9248632162517612
1380 0.9248632162517612
1390 0.9248632162517612
1400 0.9248632162517612
1410 0.9248632162517612
1420 0.9248632162517612
1430 0.9248632162517612
1440 0.896130376462756
1450 0.9248632162517612
1460 0.9248632162517612
1470 0.9248632162517612
1480 0.9248632162517612
1490 0.9248632162517612
1500 0.0
1510 0.9248632162517612
1520 0.9078631045106997
1530 0.0
1540 0.9248632162517612
1550 0.9248632162517612
1560 0.9248632162517612
1570 0.9248632162517612
1580 0.9248632162517612
1590 0.9248632162517612
1600 0.9248632162517612
1610 0.9248632162517612
1620 0.9248632162517612
1630 0.9248632162517612
1640 0.9248632162517612
1650 0.9248632162517612
1660 0.9248632162517612
1670 0.9078631045106997
1680 0.9248632162517612
1690 0.9248632162517612
1700 0.9248632162517612
1710 0.9248632162517612
1720 0.9248632162517612
1730 0.896130376462756
1740 0.9248632162517612
1750 0.9248632162517612
1760 0.9248632162517612
1770 0.9248632162517612
1780 0.9248632162517612
1790 0.1983750037605379
1800 0.9248632162517612
1810 0.9248632162517612
1820 0.9248632162517612
1830 0.9248632162517612
1840 0.9248632162517612
1850 0.9248632162517612
1860 0.9248632162517612
1870 0.9248632162517612
1880 0.9248632162517612
1890 0.9248632162517612
1900 0.9248632162517612
1910 0.9248632162517612
1920 0.9248632162517612
1930 0.9248632162517612
1940 0.9248632162517612
1950 0.9248632162517612
1960 0.9248632162517612
1970 0.9248632162517612
1980 0.9248632162517612
1990 0.9248632162517612
2000 0.9248632162517612
2010 0.9248632162517612
2020 0.9248632162517612
2030 0.9248632162517612
2040 0.9248632162517612
2050 0.9248632162517612
2060 0.9248632162517612
2070 0.0
2080 0.9248632162517612
2090 0.896130376462756
2100 0.9248632162517612
2110 0.9248632162517612
2120 0.9248632162517612
2130 0.0
2140 0.9248632162517612
2150 0.9248632162517612
2160 0.9248632162517612
2170 0.9248632162517612
2180 0.9248632162517612
2190 0.9248632162517612
2200 0.9248632162517612
2210 0.9248632162517612
2220 0.9248632162517612
2230 0.9248632162517612
2240 0.9248632162517612
2250 0.9248632162517612
2260 0.9248632162517612
2270 0.9248632162517612
2280 0.6970839363602628
2290 0.9248632162517612
2300 0.9248632162517612
2310 0.9248632162517612
2320 0.9248632162517612
2330 0.9248632162517612
2340 0.9248632162517612
2350 0.9248632162517612
2360 0.9248632162517612
2370 0.9248632162517612
2380 0.9248632162517612
2390 0.9248632162517612
2400 0.9248632162517612
2410 0.9248632162517612
2420 0.9248632162517612
2430 0.896130376462756
2440 0.9248632162517612
2450 0.9248632162517612
2460 0.9248632162517612
2470 0.9248632162517612
2480 0.879246590285163
2490 0.9248632162517612
2500 0.9248632162517612
2510 0.9248632162517612
2520 0.9248632162517612
2530 0.9248632162517612
2540 0.9248632162517612
2550 0.9248632162517612
2560 0.9248632162517612
2570 0.9248632162517612
2580 0.9248632162517612
2590 0.9248632162517612
2600 0.9248632162517612
2610 0.9248632162517612
2620 0.9248632162517612
2630 0.9248632162517612
2640 0.9248632162517612
2650 0.9248632162517612
2660 0.9248632162517612
2670 0.9248632162517612
2680 0.9248632162517612
2690 0.9248632162517612
2700 0.9248632162517612
2710 0.9248632162517612
2720 0.33440716314645924
2730 0.9078631045106997
2740 0.9248632162517612
2750 0.9248632162517612
2760 0.9248632162517612
2770 0.9248632162517612
2780 0.9248632162517612
2790 0.9248632162517612
2800 0.9248632162517612
2810 0.51300537087067
2820 0.9248632162517612
2830 0.9248632162517612
2840 0.9248632162517612
2850 0.9248632162517612
2860 0.9248632162517612
2870 0.9248632162517612
2880 0.9248632162517612
2890 0.9248632162517612
2900 0.9248632162517612
2910 0.9248632162517612
2920 0.9078631045106997
2930 0.9248632162517612
2940 0.9248632162517612
2950 0.9248632162517612
2960 0.9248632162517612
2970 0.5532208538491036
2980 0.9248632162517612
2990 0.9248632162517612
3000 0.9248632162517612
3010 0.9248632162517612
3020 0.9248632162517612
3030 0.7447480058318623
3040 0.9248632162517612
3050 0.9248632162517612
3060 0.0
3070 0.9248632162517612
3080 0.9248632162517612
3090 0.9248632162517612
3100 0.9078631045106997
3110 0.9248632162517612
3120 0.9248632162517612
3130 0.9248632162517612
3140 0.9248632162517612
3150 0.9248632162517612
3160 0.32270325715475345
3170 0.9248632162517612
3180 0.9248632162517612
3190 0.9248632162517612
3200 0.9248632162517612
3210 0.9248632162517612
3220 0.9248632162517612
3230 0.9248632162517612
3240 0.8523714017598747
3250 0.7557141510610528
3260 0.9248632162517612
3270 0.9248632162517612
3280 0.9248632162517612
3290 0.9248632162517612
3300 0.9248632162517612
3310 0.9248632162517612
3320 0.9248632162517612
3330 0.7521581490238863
3340 0.9248632162517612
3350 0.9248632162517612
3360 0.9248632162517612
3370 0.9248632162517612
3380 0.9248632162517612
3390 0.9248632162517612
3400 0.9248632162517612
3410 0.9078631045106997
3420 0.9248632162517612
3430 0.9248632162517612
3440 0.9248632162517612
3450 0.9248632162517612
3460 0.896130376462756
3470 0.9248632162517612
3480 0.9248632162517612
3490 0.39902257118397616
3500 0.9248632162517612
3510 0.9248632162517612
3520 0.0
3530 0.9248632162517612
3540 0.9248632162517612
3550 0.8667804663814297
3560 0.9248632162517612
3570 0.9248632162517612
3580 0.8523714017598747
3590 0.9248632162517612
3600 0.9248632162517612
3610 0.9248632162517612
3620 0.9248632162517612
3630 0.9248632162517612
3640 0.9248632162517612
3650 0.9248632162517612
3660 0.9248632162517612
3670 0.9248632162517612
3680 0.9248632162517612
3690 0.9248632162517612
3700 0.9248632162517612
3710 0.9078631045106997
3720 0.9248632162517612
3730 0.818433789075792
3740 0.9248632162517612
3750 0.9248632162517612
3760 0.9248632162517612
3770 0.9248632162517612
3780 0.0
3790 0.9248632162517612
3800 0.9248632162517612
3810 0.9248632162517612
3820 0.9248632162517612
3830 0.9248632162517612
3840 0.9248632162517612
3850 0.8096867607446719
3860 0.9248632162517612
3870 0.9248632162517612
3880 0.9248632162517612
3890 0.9248632162517612
3900 0.9248632162517612
3910 0.9248632162517612
3920 0.9248632162517612
3930 0.9248632162517612
3940 0.9248632162517612
3950 0.9248632162517612
3960 0.9248632162517612
3970 0.896130376462756
3980 0.9248632162517612
3990 0.9248632162517612
4000 0.8869202835011956
4010 0.9248632162517612
4020 0.9248632162517612
4030 0.879246590285163
4040 0.9248632162517612
4050 0.9248632162517612
4060 0.9248632162517612
4070 0.9248632162517612
4080 0.9248632162517612
4090 0.9248632162517612
4100 0.9248632162517612
4110 0.9248632162517612
4120 0.9248632162517612
4130 0.9248632162517612
4140 0.8615310799356131
4150 0.9248632162517612
4160 0.9248632162517612
4170 0.9248632162517612
4180 0.9248632162517612
4190 0.9248632162517612
4200 0.9248632162517612
4210 0.9248632162517612
4220 0.9248632162517612
4230 0.9248632162517612
4240 0.9248632162517612
4250 0.9248632162517612
4260 0.9248632162517612
4270 0.9248632162517612
4280 0.9248632162517612
4290 0.9248632162517612
4300 0.896130376462756
4310 0.9248632162517612
4320 0.9248632162517612
4330 0.896130376462756
4340 0.9248632162517612
4350 0.9248632162517612
4360 0.8038455154608943
4370 0.9248632162517612
4380 0.8208290040926806
4390 0.9248632162517612
4400 0.9078631045106997
4410 0.9248632162517612
4420 0.9248632162517612
4430 0.9248632162517612
4440 0.9248632162517612
4450 0.9248632162517612
4460 0.9248632162517612
4470 0.9248632162517612
4480 0.9248632162517612
4490 0.9248632162517612
4500 0.10128183912886007
4510 0.9248632162517612
4520 0.9248632162517612
4530 0.9248632162517612
4540 0.9248632162517612
4550 0.9248632162517612
4560 0.9248632162517612
4570 0.8869202835011956
4580 0.9248632162517612
4590 0.9248632162517612
4600 0.9248632162517612
4610 0.9248632162517612
4620 0.7768211411425809
4630 0.8483110967410805
4640 0.9248632162517612
4650 0.9248632162517612
4660 0.9248632162517612
4670 0.9248632162517612
4680 0.9248632162517612
4690 0.7496028209186534
4700 0.9248632162517612
4710 0.9248632162517612
4720 0.9248632162517612
4730 0.9248632162517612
4740 0.0
4750 0.9248632162517612
4760 0.9248632162517612
4770 0.9248632162517612
4780 0.9248632162517612
4790 0.9248632162517612
4800 0.9248632162517612
4810 0.9248632162517612
4820 0.9248632162517612
4830 0.9248632162517612
4840 0.9248632162517612
4850 0.9248632162517612
4860 0.21184351757307038
4870 0.9248632162517612
4880 0.9248632162517612
4890 0.9248632162517612
4900 0.9248632162517612
4910 0.9248632162517612
4920 0.9248632162517612
4930 0.9248632162517612
4940 0.9248632162517612
4950 0.9248632162517612
4960 0.9248632162517612
4970 0.9248632162517612
4980 0.9248632162517612
4990 0.7984950288791105
5000 0.9248632162517612
5010 0.9248632162517612
5020 0.9248632162517612
5030 0.9248632162517612
5040 0.9248632162517612
5050 0.9248632162517612
5060 0.9248632162517612
5070 0.9248632162517612
5080 0.9248632162517612
5090 0.9248632162517612
5100 0.9248632162517612
5110 0.9248632162517612
5120 0.9248632162517612
5130 0.9248632162517612
5140 0.9248632162517612
5150 0.9248632162517612
5160 0.9248632162517612
5170 0.9248632162517612
5180 0.9248632162517612
5190 0.9248632162517612
5200 0.9248632162517612
5210 0.9248632162517612
5220 0.9248632162517612
5230 0.9248632162517612
5240 0.9248632162517612
5250 0.9248632162517612
5260 0.9248632162517612
5270 0.9248632162517612
5280 0.9248632162517612
5290 0.9248632162517612
5300 0.9248632162517612
5310 0.9248632162517612
5320 0.9248632162517612
5330 0.9248632162517612
5340 0.9248632162517612
5350 0.9248632162517612
5360 0.9248632162517612
5370 0.9248632162517612
5380 0.9248632162517612
5390 0.9248632162517612
5400 0.9248632162517612
5410 0.9248632162517612
5420 0.9248632162517612
5430 0.9248632162517612
5440 0.9248632162517612
5450 0.6411073904475928
5460 0.9248632162517612
5470 0.9248632162517612
5480 0.9248632162517612
5490 0.9248632162517612
5500 0.9248632162517612
5510 0.9248632162517612
5520 0.9248632162517612
5530 0.9248632162517612
5540 0.9248632162517612
5550 0.9248632162517612
5560 0.9248632162517612
5570 0.9248632162517612
5580 0.9248632162517612
5590 0.9248632162517612
5600 0.43397026757123663
5610 0.9248632162517612
5620 0.9078631045106997
5630 0.9248632162517612
5640 0.9248632162517612
5650 0.9248632162517612
5660 0.9248632162517612
5670 0.9248632162517612
5680 0.9248632162517612
5690 0.9248632162517612
5700 0.9248632162517612
5710 0.9248632162517612
5720 0.896130376462756
5730 0.9248632162517612
5740 0.9248632162517612
5750 0.9248632162517612
5760 0.9248632162517612
5770 0.9248632162517612
5780 0.9248632162517612
5790 0.9248632162517612
5800 0.9248632162517612
5810 0.9248632162517612
5820 0.9248632162517612
5830 0.9248632162517612
5840 0.9248632162517612
5850 0.9248632162517612
5860 0.9248632162517612
5870 0.9248632162517612
5880 0.9248632162517612
5890 0.9248632162517612
5900 0.9248632162517612
5910 0.9248632162517612
5920 0.9248632162517612
5930 0.9248632162517612
5940 0.9248632162517612
5950 0.9248632162517612
5960 0.9248632162517612
5970 0.9248632162517612
5980 0.9248632162517612
5990 0.9248632162517612
6000 0.9248632162517612
6010 0.9248632162517612
6020 0.9248632162517612
6030 0.9248632162517612
6040 0.9248632162517612
6050 0.9248632162517612
6060 0.9248632162517612
6070 0.9248632162517612
6080 0.9248632162517612
6090 0.9248632162517612
6100 0.9248632162517612
6110 0.9248632162517612
6120 0.9248632162517612
6130 0.9248632162517612
6140 0.9248632162517612
6150 0.9248632162517612
6160 0.9248632162517612
6170 0.9248632162517612
6180 0.9248632162517612
6190 0.9248632162517612
6200 0.9248632162517612
6210 0.9248632162517612
6220 0.9248632162517612
6230 0.9248632162517612
6240 0.9248632162517612
6250 0.9248632162517612
6260 0.9248632162517612
6270 0.9248632162517612
6280 0.9248632162517612
6290 0.9248632162517612
6300 0.9248632162517612
6310 0.9248632162517612
6320 0.9248632162517612
6330 0.9248632162517612
6340 0.9248632162517612
6350 0.9248632162517612
6360 0.9248632162517612
6370 0.9248632162517612
6380 0.9248632162517612
6390 0.9248632162517612
6400 0.9248632162517612
6410 0.9248632162517612
6420 0.9248632162517612
6430 0.9248632162517612
6440 0.9248632162517612
6450 0.9248632162517612
6460 0.9248632162517612
6470 0.9248632162517612
6480 0.9248632162517612
6490 0.9248632162517612
6500 0.9248632162517612
6510 0.9248632162517612
6520 0.9248632162517612
6530 0.9248632162517612
6540 0.9248632162517612
6550 0.9248632162517612
6560 0.4473217890035625
6570 0.9248632162517612
6580 0.9248632162517612
6590 0.9248632162517612
6600 0.9248632162517612
6610 0.9078631045106997
6620 0.9248632162517612
6630 0.9248632162517612
6640 0.9248632162517612
6650 0.9248632162517612
6660 0.9248632162517612
6670 0.9248632162517612
6680 0.9248632162517612
6690 0.9248632162517612
6700 0.9248632162517612
6710 0.9248632162517612
6720 0.9248632162517612
6730 0.9248632162517612
6740 0.9248632162517612
6750 0.9248632162517612
6760 0.9248632162517612
6770 0.9248632162517612
6780 0.9248632162517612
6790 0.9248632162517612
6800 0.9248632162517612
6810 0.9248632162517612
6820 0.9248632162517612
6830 0.9248632162517612
6840 0.9248632162517612
6850 0.9248632162517612
6860 0.9248632162517612
6870 0.9248632162517612
6880 0.9248632162517612
6890 0.9248632162517612
6900 0.9248632162517612
6910 0.9248632162517612
6920 0.9248632162517612
6930 0.9248632162517612
6940 0.9248632162517612
6950 0.9248632162517612
6960 0.9248632162517612
6970 0.9248632162517612
6980 0.8286426035475892
6990 0.9248632162517612
7000 0.9248632162517612
7010 0.9248632162517612
7020 0.9248632162517612
7030 0.9248632162517612
7040 0.9248632162517612
7050 0.9248632162517612
7060 0.9248632162517612
7070 0.9248632162517612
7080 0.9248632162517612
7090 0.9248632162517612
7100 0.9248632162517612
7110 0.9248632162517612
7120 0.9248632162517612
7130 0.9248632162517612
7140 0.9248632162517612
7150 0.9248632162517612
7160 0.9248632162517612
7170 0.9248632162517612
7180 0.9248632162517612
7190 0.9248632162517612
7200 0.9248632162517612
7210 0.9248632162517612
7220 0.9248632162517612
7230 0.9248632162517612
7240 0.9248632162517612
7250 0.9248632162517612
7260 0.9248632162517612
7270 0.9248632162517612
7280 0.9248632162517612
7290 0.9248632162517612
7300 0.9248632162517612
7310 0.9248632162517612
7320 0.9248632162517612
7330 0.9248632162517612
7340 0.9248632162517612
7350 0.8445269650934328
7360 0.9248632162517612
7370 0.9248632162517612
7380 0.9248632162517612
7390 0.9248632162517612
7400 0.9248632162517612
7410 0.9248632162517612
7420 0.9248632162517612
7430 0.9078631045106997
7440 0.9248632162517612
7450 0.9248632162517612
7460 0.9248632162517612
7470 0.9248632162517612
7480 0.9248632162517612
7490 0.9248632162517612
7500 0.9248632162517612
7510 0.9248632162517612
7520 0.9248632162517612
7530 0.9248632162517612
7540 0.9248632162517612
7550 0.9248632162517612
7560 0.9248632162517612
7570 0.9248632162517612
7580 0.9248632162517612
7590 0.9248632162517612
7600 0.9248632162517612
7610 0.9248632162517612
7620 0.9248632162517612
7630 0.9248632162517612
7640 0.9248632162517612
7650 0.9248632162517612
7660 0.9248632162517612
7670 0.9248632162517612
7680 0.9248632162517612
7690 0.9248632162517612
7700 0.9248632162517612
7710 0.9248632162517612
7720 0.9248632162517612
7730 0.9248632162517612
7740 0.9248632162517612
7750 0.9248632162517612
7760 0.9248632162517612
7770 0.9248632162517612
7780 0.9248632162517612
7790 0.9248632162517612
7800 0.9248632162517612
7810 0.9248632162517612
7820 0.9248632162517612
7830 0.9248632162517612
7840 0.9248632162517612
7850 0.9248632162517612
7860 0.9248632162517612
7870 0.9248632162517612
7880 0.9248632162517612
7890 0.9248632162517612
7900 0.9248632162517612
7910 0.9248632162517612
7920 0.9248632162517612
7930 0.9248632162517612
7940 0.9248632162517612
7950 0.9248632162517612
7960 0.9248632162517612
7970 0.9248632162517612
7980 0.9248632162517612
7990 0.9078631045106997
8000 0.9248632162517612
8010 0.9248632162517612
8020 0.9248632162517612
8030 0.9248632162517612
8040 0.9248632162517612
8050 0.9248632162517612
8060 0.9248632162517612
8070 0.9248632162517612
8080 0.9248632162517612
8090 0.9248632162517612
8100 0.9248632162517612
8110 0.879246590285163
8120 0.9248632162517612
8130 0.9248632162517612
8140 0.9248632162517612
8150 0.9248632162517612
8160 0.7984950288791105
8170 0.9248632162517612
8180 0.9248632162517612
8190 0.9248632162517612
8200 0.9248632162517612
8210 0.9248632162517612
8220 0.9248632162517612
8230 0.9248632162517612
8240 0.9248632162517612
8250 0.9248632162517612
8260 0.9248632162517612
8270 0.9248632162517612
8280 0.9248632162517612
8290 0.8567561669648858
8300 0.9248632162517612
8310 0.9248632162517612
8320 0.9248632162517612
8330 0.9248632162517612
8340 0.9248632162517612
8350 0.9248632162517612
8360 0.9248632162517612
8370 0.9248632162517612
8380 0.9248632162517612
8390 0.9248632162517612
8400 0.9248632162517612
8410 0.9248632162517612
8420 0.9248632162517612
8430 0.9248632162517612
8440 0.9248632162517612
8450 0.9248632162517612
8460 0.9248632162517612
8470 0.9248632162517612
8480 0.9248632162517612
8490 0.9248632162517612
8500 0.9248632162517612
8510 0.9248632162517612
8520 0.3760175448812
8530 0.9248632162517612
8540 0.9248632162517612
8550 0.9248632162517612
8560 0.9248632162517612
8570 0.9248632162517612
8580 0.9248632162517612
8590 0.9248632162517612
8600 0.9248632162517612
8610 0.9248632162517612
8620 0.9248632162517612
8630 0.9248632162517612
8640 0.9248632162517612
8650 0.9248632162517612
8660 0.9248632162517612
8670 0.9248632162517612
8680 0.9248632162517612
8690 0.9248632162517612
8700 0.9248632162517612
8710 0.9248632162517612
8720 0.9248632162517612
8730 0.9248632162517612
8740 0.9248632162517612
8750 0.9248632162517612
8760 0.9248632162517612
8770 0.9248632162517612
8780 0.9248632162517612
8790 0.9248632162517612
8800 0.9248632162517612
8810 0.9248632162517612
8820 0.9248632162517612
8830 0.9248632162517612
8840 0.9248632162517612
8850 0.9248632162517612
8860 0.9248632162517612
8870 0.9248632162517612
8880 0.9248632162517612
8890 0.9248632162517612
8900 0.9248632162517612
8910 0.9248632162517612
8920 0.9248632162517612
8930 0.9248632162517612
8940 0.9248632162517612
8950 0.9248632162517612
8960 0.9248632162517612
8970 0.9248632162517612
8980 0.9248632162517612
8990 0.9248632162517612
9000 0.9248632162517612
9010 0.9248632162517612
9020 0.9248632162517612
9030 0.9248632162517612
9040 0.9248632162517612
9050 0.9248632162517612
9060 0.9248632162517612
9070 0.9248632162517612
9080 0.9248632162517612
9090 0.9248632162517612
9100 0.9248632162517612
9110 0.9248632162517612
9120 0.9248632162517612
9130 0.9248632162517612
9140 0.9248632162517612
9150 0.9248632162517612
9160 0.9248632162517612
9170 0.9248632162517612
9180 0.9248632162517612
9190 0.9248632162517612
9200 0.9248632162517612
9210 0.9248632162517612
9220 0.9248632162517612
9230 0.9248632162517612
9240 0.9248632162517612
9250 0.9248632162517612
9260 0.9248632162517612
9270 0.9248632162517612
9280 0.4918936199483496
9290 0.9248632162517612
9300 0.9248632162517612
9310 0.9248632162517612
9320 0.9248632162517612
9330 0.9248632162517612
9340 0.9248632162517612
9350 0.9248632162517612
9360 0.9248632162517612
9370 0.9248632162517612
9380 0.9248632162517612
9390 0.9248632162517612
9400 0.9248632162517612
9410 0.9248632162517612
9420 0.9248632162517612
9430 0.9248632162517612
9440 0.9248632162517612
9450 0.9248632162517612
9460 0.9248632162517612
9470 0.9248632162517612
9480 0.9248632162517612
9490 0.9248632162517612
9500 0.9248632162517612
9510 0.9248632162517612
9520 0.9248632162517612
9530 0.6755144835949621
9540 0.9248632162517612
9550 0.9248632162517612
9560 0.9248632162517612
9570 0.9248632162517612
9580 0.9248632162517612
9590 0.9248632162517612
9600 0.9248632162517612
9610 0.9248632162517612
9620 0.8483110967410805
9630 0.9248632162517612
9640 0.9248632162517612
9650 0.9248632162517612
9660 0.9248632162517612
9670 0.9248632162517612
9680 0.9248632162517612
9690 0.9248632162517612
9700 0.8869202835011956
9710 0.9248632162517612
9720 0.9248632162517612
9730 0.9248632162517612
9740 0.896130376462756
9750 0.9248632162517612
9760 0.9248632162517612
9770 0.12131874798168091
9780 0.9248632162517612
9790 0.9248632162517612
9800 0.9248632162517612
9810 0.9248632162517612
9820 0.9248632162517612
9830 0.9248632162517612
9840 0.9248632162517612
9850 0.5834742828021684
9860 0.9248632162517612
9870 0.9248632162517612
9880 0.9248632162517612
9890 0.9248632162517612
9900 0.9248632162517612
9910 0.9248632162517612
9920 0.9248632162517612
9930 0.9248632162517612
9940 0.9248632162517612
9950 0.9248632162517612
9960 0.9078631045106997
9970 0.9248632162517612
9980 0.9248632162517612
9990 0.9248632162517612
