
x disttype general-gaussian
x k 1530
x std 0.5
x N 50000
x alpha 0.0005

o 0 0.9240580451332043 0.9321174148488739
o 10 0.9050162815897735 0.9139655054857424
o 20 0.6621998774405526 0.6768629721834787
o 30 0.7745860139837331 0.7874792225081823
o 40 0.8753562027038614 0.8854754447305067
o 50 0.9922194906714479 0.9947326378860454
o 60 0.9971830790248064 0.9986062120708106
o 70 0.23609979445653745 0.24946693158917976
o 80 0.9566750266645648 0.9628095759794183
o 90 0.785724144479317 0.7983773726110179
o 100 0.2148555642469765 0.22779840281586705
o 110 0.17864358960932428 0.19074274643584022
o 120 0.703536086361439 0.7176729120814456
o 130 0.45481543444138256 0.47035717662580634
o 140 0.6309282233489132 0.6459051171998136
o 150 0.9817844821569665 0.9857315937232581
o 160 0.6946352813319708 0.7088966980519705
o 170 0.9209001408241798 0.9291163684799688
o 180 0.9869821893754152 0.9902920126980463
o 190 0.6468611353939787 0.6616868587353806
o 200 0.9558876128540356 0.9620772529174912
o 210 0.013122964003698258 0.01692141807925629
o 220 0.9970894973736582 0.998539877255987
o 230 0.9919567405158354 0.994515501359721
o 240 0.9991579479265237 0.999827728109528
o 250 0.7019852615205967 0.7161442562402789
o 260 0.4593696655915195 0.4749214086784006
o 270 0.624220170450897 0.6392554218347279
o 280 0.9826539483676309 0.9865018203029313
o 290 0.9991579479265237 0.999827728109528
o 300 0.9658789467315839 0.9713225703404298
o 310 0.9097808881635496 0.9185193156951451
o 320 0.7880092314554515 0.8006115227655622
o 330 0.9854206921093704 0.988934083933081
o 340 0.035861443832617454 0.04189443183388819
o 350 0.92635604205171 0.9342986542889801
o 360 0.7717570785107829 0.7847091029129956
o 370 0.6606515409109421 0.6753318279003673
o 380 0.7761623219294417 0.7890223880823986
o 390 0.9922414058479189 0.9947507131873994
o 400 0.9463560347852079 0.9531720098754769
o 410 0.7116543663963988 0.7256719139580305
o 420 0.97289773950739 0.9777414037295735
o 430 0.15542479350558333 0.16688949479228232
o 440 0.9372269659171247 0.944584116696855
o 450 0.8304941823751262 0.8420324011742085
o 460 0.9404799713552554 0.9476500292149234
o 470 0.4290604152440858 0.4445208909915691
o 480 0.10524412652834737 0.11500743070111141
o 490 0.9865965584970535 0.9899577864928369
o 500 0.07100059711022928 0.07922285271804008
o 510 0.9087172187813175 0.9175033385106149
o 520 0.7321741442661834 0.7458652692219385
o 530 0.940974373147411 0.9481154629301113
o 540 0.8847071920548621 0.8944813456037438
o 550 0.22885072838286097 0.24207846733686078
o 560 0.9982597477012427 0.9993282676995614
o 570 0.921392145757372 0.9295842000654625
o 580 0.8874186809771641 0.8970889551499093
o 590 0.9895434738181318 0.9924897528182758
o 600 0.6579974551162768 0.6727068037211072
o 610 0.9117450911739979 0.9203944600361968
o 620 0.6222923944202794 0.6373438450614075
o 630 0.038693925379218036 0.04494093208235783
o 640 0.1786830769056245 0.19078324563114724
o 650 0.9772655313217846 0.9816921171327699
o 660 0.9904099244953146 0.993222958237798
o 670 0.9818268641156814 0.9857691968325095
o 680 0.5647973744936442 0.5802181848938561
o 690 0.17961105898528976 0.1917349461075697
o 700 0.9912362425331007 0.9939163028757197
o 710 0.6728999152975609 0.6874393471016297
o 720 0.16277863687681865 0.17445313069823065
o 730 0.17327432166568899 0.1852338516491383
o 740 0.006539470746260415 0.009307760629671535
o 750 0.9981128936006963 0.9992353457234481
o 760 0.7788100151036176 0.7916138106617915
o 770 0.3120637487387765 0.3265971574397559
o 780 0.9128911859065634 0.9214879844945765
o 790 0 0.00016586723531085122
o 800 0.9997427320109885 0.9999995494141014
o 810 0.23586207775817938 0.24922472925688854
o 820 0.2794884185641845 0.29358354745644777
o 830 0.7893440230339533 0.8019162856026592
o 840 0.9997427320109885 0.9999995494141014
o 850 0.0001722718904719812 0.0008420520734764292
o 860 0.8132672057992691 0.8252651207564785
o 870 0.5097091233321411 0.5252849789450157
o 880 0.9945851794921386 0.9966458324047529
o 890 0.6832219204963013 0.697633882591936
o 900 0.5748000683027082 0.5901721274731844
o 910 0.22128767715010245 0.23436409646052303
o 920 0.91987528779455 0.9281415620397802
o 930 0.8290341321376696 0.8406129379917637
o 940 0.9978468002059815 0.9990617938017794
o 950 0.5358496248862138 0.5513756745321201
o 960 0.9981372773655336 0.9992509263546009
o 970 0.9285114890169455 0.9363424909950123
o 980 0.0803086412701281 0.08899156275222664
o 990 0.9273617850642416 0.9352525770416138
o 1000 0.999442873695936 0.9999411111022777
o 1010 0.9997427320109885 0.9999995494141014
o 1020 0.9780658721568503 0.9824115001477269
o 1030 0.7726663325116305 0.7855995451885283
o 1040 0 0.00016586723531085122
o 1050 0.006667347190084682 0.009459822586549649
o 1060 0.9974182533663415 0.9987708140525817
o 1070 0.8971307550967873 0.9064136525849341
o 1080 0.9462322094275784 0.9530558764725261
o 1090 0.9651499382678387 0.9706518240661349
o 1100 0.15235047052161546 0.16372487220597842
o 1110 0.9998341327646891 1
o 1120 0.2230494781249769 0.23616169485335914
o 1130 0.016378828848099228 0.020584266660058748
o 1140 0.8398869979821951 0.8511564560143164
o 1150 0 0.00016586723531085122
o 1160 0.5024472108445979 0.5180293381475303
o 1170 0.9757302216022707 0.9803079544253677
o 1180 0.9594126114962322 0.9653510754826414
o 1190 0.9312021945273251 0.9388908911673041
o 1200 0.9837161890582453 0.9874392015150425
o 1210 0.986061632200628 0.9894929097141066
o 1220 0.01773988079550854 0.0221026886691158
o 1230 0.14969062822682205 0.16098562708313324
o 1240 0.030383723118336765 0.035974136728872175
o 1250 0.9656081307028032 0.9710734775027153
o 1260 0.44175560867078406 0.4572614106128724
o 1270 0.8143205010671082 0.8262914742303078
o 1280 0.30133298273934056 0.3157315648357354
o 1290 0.9060793078063394 0.914982126028229
o 1300 0.0074367844983173675 0.01037002281102506
o 1310 0.9990496341945716 0.9997764839702489
o 1320 0.5857887153074819 0.6010997864872348
o 1330 0.31967736652091877 0.33430095709827556
o 1340 0.9870036256442971 0.990310568459844
o 1350 0.17959131407541298 0.1917146977714692
o 1360 0.9955065793665261 0.9973639193559748
o 1370 0.7253590494922924 0.7391626440983512
o 1380 0.0706692025849212 0.07887436303766748
o 1390 0.9911926670051865 0.9938798964580051
o 1400 0.3623773753796959 0.3774264795210801
o 1410 0.9981616966934683 0.9992664707710186
o 1420 0.29257293549155905 0.3068545860710453
o 1430 0.6680924129365788 0.6826884610416377
o 1440 0.6800625091636396 0.6945143526442428
o 1450 0.9213716445655861 0.92956470806933
o 1460 0.9847594275651963 0.9883555881745645
o 1470 0.5822390336437115 0.5975706612891748
o 1480 0.7575984832549921 0.7708324289939844
o 1490 0.9954387769278694 0.997311761961519
o 1500 0.862231972950828 0.87280404105932
o 1510 0.47027849691615803 0.48584889714804846
o 1520 0.9841204339111642 0.9877948118642123
o 1530 0.4769734879605678 0.4925516481121357
o 1540 0.9962802289563542 0.9979497738504909
o 1550 0.9698012466264385 0.9749189471085293
o 1560 0.9998341327646891 1
o 1570 0.5882958004407831 0.6035918587363811
o 1580 0.0019820268058405536 0.003628034795835733
o 1590 0.06223719348721743 0.06998932477337305
o 1600 0.07063021661799058 0.07883336262808394
o 1610 0.0009382061982206309 0.002153199794018512
o 1620 0.29606863559626123 0.3103976990484003
o 1630 0.9370623376452792 0.9444287997178213
o 1640 0.2752608302388498 0.2892925724000046
o 1650 0.9998341327646891 1
o 1660 0.32339552648231185 0.3380615362383367
o 1670 0.11711631028288814 0.12733114836291692
o 1680 0.9846741763764641 0.988280870139696
o 1690 0.015039938310242593 0.019083680821266213
o 1700 0.5663807532793862 0.5817942735964474
o 1710 0.5671424071280232 0.5825523636023358
o 1720 0.7214080426566198 0.7352749730573895
o 1730 0.091550744147977 0.10074555399045382
o 1740 0.8595685342519706 0.8702283662052993
o 1750 0.9305858482636152 0.9383074422995261
o 1760 0.851805627697734 0.862713856986511
o 1770 0.8794702099881854 0.8894400691489583
o 1780 0.9476565296723769 0.9543910817942575
o 1790 0.13415770994042253 0.14496388089119017
o 1800 0.5037474325821739 0.5193286782933417
o 1810 0.9078991399714988 0.9167216891531877
o 1820 0.46903957756386805 0.48460823439794565
o 1830 0.004942485342267722 0.007385559505686201
o 1840 0.022049166680782693 0.026871768536880336
o 1850 4.5058589854506926e-07 0.0002572679890114893
o 1860 0.9984828397939801 0.999464783357556
o 1870 0.9751000536933687 0.9797383381453255
o 1880 0.9737361396011444 0.9785027180641319
o 1890 0.7594157041565203 0.772614600762588
o 1900 0.9994730802517786 0.9999506585660503
o 1910 0.8996220741223413 0.9088015055601877
o 1920 0.9907574424854098 0.993515299623861
o 1930 0.864896097511523 0.8753790299227945
o 1940 0.9256583130359486 0.9336366151712001
o 1950 0.3023065123259424 0.3167177048164368
o 1960 0.07792629458589709 0.08649473904837623
o 1970 0.9953259191424008 0.9972246856405348
o 1980 0.9988130027235841 0.999653867701341
o 1990 0.16266031122613092 0.17433149689204763
o 2000 0.686985547927356 0.7013489941112183
o 2010 0.12293090084748914 0.13335455381815786
o 2020 0.9949434816817062 0.9969273383152467
o 2030 0.2819499023314763 0.29608122736991527
o 2040 0.9495567773006688 0.9561702009396611
o 2050 0.9809374791208401 0.9849788943332791
o 2060 0.15530653610069078 0.16676779274997877
o 2070 0.22797943809498628 0.24119005454102327
o 2080 0.45481543444138256 0.47035717662580634
o 2090 0.9806836070770028 0.9847528552733716
o 2100 0.8763743449016709 0.8864569638831978
o 2110 0.9281213766154347 0.9359727330490788
o 2120 0.0024281533253175482 0.004221513810959365
o 2130 0.9661289748753144 0.9715524580345377
o 2140 0.9978468002059815 0.9990617938017794
o 2150 0.9192399842777393 0.9275370766481316
o 2160 0.76204087249479 0.7751885551442685
o 2170 0.9980399474396386 0.9991883950191714
o 2180 0.9329490218173871 0.9405434832015719
o 2190 0.631129087301752 0.6461041858289052
o 2200 0.7761219020957142 0.7889828214157605
o 2210 0.8859506944340308 0.8956774297667575
o 2220 0.9990496341945716 0.9997764839702489
o 2230 0.7904766545373686 0.8030232760189387
o 2240 0.41599135780089264 0.4313943635383978
o 2250 0.8098040031418854 0.8218894784480995
o 2260 0.9219662141716879 0.9301299409003609
o 2270 0.7321741442661834 0.7458652692219385
o 2280 0.44884398928970815 0.4643706371477343
o 2290 0.9657747808690377 0.9712267712594753
o 2300 0.35863402733364697 0.3736510949980345
o 2310 0.2445603770127355 0.2580834680218318
o 2320 0.060953538247994196 0.06863343069556516
o 2330 0.7871194274935962 0.7997416237776552
o 2340 0.9976078010658749 0.9989010690693881
o 2350 0.06782414409346886 0.07588041637346532
o 2360 0.7815996053404483 0.7943432888870661
o 2370 0.9711810781353181 0.9761786482330962
o 2380 0.8926200117802873 0.9020858952170316
o 2390 0.6460572421056924 0.6608910217126562
o 2400 0.9380913898228141 0.9453994053002226
o 2410 0.9880556926137908 0.9912181067838138
o 2420 0.33807439467031747 0.35289769210724853
o 2430 0.761677366819931 0.7748321822905835
o 2440 0.9742185354634195 0.9789401576328649
o 2450 0.9995349878824064 0.9999681957182619
o 2460 0.5164123467617222 0.5319794975217421
o 2470 0.9981861524596591 0.9992819780723441
o 2480 0.994741753465212 0.996769175618257
o 2490 0.7155835603004573 0.7295414047868578
o 2500 0.6588016962100965 0.6735022929235164
o 2510 0.4485045094801175 0.46403023154389267
o 2520 0.7275162667582331 0.7412847050408153
o 2530 0.9088808478807997 0.9176596550406277
o 2540 0.4115032607644033 0.42688397723622473
o 2550 0.35534904741441803 0.3703371873039315
o 2560 0.8077386064390767 0.8198755640722692
o 2570 0.07189743459853146 0.08016570194749162
o 2580 0.8350984471754438 0.8465066021420148
o 2590 0.180894534781245 0.193051031305152
o 2600 0.9982843587370567 0.9993436167432374
o 2610 0.9989434220919977 0.9997230637730928
o 2620 0.772302625623199 0.7852433735668636
o 2630 0.49842685820695476 0.5140110455758349
o 2640 0.9829086875100362 0.986726990782905
o 2650 0 0.00016586723531085122
o 2660 0.1693473596451879 0.18120215801338002
o 2670 0.6252443534351518 0.6402708950258343
o 2680 0.9989698028369101 0.9997365968529978
o 2690 0.02064164562172342 0.025319818960451212
o 2700 0.7956958245704546 0.8081223640096298
o 2710 0.9990764961900899 0.99978951939873
o 2720 0.7746870553370503 0.7875781474065293
o 2730 0.9056295440036085 0.914552039285437
o 2740 0.7398184219995422 0.7533784346221478
o 2750 0.9986592401095487 0.9995680130057608
o 2760 0.9645669833587752 0.9701149749671111
o 2770 0.18026265584805828 0.19240312636291268
o 2780 0.9993836603972324 0.9999207619417313
o 2790 0.9994130827814863 0.9999311292217226
o 2800 0.509168924524669 0.5247453597397382
o 2810 0.0008746641346896233 0.002056863698624789
o 2820 0.9972769311337085 0.9986722731996572
o 2830 0.986061632200628 0.9894929097141066
o 2840 0.9998341327646891 1
o 2850 0.9979190093140644 0.999109494009705
o 2860 0.047137691121300625 0.053974154252808715
o 2870 0.836620037346257 0.8479845050133105
o 2880 0.9983832285394911 0.9994045786411975
o 2890 0.7945021508040939 0.8069564361506691
o 2900 0.024470088878927952 0.029529943782856893
o 2910 0.9123795078910691 0.9209998325231991
o 2920 0.060545197343888336 0.06820191503816586
o 2930 0.6051287146963855 0.620313288699317
o 2940 0.02653352629954357 0.031785743696231994
o 2950 0.5504503971544179 0.5659299884815069
o 2960 0.8716307648865468 0.881882121802616
o 2970 0.8989276820036285 0.9081361284570564
o 2980 0.9276286534595531 0.9355056199566513
o 2990 0.8150092343129094 0.8269625113103911
o 3000 0.9989698028369101 0.9997365968529978
o 3010 0.9917162491675859 0.9943160951329408
o 3020 0.9860188706110408 0.989455686983585
o 3030 0.5537359985142049 0.5692032816770478
o 3040 0.9998341327646891 1
o 3050 0.5063880449149224 0.5219671762463267
o 3060 0.9676717805814546 0.9729691324579077
o 3070 0.9712856768943455 0.9762740139988992
o 3080 0.7551959662611848 0.7684757489910209
o 3090 0.948090163647185 0.9547973033459187
o 3100 0.9745332697326521 0.9792253158844298
o 3110 0.32944113540904074 0.3441738775589751
o 3120 0.08853769939257819 0.09759964423355827
o 3130 0.21699275336367915 0.229980484774567
o 3140 0.9469958853163846 0.9537719462270551
o 3150 0.6819742086647806 0.6964020125189033
o 3160 0.3100166049896487 0.32452499573380056
o 3170 0.9897597892642745 0.9926733523329196
o 3180 0.8535731394850572 0.8644257567295129
o 3190 0.5716325345815686 0.5870207262322956
o 3200 0.6327360495063659 0.6476966842775329
o 3210 0.9989698028369101 0.9997365968529978
o 3220 0.17220860465211546 0.18413993344527124
o 3230 0.3759411277315196 0.3910981362340633
o 3240 0.12428686241455941 0.13475812521270814
o 3250 0.032361101425557516 0.03811603955855325
o 3260 0.9365273479483911 0.94392396732559
o 3270 0.8232765666141386 0.8350124225883542
o 3280 0.12601648853765168 0.1365479035011079
o 3290 0.7832573931662983 0.7959649475179523
o 3300 0.6431634173581949 0.6580258173329406
o 3310 0.8376345311660842 0.8489696732063683
o 3320 0.001914003059394159 0.0035361245449505585
o 3330 0.4238121786474925 0.4392509003591091
o 3340 0.8793887259083342 0.8893615803278159
o 3350 0.9741136467128502 0.978845082182915
o 3360 0.5259593572638211 0.5415092718917967
o 3370 0.9635473332823187 0.9691749675894218
o 3380 0.9894137747722214 0.9923795026130479
o 3390 0.028945685528957904 0.03441269925703272
o 3400 0.006923421794197171 0.009763625858357217
o 3410 0.9873038736847178 0.9905702085069467
o 3420 0.1934190502705166 0.20588223448669363
o 3430 0.9991306438647708 0.9998151511351715
o 3440 0.0035839446581985897 0.005704893876114614
o 3450 0.007749206250918116 0.010737457406494677
o 3460 0.9221302462051157 0.9302858543622311
o 3470 0.6926219680667633 0.7069106857125627
o 3480 0.9992130705901301 0.9998523473218889
o 3490 0.04075833467743175 0.04715578341504245
o 3500 0.544481093397128 0.5599813009005467
o 3510 0.6234771583218898 0.6385186834043535
o 3520 0.9965329270499892 0.9981368947272495
o 3530 0.9987357880946652 0.999611282711117
o 3540 0.9514170565506294 0.9579093014477553
o 3550 0.013441875654774919 0.017282378248504537
o 3560 0.15030135446912773 0.1616146912768448
o 3570 0.7411498910440588 0.7546865202976036
o 3580 0.37809278763170784 0.39326574827354255
o 3590 0.9986846867396864 0.9995825074237993
o 3600 0.0046905401725422765 0.007077642734906964
o 3610 0.44746612325064505 0.46298896827380875
o 3620 0.471037858311143 0.4866092796222755
o 3630 0.9971128682824996 0.998556485750206
o 3640 0.05103143717924358 0.058119028409300943
o 3650 0.9997041638433971 0.9999976422569008
o 3660 0.9260276854802475 0.9339871199792437
o 3670 0.7504321516118134 0.7638011560796543
o 3680 0.1184321191424861 0.1286948858327993
o 3690 0.9507141237426051 0.9572524686650313
o 3700 0.8969061716271604 0.9061983106984899
o 3710 0.4625060720281655 0.47806394401150254
o 3720 0.9969263355699712 0.9984231783076815
o 3730 0.9480075613880713 0.9547199331267832
o 3740 0.9861471695818834 0.9895673409410783
o 3750 0.19039564795142686 0.20278666989083927
o 3760 0.9989962943624112 0.9997500155155598
o 3770 0.6247021344161121 0.6397332960698261
o 3780 0.7629092744030804 0.7760398630519131
o 3790 0.604586865408831 0.6197753200005185
o 3800 0.9233401558856265 0.9314355426460548
o 3810 0.7536213621503262 0.7669308794268536
o 3820 0.8136925661202383 0.8256796185823053
o 3830 0.9491642237619176 0.955802885317107
o 3840 0.15986025151518476 0.17145251616702506
o 3850 0.7355219681983256 0.7491563254204363
o 3860 0.9998341327646891 1
o 3870 0.6195816748656648 0.6346554747283648
o 3880 0.8418962975165998 0.853106487172487
o 3890 0.9333601523686651 0.940932215973006
o 3900 0.42876106239928663 0.4442203449445845
o 3910 0.044622500529197875 0.051290238936489096
o 3920 0.4548354077151129 0.4703771966116447
o 3930 0.9612190633305758 0.9670240185846977
o 3940 0.2774043000216044 0.29146837418507676
o 3950 0.9639010156276984 0.9695011664631588
o 3960 0.9838012650761434 0.98751409506781
o 3970 0.06513675150774027 0.07304874995325594
o 3980 0.4842296400209534 0.4998130493383167
o 3990 0.3223416631661485 0.3369957569190737
o 4000 0.007620497386952596 0.010586225227778634
o 4010 0.8126393149575885 0.8246532209977686
o 4020 0.8874594622252505 0.8971281603433383
o 4030 0.9132800922832996 0.9218589488979057
o 4040 0.9977509012387209 0.9989978077068434
o 4050 0.4040046173593843 0.4193451551799209
o 4060 0.9137713811049486 0.9223274968386145
o 4070 0.9094331291716319 0.9181871902389473
o 4080 0.9696132098341418 0.9747470475084137
o 4090 0.3724549772692549 0.38758546643350467
o 4100 0.9998341327646891 1
o 4110 0.9646918837426518 0.9702300326007849
o 4120 0.9735893698535811 0.9783695378437731
o 4130 0.998532952220799 0.9994945720557045
o 4140 0.9375356644524023 0.9448753154974834
o 4150 0.896334536723088 0.9056501355969825
o 4160 0.29789613128578213 0.31224958293539307
o 4170 0.3567824464474263 0.37178330286418027
o 4180 0.5514120011594251 0.5668880609322096
o 4190 0.011681768796403137 0.015283200071462444
o 4200 0.5996304022109391 0.6148534482726489
o 4210 0.8021512530325253 0.8144247814537517
o 4220 0.0030025269167148565 0.004966702589482397
o 4230 0.5967411807872212 0.6119836404178833
o 4240 0.06918797901329367 0.07731610438782466
o 4250 0.21693338359554926 0.22991987479026388
o 4260 0.9920442769644893 0.9945879273285018
o 4270 0.84916502993463 0.8601553339847368
o 4280 0.1322889701879514 0.14303326332645927
o 4290 0.45311775207857435 0.4686554319188989
o 4300 0.9950332974105176 0.9969974730832851
o 4310 0.22732599636636372 0.2405237189590701
o 4320 0.025042856871896935 0.03015696353205266
o 4330 0.9993836603972324 0.9999207619417313
o 4340 0.9676926410049054 0.9729882649984102
o 4350 0.959308845627015 0.9652548760859313
o 4360 0.94804886220402 0.9547586185501296
o 4370 0.999784848241918 0.9999999949993749
o 4380 0.785784806646729 0.7984366901908018
o 4390 0.9984329360206239 0.9994347812916474
o 4400 0.2150138658805273 0.22796004718705387
o 4410 0.7388501326549242 0.7524270478027583
o 4420 0.4782127144421918 0.49379200373421805
o 4430 0.9492675216306202 0.9558995530204599
o 4440 0.896191635171247 0.9055130846455248
o 4450 0.435686825167202 0.45117224321685845
o 4460 0.8586131133032565 0.8693041051620909
o 4470 0.8350984471754438 0.8465066021420148
o 4480 0.9877977265708879 0.9909961702972301
o 4490 0.8762521617799716 0.8863391876441519
o 4500 0.19998158524319853 0.21259745800099072
o 4510 0.9546242068985555 0.9609010808598275
o 4520 0.03584219068805198 0.04187369191570278
o 4530 0.47493486481870417 0.4905109587612142
o 4540 0.9989171466500022 0.9997094220119266
o 4550 5.903205508420937e-06 0.0003321724075481258
o 4560 0.98146671546491 0.9854494722396919
o 4570 0.6740466034663385 0.6885722745751355
o 4580 0.5461235412051969 0.5616183003749621
o 4590 0 0.00016586723531085122
o 4600 0.1274908490895347 0.13807303539229088
o 4610 0.41916334034860825 0.4345813092240415
o 4620 0.1760968853458563 0.18813032202003488
o 4630 0.5194542716633265 0.5350165480950326
o 4640 0.889539585403759 0.8991273456131932
o 4650 0.8490837903731706 0.8600766005979179
o 4660 0.42556814415290023 0.4410143416816289
o 4670 0.9911055455129469 0.9938070539518886
o 4680 0.4315950509549154 0.44706539923269184
o 4690 0.41666961599768176 0.4320758761583148
o 4700 0.15867731060828433 0.17023586254948986
o 4710 0.39341792630782485 0.40869542566226713
o 4720 0.6785131298896714 0.6929842511556421
o 4730 0.5778676723677136 0.5932234920678134
o 4740 0.5771659060267406 0.5925254943368925
o 4750 0.25157717906589916 0.26522427770258883
o 4760 0.3552694162614544 0.370256845423953
o 4770 0.5986271689787726 0.613857018561651
o 4780 0.921761181951418 0.9299350412487365
o 4790 0.7461739099574268 0.7596208214057019
o 4800 0.9998341327646891 1
o 4810 0.9811279512167379 0.9851483554547575
o 4820 0.8195678397776556 0.8314023858383132
o 4830 0.05225299929435315 0.059417034401758606
o 4840 0.994518159778464 0.9965928871040928
o 4850 0.020774684115570617 0.025466730267347915
o 4860 0.9804509804894177 0.9845455632058846
o 4870 0.6068546704831822 0.6220267531638436
o 4880 0.09932464844569892 0.10884895624412783
o 4890 0.9939392579715721 0.9961320809450028
o 4900 0.2050831801073831 0.21781412142853684
o 4910 0.634825235125461 0.6497667975029278
o 4920 0.9778551768705808 0.9822222682145008
o 4930 0.8625776599442027 0.8731382390215101
o 4940 0.6616569441630785 0.6763260875141035
o 4950 0.999784848241918 0.9999999949993749
o 4960 0.5619515028655057 0.5773850136914126
o 4970 0.0546394131474339 0.06194977803724233
o 4980 0.012111663692372711 0.015773128748479692
o 4990 0.561350295485719 0.5767864232895172
o 5000 0.9998341327646891 1
o 5010 0.9946522487902374 0.9966987278221023
o 5020 0.9709509942805933 0.9759688100979722
o 5030 0.9102923356721256 0.9190076982458145
o 5040 0.26738331612704275 0.2812927642851215
o 5050 0.11203172243585272 0.1220574903477275
o 5060 0.7447614146733207 0.7582337889824735
o 5070 0.1769062544700204 0.18896067595841892
o 5080 0.9957104012102794 0.9975199739418538
o 5090 0.8318732649434651 0.8433728590368834
o 5100 0.994518159778464 0.9965928871040928
o 5110 0.92571987300844 0.933695034741583
o 5120 0.9881632422694118 0.9913105163475819
o 5130 0.016907751991272438 0.021175138402432236
o 5140 0.980133897372504 0.9842627570345037
o 5150 0.4214976484416762 0.4369262124761579
o 5160 0.9621125773434616 0.9678502050050412
o 5170 0.9979431363013752 0.9991253358653104
o 5180 0.025520408331090903 0.030679235437379826
o 5190 0.752289099926912 0.765623586994148
o 5200 0.9965329270499892 0.9981368947272495
o 5210 0.9763187805178749 0.9808391935787618
o 5220 0.969822141369857 0.9749380452958285
o 5230 0.902298192536655 0.9113644977880851
o 5240 0.2028090229158928 0.21548905494309678
o 5250 0.7775972836416499 0.7904269471268511
o 5260 0.999784848241918 0.9999999949993749
o 5270 0.994518159778464 0.9965928871040928
o 5280 0 0.00016586723531085122
o 5290 0.2418256573802957 0.2552991187229886
o 5300 0.952926976556711 0.9593188777352145
o 5310 0.9051593708245768 0.9141023687022621
o 5320 0.9247965609948341 0.9328186535788255
o 5330 0.24055750602065054 0.2540077018924084
o 5340 0.011009987656731682 0.014515259613677722
o 5350 0.9492675216306202 0.9558995530204599
o 5360 0.9886369238706351 0.9917166540624034
o 5370 0.5496691154618367 0.5651515330534862
o 5380 0.15806616752980313 0.16960721512983679
o 5390 0.9416542980714148 0.9487553117684434
o 5400 0.9364861981820081 0.9438851307759046
o 5410 0.02546309061934907 0.030616574333926172
o 5420 0.9657956134547702 0.9712459316629387
o 5430 0.9674006240226951 0.97272038045805
o 5440 0.9995668564461039 0.999976016692425
o 5450 0.787564323783537 0.8001765789631541
o 5460 0.9990496341945716 0.9997764839702489
o 5470 0.995937648394377 0.9976925834541458
o 5480 0.896334536723088 0.9056501355969825
o 5490 0.9276902407937763 0.9355640121546746
o 5500 0.7480506579556158 0.7614634459211052
o 5510 0.7112917045226311 0.7253146972388698
o 5520 0.28731047099067436 0.3015188377464497
o 5530 0.116762843184388 0.1269647373500168
o 5540 0.4315750923908004 0.44704536453733745
o 5550 0.8281216808843227 0.8397256933461936
o 5560 0.3771962435137507 0.3923625957494411
o 5570 0.9050162815897735 0.9139655054857424
o 5580 0.2570693527043323 0.2708102354011648
o 5590 0.42969904423828187 0.4451620462999658
o 5600 0.1273139139224956 0.1378900314639605
o 5610 0.647845936223406 0.6626617275356227
o 5620 0 0.00016586723531085122
o 5630 0.07560360816654128 0.08405823502741383
o 5640 0.849936834203455 0.8609032727193062
o 5650 0.41804612696232496 0.43345890008718513
o 5660 0.5158120009676828 0.5313800455244806
o 5670 0.2967638625712432 0.3111022360418303
o 5680 0.0047264908906874195 0.007121672109043575
o 5690 0.3601671478041557 0.3751974554182179
o 5700 0.2064478198105491 0.2192090159464709
o 5710 0.48568906446808835 0.501273132852865
o 5720 0.9987357880946652 0.999611282711117
o 5730 5.000625091698381e-09 0.00021515175808195508
o 5740 0.34432228055702874 0.35920768918428525
o 5750 0.6917160298864312 0.7060169273677956
o 5760 0.8226077082585166 0.8343615039134482
o 5770 0.9689866243461294 0.9741738448194956
o 5780 0.9990229026390082 0.9997633135035773
o 5790 0.9457163279921187 0.952571929707507
o 5800 0.849124410082816 0.8601159673624252
o 5810 0.9932751135042507 0.9955965419130944
o 5820 0.7463353440319325 0.7597793333543725
o 5830 0.002688238038480897 0.004561223072130582
o 5840 0.5367507127146041 0.5522742833861067
o 5850 0.006120103541994746 0.00880733299481351
o 5860 0.7783653375322852 0.7911786367351754
o 5870 0.7777387648256185 0.7905654186929292
o 5880 0.9463147590686456 0.9531332993388324
o 5890 0.31717237930623077 0.33176679391601327
o 5900 0.21174917789971323 0.22462584884678005
o 5910 0.010079375308177584 0.013446263882625709
o 5920 0.9998341327646891 1
o 5930 0.340919593553441 0.35577152908919396
o 5940 0.3509099534913064 0.36585778465574736
o 5950 0.8032847596159836 0.8155308966914487
o 5960 0.014136809048834112 0.018067167356402902
o 5970 0.9883569286283966 0.99147675632411
o 5980 0.999103496509203 0.9998024115070666
o 5990 0.6964675376584936 0.7107038280176046
o 6000 0.5471050445832517 0.5625964667139116
o 6010 0.12409033404638449 0.13455472126524792
o 6020 0.9583544614804992 0.964369579595793
o 6030 0.5106094748869133 0.5261843240779953
o 6040 0.00038871728888304033 0.0012642119053347667
o 6050 0.02149728193586855 0.026263860398855754
o 6060 0.1917788324712426 0.20420301270976604
o 6070 0.6164496001818359 0.6315486010874767
o 6080 0.9197113308333404 0.9279855734789
o 6090 0.9603052339422308 0.9661781541488556
o 6100 0.9406447636885448 0.9478051820548061
o 6110 0.9998341327646891 1
o 6120 0.9492468617324832 0.9558802198043848
o 6130 0.7897687510981134 0.8023314157593446
o 6140 0.9976315921770181 0.9989172519476788
o 6150 0.9195063921434661 0.9277905802636068
o 6160 0.10016719205339401 0.1097261210388758
o 6170 0.7936322387721201 0.8061066385174557
o 6180 0.8924159712951752 0.9018900035277078
o 6190 0.6885958255331128 0.7029381770098353
o 6200 0.7888788566905093 0.8014616072267786
o 6210 0.0956030076456661 0.1049718858063673
o 6220 0.11038333379356716 0.12034644804271166
o 6230 0.4035659239725048 0.41890399686553603
o 6240 0.6339815071797222 0.6489308086083081
o 6250 0.39692647535844167 0.4122256901995053
o 6260 0.13769940160865873 0.14862097166976052
o 6270 0.03424494916468454 0.04015150978538884
o 6280 0.056911120916541415 0.06435726965083233
o 6290 0.15798731250513598 0.16952609718728884
o 6300 0.8474997321042671 0.85854118635728
o 6310 0.9997427320109885 0.9999995494141014
o 6320 0.8453879858537304 0.8564936358737414
o 6330 0.9432413538660142 0.9502477278032843
o 6340 0.6853753721603866 0.6997597093682282
o 6350 0.9998341327646891 1
o 6360 0.5880149966821661 0.6033127568684311
o 6370 0.08450963146840175 0.09338911133736738
o 6380 0.5193542037494007 0.5349166497105844
o 6390 0.9988648919050572 0.999681833128126
o 6400 0.7183243110149109 0.7322397367324686
o 6410 0.9971830790248064 0.9986062120708106
o 6420 0.9921537632295945 0.9946783938198263
o 6430 0.6151045166696931 0.630214136277525
o 6440 0.35831546719675184 0.37332976300215714
o 6450 0.99294437724161 0.9953274298730065
o 6460 0.7693932233914176 0.7823937476943102
o 6470 0.8261753221478465 0.8378327008027823
o 6480 0.9259250789839069 0.9338897605733241
o 6490 0.0001975884929334221 0.0008965034907969516
o 6500 0.02071766484208836 0.02540377105143754
o 6510 8.995013756807068e-05 0.0006454322678265401
o 6520 0.3262391781965278 0.3409369203237024
o 6530 0.7208235128355194 0.7346996984947305
o 6540 0.9791835465362859 0.9834134386229183
o 6550 0.9966944655818283 0.9982552340301704
o 6560 0.8801424828102811 0.890087572753381
o 6570 0.14884354398568378 0.16011300201780498
o 6580 0.6153855738214992 0.6304929847454375
o 6590 0.2743479312698345 0.2883657816309928
o 6600 0.9998341327646891 1
o 6610 0.9994730802517786 0.9999506585660503
o 6620 0.9323529591746905 0.9399797439936105
o 6630 0.97591935816368 0.9804787530125763
o 6640 0.000276936226907186 0.0010565779080022875
o 6650 0.8613576396688195 0.8719586653264404
o 6660 0.9708673387321458 0.9758924940019182
o 6670 0.24997143214175271 0.2635905710786708
o 6680 0.1963244253966809 0.20885586684810986
o 6690 0.9600768480361507 0.9659666165448396
o 6700 0.8473778903422541 0.8584230686940686
o 6710 0.9848873351641612 0.9884676343477257
o 6720 0.8276958912566196 0.8393116248847247
o 6730 0.8494493728832037 0.8604308963541731
o 6740 0.9288605670922228 0.9366732969027843
o 6750 0.0853502108909253 0.09426823978608401
o 6760 0.9916944029342062 0.9942979506127954
o 6770 0.9475120002525459 0.9542556593633733
o 6780 0.9983832285394911 0.9994045786411975
o 6790 0.02643790899561029 0.03168139622310939
o 6800 0.427922889708721 0.44337880073846714
o 6810 0.978677219508722 0.982959941265013
o 6820 0.9965790200213357 0.9981707674489865
o 6830 0.84916502993463 0.8601553339847368
o 6840 0.9231760823018923 0.9312796707497463
o 6850 0.9093308509958045 0.9180895023994398
o 6860 0.9774550125139169 0.9818625706371588
o 6870 0.9131982150158002 0.9217808533703034
o 6880 0.7800026132714638 0.7927808142331016
o 6890 0.9149997941475058 0.923498675639921
o 6900 0.9235657663832781 0.9316498571800782
o 6910 0.9752470538936852 0.9798712876375016
o 6920 0.0007646542765519723 0.001887106399303673
o 6930 0.0005501918341939858 0.0015421373722853682
o 6940 0.999784848241918 0.9999999949993749
o 6950 0.19741160416359324 0.20996831674759442
o 6960 0.6173932029103701 0.6324846815092413
o 6970 0.10275422533164495 0.11241819277564258
o 6980 0.40464272811281926 0.41998682871965043
o 6990 0.9948537648378093 0.9968571040220039
o 7000 0.06975312348056953 0.07791076232572469
o 7010 0.4945669931432777 0.510152211507535
o 7020 0.9990764961900899 0.99978951939873
o 7030 0.877351869780687 0.887399113877612
o 7040 0.0015100441422738538 0.002980520524678121
o 7050 0.8979066440352217 0.9071575057707443
o 7060 0.9652124108723807 0.9707093304511911
o 7070 0.9292302104269948 0.9370235307139816
o 7080 0.0042066578373227016 0.006481800605071197
o 7090 0.2777020198278662 0.29177055320868217
o 7100 0.3889530927826743 0.40420176918106265
o 7110 0.1106972867882093 0.12067238665144264
o 7120 0.5652182648186073 0.5806371530153023
o 7130 0.9751000536933687 0.9797383381453255
o 7140 0.5340875712721045 0.549618321299949
o 7150 0.101205813571821 0.11080714014333704
o 7160 0.9191989996957898 0.9274980748479572
o 7170 0.9700311083728483 0.9751290075803772
o 7180 0.9746801810395487 0.9793583543782763
o 7190 0.8399681755008245 0.8512352514539744
o 7200 0.45010209325615136 0.46563210853711035
o 7210 0.5998511180037115 0.6150726583272681
o 7220 0.9667333873698977 0.972107841989365
o 7230 0.9407065629394554 0.947863362242803
o 7240 0.6021787649193416 0.6173842294357361
o 7250 0.9597654579229793 0.9656781109286698
o 7260 0.8604833796727579 0.8711132162939224
o 7270 0.8477028045140454 0.8587380463225349
o 7280 0.8495306150083212 0.8605096271768927
o 7290 0.0016606220868165885 0.003189769386394814
o 7300 0.042902108872449746 0.0494512435819503
o 7310 0.05646441916083888 0.06388412873517735
o 7320 0.20017929261588885 0.21279968311724107
o 7330 0.14933602742806845 0.16062034956636406
o 7340 0.20019906348230038 0.21281990549972285
o 7350 0.4497426298815011 0.46527169323860607
o 7360 0.011812550308881752 0.015432364751026495
o 7370 0.0017279107430003948 0.003282407593780956
o 7380 0.983822536404719 0.9875328161274727
o 7390 0.03611175431578057 0.04216403118029255
o 7400 0.895007703219606 0.9043774101127525
o 7410 0.06424135349314104 0.07210446178671948
o 7420 0.004278165684783232 0.006570251081083556
o 7430 0.7016026056244372 0.715767040278853
o 7440 0.9378649725831251 0.9451858978446729
o 7450 0.9994730802517786 0.9999506585660503
o 7460 0.9992689677678922 0.9998761603306536
o 7470 0.37659856263622377 0.3917604788660245
o 7480 0.030383723118336765 0.035974136728872175
o 7490 0.9466656217759646 0.9534623197734127
o 7500 0.9998341327646891 1
o 7510 0.9957330879426143 0.9975372731773589
o 7520 0.7325774695919915 0.7462618089741038
o 7530 0.3342348406899526 0.3490185473516484
o 7540 0.9991579479265237 0.999827728109528
o 7550 0.9927683153359265 0.9951835711588076
o 7560 0.9280187213332597 0.9358754224480059
o 7570 0.995960421005609 0.997709796129333
o 7580 0.9611567420557613 0.966966360746381
o 7590 0.030575579226234214 0.03618221072869787
o 7600 0.006448198241601528 0.009199077365011799
o 7610 0.7801238988421282 0.79289948816081
o 7620 0.0004611764681660107 0.0013914574822913028
o 7630 0.996879851396403 0.9983897007921845
o 7640 0.8627810106445599 0.8733348206469761
o 7650 0.5272605331843672 0.5428076578494385
o 7660 0.6568916623063349 0.6716129673718139
o 7670 0.9142831865333316 0.922815521356038
o 7680 0.2551855966452803 0.26889463232585264
o 7690 0.9936731458773179 0.9959183219532978
o 7700 0.993142719033892 0.9954889975318352
o 7710 0.9596409163642335 0.9655626941849352
o 7720 0.5406356947531454 0.5561479937083513
o 7730 0.04174304436091223 0.04821072178857
o 7740 0.7721005692890123 0.7850454973951977
o 7750 4.5058589854506926e-07 0.0002572679890114893
o 7760 0.20089105857537007 0.21352767411987927
o 7770 0.999297246851899 0.9998877222821806
o 7780 4.5058589854506926e-07 0.0002572679890114893
o 7790 0.48580902011422045 0.5013931367652287
o 7800 0.8790424270614375 0.8890279943438044
o 7810 0.9852072689865071 0.9887475846132617
o 7820 0.5167925715811389 0.5323591446367989
o 7830 0.024641885076221587 0.029718083873429113
o 7840 0.999784848241918 0.9999999949993749
o 7850 0.6642711675938876 0.6789109875266841
o 7860 0.9132186842204506 0.9218003773644803
o 7870 0.9433444373051262 0.9503446100532007
o 7880 0.8987847276271664 0.9079991303442634
o 7890 0.9612606120590715 0.9670624559306886
o 7900 0.010581540460866798 0.014023886275168485
o 7910 0.403506102636926 0.41884383842369144
o 7920 0.6126754913560086 0.6278039773031073
o 7930 0.3264579332393126 0.3411580911122074
o 7940 0.5853073784633355 0.6006212851133439
o 7950 0.999784848241918 0.9999999949993749
o 7960 0.9631105376517531 0.9687719098620992
o 7970 0.33624407344091717 0.3510486336255233
o 7980 0.850464940571297 0.8614149905067096
o 7990 0.2738121161322443 0.28782177887995875
o 8000 0.9909966982747094 0.9937159459961112
o 8010 0.0698115908983394 0.0779722744686353
o 8020 0.015756102172313484 0.019887236048419465
o 8030 0.8276147899773807 0.8392327531944273
o 8040 0.9694252014691147 0.9745751194526666
o 8050 0.9580226106508875 0.9640615414300734
o 8060 0.9637345672221216 0.9693476707736475
o 8070 0.9960059934406409 0.9977441940439223
o 8080 0.6967494352413122 0.7109818360174949
o 8090 0.32271945838857613 0.33737783358463735
o 8100 0.21259991780678944 0.2254948187027056
o 8110 1.0851213888255374e-05 0.0003669346313138755
o 8120 0.39206246012189155 0.40733135023746103
o 8130 0.8235603343020745 0.8352885603059954
o 8140 0.07995707884589773 0.08862324755654405
o 8150 0.9955518186013934 0.9973986530682086
o 8160 0.9924826764449779 0.9949493369945279
o 8170 0.9434475241951542 0.9504414888504636
o 8180 0.7623639942951704 0.7755053253688413
o 8190 0.05689169783483459 0.06433669957233057
o 8200 0.01624667571380069 0.02043647118835379
o 8210 0.999784848241918 0.9999999949993749
o 8220 0.2848484301997706 0.2990217148231138
o 8230 0.991040229953649 0.9937523964205358
o 8240 0.9994130827814863 0.9999311292217226
o 8250 0.9887015770536661 0.9917719760749888
o 8260 0.9997427320109885 0.9999995494141014
o 8270 0.9956423896922855 0.9974680271834279
o 8280 0.04874486683869898 0.055686408413753385
o 8290 0.4501819745599102 0.46571220027187654
o 8300 0.014437658517043931 0.018406198473324142
o 8310 0.9438186657156755 0.9507902237893074
o 8320 0.47687355242954316 0.49245161734448484
o 8330 0.9914979077564119 0.9941345285456695
o 8340 0.6055100219307012 0.6206918533812592
o 8350 0.976024451558808 0.9805736235666093
o 8360 0.9965098982706061 0.9981199404896446
o 8370 0.30894341055742564 0.3234385542996593
o 8380 0.9990229026390082 0.9997633135035773
o 8390 0.9934297489189166 0.9957218343152169
o 8400 0.5570820544409217 0.5725361000789793
o 8410 0.11833391764360669 0.12859312118631827
o 8420 0.010042213507162738 0.013403441502946478
o 8430 0.9844185198449767 0.9880566188032942
o 8440 0.834287005669614 0.8457183140143898
o 8450 0.04230318156562104 0.04881038458464826
o 8460 0.989651607756594 0.9925815764331913
o 8470 0.9118883403990428 0.9205311632139783
o 8480 0.8525369782520994 0.8634222629332966
o 8490 0.057416161140905746 0.0648920516093262
o 8500 0.976844620220364 0.9813131731400054
o 8510 0.999784848241918 0.9999999949993749
o 8520 0.4503617082294287 0.46589240593895387
o 8530 0.46754094897744164 0.48310736850610114
o 8540 0.33934773390263034 0.3541839213724738
o 8550 0.9893921647201072 0.9923611211038946
o 8560 0.9982106455758747 0.9992974473203111
o 8570 0.6615362938028307 0.6762067783305034
o 8580 4.934143394975716e-05 0.0005269197482213883
o 8590 0.9551419082709155 0.9613832066002074
o 8600 0.7531167071422507 0.7664357031266521
o 8610 0.9456544284184375 0.952513849893782
o 8620 0.3876376885479932 0.40287761832787183
o 8630 0.9593918578702273 0.965331836055765
o 8640 0.9105992255783302 0.9193007063685728
o 8650 0.7228593534790115 0.7367031765625096
o 8660 0.8876633716038363 0.8973241831713753
o 8670 0.0321690034180359 0.03790820726275945
o 8680 0.056639208233297676 0.0640692780960539
o 8690 0.8723431650134124 0.8825694846836948
o 8700 0.9014196539719781 0.9105233283121009
o 8710 0.5555592543403144 0.5710194124618531
o 8720 0.0007335292289815797 0.0018383033065316745
o 8730 0.09881525247021607 0.10831852854657964
o 8740 0.6427816155345851 0.6576477472570255
o 8750 0.9992130705901301 0.9998523473218889
o 8760 0.9939836726426157 0.9961676444566422
o 8770 0.011327045424170434 0.014878070017285139
o 8780 0.7130043232863011 0.7270015051606051
o 8790 0.41529316641021896 0.4306927908534086
o 8800 0.9974418742737955 0.998787169461314
o 8810 0.014362427604875425 0.018321459207793156
o 8820 0.9996678275924519 0.9999940967944916
o 8830 0.9920880626308164 0.9946241228006638
o 8840 0.031650464822655384 0.03734693413884993
o 8850 0.7861083417489294 0.7987530470735607
o 8860 0.977076094551563 0.9815216191464571
o 8870 0.9314487591985964 0.9391242445377241
o 8880 0.9847167999285377 0.9883182312035966
o 8890 0.9942282900275515 0.9963629052366167
o 8900 0.30453186470018495 0.3189715971748198
o 8910 0.5937118075763119 0.6089740315304722
o 8920 0.9845037226572628 0.9881313853126923
o 8930 0.6453337579070569 0.660174748630574
o 8940 5.000625091698381e-09 0.00021515175808195508
o 8950 0.9969495993090236 0.9984398951779412
o 8960 0.9587071141099704 0.9646968089801757
o 8970 0.9876043904606929 0.9908295791518182
o 8980 0.9994130827814863 0.9999311292217226
o 8990 0.9992409148798167 0.9998643624923798
o 9000 0.9997041638433971 0.9999976422569008
o 9010 0.21137328257368956 0.22424187241833615
o 9020 0.8215132809733858 0.83329629604852
o 9030 0.3568819907377002 0.3718837248651924
o 9040 0.007951640313225533 0.01097493121747617
o 9050 0.0023763566719851885 0.004153353342933763
o 9060 0.8168932859073469 0.8287978314686688
o 9070 0.6014965049148427 0.616706718640533
o 9080 0.7944414578040095 0.8068971494068027
o 9090 0.5053077681658137 0.5208878169694855
o 9100 0.03086341383230563 0.036494271325878125
o 9110 0.9983090111814502 0.9993589235528282
o 9120 0.27454638448935287 0.28856726096302077
o 9130 0.8237224898403337 0.8354463507134395
o 9140 0.6162488375486544 0.6313494311354193
o 9150 0.9470578140580335 0.9538299968569096
o 9160 0.3962685912976886 0.4115637967117698
o 9170 0.05904834853018258 0.06661928996256605
o 9180 0.9949210433152184 0.9969097889562678
o 9190 0.49500695433847086 0.5105921020269071
o 9200 0.9864252989025472 0.9898091092947893
o 9210 0.9479043120873806 0.9546232168276894
o 9220 0.996879851396403 0.9983897007921845
o 9230 0.2674825121298708 0.28139353455603433
o 9240 0.9296820407292791 0.9374515502390569
o 9250 0.05250513184850108 0.05968481275848647
o 9260 0.8112620974724867 0.8233108977993404
o 9270 0.9934297489189166 0.9957218343152169
o 9280 0.07181944165695983 0.08008372212849435
o 9290 0.6643314988188352 0.6789706360733179
o 9300 0.20779278788457392 0.22058358885457918
o 9310 0.5039474713684449 0.5195285721044718
o 9320 0.9899546384624376 0.992838426086989
o 9330 0.4320341425863907 0.4475061593097427
o 9340 0.99863385948088 0.9995534508999322
o 9350 0.8168527661339411 0.8287583647531682
o 9360 0.08773577639205894 0.09676184564831258
o 9370 0.441436169840341 0.4569409572903562
o 9380 0.5008470102003912 0.5164300780120239
o 9390 0.9822084430768426 0.9861074832400464
o 9400 0.915839368866217 0.9242988219621519
o 9410 0.9985832870189011 0.9995241331856756
o 9420 0.9761926272916198 0.980725390118821
o 9430 0.8383650168522375 0.8496789441618559
o 9440 0.9989698028369101 0.9997365968529978
o 9450 0.6903269880566231 0.7046464345222916
o 9460 0.16623026780968447 0.17800031732255328
o 9470 0.9958921299523205 0.9976581311058543
o 9480 0.36211851107417575 0.37716543146773407
o 9490 0.9560740792238546 0.9622507242458648
o 9500 0.9512929951616629 0.9577934042117552
o 9510 0.9601183706503627 0.9660050800249639
o 9520 0.9754570951018898 0.980061174510845
o 9530 0.9998341327646891 1
o 9540 0.9675257665411446 0.9728351957420613
o 9550 0.9677552241944765 0.9730456606989788
o 9560 0.025501302080501446 0.030658348749246223
o 9570 0.9993545677321735 0.9999100498624319
o 9580 0.9158188898793822 0.9242793077534244
o 9590 0.6448916378783943 0.6597370169873942
o 9600 0.8133279708209218 0.8253243354702021
o 9610 0.7384668634601128 0.7520504451817449
o 9620 0.8697991245038161 0.8801143715433934
o 9630 0.5492484333225768 0.5647323567431246
o 9640 0.82343871887722 0.8351702162714202
o 9650 0.9995668564461039 0.999976016692425
o 9660 0.9996678275924519 0.9999940967944916
o 9670 0.9928783278909564 0.9952735091093126
o 9680 0.9977509012387209 0.9989978077068434
o 9690 0.4914074488959582 0.5069928207139165
o 9700 0.9792257566198349 0.9834512138810432
o 9710 0.24297498779140614 0.25646939698955407
o 9720 0.42648607464578187 0.4419361011221502
o 9730 0.9978468002059815 0.9990617938017794
o 9740 0.013047962253133998 0.016836450055943475
o 9750 0.954355049650489 0.9606503279782438
o 9760 0.5327861169746319 0.5483202137216376
o 9770 0.003885707709419962 0.006082942502180666
o 9780 0.27391134021505864 0.28792252107273586
o 9790 0.3524227499835525 0.3673844757813237
o 9800 0.9998341327646891 1
o 9810 0.8750711433625313 0.8852005988893242
o 9820 0.04955851114953738 0.056552475804846236
o 9830 0.8583082097277849 0.8690091102262608
o 9840 0.0043139437783143485 0.0066144522680446904
o 9850 0.0008746641346896233 0.002056863698624789
o 9860 0.198241861974568 0.21081777537798518
o 9870 0.9380296382145068 0.9453411774468792
o 9880 0.6571932377255251 0.6719112908144629
o 9890 0.997894911366256 0.9990936226399529
o 9900 0.9069380380063057 0.9158031104794532
o 9910 0.5512717654175157 0.5667483438576955
o 9920 0.9427259881142446 0.949763265083481
o 9930 0.045802381140983305 0.05254993860894919
o 9940 0.2481279479052739 0.26171468273418375
o 9950 0.07086413755336252 0.07907935995385651
o 9960 1.0851213888255374e-05 0.0003669346313138755
o 9970 0.00641170534567195 0.009155588008771587
o 9980 0.9984329360206239 0.9994347812916474
o 9990 0.9998341327646891 1
