
x disttype general-gaussian
x k 1530
x std 0.45
x N 50000
x alpha 0.0005

o 0 0.9312227410096284 0.9389103378553603
o 10 0.914057986307288 0.9226007964078359
o 20 0.6887568589121108 0.7030970896809714
o 30 0.7568514514405975 0.7700997104842888
o 40 0.8838715013328264 0.8936773141990405
o 50 0.99294437724161 0.9953274298730065
o 60 0.9966713515299861 0.9982383659018511
o 70 0.23641675447771274 0.24978986360920552
o 80 0.9630689441137018 0.9687335173611629
o 90 0.7728683949461292 0.7857974152593084
o 100 0.19199620102485213 0.2044255698819748
o 110 0.1685976141616881 0.18043216022234476
o 120 0.7231818794922754 0.7370205426211609
o 130 0.4606082095893355 0.47616244678045105
o 140 0.648529287862282 0.6633381466594228
o 150 0.9824417578823841 0.9863140859376422
o 160 0.7102238989349967 0.7242628603010417
o 170 0.9324557221641707 0.9400769468431753
o 180 0.9871537167015321 0.9904404215271245
o 190 0.654358559848188 0.6691069193852472
o 200 0.9610321060314616 0.9668510385394348
o 210 0.01145768900432073 0.015027372345243761
o 220 0.9965559675880834 0.9981538370932204
o 230 0.9920005029608918 0.9945517201465842
o 240 0.9989171466500022 0.9997094220119266
o 250 0.7355219681983256 0.7491563254204363
o 260 0.4586904844961735 0.47424081894495507
o 270 0.6413750219074371 0.6562548128312002
o 280 0.9833760316101646 0.9871394804012125
o 290 0.9991579479265237 0.999827728109528
o 300 0.9703864347499822 0.9754535609085073
o 310 0.9207156516598732 0.928940918945285
o 320 0.7948663134228361 0.8073121519948002
o 330 0.9862327260543119 0.9896417530336179
o 340 0.029635746218030126 0.03516238642888414
o 350 0.9307296540750062 0.9384435886889335
o 360 0.7790727842346351 0.7918709537790303
o 370 0.6852546130708368 0.6996405089193326
o 380 0.786573433926913 0.7992077996227527
o 390 0.9930986175276119 0.9954531192790149
o 400 0.9507141237426051 0.9572524686650313
o 410 0.7145357111314116 0.728509604697947
o 420 0.974722159868453 0.9793963612017352
o 430 0.16696015547076856 0.17875017967482987
o 440 0.9472436085271376 0.9540041404977522
o 450 0.8511352644425269 0.8620644434420046
o 460 0.947924961634827 0.9546425604003794
o 470 0.4402582671395743 0.4557592576773627
o 480 0.09881525247021607 0.10831852854657964
o 490 0.9870036256442971 0.990310568459844
o 500 0.07696976290897387 0.08549160403036149
o 510 0.9159827239625996 0.9244354192342978
o 520 0.7355017990555649 0.7491365013095443
o 530 0.9501973866270289 0.956769378065501
o 540 0.9001122757510114 0.9092711410177075
o 550 0.23522818048819252 0.24857884244637463
o 560 0.9979672929505882 0.9991411475683059
o 570 0.9134029104315732 0.9219760899415569
o 580 0.894681135436972 0.9040640864425226
o 590 0.9909966982747094 0.9937159459961112
o 600 0.6705463429495425 0.6851137083868688
o 610 0.9213716445655861 0.92956470806933
o 620 0.652669954584025 0.6674360910140466
o 630 0.036824373258796006 0.042931155736614435
o 640 0.18012443592773003 0.19226139356092276
o 650 0.9784452703647603 0.9827519707285557
o 660 0.9925046290312628 0.9949673747285386
o 670 0.9826751719903334 0.9865205891571315
o 680 0.5564609033911136 0.5719174600861819
o 690 0.1814277035589991 0.19359768017484646
o 700 0.9915633822032628 0.9941890266049113
o 710 0.6958232123505448 0.7100683691357852
o 720 0.1547546831530435 0.16619983494663104
o 730 0.16406056635574173 0.17577076201185726
o 740 0.0062476035794642 0.008959770046350957
o 750 0.9981372773655336 0.9992509263546009
o 760 0.7917509545461883 0.804268550660089
o 770 0.3107122180294321 0.32522914668270253
o 780 0.9229299825866224 0.9310458522409707
o 790 0 0.00016586723531085122
o 800 0.9997041638433971 0.9999976422569008
o 810 0.2298012718759914 0.24304759993895175
o 820 0.2587351263492271 0.2725038951059845
o 830 0.7994797318008043 0.8118171940701336
o 840 0.999599491460172 0.9999830535762632
o 850 0.00014765267811112144 0.0007869294098699076
o 860 0.8185141689118901 0.8303764080112626
o 870 0.5318050557831028 0.5473416051911728
o 880 0.9944958307170675 0.9965752277626637
o 890 0.7049258706020393 0.7190426624729469
o 900 0.5810157920616573 0.59635431406375
o 910 0.22047611711510198 0.2335359331964032
o 920 0.928942707269199 0.936751129426058
o 930 0.8427691255739265 0.8539533683898154
o 940 0.9976315921770181 0.9989172519476788
o 950 0.5606288618555956 0.5760680995813359
o 960 0.998532952220799 0.9994945720557045
o 970 0.9363421776775407 0.9437491991725467
o 980 0.07855106595610498 0.08714975004117453
o 990 0.9381943115962978 0.9454964492950436
o 1000 0.9992130705901301 0.9998523473218889
o 1010 0.9996678275924519 0.9999940967944916
o 1020 0.9807259119604405 0.9847905355853821
o 1030 0.8009571094518129 0.8132593234627264
o 1040 0 0.00016586723531085122
o 1050 0.006101899088547247 0.008785546470935102
o 1060 0.9973004383367889 0.9986887437647816
o 1070 0.9080422957739488 0.9168584857824152
o 1080 0.9472436085271376 0.9540041404977522
o 1090 0.9670461149781996 0.9723950090054956
o 1100 0.16143767559081276 0.1730745514814518
o 1110 0.999784848241918 0.9999999949993749
o 1120 0.20769388961341287 0.22048252087667264
o 1130 0.01619004835794152 0.02037312058479912
o 1140 0.8537153651722992 0.8645634836919966
o 1150 5.000625091698381e-09 0.00021515175808195508
o 1160 0.5282214355735735 0.5437664319238864
o 1170 0.9771813317515134 0.9816163457074668
o 1180 0.9626114837102366 0.9683111312800599
o 1190 0.9410155766643014 0.9481542457038523
o 1200 0.9859119871646659 0.9893626095837204
o 1210 0.9868321721834461 0.9901620855868619
o 1220 0.015379048051772917 0.019464437817334868
o 1230 0.12872948534024528 0.13935397282629747
o 1240 0.028045341969847225 0.03343337249619338
o 1250 0.9693207645626202 0.9744795916689095
o 1260 0.4715174642708408 0.48708951189594674
o 1270 0.8288313598859227 0.8404157778222577
o 1280 0.29314889715963693 0.3074384288293166
o 1290 0.9177032870348923 0.9260742844827526
o 1300 0.004960506776607285 0.007407528321504375
o 1310 0.9988648919050572 0.999681833128126
o 1320 0.6070553694910114 0.6222259867431965
o 1330 0.3056843566091782 0.32013871414921713
o 1340 0.9870679423889743 0.9903662277879981
o 1350 0.17171524455127143 0.18363346243052547
o 1360 0.9953259191424008 0.9972246856405348
o 1370 0.7245325067100027 0.7383494634512058
o 1380 0.07088363152003105 0.07909985917581963
o 1390 0.9915415547531746 0.9941708632296149
o 1400 0.4049418471287868 0.4202876085910682
o 1410 0.9985832870189011 0.9995241331856756
o 1420 0.2810367411709057 0.2951546987761573
o 1430 0.7014414891448555 0.7156082107130827
o 1440 0.7013810707386612 0.715548649352201
o 1450 0.9267049473943351 0.9346296329974142
o 1460 0.9855060920244496 0.9890086529294174
o 1470 0.6301247815662518 0.6451088286544508
o 1480 0.7863307755964353 0.798970538965315
o 1490 0.9937396147950882 0.9959718211155568
o 1500 0.8699212229476386 0.8802322324778802
o 1510 0.5081085607149437 0.5236860807835904
o 1520 0.9840778657180443 0.9877573953305411
o 1530 0.5107495318439104 0.5263242199391212
o 1540 0.9953710406785294 0.9972595379004648
o 1550 0.9730444103104583 0.9778746830075107
o 1560 0.9998341327646891 1
o 1570 0.5689664432967853 0.5843677140315049
o 1580 0.0017279107430003948 0.003282407593780956
o 1590 0.056697473337207024 0.06413099247088505
o 1600 0.06873981363777898 0.07684442649574996
o 1610 0.0009063773600470337 0.0021050886337440344
o 1620 0.29054724758636 0.30480096186203043
o 1630 0.9431795054551569 0.9501895967998641
o 1640 0.29304959245344725 0.3073377672550476
o 1650 0.999784848241918 0.9999999949993749
o 1660 0.3133954734657598 0.3279449809256295
o 1670 0.11299343564251035 0.12305544522701006
o 1680 0.9853566537347771 0.9888781455992719
o 1690 0.013291768746079754 0.017112545421061665
o 1700 0.5952364873537834 0.610488839432604
o 1710 0.5776671660719987 0.5930240657716108
o 1720 0.710908900777973 0.7249376291351572
o 1730 0.09513305112443625 0.10448200515582695
o 1740 0.8744603318751771 0.8846116135506796
o 1750 0.9403975782730218 0.947572449709089
o 1760 0.8686189191232236 0.8789749695840816
o 1770 0.8940688602651574 0.9034765651300903
o 1780 0.9518926831595627 0.9583535161993176
o 1790 0.12405102886709667 0.134514039981519
o 1800 0.5411363713166828 0.5566471486341843
o 1810 0.9185637808475172 0.92689350475831
o 1820 0.46322529152633285 0.47878448186212064
o 1830 0.004439290989112809 0.006769033138553593
o 1840 0.021250004498620505 0.02599123081938781
o 1850 2.357743099213211e-06 0.0002958361566028911
o 1860 0.9986085425177087 0.999538823531834
o 1870 0.9773918471452194 0.9818057577804262
o 1880 0.9745122842484625 0.9792063085377084
o 1890 0.7751114350356935 0.7879936259642605
o 1900 0.9990496341945716 0.9997764839702489
o 1910 0.9099036315140795 0.9186365315600975
o 1920 0.9912580340273267 0.9939345023407039
o 1930 0.8828728594156339 0.8927162881832378
o 1940 0.9215561583914875 0.9297401329336261
o 1950 0.29358584266547144 0.3078813349578544
o 1960 0.0764622898126298 0.08495925400670601
o 1970 0.9945628341288062 0.9966281894626924
o 1980 0.9985832870189011 0.9995241331856756
o 1990 0.16826221500855362 0.1800876742280898
o 2000 0.7289478053778689 0.7426926874672265
o 2010 0.12045531144671516 0.13079099617243917
o 2020 0.9942951061238854 0.9964160553418016
o 2030 0.3036575956299511 0.31808616295600567
o 2040 0.952513205579295 0.9589327867726725
o 2050 0.9829723914467748 0.9867832642170127
o 2060 0.14204941456105225 0.15310946410584758
o 2070 0.2435496772305429 0.25705451189128625
o 2080 0.43658509096733544 0.45207367409491395
o 2090 0.9822720646568425 0.9861638391779828
o 2100 0.8857060560099945 0.8954421495302729
o 2110 0.9391413354669162 0.9463891104253302
o 2120 0.0017279107430003948 0.003282407593780956
o 2130 0.972122815953708 0.9770365907657242
o 2140 0.9980156978384686 0.999172677844584
o 2150 0.9223968101679597 0.9305392018248609
o 2160 0.7899305550244995 0.8024895578215764
o 2170 0.9975602862033369 0.9988686350034939
o 2180 0.9373092829038029 0.9446617723343151
o 2190 0.6166905171495546 0.6317876032220227
o 2200 0.7682821111951837 0.7813052310896057
o 2210 0.9017669692486372 0.9108558976135748
o 2220 0.9990229026390082 0.9997633135035773
o 2230 0.8047827312738216 0.8169924252826415
o 2240 0.4231337639902965 0.43856954419693206
o 2250 0.8261145028812567 0.8377735403412869
o 2260 0.9297847362273869 0.9375488206080388
o 2270 0.7518652165063492 0.7652076121135322
o 2280 0.4793920228503814 0.49497229765063355
o 2290 0.9685481972561658 0.9737724200069382
o 2300 0.39959803054341547 0.41491323172984396
o 2310 0.2334850678261163 0.24680254889561992
o 2320 0.0586207952866417 0.06616699357389622
o 2330 0.8071514360950431 0.8193029302800052
o 2340 0.9974418742737955 0.998787169461314
o 2350 0.061128555624915676 0.06881835185091689
o 2360 0.792317340711924 0.8048219754466372
o 2370 0.9742185354634195 0.9789401576328649
o 2380 0.9048527549921825 0.9138090864234579
o 2390 0.6537956799228818 0.6685499880992862
o 2400 0.9462115723901784 0.9530365203828708
o 2410 0.9880771995048885 0.9912365917446615
o 2420 0.32094983274152694 0.3355880593374464
o 2430 0.787746330090289 0.8003545118961075
o 2440 0.9762136515487125 0.9807443586444277
o 2450 0.9992130705901301 0.9998523473218889
o 2460 0.5061679855920115 0.5217473097121822
o 2470 0.9977748368846215 0.9990138439272586
o 2480 0.9942060279421857 0.9963451785319084
o 2490 0.7420375830620479 0.7555585314227727
o 2500 0.6765815654115372 0.6910764629881435
o 2510 0.4582510220976147 0.4738004296308044
o 2520 0.7340900052192653 0.7477487673844371
o 2530 0.9179081535365466 0.9262693499112955
o 2540 0.4335111323624236 0.44898867073575466
o 2550 0.35988839249810567 0.37491630510758356
o 2560 0.8245535664388142 0.8362549970826227
o 2570 0.07014292103949954 0.07832082850999866
o 2580 0.8584708238875479 0.8691664419393763
o 2590 0.1883210993641616 0.20066192749594736
o 2600 0.9981861524596591 0.9992819780723441
o 2610 0.9981372773655336 0.9992509263546009
o 2620 0.8014023729818895 0.8136939113673711
o 2630 0.5082085935400186 0.5237860142571242
o 2640 0.9851859326288351 0.9887289287140122
o 2650 5.000625091698381e-09 0.00021515175808195508
o 2660 0.17736031065358426 0.1894264644221919
o 2670 0.6423395356840665 0.6572099754340075
o 2680 0.9987357880946652 0.999611282711117
o 2690 0.01847838085354272 0.022923905448437143
o 2700 0.8177239659627207 0.8296068744341972
o 2710 0.9982843587370567 0.9993436167432374
o 2720 0.7997225791743874 0.8120542656636967
o 2730 0.915020270031859 0.9235181929521701
o 2740 0.7405043199779763 0.75405230725785
o 2750 0.9985580909074143 0.9995093820155696
o 2760 0.9669418647373584 0.9722992943785559
o 2770 0.16670370395148013 0.1784867190266144
o 2780 0.9994130827814863 0.9999311292217226
o 2790 0.99863385948088 0.9995534508999322
o 2800 0.5134107302118058 0.5289821251144047
o 2810 0.0006717323004385943 0.0017402522987572944
o 2820 0.9969263355699712 0.9984231783076815
o 2830 0.988507661570403 0.991605965848946
o 2840 0.9998341327646891 1
o 2850 0.9982351769925596 0.9993128775364343
o 2860 0.04578303415181956 0.05252929247609639
o 2870 0.8474591180433938 0.8585018139430928
o 2880 0.9980156978384686 0.999172677844584
o 2890 0.8052281015172753 0.8174269064613688
o 2900 0.02159240847867865 0.026368698116317923
o 2910 0.9260687287351761 0.934026063084944
o 2920 0.056697473337207024 0.06413099247088505
o 2930 0.6165700584191244 0.6316681024013444
o 2940 0.022391896060684955 0.027248910806347282
o 2950 0.5544572739134569 0.5699217636185965
o 2960 0.875926348215813 0.8860251095778502
o 2970 0.9034425118106626 0.9124597982383742
o 2980 0.935601590536074 0.9430500325760421
o 2990 0.8366809047019241 0.8480436173787675
o 3000 0.9983584448714474 0.9993894057514955
o 3010 0.9918473843023324 0.9944249042949562
o 3020 0.9883784571451635 0.9914952196013018
o 3030 0.5553989638806995 0.5708597568458512
o 3040 0.999784848241918 0.9999999949993749
o 3050 0.5131906227231025 0.5287623067462303
o 3060 0.9694669786628086 0.974613328132676
o 3070 0.9744493305511616 0.9791492837390441
o 3080 0.7917711822984805 0.8042883161561591
o 3090 0.9505487564180496 0.9570978911275503
o 3100 0.9764028929559837 0.9809150522515003
o 3110 0.3519848268377663 0.36694254724799447
o 3120 0.08840077811428786 0.09745661304384845
o 3130 0.1888150145226499 0.2011678435208324
o 3140 0.9511069147140275 0.9576195467149227
o 3150 0.7043014649312429 0.7184272772227095
o 3160 0.3075920447691559 0.32207037862975085
o 3170 0.9895002333843872 0.9924530101907
o 3180 0.8718953643578996 0.8821374343068926
o 3190 0.61177218572807 0.6269075862934639
o 3200 0.6573138688246658 0.6720306192599534
o 3210 0.9989962943624112 0.9997500155155598
o 3220 0.18356056890743336 0.1957840854391335
o 3230 0.3789893590798977 0.39416887346828333
o 3240 0.12073034371158199 0.1310758691283661
o 3250 0.02990420227992146 0.0354538323979563
o 3260 0.9433032035158891 0.9503058575670491
o 3270 0.8476824971150764 0.8587183604840207
o 3280 0.11222798133515659 0.12226116370888951
o 3290 0.796970519879534 0.8093672433068531
o 3300 0.6613553192704091 0.6760278135471789
o 3310 0.8566212326730719 0.8673766488233897
o 3320 0.0019309921066669187 0.0035591188413377495
o 3330 0.42969904423828187 0.4451620462999658
o 3340 0.8910490426752521 0.9005773865428717
o 3350 0.9763187805178749 0.9808391935787618
o 3360 0.5476258546555248 0.5631154813893399
o 3370 0.9671712255059579 0.9725098563097172
o 3380 0.9862969060507 0.9896975494321776
o 3390 0.024890087039698337 0.029989789934211086
o 3400 0.007161573913010802 0.010045361537562414
o 3410 0.9870036256442971 0.990310568459844
o 3420 0.1910477055708003 0.20345438944373173
o 3430 0.9987102018538886 0.9995969315746592
o 3440 0.0030726616847531977 0.00505651831829379
o 3450 0.00686851334565411 0.009698560360044461
o 3460 0.9338330064261038 0.9413792047133585
o 3470 0.7263670692965651 0.740154287010075
o 3480 0.999103496509203 0.9998024115070666
o 3490 0.036458397695353036 0.042537262991430125
o 3500 0.5439002480868281 0.559402341683946
o 3510 0.6411941792468094 0.6560757161704465
o 3520 0.9954387769278694 0.997311761961519
o 3530 0.9985580909074143 0.9995093820155696
o 3540 0.9582507521365604 0.9642733236329416
o 3550 0.011999466506699417 0.01564537185711179
o 3560 0.15097121927285062 0.1623045966343134
o 3570 0.7650501509444143 0.7781382711583139
o 3580 0.39016889668593774 0.40542555407254555
o 3590 0.9985580909074143 0.9995093820155696
o 3600 0.004135215665504778 0.006393284779918074
o 3610 0.4396393867639128 0.455138347006957
o 3620 0.47015859939681554 0.4857288351090465
o 3630 0.995597088530767 0.9974333558587295
o 3640 0.047176406422328225 0.05401542520756397
o 3650 0.9996678275924519 0.9999940967944916
o 3660 0.934799455226835 0.9422924345942331
o 3670 0.7487771863682363 0.7621766746068879
o 3680 0.12438512814182082 0.1348598256435538
o 3690 0.956903017227294 0.9630215092106759
o 3700 0.9115609188583103 0.9202186935465052
o 3710 0.4601487440997268 0.47570206729745157
o 3720 0.9954387769278694 0.997311761961519
o 3730 0.9534442924590496 0.9598013891936673
o 3740 0.9886369238706351 0.9917166540624034
o 3750 0.18046011511861967 0.19260559955306344
o 3760 0.9988648919050572 0.999681833128126
o 3770 0.6488709699735674 0.6636763499291775
o 3780 0.760950375600155 0.7741194164512892
o 3790 0.6082194503751277 0.6233815148639381
o 3800 0.9332368086430409 0.9408156007037615
o 3810 0.7764654735118282 0.78931913525233
o 3820 0.8155359342220436 0.8274756357654107
o 3830 0.9561776786852644 0.9623470901676117
o 3840 0.16802546763034767 0.17984450267941532
o 3850 0.7406657109217677 0.7542108623406056
o 3860 0.9997041638433971 0.9999976422569008
o 3870 0.6676499250232509 0.6822510972990916
o 3880 0.8647130437524033 0.8752021445959708
o 3890 0.9425817009683327 0.949627600249629
o 3900 0.4092295417690991 0.4245984646781056
o 3910 0.04079694197076075 0.047197162314589036
o 3920 0.49352710882112105 0.5091124463225438
o 3930 0.9661498124811231 0.9715716134135023
o 3940 0.27782110881755573 0.29189142375100197
o 3950 0.9664415703565075 0.9718397572969845
o 3960 0.9852286064193986 0.9887662394350276
o 3970 0.060272995885384345 0.06791421213315851
o 3980 0.497026853537164 0.5126115220631722
o 3990 0.29787626647536497 0.3122294544894737
o 4000 0.007088259566571023 0.009958710290190909
o 4010 0.8250806162620963 0.8367677715767048
o 4020 0.9009906424380566 0.9101124824190415
o 4030 0.921740679206245 0.9299155508065412
o 4040 0.9973475076700078 0.9987216292808397
o 4050 0.46338512028420226 0.4789445991818021
o 4060 0.9256583130359486 0.9336366151712001
o 4070 0.9158188898793822 0.9242793077534244
o 4080 0.9734006971942395 0.978198274793941
o 4090 0.3406410295905259 0.3554901874424419
o 4100 0.999784848241918 0.9999999949993749
o 4110 0.9682768638020004 0.9735238450693937
o 4120 0.974722159868453 0.9793963612017352
o 4130 0.9981861524596591 0.9992819780723441
o 4140 0.935807294191291 0.9432442605214417
o 4150 0.8926608205453668 0.9021250728866558
o 4160 0.29467824058806086 0.3089885661229097
o 4170 0.3518454890847803 0.3668019321941117
o 4180 0.5506306956743345 0.5661096292970669
o 4190 0.009912187074404498 0.013253523396740241
o 4200 0.5978647340378394 0.6130997096652411
o 4210 0.8172782293395578 0.8291727596811154
o 4220 0.0023418688941456624 0.0041078700476795404
o 4230 0.6175939733557995 0.6326838436487666
o 4240 0.061925963223271596 0.06966066427686524
o 4250 0.23471315390016198 0.24805404447011192
o 4260 0.9919348635956466 0.9944973876467764
o 4270 0.8618049637822214 0.872391192338607
o 4280 0.12344181972060862 0.13388345895504195
o 4290 0.47273649511369026 0.4883100698962146
o 4300 0.9936509981065429 0.9959004803202396
o 4310 0.21665632724205033 0.22963702563271937
o 4320 0.02900317636702468 0.03447518739505839
o 4330 0.999297246851899 0.9998877222821806
o 4340 0.9717460258178557 0.9766935088631868
o 4350 0.9603882903731477 0.9662550698981869
o 4360 0.9533408201162944 0.9597048960700434
o 4370 0.999784848241918 0.9999999949993749
o 4380 0.7981239003174233 0.8104934779793503
o 4390 0.9983584448714474 0.9993894057514955
o 4400 0.23243531315941762 0.2457326611903915
o 4410 0.7485551888833109 0.7619587463119573
o 4420 0.49934689450377373 0.5149306992275247
o 4430 0.9562398407832987 0.9624049072977958
o 4440 0.9001735534409633 0.9093298429628303
o 4450 0.44277384154317295 0.45828283397835534
o 4460 0.8741956595323906 0.8843563739329163
o 4470 0.8361533972253311 0.8475313006041896
o 4480 0.9889819144447517 0.992011530708872
o 4490 0.8878061112857673 0.8974613960334236
o 4500 0.18650362706651072 0.19880002105436811
o 4510 0.9561155184039654 0.9622892712194184
o 4520 0.03788419649470342 0.04407095157768737
o 4530 0.4867886746734382 0.5023731519337522
o 4540 0.9989171466500022 0.9997094220119266
o 4550 5.903205508420937e-06 0.0003321724075481258
o 4560 0.9838863559990058 0.9875889736869883
o 4570 0.6981791081077415 0.7123916843177333
o 4580 0.5684452792098019 0.5838490533764329
o 4590 5.000625091698381e-09 0.00021515175808195508
o 4600 0.11923741254096999 0.12952931483485763
o 4610 0.4025689170688941 0.4179013408121567
o 4620 0.167433617210323 0.1792365557846023
o 4630 0.490887553677459 0.5064728911788752
o 4640 0.9071834114078425 0.9160376555431948
o 4650 0.8605037104726876 0.8711328787273387
o 4660 0.4319543072860434 0.4474260215721474
o 4670 0.9903882232524459 0.9932046682070498
o 4680 0.4218767407081158 0.4373069921378162
o 4690 0.4335310921606592 0.44900870419702776
o 4700 0.1453967418106544 0.1565609873471534
o 4710 0.40175139580524477 0.41707913845155276
o 4720 0.6860999386815393 0.700474900077281
o 4730 0.6098853694229531 0.6250350362863005
o 4740 0.60270050361674 0.6179023154672063
o 4750 0.24836580772403263 0.2619567419575336
o 4760 0.3355676814777765 0.3503652548270969
o 4770 0.5902013227613682 0.6054856960233674
o 4780 0.9272591477112732 0.9351552485042685
o 4790 0.7815793893643963 0.7943235116135853
o 4800 0.9998341327646891 1
o 4810 0.9818056727482859 0.9857503956665763
o 4820 0.8327251228415515 0.8442007172769902
o 4830 0.04911291341531512 0.05607823140070056
o 4840 0.9936067152200819 0.9958647843344953
o 4850 0.017853440622913216 0.02222908520215816
o 4860 0.9841204339111642 0.9877948118642123
o 4870 0.6005935375430511 0.6158099893651323
o 4880 0.08640599666222173 0.09537208720647605
o 4890 0.9946075303645595 0.9966634698045075
o 4900 0.2069225024750657 0.21969417127443103
o 4910 0.6559467475149212 0.6706781990620301
o 4920 0.9814243594904546 0.985411843102362
o 4930 0.8845645071534896 0.89434407794831
o 4940 0.6530719940703591 0.6678339166794427
o 4950 0.9996330653686861 0.9999891487861118
o 4960 0.5401951059062235 0.5557087308444749
o 4970 0.04589911839895307 0.05265316696251854
o 4980 0.010823632192794839 0.014301692943926914
o 4990 0.5581039748127388 0.5735538359381815
o 5000 0.999784848241918 0.9999999949993749
o 5010 0.9945404942367145 0.9966105410165468
o 5020 0.9728139368301115 0.9776652349216496
o 5030 0.9171297036271635 0.9255280584713182
o 5040 0.2563158305287604 0.2700440139215834
o 5050 0.11063841967218305 0.12061127409166528
o 5060 0.766605464085601 0.7796624383609337
o 5070 0.1830470736290359 0.19525775630744224
o 5080 0.9959832026584181 0.9977269996889246
o 5090 0.8466874774774674 0.8577537114782812
o 5100 0.9942505570648942 0.9963806269614328
o 5110 0.9352519205781641 0.9427198188011415
o 5120 0.9887878044503835 0.9918457155408984
o 5130 0.0149646120770098 0.018999036719091866
o 5140 0.980556709348832 0.9846397973882158
o 5150 0.42828210381915044 0.44373946529799746
o 5160 0.9660664638417632 0.9714949901121688
o 5170 0.9985078691024893 0.9994797052294327
o 5180 0.02159240847867865 0.026368698116317923
o 5190 0.7752933150272777 0.788171685225192
o 5200 0.9963031471150466 0.9979668397331242
o 5210 0.9777077242088275 0.9820897717752662
o 5220 0.9724787923951559 0.9773604933417325
o 5230 0.9151226506099369 0.9236157783568923
o 5240 0.1949013192513073 0.20739945911479307
o 5250 0.7857443651784994 0.7983971451608755
o 5260 0.9997041638433971 0.9999976422569008
o 5270 0.994518159778464 0.9965928871040928
o 5280 2.357743099213211e-06 0.0002958361566028911
o 5290 0.22039694243024502 0.23345513487663416
o 5300 0.9563020047019528 0.9624627226061464
o 5310 0.9178466927379183 0.9262108311311519
o 5320 0.935807294191291 0.9432442605214417
o 5330 0.23602055524094173 0.24938619779453164
o 5340 0.010079375308177584 0.013446263882625709
o 5350 0.9556183010990215 0.961826654644854
o 5360 0.9881847567826662 0.9913289936660207
o 5370 0.5646370368135046 0.5800585764991377
o 5380 0.15729735204231196 0.16881629419024502
o 5390 0.949742744307829 0.9563441719443113
o 5400 0.9418603642436022 0.948949177025306
o 5410 0.022468076513725416 0.02733270185155945
o 5420 0.9715367530521459 0.9765028526592406
o 5430 0.9706373167752134 0.9756825939044109
o 5440 0.9993257723589525 0.9998990270247117
o 5450 0.8060378978517556 0.8182168399815128
o 5460 0.9987614482791993 0.999625557902435
o 5470 0.9963949261562345 0.9980349958952714
o 5480 0.9105378463079454 0.9192421060335595
o 5490 0.9361364439946401 0.9435550012683138
o 5500 0.7746264304590161 0.7875187925335563
o 5510 0.7320934800834485 0.7457859603889554
o 5520 0.2656375383249857 0.27951913567358366
o 5530 0.1148779301313755 0.12501030052643158
o 5540 0.4739555723945452 0.48953058145864037
o 5550 0.8453879858537304 0.8564936358737414
o 5560 0.4010335904001769 0.4163571865283956
o 5570 0.9163513689918245 0.9247866517182138
o 5580 0.2768088718557122 0.2908640046920241
o 5590 0.4370841386250524 0.4525744579252967
o 5600 0.11055993085103982 0.1205297900118143
o 5610 0.6922595888716007 0.7065531862979014
o 5620 0 0.00016586723531085122
o 5630 0.08110950950795294 0.08983041578707374
o 5640 0.8666251031563039 0.8770494489469775
o 5650 0.45177964290859995 0.4673139926932425
o 5660 0.5093890044226537 0.5249652056988184
o 5670 0.30953962412064784 0.32404213843969853
o 5680 0.0033894589834533137 0.005459505763285466
o 5690 0.35728017138922646 0.372285409378994
o 5700 0.1938933614825429 0.20636776122788003
o 5710 0.5267400564581032 0.5422883098245391
o 5720 0.9980156978384686 0.999172677844584
o 5730 0 0.00016586723531085122
o 5740 0.353477774620454 0.3684490938271302
o 5750 0.7136088065954657 0.7275968195031486
o 5760 0.8455301108470493 0.8566314635471483
o 5770 0.9715367530521459 0.9765028526592406
o 5780 0.9988130027235841 0.999653867701341
o 5790 0.9494947912497848 0.9561122076515677
o 5800 0.869412489641702 0.8797411350387445
o 5810 0.99294437724161 0.9953274298730065
o 5820 0.7707872560313354 0.7837592493596716
o 5830 0.002255805956077755 0.003994006559359109
o 5840 0.5537159633221715 0.5691833236096573
o 5850 0.00572019663560183 0.008327440581421652
o 5860 0.7912857228779306 0.8038139376160769
o 5870 0.7945426129261703 0.8069959605244736
o 5880 0.9526166415707116 0.9590293162704572
o 5890 0.35321899133662105 0.36818796475466486
o 5900 0.2139651435374646 0.22688912725100574
o 5910 0.007841195219397893 0.01084542648502107
o 5920 0.9998341327646891 1
o 5930 0.3687103201171777 0.38381139097433237
o 5940 0.36574282372039557 0.3808198918548513
o 5950 0.8268240776988327 0.8384637290161157
o 5960 0.011383029171836128 0.014942063074104395
o 5970 0.9901279733461981 0.9929850222874228
o 5980 0.9992409148798167 0.9998643624923798
o 5990 0.7314885080765645 0.7451911347777223
o 6000 0.5800733276069208 0.5954170953381112
o 6010 0.1272352771081536 0.13780869534722417
o 6020 0.9622788632508763 0.9680038633244354
o 6030 0.5371111549900489 0.5526337197834867
o 6040 0.0004758668143244943 0.001416712981098911
o 6050 0.02187785334203337 0.026683146108952616
o 6060 0.18502215088853693 0.19728200371347782
o 6070 0.6337605349280054 0.6487118550206941
o 6080 0.9343676072814179 0.9418844261207607
o 6090 0.9646294322970386 0.9701725050387012
o 6100 0.9482553757066191 0.9549520362387132
o 6110 0.9998341327646891 1
o 6120 0.9543964563612255 0.960688907442632
o 6130 0.812092463601302 0.8241202547315628
o 6140 0.997894911366256 0.9990936226399529
o 6150 0.9267870467543441 0.934707506353714
o 6160 0.10604812897920977 0.11584315037026693
o 6170 0.8137533328659188 0.8257388315717653
o 6180 0.9089422099453892 0.9177182725867109
o 6190 0.6801228764621117 0.694573965115694
o 6200 0.8008761537650523 0.8131803061611556
o 6210 0.08449008458924534 0.09336866501062602
o 6220 0.09329271091504741 0.10256298319357882
o 6230 0.43916026192613844 0.4546576336156939
o 6240 0.6377985706775471 0.652712464142909
o 6250 0.4155724410695374 0.4309734218243262
o 6260 0.15034075723977577 0.1616552749861444
o 6270 0.03088260494223497 0.03651507323129466
o 6280 0.05043054385487374 0.057480134348129486
o 6290 0.14746470029152234 0.1586923189543481
o 6300 0.8718139483456359 0.882058877403718
o 6310 0.9996678275924519 0.9999940967944916
o 6320 0.8677033411642925 0.8780908521735071
o 6330 0.9507141237426051 0.9572524686650313
o 6340 0.6711498030864171 0.6857100459594089
o 6350 0.9998341327646891 1
o 6360 0.6139401655636597 0.6290588783867213
o 6370 0.07527188526021733 0.08371007361468807
o 6380 0.5529145660846633 0.5683849904682298
o 6390 0.998532952220799 0.9994945720557045
o 6400 0.7379222294455038 0.7515152613518898
o 6410 0.9963260758000116 0.9979838949949381
o 6420 0.992307169660904 0.9948049207320403
o 6430 0.6322137769187413 0.6471791321532467
o 6440 0.39331825759295624 0.408595128082194
o 6450 0.9938948615616364 0.9960964990743865
o 6460 0.79480561910286 0.8072528665710957
o 6470 0.8361533972253311 0.8475313006041896
o 6480 0.9368771398960067 0.9442540590557864
o 6490 0.00013563750762027172 0.0007590851201833004
o 6500 0.01952124698742413 0.02408064183631997
o 6510 0.00010097297528831012 0.0006742276410476311
o 6520 0.3132364579404969 0.32778405039539105
o 6530 0.7535204301492124 0.7668318451663548
o 6540 0.9813820065210773 0.985374210954933
o 6550 0.9960059934406409 0.9977441940439223
o 6560 0.889356022894342 0.8989509691472867
o 6570 0.15717907689935665 0.16869460988346885
o 6580 0.6320932538261299 0.6470596956969137
o 6590 0.25016966588961714 0.26379226986710314
o 6600 0.999784848241918 0.9999999949993749
o 6610 0.9990496341945716 0.9997764839702489
o 6620 0.9407271629479419 0.9478827553804589
o 6630 0.975772248462549 0.9803459131581002
o 6640 0.0001722718904719812 0.0008420520734764292
o 6650 0.8743992529657514 0.8845527127770486
o 6660 0.9733168538910473 0.9781221466579665
o 6670 0.24733510141516754 0.2609077990858465
o 6680 0.18778768862003212 0.20011552056401893
o 6690 0.9636097421916465 0.9692325377234479
o 6700 0.8605240413119687 0.8711525411214618
o 6710 0.985591509708457 0.9890832041184415
o 6720 0.8397043504942978 0.8509791643458386
o 6730 0.8365185923965734 0.8478859837610172
o 6740 0.9386060291565425 0.9458845947937129
o 6750 0.07669650171613619 0.08520496046418113
o 6760 0.9911491013581167 0.993843480123594
o 6770 0.9544999764691549 0.960785352770447
o 6780 0.9982106455758747 0.9992974473203111
o 6790 0.022334765078349826 0.027186063169888586
o 6800 0.42139788808901146 0.43682600653201886
o 6810 0.9795001840328239 0.9836966910968411
o 6820 0.9957784861890406 0.9975718466746825
o 6830 0.8673371339145349 0.8777371812707582
o 6840 0.9322090954678837 0.9398436555238693
o 6850 0.9173755173883383 0.9257621630352745
o 6860 0.9794579574023573 0.9836589324103197
o 6870 0.9226428823510345 0.9307730478759001
o 6880 0.7962623437288625 0.8086756557887136
o 6890 0.9228684596508022 0.9309873956200441
o 6900 0.9346760650580963 0.9421758657883865
o 6910 0.9777919794621519 0.9821654874415168
o 6920 0.0005802957095331146 0.0015919415317193764
o 6930 0.0004611764681660107 0.0013914574822913028
o 6940 0.9995668564461039 0.999976016692425
o 6950 0.20375819934998998 0.2164595544747232
o 6960 0.6567911379056459 0.6715135254852229
o 6970 0.09601424676614312 0.10540050421820424
o 6980 0.41635043381278 0.43175516619409193
o 6990 0.9949210433152184 0.9969097889562678
o 7000 0.056814006655949746 0.06425441811097399
o 7010 0.43892070224279367 0.45441727418453315
o 7020 0.9983832285394911 0.9994045786411975
o 7030 0.8894376056964297 0.8990293592232361
o 7040 0.0017785149718718824 0.003351749902930523
o 7050 0.9118474116832583 0.9204921055291067
o 7060 0.9679429911096651 0.9732178304378837
o 7070 0.9390177958204639 0.946272691165603
o 7080 0.003548536589701714 0.005660324620525348
o 7090 0.25593907930774784 0.26966089331571896
o 7100 0.37966678672251625 0.3948512166229997
o 7110 0.11650757035262209 0.12670009821428818
o 7120 0.5839837411144999 0.5993053673618025
o 7130 0.9781923171025078 0.9825250114948438
o 7140 0.5395542603095377 0.5550697921345487
o 7150 0.09444775764773623 0.10376753610587985
o 7160 0.9317364370316338 0.9393964710787074
o 7170 0.9729396433529213 0.9777794856238431
o 7180 0.9782344700883144 0.9825628439333737
o 7190 0.8588367147829011 0.8695204292564218
o 7200 0.46416429694708156 0.4797251596469234
o 7210 0.6273932470290691 0.6424012800703461
o 7220 0.9712647563788931 0.9762549416102156
o 7230 0.9464385880138105 0.9532494291523449
o 7240 0.6184171465318478 0.6335003940708541
o 7250 0.9607620909843557 0.9666011440627218
o 7260 0.8780036125740845 0.8880271543202545
o 7270 0.8568041451872965 0.8675536754212659
o 7280 0.8702875275922599 0.8805858059664043
o 7290 0.0015267158429869468 0.0030038289387994688
o 7300 0.03852038281572039 0.044754536900163844
o 7310 0.049829780476402005 0.056841110406780415
o 7320 0.1932214247402602 0.20567992753685127
o 7330 0.15106973196958384 0.16240605013819975
o 7340 0.20915764146220214 0.22197826951955357
o 7350 0.4143157250309883 0.42971056252710194
o 7360 0.012149070563936151 0.015815706584702882
o 7370 0.0013112562352185406 0.0026995616632110586
o 7380 0.983928907088528 0.9876264073575797
o 7390 0.032207421017252456 0.03794977572261482
o 7400 0.9087990327727864 0.9175814973340458
o 7410 0.05479469178203794 0.06211444463577598
o 7420 0.003761284508014363 0.005927442328811705
o 7430 0.7298350019915175 0.7435651940337753
o 7440 0.9443135915862462 0.9512551331613015
o 7450 0.9992689677678922 0.9998761603306536
o 7460 0.9991854194751913 0.9998401310800589
o 7470 0.39262058584696835 0.4078930357636187
o 7480 0.02668653102402327 0.031952682631260054
o 7490 0.9493501628481134 0.9559768842589466
o 7500 0.999784848241918 0.9999999949993749
o 7510 0.9960516027518843 0.9977785547768216
o 7520 0.7442973297348349 0.7577780291012347
o 7530 0.32381310658570295 0.33848381453825926
o 7540 0.999297246851899 0.9998877222821806
o 7550 0.9931647753590979 0.9955069310599574
o 7560 0.9353547612628932 0.9428169439217011
o 7570 0.9959832026584181 0.9977269996889246
o 7580 0.964795975075575 0.9703259062759708
o 7590 0.026074638751754142 0.031284800386290335
o 7600 0.005629487794368535 0.00821819570819915
o 7610 0.7930051207800588 0.8054939658176395
o 7620 0.0002366864964226909 0.0009770973609918299
o 7630 0.9974418742737955 0.998787169461314
o 7640 0.8786961419248112 0.8886943946464516
o 7650 0.5546175595784486 0.5700814240293066
o 7660 0.6862005745467493 0.7005742304939107
o 7670 0.9216176645520381 0.9297986063359076
o 7680 0.2586756322333663 0.272443409459171
o 7690 0.9946969897174516 0.99673396320075
o 7700 0.9938948615616364 0.9960964990743865
o 7710 0.9622580766298522 0.9679846569177746
o 7720 0.5587451967251801 0.5741923983272157
o 7730 0.03584219068805198 0.04187369191570278
o 7740 0.7917711822984805 0.8042883161561591
o 7750 2.357743099213211e-06 0.0002958361566028911
o 7760 0.1953559090313767 0.2078647140444826
o 7770 0.9991854194751913 0.9998401310800589
o 7780 4.5058589854506926e-07 0.0002572679890114893
o 7790 0.48352993951289264 0.4991129857552353
o 7800 0.8804073318956708 0.8903426355904125
o 7810 0.9861471695818834 0.9895673409410783
o 7820 0.49154742212376473 0.5071328003044266
o 7830 0.022582359579705665 0.027458376046691102
o 7840 0.9994730802517786 0.9999506585660503
o 7850 0.680102754013641 0.694554094307481
o 7860 0.9238324109412883 0.9319031240179382
o 7870 0.9505074162755718 0.9570592450534933
o 7880 0.9093513064901813 0.9181090401081867
o 7890 0.9658997807856016 0.9713417292743319
o 7900 0.009466866671353555 0.012739035109643915
o 7910 0.3926405191005562 0.4079130957691136
o 7920 0.6375574778425341 0.652473637881693
o 7930 0.3321461921911455 0.34690790380148184
o 7940 0.614421960450673 0.6295369217054767
o 7950 0.9997427320109885 0.9999995494141014
o 7960 0.9667125413195798 0.9720886950624822
o 7970 0.3482030476315512 0.36312560741724087
o 7980 0.8625369902854872 0.8730989222149717
o 7990 0.2679586590378161 0.2818772257626674
o 8000 0.9901496493698395 0.9930033376199513
o 8010 0.0650783497812941 0.07298717214373696
o 8020 0.018080621513081506 0.02248181711727615
o 8030 0.8403537759310062 0.8516095225744426
o 8040 0.9725206796913893 0.9773985918037708
o 8050 0.964795975075575 0.9703259062759708
o 8060 0.9675883420778317 0.972892599102659
o 8070 0.9956877226395184 0.9975026664820278
o 8080 0.7294115628508595 0.7431487748387251
o 8090 0.31800734835893285 0.332611541661061
o 8100 0.20686316642790817 0.21963352757243604
o 8110 2.357743099213211e-06 0.0002958361566028911
o 8120 0.3936970004676393 0.4089762571283868
o 8130 0.8360722441538976 0.8474524807136089
o 8140 0.09194215581596984 0.10115400657424811
o 8150 0.995960421005609 0.997709796129333
o 8160 0.9922633240622374 0.9947687854383376
o 8170 0.9505074162755718 0.9570592450534933
o 8180 0.7658176924329195 0.7788904732175564
o 8190 0.052427550290910965 0.05960242172697794
o 8200 0.015661812924024174 0.01978156216855287
o 8210 0.9996678275924519 0.9999940967944916
o 8220 0.27186741084696114 0.285847145168733
o 8230 0.9914542712242681 0.9940981833577129
o 8240 0.9994130827814863 0.9999311292217226
o 8250 0.9882493095669861 0.9913844163520101
o 8260 0.9997041638433971 0.9999976422569008
o 8270 0.9946075303645595 0.9966634698045075
o 8280 0.04367515750955987 0.0502779193502958
o 8290 0.48618888261830195 0.5017731461963344
o 8300 0.01462578904506658 0.01861799347892268
o 8310 0.9503627310776105 0.9569239784904923
o 8320 0.4770134622603148 0.49259166033189083
o 8330 0.9911926670051865 0.9938798964580051
o 8340 0.6534941418406657 0.6682516273180881
o 8350 0.9781080181437533 0.982449339595007
o 8360 0.9959832026584181 0.9977269996889246
o 8370 0.2901897908084163 0.30443854003264237
o 8380 0.999103496509203 0.9998024115070666
o 8390 0.9936509981065429 0.9959004803202396
o 8400 0.5684653238211149 0.5838690020244153
o 8410 0.1041069031782988 0.11382504718363495
o 8420 0.00931859905927629 0.012567366913198263
o 8430 0.9833760316101646 0.9871394804012125
o 8440 0.8485151293431946 0.859525450987532
o 8450 0.035899950769793305 0.04193591102266925
o 8460 0.9878836915278659 0.9910701729119886
o 8470 0.9112744403119992 0.9199452672807997
o 8480 0.86160163225654 0.8721945915349432
o 8490 0.05027549561905401 0.05731523746280276
o 8500 0.977518182882724 0.9819193784869186
o 8510 0.9994730802517786 0.9999506585660503
o 8520 0.4524586763306593 0.46799473009869574
o 8530 0.4905076355715617 0.5060929373494001
o 8540 0.3374974323417109 0.3523148499611042
o 8550 0.9911055455129469 0.9938070539518886
o 8560 0.9972065160734749 0.9986227536460907
o 8570 0.6410937116027671 0.6559762175248858
o 8580 0.00015986891994112005 0.0008145805248086502
o 8590 0.9587486068311015 0.9647353023752985
o 8600 0.7789312926918313 0.7917324925728372
o 8610 0.9507554672666211 0.9572911113555361
o 8620 0.43039755964987625 0.44586329496950305
o 8630 0.9651707621841 0.970670993146669
o 8640 0.914365079806365 0.9228936008729219
o 8650 0.7450035499948892 0.7584715726969582
o 8660 0.9004595233279271 0.9096037780376238
o 8670 0.02796874755136253 0.0333499949998427
o 8680 0.058698528289201184 0.06624923323002352
o 8690 0.8818335828871181 0.8917159103037167
o 8700 0.9078582389334872 0.9166826037819091
o 8710 0.5488277567831419 0.5643131748328022
o 8720 0.0006410764471717533 0.0016909888185497879
o 8730 0.10285223713839037 0.11252014707233493
o 8740 0.6444696207209737 0.6593191757304306
o 8750 0.9986085425177087 0.999538823531834
o 8760 0.9942505570648942 0.9963806269614328
o 8770 0.009912187074404498 0.013253523396740241
o 8780 0.7249558541311557 0.7387659743722563
o 8790 0.44239449604214803 0.45790230754753436
o 8800 0.9979672929505882 0.9991411475683059
o 8810 0.012729362945717962 0.016475178117934752
o 8820 0.9993545677321735 0.9999100498624319
o 8830 0.993850483192733 0.996060899066795
o 8840 0.030057630237845925 0.035620348478472064
o 8850 0.7892631236381495 0.8018372120039559
o 8860 0.9773286867549997 0.9817489399384544
o 8870 0.9421076612004079 0.9491817977746285
o 8880 0.985591509708457 0.9890832041184415
o 8890 0.9934960807069686 0.9957754712998993
o 8900 0.3127594172476121 0.3273012529222621
o 8910 0.5984465905414224 0.6136776576691615
o 8920 0.9852072689865071 0.9887475846132617
o 8930 0.6456151106505487 0.6604533014963734
o 8940 5.903205508420937e-06 0.0003321724075481258
o 8950 0.9968102306136053 0.9983393779131835
o 8960 0.9628194047469764 0.9685031404760643
o 8970 0.9894137747722214 0.9923795026130479
o 8980 0.9990496341945716 0.9997764839702489
o 8990 0.9987871854159925 0.9996397540167659
o 9000 0.999784848241918 0.9999999949993749
o 9010 0.21800206902867364 0.2310108249034618
o 9020 0.8408002755713108 0.852042874200917
o 9030 0.34119816033717815 0.3560528679152042
o 9040 0.006539470746260415 0.009307760629671535
o 9050 0.002688238038480897 0.004561223072130582
o 9060 0.8389534943634467 0.8502502706072164
o 9070 0.6178951315967984 0.6329825842852039
o 9080 0.8153333551193749 0.8272782824206213
o 9090 0.5134107302118058 0.5289821251144047
o 9100 0.027413585061800593 0.03274536124026994
o 9110 0.9981861524596591 0.9992819780723441
o 9120 0.2730580271254511 0.2870561241929057
o 9130 0.84997745690974 0.8609426364866739
o 9140 0.6485694855399323 0.6633779354971678
o 9150 0.9495154531031488 0.9561315389113161
o 9160 0.42117841644278736 0.4366055523250887
o 9170 0.051147753945234596 0.058242670499570104
o 9180 0.99561973517329 0.9974506954889379
o 9190 0.5257992161965547 0.5413494668817137
o 9200 0.9863610969728132 0.9897533348799479
o 9210 0.9533615142166743 0.9597241950631922
o 9220 0.9968566305867083 0.998372940528608
o 9230 0.2822873838886868 0.2964236311573024
o 9240 0.9359924373171974 0.9434190558316997
o 9250 0.05258271545369988 0.059767201743355924
o 9260 0.8226887803099691 0.8344404048356495
o 9270 0.9941392710828884 0.9962919688562998
o 9280 0.06648022648444167 0.07446480439514258
o 9290 0.6952191725455518 0.7094726112619988
o 9300 0.20138535832811683 0.2140332055927472
o 9310 0.5260394280983696 0.5415891740959216
o 9320 0.9915633822032628 0.9941890266049113
o 9330 0.4103065455430265 0.42568109690270295
o 9340 0.9981128936006963 0.9992353457234481
o 9350 0.8202365554178022 0.8320534472478914
o 9360 0.07778963608267667 0.08635144516301851
o 9370 0.4262865222371847 0.441735720936555
o 9380 0.49066760054201114 0.5062529184570495
o 9390 0.9845250258525413 0.9881500744427956
o 9400 0.921146137124295 0.9293502904413962
o 9410 0.9983832285394911 0.9994045786411975
o 9420 0.9765711427264191 0.9810667446702946
o 9430 0.8507290028638317 0.8616708402902739
o 9440 0.9991306438647708 0.9998151511351715
o 9450 0.7158455299134194 0.7297993474878772
o 9460 0.17325458543250682 0.18521359463741005
o 9470 0.995960421005609 0.997709796129333
o 9480 0.36821239677797923 0.38330948285044664
o 9490 0.9607205537916805 0.9665626951720806
o 9500 0.9554733009618275 0.9616917032193838
o 9510 0.9652748860481911 0.9707668342627368
o 9520 0.9794368450506541 0.983640052102083
o 9530 0.999784848241918 0.9999999949993749
o 9540 0.970344626208215 0.9754153836081106
o 9550 0.9715995307892835 0.9765600536173797
o 9560 0.024966469100500422 0.030073379585567328
o 9570 0.9991854194751913 0.9998401310800589
o 9580 0.9265407532343558 0.9344738817229095
o 9590 0.6551224867510842 0.6698627362683669
o 9600 0.8290138547757563 0.8405932221115763
o 9610 0.7582849694838782 0.7715057133310894
o 9620 0.8834638779356303 0.8932850731371186
o 9630 0.5290222096502702 0.5445653882334307
o 9640 0.84360141507656 0.8547608016746904
o 9650 0.9995668564461039 0.999976016692425
o 9660 0.999442873695936 0.9999411111022777
o 9670 0.9922414058479189 0.9947507131873994
o 9680 0.9974182533663415 0.9987708140525817
o 9690 0.4806113534325153 0.49619255591278677
o 9700 0.9792468626074285 0.9834701005629122
o 9710 0.23901205394881767 0.2524336802412064
o 9720 0.4673810994100497 0.4829472719957931
o 9730 0.9976315921770181 0.9989172519476788
o 9740 0.012242604669459176 0.015922134281955658
o 9750 0.9578567059434183 0.9639075016251797
o 9760 0.5334268262945558 0.5489592887098772
o 9770 0.0034777824684113132 0.0055711244494914824
o 9780 0.2823667920151571 0.29650419605305967
o 9790 0.3719370704256296 0.38706354855345204
o 9800 0.999784848241918 0.9999999949993749
o 9810 0.88540026834329 0.8951480388689641
o 9820 0.04471918995943219 0.051393515090831565
o 9830 0.8764354370845311 0.8865158513806493
o 9840 0.0028975181113279416 0.004831786920896919
o 9850 0.00038871728888304033 0.0012642119053347667
o 9860 0.18413333424501613 0.19637112425368064
o 9870 0.942437420454968 0.9494919287797906
o 9880 0.6557658101032108 0.6704991971564065
o 9890 0.9969961710612005 0.998473284157013
o 9900 0.9207976459927929 0.9290188973677399
o 9910 0.5753614371570983 0.590730569877231
o 9920 0.9411803959426256 0.9483093715854635
o 9930 0.05188453706988835 0.05902562685258883
o 9940 0.23617903398807705 0.24954766506790182
o 9950 0.060117461523617674 0.06774980114826612
o 9960 4.934143394975716e-05 0.0005269197482213883
o 9970 0.006010914361999888 0.00867657644744202
o 9980 0.9983090111814502 0.9993589235528282
o 9990 0.9998341327646891 1
