
x disttype infty-general-gaussian
x k 1530
x std 0.5
x N 50000
x alpha 0.0005

o 0 0.8814464340651399 0.891343187868253
o 10 0.8734424029027915 0.8836298811275477
o 20 0.6348051460753038 0.6497468932950518
o 30 0.7829945628679171 0.7957078655742398
o 40 0.8490228610752754 0.8600175501845181
o 50 0.9898247213393182 0.9927283946305603
o 60 0.990866160144025 0.9936065376155375
o 70 0.22485104150754098 0.23799951735652214
o 80 0.9424992541500912 0.9495500745064354
o 90 0.7782238514914189 0.7910401700264706
o 100 0.23067264449475977 0.2439359304110903
o 110 0.16887383140915033 0.1807158483911705
o 120 0.6764407277583087 0.6909373478440404
o 130 0.4384415883486488 0.45393654984974074
o 140 0.6072962100826884 0.6224650652560987
o 150 0.9697594582021462 0.9748807496703258
o 160 0.6649147076365667 0.6795472317143514
o 170 0.8964978562898924 0.9058067617473075
o 180 0.9743653986951764 0.9790732442593515
o 190 0.6202041141643984 0.6352728264415448
o 200 0.9367948328530407 0.9441763934700709
o 210 0.01847838085354272 0.022923905448437143
o 220 0.9930545307500314 0.9954172262285641
o 230 0.9831847941370394 0.9869707859933108
o 240 0.9983337061651681 0.9993741869624272
o 250 0.6411138051030046 0.6559961172826445
o 260 0.4590300732326057 0.4745811156228773
o 270 0.6154056494348543 0.6305129023906129
o 280 0.9740087691806122 0.9787499955013796
o 290 0.9981616966934683 0.9992664707710186
o 300 0.9541480274739115 0.9604574192716827
o 310 0.8777795705888561 0.8878112708192828
o 320 0.7577600073073589 0.7709908509573089
o 330 0.9799437208004372 0.9840929999193141
o 340 0.040603912757212486 0.04699026056833
o 350 0.9154093265037895 0.9238890072114284
o 360 0.7680598965192689 0.7810875200045831
o 370 0.6151848184396875 0.6302938075417661
o 380 0.7698174833436248 0.7828093460099661
o 390 0.9861685569028579 0.9895859457654106
o 400 0.9362598828098313 0.9436715214060167
o 410 0.6832420453762489 0.697653750968387
o 420 0.9502800575138375 0.9568466796172633
o 430 0.14244316596643425 0.1535155774556377
o 440 0.9227454161645094 0.9308704799920012
o 450 0.7887777352311787 0.8013627624426143
o 460 0.9178876665228197 0.9262498437321449
o 470 0.40893038077254656 0.42429772678628497
o 480 0.11236536534852128 0.12240373227844326
o 490 0.9776234780014634 0.9820140470505986
o 500 0.06836962551226008 0.0764547441089275
o 510 0.879938758268539 0.8898913650458928
o 520 0.7204405530722027 0.7343227864199271
o 530 0.9204696768117591 0.9287069755241837
o 540 0.864245254745928 0.87475008926874
o 550 0.22455406864317895 0.23769659144745447
o 560 0.9960972496712833 0.9978128775862452
o 570 0.9159417649725865 0.9243963918334583
o 580 0.8531667903440534 0.8640322411551478
o 590 0.9851432631293746 0.9886916136928459
o 600 0.6362515938463932 0.6511799601052907
o 610 0.9001939794607461 0.909349410154751
o 620 0.5935312584670617 0.6087946413090872
o 630 0.04216796268470391 0.04866565173314441
o 640 0.18182265570350523 0.1940025929559237
o 650 0.9581470482185518 0.964177062240277
o 660 0.9870679423889743 0.9903662277879981
o 670 0.9748271150971208 0.9794913700940219
o 680 0.5664007965634649 0.5818142235716708
o 690 0.1757613066092641 0.18778601558602248
o 700 0.9793735118373914 0.9835834073297887
o 710 0.6460371450697411 0.6608711254908312
o 720 0.15648916077780625 0.1679847625515526
o 730 0.18440984940439598 0.19665451454807037
o 740 0.009151904956075103 0.012374133499417739
o 750 0.9950332974105176 0.9969974730832851
o 760 0.7345538703098404 0.7482047471304396
o 770 0.30403511718609044 0.3184685132744588
o 780 0.8899067234587732 0.8994800855056926
o 790 5.000625091698381e-09 0.00021515175808195508
o 800 0.9989434220919977 0.9997230637730928
o 810 0.24644318519663935 0.260000018901306
o 820 0.2942412755694309 0.30854567950614353
o 830 0.7749497654326789 0.7878353495649563
o 840 0.9991579479265237 0.999827728109528
o 850 0.0005352166424441244 0.0015171602060198852
o 860 0.7934906294447895 0.8059682951081569
o 870 0.4776530578385568 0.49323184906518946
o 880 0.985079266883367 0.9886356331410749
o 890 0.6584598908462763 0.6731642129115818
o 900 0.5590858511924509 0.5745316292700611
o 910 0.22522721383810546 0.2383832168062423
o 920 0.8954363457616732 0.9047886250967515
o 930 0.7995202061116422 0.8118567062538254
o 940 0.9949434816817062 0.9969273383152467
o 950 0.5086087279582194 0.5241857450336499
o 960 0.996879851396403 0.9983897007921845
o 970 0.9089217558539361 0.9176987334745782
o 980 0.08050396385035637 0.08919617218625386
o 990 0.9087990327727864 0.9175814973340458
o 1000 0.9977031051647232 0.9989656589179493
o 1010 0.999599491460172 0.9999830535762632
o 1020 0.969529647067195 0.9746706385362891
o 1030 0.7129841741093558 0.7269816610824217
o 1040 0 0.00016586723531085122
o 1050 0.013779812171879787 0.017664306488128667
o 1060 0.9942728290862174 0.9963983436740477
o 1070 0.8684357966682982 0.8787981529665012
o 1080 0.9384001642683304 0.9456905281553266
o 1090 0.9496187648255017 0.956228192752981
o 1100 0.1538087070214967 0.16522613551349252
o 1110 0.9996330653686861 0.9999891487861118
o 1120 0.22728639455495772 0.24048333426689839
o 1130 0.01685105828123501 0.021111854054673307
o 1140 0.8121937308774055 0.8242189536820674
o 1150 0 0.00016586723531085122
o 1160 0.4856290868130654 0.5012131307285906
o 1170 0.9515411241727627 0.9580251924468288
o 1180 0.9435712330313587 0.9505577388366592
o 1190 0.9041373755027405 0.9131247036366619
o 1200 0.9732749348111812 0.9780840800153016
o 1210 0.9739039027971076 0.9786548976580371
o 1220 0.02140216637690283 0.026159011710306768
o 1230 0.1776564419106558 0.18973023184911997
o 1240 0.0386553589998862 0.044899512295074384
o 1250 0.9536512509941361 0.959994361582536
o 1260 0.418066076847433 0.4334789434613927
o 1270 0.797071690374873 0.8094660390496156
o 1280 0.30616126518651826 0.32062164373136626
o 1290 0.8626589997427868 0.8732168721533351
o 1300 0.008209586560757076 0.011276868587929645
o 1310 0.9966944655818283 0.9982552340301704
o 1320 0.5591259284316463 0.5745715385497163
o 1330 0.3204328859029769 0.3350651814888388
o 1340 0.9694252014691147 0.9745751194526666
o 1350 0.17741953642178518 0.18948721839072102
o 1360 0.9880987079115994 0.9912550751858688
o 1370 0.7277985347547863 0.7415623426031626
o 1380 0.06548717988900205 0.07341819879491684
o 1390 0.9836736566002813 0.9874017491770309
o 1400 0.33097264152186034 0.34572185227483276
o 1410 0.9964868811160671 0.9981029745163161
o 1420 0.2761340717489976 0.29017903411967416
o 1430 0.6243205789512809 0.6393549796261315
o 1440 0.6692590071783749 0.6838414757091602
o 1450 0.8712644086145083 0.8815285999520016
o 1460 0.976739425997327 0.9812184035447944
o 1470 0.5385329393494273 0.5540514568556298
o 1480 0.7304600935074056 0.7441798933933488
o 1490 0.9809163191787338 0.9849600616897576
o 1500 0.8492462700650357 0.8602340668023866
o 1510 0.44031815943434294 0.45581934516119493
o 1520 0.9712647563788931 0.9762549416102156
o 1530 0.4341698124164338 0.4496497682451853
o 1540 0.9858692419378133 0.9893253704539051
o 1550 0.9546863246986571 0.9609589423174256
o 1560 0.9996678275924519 0.9999940967944916
o 1570 0.5845653323067628 0.5998835806834757
o 1580 0.004028178884443026 0.006260385204911789
o 1590 0.061887061277864364 0.0696195798779834
o 1600 0.07000648794462493 0.07817730929330824
o 1610 0.0014767473742026275 0.0029338575831354685
o 1620 0.2904280947405478 0.3046801551720397
o 1630 0.9090035726394079 0.9177768895031825
o 1640 0.26422911253323483 0.2780880403883512
o 1650 0.9996678275924519 0.9999940967944916
o 1660 0.3303958302747696 0.3451388590535299
o 1670 0.1323873163968788 0.14313488329059576
o 1680 0.9808951599568537 0.9849412283248714
o 1690 0.02064164562172342 0.025319818960451212
o 1700 0.537711901190698 0.5532327713708789
o 1710 0.5415569457313653 0.5570664326705386
o 1720 0.7015019077002692 0.7156677719246671
o 1730 0.08531111142801268 0.0942273528355867
o 1740 0.8397449385942707 0.851018562725121
o 1750 0.9007046500143062 0.9098385698872605
o 1760 0.8262969614856447 0.8379510209211021
o 1770 0.8510946376345222 0.8620250837770747
o 1780 0.9082263582022032 0.9170343621933932
o 1790 0.14557398082717002 0.1567436874787379
o 1800 0.4651432894702686 0.4807058368488951
o 1810 0.8899679148287795 0.8995388737932106
o 1820 0.4685600087698018 0.4841279649589084
o 1830 0.005303521811671613 0.007824330623878994
o 1840 0.02216339468314142 0.0269974977339692
o 1850 2.398330757498869e-05 0.00043314355389612036
o 1860 0.9974891765373674 0.9988198190301265
o 1870 0.9631937278669772 0.968848691722365
o 1880 0.9644629073487915 0.9700190859559866
o 1890 0.7479497532369094 0.7613643843759967
o 1900 0.9974182533663415 0.9987708140525817
o 1910 0.8562757396400361 0.8670422568653147
o 1920 0.9823356935118714 0.9862201878281207
o 1930 0.8349970142117796 0.8464080689018718
o 1940 0.91839986620196 0.9267374738670302
o 1950 0.30975823924760715 0.3242634491374715
o 1960 0.07927355276050331 0.08790701162431136
o 1970 0.9890898132850111 0.9921035901202688
o 1980 0.9971830790248064 0.9986062120708106
o 1990 0.1519760867108874 0.1633393844487876
o 2000 0.6533534251987565 0.6681123911570706
o 2010 0.11452455526949351 0.1246437972961385
o 2020 0.9919567405158354 0.994515501359721
o 2030 0.25363905723777336 0.26732169792675786
o 2040 0.910681065610149 0.9193788391436243
o 2050 0.9651499382678387 0.9706518240661349
o 2060 0.1773800525494637 0.18944671577192418
o 2070 0.21661674810796028 0.2295966182652861
o 2080 0.45106068218856504 0.46659319606662497
o 2090 0.9627154410127318 0.9684071390965192
o 2100 0.85117589139523 0.8621038029621976
o 2110 0.9002348316850093 0.9093885443537342
o 2120 0.0036902896897021992 0.005838481498974257
o 2130 0.9589560837221578 0.9649277560560298
o 2140 0.9954839710957356 0.9973465410699824
o 2150 0.9177237733218196 0.9260937913889787
o 2160 0.7212669478908045 0.7351361150409917
o 2170 0.9944065677150438 0.9965045368392506
o 2180 0.9002348316850093 0.9093885443537342
o 2190 0.651825690723334 0.6666006380554963
o 2200 0.7802249707732309 0.7929983824783648
o 2210 0.8443322529280551 0.8554697204095271
o 2220 0.9972299702688214 0.9986392778683405
o 2230 0.7667670622508662 0.7798207862047817
o 2240 0.42500941710388507 0.44045325746711694
o 2250 0.7850568744561306 0.7977248654131394
o 2260 0.8886218160834125 0.898245420046243
o 2270 0.7128431303522867 0.7268427520539845
o 2280 0.4241114839399287 0.4395514939577102
o 2290 0.9589768326330518 0.9649470002014037
o 2300 0.3232762190918692 0.33794088408512624
o 2310 0.2523503599436169 0.2660108337216949
o 2320 0.06577922702779197 0.07372604935094773
o 2330 0.7642624425861799 0.777366242714639
o 2340 0.9932971925796634 0.9956144525825571
o 2350 0.08161743937150807 0.09036230918883048
o 2360 0.7631920182144796 0.7763170247612762
o 2370 0.9480282117176947 0.9547392759168588
o 2380 0.8696159797418488 0.879937577237271
o 2390 0.6431835123346005 0.6580457156144248
o 2400 0.9227864303068893 0.9309094522212008
o 2410 0.9827600748778752 0.9865956561620418
o 2420 0.3435262928244234 0.35840394659990005
o 2430 0.7167725228841173 0.7307120442421682
o 2440 0.9537133421698714 0.9600522496816868
o 2450 0.9985832870189011 0.9995241331856756
o 2460 0.5327460730697609 0.5482802711072505
o 2470 0.9950332974105176 0.9969974730832851
o 2480 0.9863824963889312 0.9897719275815435
o 2490 0.6651158170592185 0.6797460548636988
o 2500 0.6172125106820923 0.6323054344108809
o 2510 0.43656512922601326 0.45205364257684255
o 2520 0.722798880358234 0.7366436699197318
o 2530 0.8887033912141205 0.8983238177954713
o 2540 0.39228172256170996 0.4075520136462447
o 2550 0.34374518716880215 0.358624978092563
o 2560 0.7793153437311643 0.7921083132805927
o 2570 0.07154647693490561 0.0797967821923179
o 2580 0.7999047170819487 0.8122320669811807
o 2590 0.1715376391774829 0.18345112860319235
o 2600 0.9953710406785294 0.9972595379004648
o 2610 0.9940058868960785 0.9961854192572273
o 2620 0.7570331593225906 0.7702779418705142
o 2630 0.48780834689003016 0.503393135964452
o 2640 0.9714321312418132 0.9764075099692007
o 2650 0 0.00016586723531085122
o 2660 0.16928816772221475 0.18114137020393994
o 2670 0.6217903903405572 0.63684601768103
o 2680 0.9974418742737955 0.998787169461314
o 2690 0.02852416645619227 0.03395437257571621
o 2700 0.7766069459603286 0.7894576155547248
o 2710 0.9958921299523205 0.9976581311058543
o 2720 0.7266090007376584 0.7403922746203678
o 2730 0.892966893397874 0.9024188982928041
o 2740 0.7333639751615318 0.7470350403050536
o 2750 0.99612008746949 0.9978300245310231
o 2760 0.9381325581679579 0.9454382232625596
o 2770 0.1960477005470016 0.20857268622027503
o 2780 0.9981372773655336 0.9992509263546009
o 2790 0.9955065793665261 0.9973639193559748
o 2800 0.49236727756727217 0.5079526685107743
o 2810 0.0017616340981488892 0.0033286484700139063
o 2820 0.9948537648378093 0.9968571040220039
o 2830 0.9801127639515805 0.9842438978276863
o 2840 0.9996678275924519 0.9999940967944916
o 2850 0.9954613703038478 0.997329155250577
o 2860 0.044641838095870245 0.051310894486573666
o 2870 0.8044385901357857 0.8166566812298849
o 2880 0.9937839489956886 0.9960074655232721
o 2890 0.765676300923631 0.7787519119682175
o 2900 0.03028780524144763 0.03587008956039617
o 2910 0.8708980664929168 0.8811750639479634
o 2920 0.060175786112030234 0.06781145606455607
o 2930 0.5913848123753263 0.6066618086905082
o 2940 0.03753727739385321 0.043697995298046965
o 2950 0.5459632986453462 0.5614585968585102
o 2960 0.8576171270176505 0.8683404229715463
o 2970 0.869005522290692 0.879348237789731
o 2980 0.9061201970292202 0.9150212232181336
o 2990 0.7722824198918553 0.7852235860476485
o 3000 0.99612008746949 0.9978300245310231
o 3010 0.9859974915814419 0.9894370738491705
o 3020 0.9786139534334936 0.9829032292559474
o 3030 0.5343078226429673 0.5498379957849717
o 3040 0.9997427320109885 0.9999995494141014
o 3050 0.5165724408727224 0.5321393494884488
o 3060 0.9523890882988726 0.9588169454623758
o 3070 0.9577737587309008 0.9638304765778923
o 3080 0.6909510408510859 0.705262172669433
o 3090 0.9221507506012885 0.930305343152828
o 3100 0.9650666454495059 0.9705751448949322
o 3110 0.31041409584136426 0.3249273700183336
o 3120 0.09104194536416185 0.10021452925688301
o 3130 0.2507247303048207 0.26435701655431365
o 3140 0.9089831183380486 0.9177573506009928
o 3150 0.6611140217744432 0.6757891919552952
o 3160 0.30665805450617234 0.321124685828281
o 3170 0.9836098648093758 0.9873455637608001
o 3180 0.7989738113871659 0.8113232833008999
o 3190 0.5371111549900489 0.5526337197834867
o 3200 0.6020784315939287 0.617284596467158
o 3210 0.997894911366256 0.9990936226399529
o 3220 0.16084611897751677 0.17246631082030983
o 3230 0.3574394452130143 0.3724460816213442
o 3240 0.12171266988844522 0.13209320446794282
o 3250 0.035072243943970176 0.04104391627784221
o 3260 0.9013175058692396 0.9104255103614957
o 3270 0.7886766143636681 0.8012639170665701
o 3280 0.1484101756079722 0.15966651912610463
o 3290 0.7723632429478287 0.7853027359940118
o 3300 0.6184974573459608 0.6335800562906744
o 3310 0.8120722102274945 0.8241005148600824
o 3320 0.0048704328463778455 0.0072976511455792314
o 3330 0.4024293387108253 0.4177609663562887
o 3340 0.8567025267440249 0.86745532769117
o 3350 0.9554318741272942 0.9616531438920024
o 3360 0.5043275484956898 0.5199083669123733
o 3370 0.9565506786603606 0.9626939655433195
o 3380 0.9658997807856016 0.9713417292743319
o 3390 0.04131821085412713 0.047755707078817156
o 3400 0.016454359047843477 0.020668707113501772
o 3410 0.9694669786628086 0.974613328132676
o 3420 0.18518016817348668 0.1974439324029874
o 3430 0.9967407321599208 0.9982889314230393
o 3440 0.007289950849679033 0.01019692463196542
o 3450 0.010172301699703084 0.01355329799377647
o 3460 0.9069789328938015 0.9158422020030816
o 3470 0.6548209341203742 0.6695643900363277
o 3480 0.9975365616713056 0.998852384613813
o 3490 0.05027549561905401 0.05731523746280276
o 3500 0.5531349482937924 0.5686045341133463
o 3510 0.5762035095286908 0.5915682143929701
o 3520 0.9906270565796824 0.9934057384895714
o 3530 0.996211536534311 0.9978985135971825
o 3540 0.9339974910274631 0.9415346654270867
o 3550 0.01864892275288535 0.023113298364412338
o 3560 0.15229135651754183 0.16366400648873003
o 3570 0.710929048189685 0.724957474978626
o 3580 0.3520644487208957 0.367022898397403
o 3590 0.9962802289563542 0.9979497738504909
o 3600 0.007822793863967564 0.010823836220634098
o 3610 0.4298786609955464 0.4453423688778023
o 3620 0.4712976439800421 0.48686940632978737
o 3630 0.9879911809906673 0.9911626428272275
o 3640 0.04824130712554364 0.05515014666233553
o 3650 0.9991306438647708 0.9998151511351715
o 3660 0.9102105010806406 0.9189295600287389
o 3670 0.7482121065221085 0.7616219433766541
o 3680 0.11623266958160511 0.12641509379129945
o 3690 0.925227416645621 0.9332276547524964
o 3700 0.8668081918879551 0.8772262992945261
o 3710 0.46076802522601834 0.4763225772211891
o 3720 0.9892193496237016 0.9922140035157774
o 3730 0.9254120815191117 0.9334029285133767
o 3740 0.9804298368030188 0.9845267142806123
o 3750 0.20915764146220214 0.22197826951955357
o 3760 0.9984329360206239 0.9994347812916474
o 3770 0.6064934156704613 0.6216681293195332
o 3780 0.7346345435001995 0.7482840469551042
o 3790 0.5814168495163666 0.596753121791932
o 3800 0.9059975301642869 0.914903930844579
o 3810 0.7198358927146092 0.7337276491374888
o 3820 0.7970514562262626 0.8094462799506059
o 3830 0.941798542999518 0.9488910188413718
o 3840 0.15305986105303548 0.16445523833436937
o 3850 0.7286655229253711 0.7424150643618184
o 3860 0.9988648919050572 0.999681833128126
o 3870 0.5577232554957006 0.5731746833260938
o 3880 0.8023334183218116 0.814602555386372
o 3890 0.9085944998846612 0.9173860981843714
o 3900 0.4514601027985309 0.46699364064927384
o 3910 0.047582952730922265 0.054448734604123805
o 3920 0.4186645793860755 0.4340802387029552
o 3930 0.9473881239170984 0.9541395769662849
o 3940 0.2858014481405271 0.2999883731570918
o 3950 0.9472642531222645 0.954023489025488
o 3960 0.9727720379904534 0.9776271480159221
o 3970 0.0681748026232388 0.0762496351541253
o 3980 0.4829102175207793 0.49849291669517004
o 3990 0.34082010609989816 0.35567105025346124
o 4000 0.009466866671353555 0.012739035109643915
o 4010 0.7954328043748504 0.8078654719835117
o 4020 0.848230809235335 0.859249865773507
o 4030 0.8885606352920223 0.898186621177564
o 4040 0.9939170574978193 0.9961142922905799
o 4050 0.3534976811252451 0.36846918058052447
o 4060 0.9007250776408822 0.909858135471902
o 4070 0.8934770428204131 0.9029085792942636
o 4080 0.9519340463678413 0.9583921391936376
o 4090 0.3895709541623076 0.40482369882806823
o 4100 0.9995668564461039 0.999976016692425
o 4110 0.944292968054229 0.9512357635590847
o 4120 0.9516031603286773 0.9580831356000906
o 4130 0.9960972496712833 0.9978128775862452
o 4140 0.9369182941246595 0.9442928911411457
o 4150 0.8967224268175342 0.9060221165790707
o 4160 0.29251335402671813 0.3067941877677032
o 4170 0.3676945655891212 0.3827874893179092
o 4180 0.5635547789829471 0.57898119832411
o 4190 0.013685914062358185 0.01755824211761592
o 4200 0.5822390336437115 0.5975706612891748
o 4210 0.7760612725113958 0.7889234712495283
o 4220 0.0042066578373227016 0.006481800605071197
o 4230 0.5701491172419704 0.5855446423849198
o 4240 0.08507652025907633 0.09398202552563117
o 4250 0.2044701165064241 0.21718739429619394
o 4260 0.9853139669525077 0.9888408478975932
o 4270 0.8420789773176436 0.8532837465227853
o 4280 0.13211194941125756 0.14285034499208082
o 4290 0.42714460666218207 0.4425973466669316
o 4300 0.9842268712515203 0.9878883363076274
o 4310 0.23140541995407718 0.24468290528074277
o 4320 0.024107505998081393 0.029132661267854187
o 4330 0.9977987982532164 0.9990298540327246
o 4340 0.9550176489080109 0.9612675074633061
o 4350 0.937432761957418 0.944778252215219
o 4360 0.9294766572935018 0.9372570019375621
o 4370 0.9995349878824064 0.9999681957182619
o 4380 0.7740606078106391 0.786964804171749
o 4390 0.9962802289563542 0.9979497738504909
o 4400 0.1950001420300417 0.20750060257722247
o 4410 0.7275969143956899 0.741364030420183
o 4420 0.45683279848514136 0.47237913180706603
o 4430 0.9132800922832996 0.9218589488979057
o 4440 0.8766390806926836 0.8867121400393766
o 4450 0.42580760167278453 0.44125480327482014
o 4460 0.8299263662253514 0.8414804065522857
o 4470 0.8333539104208568 0.844811720175374
o 4480 0.9805778572144799 0.9846586421275972
o 4490 0.8561944487518656 0.866963574814084
o 4500 0.21155133725910746 0.22442375698497685
o 4510 0.9548105654872592 0.9610746600408199
o 4520 0.03399491997503655 0.03988162934963724
o 4530 0.4629655715030905 0.47852428950945325
o 4540 0.9980156978384686 0.999172677844584
o 4550 3.180428173812004e-05 0.0004650121175936439
o 4560 0.9743024545883541 0.9790162098587349
o 4570 0.6543183537572932 0.6690671389611189
o 4580 0.5360899124794536 0.5516153060541984
o 4590 0 0.00016586723531085122
o 4600 0.13321346201242104 0.14398845353556888
o 4610 0.4415160292444135 0.45702107092448263
o 4620 0.1751296502820799 0.18713788806531795
o 4630 0.5368308106451508 0.5523541584939207
o 4640 0.8451849530780857 0.856296736267884
o 4650 0.8390143729168674 0.8503093717731789
o 4660 0.42065967145525957 0.43608447256905125
o 4670 0.9766342450071565 0.9811236206992933
o 4680 0.4411366988771887 0.4566405293601017
o 4690 0.39798310702887596 0.4132887012591364
o 4700 0.16277863687681865 0.17445313069823065
o 4710 0.36962652141268126 0.3847348795716684
o 4720 0.648609683275618 0.6634177242769552
o 4730 0.5493485952286766 0.5648321611345659
o 4740 0.5458831776695388 0.5613787447962095
o 4750 0.2435893115790214 0.2570948640491093
o 4760 0.35128814497930994 0.3662394650719958
o 4770 0.6115714548845537 0.6267083845507567
o 4780 0.9128911859065634 0.9214879844945765
o 4790 0.6906893394114583 0.7050039617788441
o 4800 0.9997041638433971 0.9999976422569008
o 4810 0.9659831199491551 0.971418362059874
o 4820 0.8030823418323445 0.8153333820076751
o 4830 0.06354075071615232 0.07136531021777348
o 4840 0.9924826764449779 0.9949493369945279
o 4850 0.025520408331090903 0.030679235437379826
o 4860 0.9708046010024369 0.9758352529941605
o 4870 0.6018576994577225 0.6170654027563112
o 4880 0.1157025285989872 0.12586541761918524
o 4890 0.988206272833671 0.9913474694425795
o 4900 0.1968976560984576 0.2094424403512889
o 4910 0.6034028584970831 0.6185997246445017
o 4920 0.9657747808690377 0.9712267712594753
o 4930 0.8336784577354301 0.8451270647185392
o 4940 0.6641505055496449 0.6787916900276503
o 4950 0.9994130827814863 0.9999311292217226
o 4960 0.5650378825564087 0.5804575959432356
o 4970 0.05549354084319492 0.06285534916783031
o 4980 0.01868682685999437 0.023155379779636
o 4990 0.5531750179518992 0.5686444509741713
o 5000 0.9995349878824064 0.9999681957182619
o 5010 0.9851859326288351 0.9887289287140122
o 5020 0.9490196135431657 0.9556675437310311
o 5030 0.8834638779356303 0.8932850731371186
o 5040 0.27145070981807035 0.2854239878425925
o 5050 0.10985356587050335 0.11979639889120886
o 5060 0.7256211303225952 0.7394204755745212
o 5070 0.16745334514203547 0.17925682109672914
o 5080 0.9909314186088312 0.9936612524436703
o 5090 0.8168932859073469 0.8287978314686688
o 5100 0.9859974915814419 0.9894370738491705
o 5110 0.892926082957872 0.9023797222985042
o 5120 0.9777919794621519 0.9821654874415168
o 5130 0.019426376433390586 0.023975548441191985
o 5140 0.9558668953697999 0.9620579773234881
o 5150 0.40274837589952706 0.41808182131369453
o 5160 0.9561155184039654 0.9622892712194184
o 5170 0.9960972496712833 0.9978128775862452
o 5180 0.03357188343299584 0.03942481890057803
o 5190 0.7261453010853147 0.7399361294240764
o 5200 0.9911273222151947 0.9938252682624861
o 5210 0.9558668953697999 0.9620579773234881
o 5220 0.9524511461346871 0.9588748669224416
o 5230 0.8605443721905418 0.8711722034762155
o 5240 0.20714006972459875 0.21991652977189236
o 5250 0.7696962652471934 0.78269060460135
o 5260 0.9992130705901301 0.9998523473218889
o 5270 0.9885292012398177 0.9916244179430277
o 5280 1.0851213888255374e-05 0.0003669346313138755
o 5290 0.26460600647546145 0.27847101828300347
o 5300 0.9469958853163846 0.9537719462270551
o 5310 0.8675202358360601 0.8779140184258213
o 5320 0.9062633114216798 0.9151580612697114
o 5330 0.22823686065497203 0.24145254425535467
o 5340 0.011121854400728153 0.0146433462652229
o 5350 0.9291891373505342 0.9369846174415284
o 5360 0.9868964574377138 0.990217776481314
o 5370 0.532585897953199 0.5481205001467488
o 5380 0.1676308978183173 0.17943920761455712
o 5390 0.9320241354987227 0.9396686769770058
o 5400 0.8930077040617257 0.9024580740632296
o 5410 0.03284145496092114 0.03863551186640257
o 5420 0.9574212710447537 0.9635030821331911
o 5430 0.9493708235592055 0.9559962166616086
o 5440 0.9984578626277146 0.999449808165806
o 5450 0.7634343733071352 0.7765545886860389
o 5460 0.996717592406219 0.9982720892569996
o 5470 0.9936731458773179 0.9959183219532978
o 5480 0.8734424029027915 0.8836298811275477
o 5490 0.8936402980589411 0.9030652697894854
o 5500 0.693105148474335 0.7073873434509405
o 5510 0.6843086865806187 0.6987067523571975
o 5520 0.2963467240322673 0.3106795161996262
o 5530 0.11403378136813579 0.12413474051921247
o 5540 0.3893716426443368 0.40462307775675066
o 5550 0.7887170626396451 0.8013034552879822
o 5560 0.35596619644357996 0.3709598292798032
o 5570 0.8835861628560714 0.8934027475548912
o 5580 0.25040754884965316 0.26403430595080046
o 5590 0.4202406914581028 0.4356635941196102
o 5600 0.15286280397039298 0.1642523630108671
o 5610 0.5937719908513802 0.6090338280322184
o 5620 0 0.00016586723531085122
o 5630 0.0688372369078341 0.07694696915195776
o 5640 0.8000666191569786 0.8123901108838358
o 5650 0.3845487099338677 0.3997676418170253
o 5660 0.49810685175950475 0.5136911598673901
o 5670 0.28790616406970476 0.3021229423424777
o 5680 0.005883642740801966 0.00852391181228096
o 5690 0.3597291049741708 0.3747556465648483
o 5700 0.21825935449631484 0.23127345169778957
o 5710 0.4440916034598001 0.45960462719368556
o 5720 0.9960287934415504 0.997761379103869
o 5730 0 0.00016586723531085122
o 5740 0.3519848268377663 0.36694254724799447
o 5750 0.6637684126432807 0.6784139110467289
o 5760 0.7674942708050883 0.780533334689888
o 5770 0.9537547372171108 0.9600908408171098
o 5780 0.997323963754113 0.9987051958885018
o 5790 0.9370829157642968 0.9444482147554227
o 5800 0.8061391253279256 0.8183155787367632
o 5810 0.9827813027071018 0.9866144208021582
o 5820 0.7058927240780172 0.7199954852599003
o 5830 0.00395690767021137 0.006171699293902377
o 5840 0.5160521379359535 0.5316198276727482
o 5850 0.011233760564972214 0.014771393580601422
o 5860 0.7582042051747861 0.7714265046324977
o 5870 0.7577801979055407 0.7710106536110699
o 5880 0.9231965911884029 0.9312991550483214
o 5890 0.2893358876725367 0.303572733163221
o 5900 0.20803014603453784 0.2208261497025572
o 5910 0.011849925557204283 0.015474974147458798
o 5920 0.9997427320109885 0.9999995494141014
o 5930 0.30985761037794723 0.3243640442911231
o 5940 0.33992473522103916 0.3547667245303766
o 5950 0.7786281002383324 0.7914357862780762
o 5960 0.01864892275288535 0.023113298364412338
o 5970 0.9843120385986446 0.9879631383529789
o 5980 0.9977509012387209 0.9989978077068434
o 5990 0.6382204880639563 0.653130405174698
o 6000 0.514791438921519 0.5303609513252383
o 6010 0.11550618840275745 0.1256618255375751
o 6020 0.9399032627012227 0.9471069297315386
o 6030 0.4782127144421918 0.49379200373421805
o 6040 0.001245561327326909 0.0026053478274885578
o 6050 0.02399303411043054 0.029007175691111442
o 6060 0.19383407181451656 0.2063070711516587
o 6070 0.5899004429014769 0.6051866769980652
o 6080 0.8975799435016962 0.9068443148863117
o 6090 0.9516651980517639 0.9581410771852228
o 6100 0.925822474828164 0.9337923988258804
o 6110 0.9998341327646891 1
o 6120 0.9277107700989473 0.9355834760268008
o 6130 0.7662014746037688 0.7792665628195115
o 6140 0.9945628341288062 0.9966281894626924
o 6150 0.8867050428726375 0.8964028305204534
o 6160 0.10449902971855282 0.11423278507584456
o 6170 0.7696356564892746 0.7826312336067381
o 6180 0.851582168889335 0.862497390195767
o 6190 0.6778088971015443 0.6922887199591915
o 6200 0.7557814271990799 0.769050092365503
o 6210 0.10769561660172979 0.11755509349334514
o 6220 0.12424755641155899 0.13471744475251823
o 6230 0.37871042281390366 0.39388790411197183
o 6240 0.602660369548786 0.6178624630174833
o 6250 0.3707419359418262 0.3858590875220024
o 6260 0.1301255959741988 0.14079738177633283
o 6270 0.0369977564141688 0.043117710219316985
o 6280 0.06346291383233814 0.07128317439959841
o 6290 0.177676184209103 0.18975048279629003
o 6300 0.803972999317005 0.8162024273771684
o 6310 0.9991306438647708 0.9998151511351715
o 6320 0.8182710249731553 0.8301396330194843
o 6330 0.9134438504143281 0.9220151363559068
o 6340 0.6816321046812853 0.6960642311409562
o 6350 0.999784848241918 0.9999999949993749
o 6360 0.556380755762302 0.5718376346771903
o 6370 0.09525053713944619 0.10460447843289045
o 6380 0.4736757800608791 0.48925046815608975
o 6390 0.9966020844888756 0.998187685653262
o 6400 0.692541438904301 0.7068312418506044
o 6410 0.990323132354739 0.9931497852413586
o 6420 0.9808316865999926 0.9848847239144081
o 6430 0.60328245363515 0.6184801699537655
o 6440 0.3229381844088231 0.33759903339439434
o 6450 0.9902363741416428 0.9930765782058028
o 6460 0.716611304072055 0.7305533170152487
o 6470 0.8138546113235966 0.825837519339219
o 6480 0.8971511721299357 0.9064332287658365
o 6490 0.00044654910006778687 0.001366140519119985
o 6500 0.02439374453845383 0.02944631644957163
o 6510 6.887077827747213e-05 0.0005869172185136717
o 6520 0.34117826261633494 0.35603277237830433
o 6530 0.6561075817726681 0.6708373108642076
o 6540 0.9582714935706256 0.9642925752605401
o 6550 0.9905618938848829 0.9933509275612022
o 6560 0.8715697045229569 0.8818232024792811
o 6570 0.1480162182570806 0.1592606116887817
o 6580 0.5981255648766372 0.613358791192035
o 6590 0.29521452648151336 0.30953209814618143
o 6600 0.9996330653686861 0.9999891487861118
o 6610 0.9975602862033369 0.9988686350034939
o 6620 0.892987298701806 0.9024384862059838
o 6630 0.9544792720663547 0.9607660640863458
o 6640 0.0008905059902949601 0.002080990685935591
o 6650 0.8337798804217162 0.8452256082375702
o 6660 0.9668167746315518 0.9721844266336943
o 6670 0.23158366680841955 0.24486459769595736
o 6680 0.21392557030950163 0.226848713978009
o 6690 0.9337096476016886 0.941262604549463
o 6700 0.8249589876085379 0.8366494407726524
o 6710 0.9642547760451301 0.9698272871999288
o 6720 0.8091762552801236 0.8212774356915249
o 6730 0.8562554168612947 0.8670225864092298
o 6740 0.8808555565966628 0.8907742618309517
o 6750 0.10187217816798114 0.1115005450226545
o 6760 0.9843333328797907 0.9879818364150864
o 6770 0.9329079111452983 0.940504607540357
o 6780 0.9965329270499892 0.9981368947272495
o 6790 0.030306988271829045 0.03589089953863123
o 6800 0.4380024070239376 0.45349587946472847
o 6810 0.959433365348624 0.9653703146828964
o 6820 0.9900629575646296 0.9929300639610011
o 6830 0.8209255677456905 0.8327242052093843
o 6840 0.919117031524421 0.9274200702546387
o 6850 0.8929056778217515 0.9023601342174449
o 6860 0.9704282447518905 0.9754917367471898
o 6870 0.8889481217035738 0.8985590059445868
o 6880 0.7617379506325213 0.7748915782327541
o 6890 0.8861749528163653 0.8958930968217019
o 6900 0.8863584415792971 0.8960695470518817
o 6910 0.9572968782061833 0.9633875165624532
o 6920 0.0009222776277140118 0.0021291581429572215
o 6930 0.0008273221554159791 0.0019843021615314482
o 6940 0.9992689677678922 0.9998761603306536
o 6950 0.18557521854624917 0.1978487469674749
o 6960 0.5783288417890081 0.5936821676078491
o 6970 0.11937490895450201 0.12967177102778027
o 6980 0.3888933004238926 0.4041415817630991
o 6990 0.990866160144025 0.9936065376155375
o 7000 0.08347374045383392 0.09230536246853482
o 7010 0.5440003930706409 0.5595021629978335
o 7020 0.9967638850029287 0.998305760365681
o 7030 0.8462610661344642 0.8573402648270481
o 7040 0.0021528382946612115 0.00385706504456651
o 7050 0.8552393260072273 0.866039015513175
o 7060 0.946149662171433 0.9529784512199596
o 7070 0.9223763047229567 0.9305197140834693
o 7080 0.005702049387204625 0.008305597065793813
o 7090 0.2978166721398966 0.3121690690560889
o 7100 0.3905874635618752 0.4058468456343979
o 7110 0.11107012179307621 0.12105942292904748
o 7120 0.5418773871206481 0.5573858834344048
o 7130 0.9673589123756239 0.9726821061686337
o 7140 0.5113898000046984 0.5269637360895718
o 7150 0.10879413536341764 0.11869619527270936
o 7160 0.8892540455950775 0.8988529803486128
o 7170 0.9488956682162554 0.9555515303644571
o 7180 0.9702401112215511 0.9753199339829564
o 7190 0.7848546764123464 0.7975271309651784
o 7200 0.43385045066150807 0.4493292378480702
o 7210 0.557803406547409 0.5732545053120575
o 7220 0.9496187648255017 0.956228192752981
o 7230 0.9179696150633151 0.9263278679630851
o 7240 0.5876138529324832 0.6029140354371432
o 7250 0.9538582280976314 0.9601873153911629
o 7260 0.8235197957101422 0.8352491124114889
o 7270 0.8218375469264371 0.833611921992985
o 7280 0.8059771616794581 0.8181575964148563
o 7290 0.0033718105373076396 0.005437165871193805
o 7300 0.04806702055284651 0.05496449504767109
o 7310 0.06091464664596609 0.0685923359575753
o 7320 0.2017214904877744 0.2143769586673373
o 7330 0.143978928960611 0.1550992870284974
o 7340 0.2004956292935604 0.2131232384223406
o 7350 0.483849800708871 0.49943301671521045
o 7360 0.014701062327331843 0.018702690445212444
o 7370 0.0016606220868165885 0.003189769386394814
o 7380 0.9679429911096651 0.9732178304378837
o 7390 0.040777638233604474 0.0471764729552383
o 7400 0.8489822417209937 0.8599781830646354
o 7410 0.0710980707762149 0.07932534499655808
o 7420 0.0031077665759930667 0.005101388917504224
o 7430 0.6596059610495871 0.6742977583793921
o 7440 0.9008272167046268 0.9099559624640348
o 7450 0.9986085425177087 0.999538823531834
o 7460 0.9977031051647232 0.9989656589179493
o 7470 0.37769432020308086 0.392864350527824
o 7480 0.03680510950325037 0.04291042642196896
o 7490 0.9170068010602953 0.9254110018741721
o 7500 0.9997041638433971 0.9999976422569008
o 7510 0.9888740586074264 0.9919194281709441
o 7520 0.6911322203634587 0.7054409324625279
o 7530 0.3340160223381333 0.34879743986942824
o 7540 0.9981372773655336 0.9992509263546009
o 7550 0.9871108268687839 0.9904033273405761
o 7560 0.8970082541376783 0.9062961942591443
o 7570 0.9926583880225167 0.9950935475867196
o 7580 0.9380913898228141 0.9453994053002226
o 7590 0.036708793855322816 0.04280677672116884
o 7600 0.007179907523340278 0.010067019341593375
o 7610 0.7620812624291345 0.775228151713127
o 7620 0.0009701459672754151 0.002201201746783621
o 7630 0.9951457107559273 0.9970849969094725
o 7640 0.8485151293431946 0.859525450987532
o 7650 0.49972691718694195 0.5153105484796155
o 7660 0.6222723140911748 0.6373239321320147
o 7670 0.8877245454386037 0.8973829889983818
o 7680 0.25054631514943837 0.26417549242661886
o 7690 0.9903014396399556 0.9931314866543459
o 7700 0.9888740586074264 0.9919194281709441
o 7710 0.93702118176251 0.9443899692873863
o 7720 0.5228567668511743 0.5384129070546932
o 7730 0.04857054680203409 0.055500790245414655
o 7740 0.7341706767051326 0.7478280689136332
o 7750 3.180428173812004e-05 0.0004650121175936439
o 7760 0.20452944427968037 0.21724804627124272
o 7770 0.9984828397939801 0.999464783357556
o 7780 5.000625091698381e-09 0.00021515175808195508
o 7790 0.47669366925910867 0.49227156117728144
o 7800 0.8780647159180833 0.8880860306541285
o 7810 0.9785717790666391 0.9828654182289509
o 7820 0.5048676658367641 0.520448067584228
o 7830 0.02565416175868573 0.030825432590490753
o 7840 0.9992689677678922 0.9998761603306536
o 7850 0.6450122153760902 0.6598563990365891
o 7860 0.8793276133485565 0.8893027132117903
o 7870 0.9326612561662316 0.9402713445158236
o 7880 0.8834027361487624 0.8932262352546974
o 7890 0.946252846614033 0.9530752324130267
o 7900 0.015888135494503203 0.020035151149680352
o 7910 0.4205200108266919 0.43594418038206073
o 7920 0.5885966644757399 0.6038908935870497
o 7930 0.31556215745644906 0.3301375619452276
o 7940 0.5484070858419968 0.5638939873241857
o 7950 0.9996330653686861 0.9999891487861118
o 7960 0.9503007256535633 0.9568660045869489
o 7970 0.32983892081205035 0.3445759573058812
o 7980 0.8147864053625901 0.826745414567494
o 7990 0.2822278279690197 0.29636320731026433
o 8000 0.9792679692268675 0.983488986611942
o 8010 0.07724303908116599 0.08577823262209894
o 8020 0.042071382951961764 0.04856226594583679
o 8030 0.8136520550934204 0.8256401431190474
o 8040 0.9526373293075886 0.9590486216310923
o 8050 0.9398208838880193 0.947029335949776
o 8060 0.9532580455520699 0.9596276982590756
o 8070 0.9909531761295315 0.9936794860041009
o 8080 0.6558261224410261 0.670558864590958
o 8090 0.3272931962788915 0.3420025448837243
o 8100 0.2191301936622192 0.23216231557507994
o 8110 5.903205508420937e-06 0.0003321724075481258
o 8120 0.37265417465935335 0.3877862016295258
o 8130 0.7892631236381495 0.8018372120039559
o 8140 0.07074717554634861 0.07895636282973517
o 8150 0.99263641260362 0.9950755327842701
o 8160 0.9816997275242819 0.9856563782042607
o 8170 0.9167814871316295 0.9251963906662636
o 8180 0.7375793187575355 0.7511782867298514
o 8190 0.05945651679842816 0.06705097818261263
o 8200 0.01696445122075397 0.021238417238747864
o 8210 0.9994730802517786 0.9999506585660503
o 8220 0.2980153204829478 0.3123703532761076
o 8230 0.9872180615498877 0.9904960526829698
o 8240 0.9984329360206239 0.9994347812916474
o 8250 0.9803241287342757 0.9844324592747428
o 8260 0.9988648919050572 0.999681833128126
o 8270 0.9870250632338723 0.9903291228977766
o 8280 0.04913228569427387 0.056098852257363
o 8290 0.4135976246005039 0.4289889056232301
o 8300 0.017021155944078565 0.021301690589180078
o 8310 0.9234837249513166 0.9315719258737066
o 8320 0.45769171509467116 0.4732399253630655
o 8330 0.9831210641861341 0.9869145386210663
o 8340 0.5626729669556815 0.5781033069389592
o 8350 0.9668167746315518 0.9721844266336943
o 8360 0.9896299771889749 0.9925632155016828
o 8370 0.3063401082194079 0.3208027400083755
o 8380 0.9975840325399995 0.9988848632863743
o 8390 0.9887662451053126 0.9918272831773375
o 8400 0.5434395852352681 0.5589431595656735
o 8410 0.13356754483364291 0.14435424894393079
o 8420 0.011271071285988058 0.014814067371164863
o 8430 0.9698848277296087 0.974995337726114
o 8440 0.813064657502597 0.8250677366018082
o 8450 0.0503530186529694 0.05739768698891334
o 8460 0.9736522685527069 0.9784266177053533
o 8470 0.9118269474351174 0.9204725765768212
o 8480 0.8274323138592993 0.8390552901307058
o 8490 0.07369163797323262 0.08205087219321672
o 8500 0.9617592730221549 0.9675236278023346
o 8510 0.9984578626277146 0.999449808165806
o 8520 0.4386811443835187 0.45417691292932205
o 8530 0.43995880737421506 0.4554588185494324
o 8540 0.3364430154514834 0.3512496241920511
o 8550 0.9861257834540738 0.989548734920843
o 8560 0.9939170574978193 0.9961142922905799
o 8570 0.6652968168268453 0.6799249944106063
o 8580 0.0004758668143244943 0.001416712981098911
o 8590 0.9461702987621702 0.9529978077565235
o 8600 0.7113722955710567 0.7253940792110813
o 8610 0.9301750022139973 0.9379184249069762
o 8620 0.345954126873015 0.3608552900207339
o 8630 0.9370417596447193 0.9444093845618298
o 8640 0.9101695842129268 0.9188904904920465
o 8650 0.6923199850406742 0.7066127698971623
o 8660 0.8666861323580095 0.8771083994383893
o 8670 0.04589911839895307 0.05265316696251854
o 8680 0.05465882255312102 0.06197036178549331
o 8690 0.8293180183990017 0.8408889571194145
o 8700 0.8840345562979334 0.893834205016299
o 8710 0.5479062943996615 0.5633949472785305
o 8720 0.0011313649965060946 0.002439713796663079
o 8730 0.09646468043301402 0.10586991452271322
o 8740 0.6360707838615395 0.6510008307676132
o 8750 0.9963260758000116 0.9979838949949381
o 8760 0.9871966119157449 0.9904775103190405
o 8770 0.018554171865261572 0.02300808545857902
o 8780 0.6864622296542794 0.7008324877191483
o 8790 0.38965067914148616 0.40490394688467646
o 8800 0.9965559675880834 0.9981538370932204
o 8810 0.02210627878013296 0.026934635035111287
o 8820 0.9970661424168645 0.9985232526257974
o 8830 0.9902146898323063 0.9930582711858504
o 8840 0.0319385189744127 0.0376587753685238
o 8850 0.781801766355101 0.7945410603680012
o 8860 0.9540445234692249 0.9603609578302097
o 8870 0.9104560082843176 0.919163971249725
o 8880 0.9696132098341418 0.9747470475084137
o 8890 0.9890898132850111 0.9921035901202688
o 8900 0.28240649617860675 0.296544478400822
o 8910 0.5833620523734928 0.5986872650703106
o 8920 0.9743444168714716 0.9790542332477962
o 8930 0.63476496801728 0.6497070848368476
o 8940 4.934143394975716e-05 0.0005269197482213883
o 8950 0.9927463231219569 0.9951655732255644
o 8960 0.9432413538660142 0.9502477278032843
o 8970 0.9834823058680807 0.9872331682410604
o 8980 0.9971596588721757 0.9985896533979276
o 8990 0.9967407321599208 0.9982889314230393
o 9000 0.9995349878824064 0.9999681957182619
o 9010 0.20719940672238163 0.21997717252332494
o 9020 0.7824082630997363 0.7951343611086295
o 9030 0.36036626040329983 0.3753982754024736
o 9040 0.012841780231631808 0.016602715334058882
o 9050 0.005865471454330474 0.00850209224358811
o 9060 0.7839448138680136 0.7966372972936625
o 9070 0.5854878788936698 0.6008007240147861
o 9080 0.7712923656783114 0.7842539709803338
o 9090 0.49300717928608373 0.508592551104038
o 9100 0.04004423141276912 0.04639014219442006
o 9110 0.996833423718342 0.9983561661753741
o 9120 0.2753203683839898 0.2893530140204884
o 9130 0.7778600352836911 0.7906841077348301
o 9140 0.5731360703870062 0.5885166848716434
o 9150 0.9377003146723196 0.9450306105183202
o 9160 0.3703634869260877 0.38547766462492883
o 9170 0.06860342479357662 0.0767008630445406
o 9180 0.99263641260362 0.9950755327842701
o 9190 0.4751347240954718 0.4907110320817507
o 9200 0.9726463514202194 0.9775128773388019
o 9210 0.911213053903564 0.919886674086093
o 9220 0.9932088992527847 0.9955427868197286
o 9230 0.2536192305353943 0.26730153137525137
o 9240 0.8990502166864692 0.9082535530500367
o 9250 0.05203967336227858 0.05919043572524474
o 9260 0.7802451852273836 0.7930181612739723
o 9270 0.9909749360150731 0.9936977171913532
o 9280 0.08210587855514213 0.09087370008190176
o 9290 0.6250836948924188 0.6401116075018963
o 9300 0.2164584324346914 0.22943498793246075
o 9310 0.4936470937553537 0.5092324209468835
o 9320 0.9832910283120618 0.9870645139909234
o 9330 0.43249319951495346 0.4479669473492879
o 9340 0.9948089425921502 0.9968219504684411
o 9350 0.8047827312738216 0.8169924252826415
o 9360 0.09305781132436865 0.10231796421906503
o 9370 0.44369227585655596 0.4592040896053612
o 9380 0.4915074297106979 0.5070928061979849
o 9390 0.9756881967246331 0.9802699937075149
o 9400 0.9025433869561514 0.911599221885713
o 9410 0.9971830790248064 0.9986062120708106
o 9420 0.9602221812571287 0.9661012346509231
o 9430 0.813976146377915 0.825955943754984
o 9440 0.9981128936006963 0.9992353457234481
o 9450 0.6559266432990827 0.6706583100203865
o 9460 0.15065598409474798 0.16197993997113336
o 9470 0.9914324568552197 0.9940800068520943
o 9480 0.3696862746763588 0.38479510608368084
o 9490 0.9291275284847567 0.9369262467836393
o 9500 0.9355398816752077 0.9429917619557158
o 9510 0.9436124704200866 0.9505964877214744
o 9520 0.9600145658551942 0.96590891958305
o 9530 0.9992130705901301 0.9998523473218889
o 9540 0.9419840103221626 0.9490654898009928
o 9550 0.9571310328323641 0.9632334173823333
o 9560 0.025539514927893667 0.030700121779681733
o 9570 0.9982597477012427 0.9993282676995614
o 9580 0.8952730503685247 0.9046319747664449
o 9590 0.6342828357292764 0.6492293789304249
o 9600 0.7953923400977946 0.8078259497648522
o 9610 0.708672643997619 0.7227346345828494
o 9620 0.8244927542804052 0.8361958295118883
o 9630 0.5684252346113581 0.583829104715534
o 9640 0.771029706974236 0.7839967174254001
o 9650 0.9982843587370567 0.9993436167432374
o 9660 0.9982843587370567 0.9993436167432374
o 9670 0.9832060392083588 0.9869895333597946
o 9680 0.9937174541966857 0.9959539923760775
o 9690 0.48071130061844114 0.49629257502554636
o 9700 0.9720600086599166 0.9769794193961402
o 9710 0.24578913765939828 0.2593342890782335
o 9720 0.38140027535549637 0.3965971415029149
o 9730 0.9944958307170675 0.9965752277626637
o 9740 0.012186481312651591 0.015858280551441006
o 9750 0.9384825087543637 0.9457681562806352
o 9760 0.5425383077044613 0.5580447404163265
o 9770 0.007069936038998934 0.009937042435370413
o 9780 0.260222532005174 0.274015983519857
o 9790 0.33089308061475087 0.3456414401518122
o 9800 0.9998341327646891 1
o 9810 0.8456722375311126 0.8567692895295071
o 9820 0.06642180523781227 0.07440324609825111
o 9830 0.841388867853844 0.8526140858571262
o 9840 0.0073817074358659505 0.010305125393649361
o 9850 0.0016606220868165885 0.003189769386394814
o 9860 0.21311433842909516 0.22602022259014842
o 9870 0.9256377932314396 0.9336171417946394
o 9880 0.6459165631573849 0.6607517478564338
o 9890 0.9911926670051865 0.9938798964580051
o 9900 0.8519275161751022 0.8628319279266503
o 9910 0.5020071477189945 0.5175895495587632
o 9920 0.9436743275458718 0.9506546100054517
o 9930 0.040603912757212486 0.04699026056833
o 9940 0.24638372547691892 0.25993949886094136
o 9950 0.07946883678602289 0.08811165960095724
o 9960 0.0001975884929334221 0.0008965034907969516
o 9970 0.010730496924218229 0.014194867238284115
o 9980 0.9960516027518843 0.9977785547768216
o 9990 0.9997427320109885 0.9999995494141014
