
x disttype general-gaussian
x k 380
x std 1.0
x N 50000
x alpha 0.0005

o 0 0.9944065677150438 0.9965045368392506
o 10 0.994451188639037 0.9965398929401226
o 20 0.8558489692200446 0.8666291693524135
o 30 0.9851645973439471 0.9887102717397279
o 40 0.9641923420117647 0.969769742210875
o 50 0.9813184826781227 0.9853177571133299
o 60 0.9961429349554335 0.9978471617053387
o 70 0.9973946521725114 0.9987544386726732
o 80 0.7326581355401995 0.7463411160414444
o 90 0.9672337849772872 0.9725672757505112
o 100 0.9342442312000204 0.9417678432213621
o 110 0.9406035648328355 0.947766394617614
o 120 0.8861953402506426 0.8959127026089789
o 130 0.9932971925796634 0.9956144525825571
o 140 0.9513136716279679 0.9578127208498886
o 150 0.9162489650412043 0.9246890896938313
o 160 0.9152864635494972 0.9237719109884573
o 170 0.857088681886842 0.867829044006148
o 180 0.9824629732121738 0.9863328630995151
o 190 0.9613437124318093 0.9671393277046539
o 200 0.9702192093127009 0.975300842968325
o 210 0.9142627134054201 0.9227960012864254
o 220 0.9285936224658796 0.9364203302489982
o 230 0.9330312444583057 0.9406212332266773
o 240 0.9556390161955226 0.9618459326281921
o 250 0.6958634821926102 0.710108085805595
o 260 0.9735893698535811 0.9783695378437731
o 270 0.9748691004637569 0.9795293703718064
o 280 0.9805144157148605 0.9846021058088317
o 290 0.7020054014706187 0.7161641095458372
o 300 0.5374916262664741 0.5530131204395168
o 310 0.8752747562673148 0.8853969182579333
o 320 0.2878068808634316 0.3020222592695285
o 330 0.9901062993756211 0.9929667048952392
o 340 0.4412365222153168 0.4567406723197177
o 350 0.96804731736874 0.9733134689759767
o 360 0.9908879106251846 0.9936247782402114
o 370 0.9717250967833422 0.9766744450026128
o 380 0.9928783278909564 0.9952735091093126
o 390 0.9906053334597175 0.9933874704093597
o 400 0.9637345672221216 0.9693476707736475
o 410 0.9949883769998344 0.9969624183275306
o 420 0.6855565118642216 0.6999385089720482
o 430 0.991891118296528 0.9944611516456663
o 440 0.9995668564461039 0.999976016692425
o 450 0.8834638779356303 0.8932850731371186
o 460 0.7769707372599279 0.7898137027570338
o 470 0.9515204458018748 0.9580058777144367
o 480 0.9807047591647817 0.9847716957838963
o 490 0.9367742563866075 0.9441569767791632
o 500 0.9980399474396386 0.9991883950191714
o 510 0.9575042038165681 0.9635801216313358
o 520 0.9251043108886443 0.9331108014183005
o 530 0.717034505830494 0.730969973608849
o 540 0.9322501988517335 0.9398825384763836
o 550 0.6883341484736589 0.7026799417376655
o 560 0.8434187125025705 0.854583565100924
o 570 0.9710764888902662 0.9760832729432881
o 580 0.9738619593498923 0.9786168554108851
o 590 0.9875614426497399 0.9907925430879243
o 600 0.9891977558137093 0.9921956057163258
o 610 0.7482928312747501 0.7617011916350462
o 620 0.9619463075078742 0.9676965306010716
o 630 0.9064677662648792 0.9153535384876987
o 640 0.9799437208004372 0.9840929999193141
o 650 0.943715566325739 0.9506933574984493
o 660 0.9530511219602289 0.9594346909048406
o 670 0.9348611518291896 0.942350717478563
o 680 0.9944958307170675 0.9965752277626637
o 690 0.9856342252659689 0.9891204729828503
o 700 0.9885292012398177 0.9916244179430277
o 710 0.9514790895810737 0.9579672477283919
o 720 0.5911842176777876 0.6064624707980508
o 730 0.9483173328288216 0.9550100584721125
o 740 0.1617334640144822 0.17337866169648208
o 750 0.9900412897098091 0.9929117404334288
o 760 0.5687058601631555 0.584108384794117
o 770 0.9789303385851122 0.9831867344463622
o 780 0.9408507657147782 0.9479991114893712
o 790 0.9809374791208401 0.9849788943332791
o 800 0.7600820600498966 0.7732680221779067
o 810 0.9181335160333529 0.9264839125345138
o 820 0.9952357602882066 0.9971548963126106
o 830 0.69840061411976 0.7126101041198023
o 840 0.9812337946393054 0.9852424748888085
o 850 0.99158521230267 0.9942071873208811
o 860 0.9989962943624112 0.9997500155155598
o 870 0.8869089329752969 0.8965988726290255
o 880 0.9865965584970535 0.9899577864928369
o 890 0.8126393149575885 0.8246532209977686
o 900 0.6867641427307252 0.7011304734880524
o 910 0.9634433237541704 0.9690790120410402
o 920 0.9676926410049054 0.9729882649984102
o 930 0.824837360018451 0.8365311089049869
o 940 0.8261753221478465 0.8378327008027823
o 950 0.6603298197429149 0.6750136569509085
o 960 0.7022269420181616 0.7163824948103683
o 970 0.9559704847912482 0.9621543532919462
o 980 0.9869607544237587 0.9902734556158375
o 990 0.6973132400271395 0.7115378423965654
o 1000 0.8623743132531653 0.8729416533860311
o 1010 0.9684647040798897 0.9736959413760747
o 1020 0.9642547760451301 0.9698272871999288
o 1030 0.9886584732879916 0.9917350963815065
o 1040 0.9859547370383811 0.9893998440563269
o 1050 0.6788350712246024 0.6933022019275735
o 1060 0.9974655152195606 0.9988035045674075
o 1070 0.9815726186190533 0.9855435318429333
o 1080 0.8543046052071481 0.8651340474885327
o 1090 0.9074492436598356 0.9162917349586492
o 1100 0.9979672929505882 0.9991411475683059
o 1110 0.9913016245268479 0.9939708937321148
o 1120 0.9316747900489069 0.9393381385534382
o 1130 0.930195543545522 0.9379378767479712
o 1140 0.9637969833558069 0.9694052336773031
o 1150 0.9430145824019788 0.9500345747452049
o 1160 0.9455100012117065 0.9523783251937993
o 1170 0.9663998870575373 0.9718014546336331
o 1180 0.9936288545622289 0.9958826344391312
o 1190 0.9778762438146968 0.9822411939959299
o 1200 0.5550783854104151 0.5705404431649128
o 1210 0.994518159778464 0.9965928871040928
o 1220 0.9845889414544596 0.9882061358049364
o 1230 0.9635057286741219 0.9691365861676935
o 1240 0.9654831552948521 0.9709584949577633
o 1250 0.909596777918445 0.9183434871155647
o 1260 0.074315870538755 0.08270642181227938
o 1270 0.32230189556251004 0.3369555380081496
o 1280 0.9886800243473388 0.9917535370540629
o 1290 0.730197956221255 0.7439221183770421
o 1300 0.8988664154794974 0.9080774153430542
o 1310 0.8719971353624034 0.8822356294465138
o 1320 0.742562145700514 0.7560737933675317
o 1330 0.9255762343764696 0.9335587211063308
o 1340 0.9615307025424412 0.9673122749130836
o 1350 0.9920005029608918 0.9945517201465842
o 1360 0.9823569047540239 0.9862389690848744
o 1370 0.9076128384780696 0.9164480857801652
o 1380 0.8709591225327705 0.881233987595946
o 1390 0.9981128936006963 0.9992353457234481
o 1400 0.986061632200628 0.9894929097141066
o 1410 0.8849314161958864 0.8946970469080073
o 1420 0.9899762982625859 0.9928567576948434
o 1430 0.9935403221669237 0.9958112089209974
o 1440 0.5815371677720678 0.5968727630910932
o 1450 0.994518159778464 0.9965928871040928
o 1460 0.9418397570294288 0.948929791096884
o 1470 0.8073134119085081 0.8194609004354454
o 1480 0.9858051327617159 0.9892695030757817
o 1490 0.8890908846934097 0.8986961954930539
o 1500 0.027260482870472325 0.03257851968095005
o 1510 0.9378032249633909 0.9451276660008936
o 1520 0.9263970883193483 0.934337594380835
o 1530 0.1267241534191656 0.13727999498695398
o 1540 0.9668167746315518 0.9721844266336943
o 1550 0.9570481151569129 0.9631563627773673
o 1560 0.9851005979014986 0.9886542943910852
o 1570 0.795048397704827 0.8074900069439908
o 1580 0.8986621976605406 0.9078817010338175
o 1590 0.9832485319930038 0.9870270254458531
o 1600 0.8390549587829181 0.8503487723867008
o 1610 0.99863385948088 0.9995534508999322
o 1620 0.9260276854802475 0.9339871199792437
o 1630 0.9900412897098091 0.9929117404334288
o 1640 0.7144752597221377 0.7284500763422697
o 1650 0.9820600207869667 0.9859759579391704
o 1660 0.7742222696660372 0.7871230883194418
o 1670 0.826479422505289 0.8381284990853806
o 1680 0.8876225893093495 0.8972849790246804
o 1690 0.9461702987621702 0.9529978077565235
o 1700 0.9870250632338723 0.9903291228977766
o 1710 0.9794157333399413 0.9836211711519002
o 1720 0.9944065677150438 0.9965045368392506
o 1730 0.6925817034531744 0.7068709638138919
o 1740 0.8029001680212929 0.8151556165978926
o 1750 0.7328598016996328 0.7465393824207325
o 1760 0.9818904428885085 0.9858255956516295
o 1770 0.9836098648093758 0.9873455637608001
o 1780 0.9889819144447517 0.992011530708872
o 1790 0.1782882087420585 0.19037824887943555
o 1800 0.7616571722571713 0.7748123836016951
o 1810 0.9776866618110025 0.9820708414412599
o 1820 0.9923948979403604 0.9948771540820822
o 1830 0.9888093654679451 0.9918641462272642
o 1840 0.9953259191424008 0.9972246856405348
o 1850 0.5891783433513144 0.6044690192234389
o 1860 0.8779017746054071 0.8879290261590099
o 1870 0.9981128936006963 0.9992353457234481
o 1880 0.8159613593666293 0.8278900687593
o 1890 0.9991854194751913 0.9998401310800589
o 1900 0.9572968782061833 0.9633875165624532
o 1910 0.8513790283302393 0.8623005983913414
o 1920 0.8526995070294475 0.863579680043964
o 1930 0.8812426785982372 0.8911470110928067
o 1940 0.9544171600018859 0.9607081968894003
o 1950 0.9930765723074023 0.9954351745937398
o 1960 0.9587901004361634 0.9647737948858816
o 1970 0.7158656815435908 0.7298191891126498
o 1980 0.9484412513418798 0.9551260986678308
o 1990 0.9743234355027129 0.9790352217807234
o 2000 0.9441692298307549 0.9511195429754062
o 2010 0.9704909624995299 0.97554899775769
o 2020 0.9560740792238546 0.9622507242458648
o 2030 0.9734426214259329 0.9782363362788924
o 2040 0.8157790328053095 0.8277124561185776
o 2050 0.9739248751852241 0.9786739181163336
o 2060 0.9986592401095487 0.9995680130057608
o 2070 0.26232490427651967 0.27615289621266803
o 2080 0.9750790555754257 0.9797193434476966
o 2090 0.7196746526278098 0.7335689431867456
o 2100 0.9357867233088683 0.9432248382440265
o 2110 0.8281825090604775 0.8397848448968881
o 2120 0.9480695128471553 0.9547779610265098
o 2130 0.24808830486534872 0.2616743392671419
o 2140 0.9987357880946652 0.999611282711117
o 2150 0.9909749360150731 0.9936977171913532
o 2160 0.981509074455219 0.9854870983561402
o 2170 0.9984329360206239 0.9994347812916474
o 2180 0.9402122013297481 0.9473978883255438
o 2190 0.9746591923218505 0.9793393502689967
o 2200 0.8772500392855523 0.8873009782411493
o 2210 0.926171338516202 0.9341234192049311
o 2220 0.9982843587370567 0.9993436167432374
o 2230 0.9754991091690025 0.9800991460527729
o 2240 0.9978708418570428 0.999077722372286
o 2250 0.934532114964927 0.9420398637422557
o 2260 0.9717669552446359 0.9767125723310618
o 2270 0.9803664098938001 0.9844701633483391
o 2280 0.6504186415677783 0.6652081591764213
o 2290 0.8971715892222142 0.9064528048876183
o 2300 0.986639385906359 0.989994943252434
o 2310 0.9381531425226062 0.945457632061586
o 2320 0.8039932421120723 0.8162221778287687
o 2330 0.9191989996957898 0.9274980748479572
o 2340 0.995960421005609 0.997709796129333
o 2350 0.9678595359265856 0.9731413137777062
o 2360 0.9637553723314206 0.9693668586769878
o 2370 0.9512309667972721 0.9577354532622459
o 2380 0.810411525532049 0.8224817534274639
o 2390 0.9842055818486868 0.9878696333575213
o 2400 0.9382972364090019 0.9455934902491994
o 2410 0.9795001840328239 0.9836966910968411
o 2420 0.977960517320353 0.9823168913845264
o 2430 0.6695204922101217 0.6840999030188264
o 2440 0.9765921762956034 0.9810857038717272
o 2450 0.8413076810456521 0.8525352997084785
o 2460 0.8939464113727732 0.9033590547240207
o 2470 0.9879911809906673 0.9911626428272275
o 2480 0.858348863036368 0.8690484433858983
o 2490 0.925309488997354 0.9333055551274914
o 2500 0.7753337330460633 0.7882112537068944
o 2510 0.949329502299827 0.9559575516934015
o 2520 0.9465211436408779 0.953326846029428
o 2530 0.8958650137793285 0.9051998145985252
o 2540 0.9799648488503196 0.9841118645054967
o 2550 0.8948444174939498 0.9042207501124254
o 2560 0.7734543883573315 0.7863712261122339
o 2570 0.9114790663909104 0.9201405732109134
o 2580 0.9695923186168809 0.9747279457914069
o 2590 0.9814243594904546 0.985411843102362
o 2600 0.9920880626308164 0.9946241228006638
o 2610 0.7557208614877163 0.7689906783204391
o 2620 0.99678705109857 0.9983225759189072
o 2630 0.9239759950736031 0.9320394921733632
o 2640 0.9310378264125296 0.9387353139174704
o 2650 0.7160873506211954 0.7300374458390271
o 2660 0.9470784572767781 0.953849346761809
o 2670 0.9246324361552382 0.9326628329574606
o 2680 0.9081241006068389 0.916936653767167
o 2690 0.8597514969997111 0.8704053425605726
o 2700 0.9417161165316279 0.9488134727376716
o 2710 0.8344290042748024 0.8458562680955906
o 2720 0.6604504647339968 0.6751329715039186
o 2730 0.5458230870706782 0.5613188556164772
o 2740 0.8524963464239277 0.8633829082893721
o 2750 0.9406035648328355 0.947766394617614
o 2760 0.6635673132902694 0.6782150778274317
o 2770 0.8011392612297502 0.8134371109082673
o 2780 0.8555238219638347 0.8663144248482443
o 2790 0.9851645973439471 0.9887102717397279
o 2800 0.9506934522349041 0.957233147065339
o 2810 0.5751609471121312 0.5905311273299094
o 2820 0.8400493535474867 0.851314046365516
o 2830 0.9966020844888756 0.998187685653262
o 2840 0.9585618965274552 0.9645620751506983
o 2850 0.9053229053442131 0.9142587798402678
o 2860 0.9325379344796115 0.9401547071981436
o 2870 0.9593503512968459 0.9652933565229934
o 2880 0.9887015770536661 0.9917719760749888
o 2890 0.9800282370094237 0.9841684542483947
o 2900 0.9770340034667672 0.9814837247217502
o 2910 0.9697803522373424 0.9748998485665775
o 2920 0.7786887383245679 0.7914951279414904
o 2930 0.7509367405459543 0.7642963984592953
o 2940 0.9749110877091087 0.9795673687685631
o 2950 0.991323423552558 0.9939890856380003
o 2960 0.974785131604413 0.9794533679400318
o 2970 0.5809756866035807 0.5963144330034833
o 2980 0.9964638754550494 0.998085996940606
o 2990 0.8583082097277849 0.8690091102262608
o 3000 0.9602221812571287 0.9661012346509231
o 3010 0.9016239548778078 0.9107189595116418
o 3020 0.9755201169349099 0.9801181310904409
o 3030 0.4673011749263399 0.4828672234406647
o 3040 0.9615307025424412 0.9673122749130836
o 3050 0.9903448271899391 0.9931680817010069
o 3060 0.10197017813583693 0.11160251115536401
o 3070 0.9842268712515203 0.9878883363076274
o 3080 0.9836949223682587 0.9874204758079095
o 3090 0.974092670311176 0.9788260657428849
o 3100 0.7319321525997983 0.7456273418412993
o 3110 0.8499571455386846 0.8609229546208715
o 3120 0.9876688228689464 0.9908851225286238
o 3130 0.684892339222369 0.6992829041521886
o 3140 0.992307169660904 0.9948049207320403
o 3150 0.8883159168901336 0.8979514209379802
o 3160 0.5323656584819708 0.547900813762112
o 3170 0.9975365616713056 0.998852384613813
o 3180 0.982738847893226 0.9865768906758642
o 3190 0.9564263380166258 0.9625783477417721
o 3200 0.9907357058411598 0.9934970451141907
o 3210 0.9736522685527069 0.9784266177053533
o 3220 0.9960744214638696 0.9977957209692991
o 3230 0.99051846314176 0.9933143758515232
o 3240 0.49782684873331046 0.5134112572570139
o 3250 0.8238441077240096 0.8355646922889098
o 3260 0.9083899739531377 0.9171906920759222
o 3270 0.9914542712242681 0.9940981833577129
o 3280 0.7778802471049397 0.790703889163543
o 3290 0.9762557015975276 0.9807822941589767
o 3300 0.8884994549773455 0.8981278218320198
o 3310 0.9924607270579469 0.9949312960475685
o 3320 0.9833760316101646 0.9871394804012125
o 3330 0.5316048429218131 0.5471418854560741
o 3340 0.9691327998898891 0.9743076198776853
o 3350 0.9852286064193986 0.9887662394350276
o 3360 0.9770340034667672 0.9814837247217502
o 3370 0.9354370358604619 0.9428946419674549
o 3380 0.9877977265708879 0.9909961702972301
o 3390 0.9792679692268675 0.983488986611942
o 3400 0.9957784861890406 0.9975718466746825
o 3410 0.8199528540777963 0.8317772431733982
o 3420 0.9673172019873189 0.972643830619281
o 3430 0.9459020346588888 0.9527461611986385
o 3440 0.9145698183279469 0.9230887943243413
o 3450 0.8858283742992963 0.8955597905714694
o 3460 0.7346547118441628 0.7483038718649029
o 3470 0.97610853536249 0.9806495109106531
o 3480 0.9891977558137093 0.9921956057163258
o 3490 0.524638217449674 0.5401908565676288
o 3500 0.9927683153359265 0.9951835711588076
o 3510 0.9652957116793962 0.9707860016268149
o 3520 0.04543481482749919 0.05215763561839282
o 3530 0.9033198965629298 0.9123424542326795
o 3540 0.9980156978384686 0.999172677844584
o 3550 0.6738253088792552 0.6883536433366753
o 3560 0.998064229430307 0.9992040792410983
o 3570 0.9877547528718306 0.9909591601876834
o 3580 0.6571329223755119 0.6718516263920666
o 3590 0.9643796515215279 0.9699423697621546
o 3600 0.9457575951093339 0.9526106488481761
o 3610 0.9509415215373813 0.9574649950449804
o 3620 0.98874468742759 0.9918088491417385
o 3630 0.9939614630105198 0.9961498650097489
o 3640 0.8121329704303477 0.824159734393155
o 3650 0.9937396147950882 0.9959718211155568
o 3660 0.9976792437995069 0.9989495473086407
o 3670 0.9804298368030188 0.9845267142806123
o 3680 0.992922357265093 0.9953094598274574
o 3690 0.9314898547733252 0.9391631353026698
o 3700 0.948379291373077 0.9550680792826501
o 3710 0.6975146019909793 0.7117364129914445
o 3720 0.9701983077657442 0.9752817515914131
o 3730 0.4933471322603112 0.5089324835456437
o 3740 0.9893057427349855 0.9922875767895556
o 3750 0.9291069923957276 0.9369067896980607
o 3760 0.9698639319210824 0.9749762406050025
o 3770 0.9796691164007848 0.9838476999577972
o 3780 0.3644284597404025 0.37949470077701497
o 3790 0.9961429349554335 0.9978471617053387
o 3800 0.9133005617873167 0.9218784725925587
o 3810 0.8751729492462478 0.8852987591424164
o 3820 0.9686734470169225 0.9738871279472359
o 3830 0.9988130027235841 0.999653867701341
o 3840 0.9660873005559049 0.9715141463835948
o 3850 0.721569294878656 0.735433666872007
o 3860 0.9406241641962371 0.9477857884006817
o 3870 0.9928783278909564 0.9952735091093126
o 3880 0.9198547928816823 0.9281220637624812
o 3890 0.9903014396399556 0.9931314866543459
o 3900 0.9740716943576653 0.9788070488541614
o 3910 0.99612008746949 0.9978300245310231
o 3920 0.9983584448714474 0.9993894057514955
o 3930 0.9859761137248315 0.9894184595391329
o 3940 0.994451188639037 0.9965398929401226
o 3950 0.7717166682436994 0.7846695266788024
o 3960 0.9916725594185783 0.9942798033643983
o 3970 0.8723228099751933 0.8825498464932439
o 3980 0.99863385948088 0.9995534508999322
o 3990 0.9778762438146968 0.9822411939959299
o 4000 0.6175538191569685 0.6326440113306223
o 4010 0.9882493095669861 0.9913844163520101
o 4020 0.9849939533934682 0.9885609775361613
o 4030 0.8393796504336365 0.8506639725719302
o 4040 0.9510242167570045 0.9575422722494819
o 4050 0.9707000455756112 0.9757398438507832
o 4060 0.9201212332881946 0.9283755348256956
o 4070 0.9990764961900899 0.99978951939873
o 4080 0.9695714277502332 0.9747088437234857
o 4090 0.9657122848678011 0.9711692882915243
o 4100 0.9539617236512141 0.9602837852891404
o 4110 0.9494741295599299 0.9560928762282683
o 4120 0.9294766572935018 0.9372570019375621
o 4130 0.9901062993756211 0.9929667048952392
o 4140 0.6765614457003408 0.6910565894425766
o 4150 0.9998341327646891 1
o 4160 0.9824417578823841 0.9863140859376422
o 4170 0.980493269944149 0.9845832589711583
o 4180 0.9328462459465834 0.9404462932387856
o 4190 0.9853993448876318 0.9889154389210214
o 4200 0.9889387669872588 0.9919746948309158
o 4210 0.9536512509941361 0.959994361582536
o 4220 0.9739458480170785 0.9786929381303553
o 4230 0.9258019542774885 0.9337729261958265
o 4240 0.98146671546491 0.9854494722396919
o 4250 0.9923948979403604 0.9948771540820822
o 4260 0.9766342450071565 0.9811236206992933
o 4270 0.9379884710812355 0.9453023582720931
o 4280 0.9140375140150048 0.922581275502321
o 4290 0.9695714277502332 0.9747088437234857
o 4300 0.4290604152440858 0.4445208909915691
o 4310 0.9761926272916198 0.980725390118821
o 4320 0.9988648919050572 0.999681833128126
o 4330 0.7920948296082302 0.8046045608193522
o 4340 0.9074492436598356 0.9162917349586492
o 4350 0.866197909237177 0.8766367850121135
o 4360 0.5496090176704653 0.5650916510663622
o 4370 0.7842683151861058 0.7969536879639454
o 4380 0.6138197180698689 0.6289393663289756
o 4390 0.9547691511211924 0.9610360882367535
o 4400 0.6559869559908589 0.6707179771010542
o 4410 0.885542967823758 0.8952852919418687
o 4420 0.8894987933600557 0.8990881512180031
o 4430 0.9981128936006963 0.9992353457234481
o 4440 0.9203057003520667 0.928551006468668
o 4450 0.9925265848321886 0.9949854092341149
o 4460 0.9464592266955125 0.9532687835968094
o 4470 0.99158521230267 0.9942071873208811
o 4480 0.8976003618386263 0.9068638897631389
o 4490 0.9753310645719044 0.9799472481990849
o 4500 0.27145070981807035 0.2854239878425925
o 4510 0.9984329360206239 0.9994347812916474
o 4520 0.9363010300109813 0.9437103605220947
o 4530 0.9773286867549997 0.9817489399384544
o 4540 0.8654452787347523 0.8759096659536142
o 4550 0.9567579294387504 0.9628866454959208
o 4560 0.9523270320688358 0.9587590223955922
o 4570 0.8824245283397216 0.8922847683415979
o 4580 0.9773707931297055 0.9817868190526099
o 4590 0.9343881703513467 0.9419038562141202
o 4600 0.9942728290862174 0.9963983436740477
o 4610 0.9397179132146382 0.94693234087802
o 4620 0.8314473565475169 0.8429589093607607
o 4630 0.7277178863941965 0.7414830179469603
o 4640 0.8971307550967873 0.9064136525849341
o 4650 0.9953033689870637 0.9972072488231104
o 4660 0.8751525879785758 0.8852791271827681
o 4670 0.9918036615141346 0.994388645694132
o 4680 0.9971128682824996 0.998556485750206
o 4690 0.31979665760839227 0.33442162555362953
o 4700 0.9349022834605388 0.9423895721713423
o 4710 0.9670252643108949 0.9723758666998076
o 4720 0.9766973520184984 0.9811804919914258
o 4730 0.9958011978544946 0.9975891207832343
o 4740 0.4037055075462286 0.41904436610583295
o 4750 0.9056499871125434 0.9145715893834142
o 4760 0.970302819123504 0.9753772048491869
o 4770 0.9815938015266759 0.9855623414829561
o 4780 0.9762136515487125 0.9807443586444277
o 4790 0.9867250559167671 0.9900692415441031
o 4800 0.9974182533663415 0.9987708140525817
o 4810 0.960367525913609 0.9662358413129208
o 4820 0.9418603642436022 0.948949177025306
o 4830 0.8369649561928021 0.8483194712525256
o 4840 0.9384001642683304 0.9456905281553266
o 4850 0.9554111610053743 0.9616338639327585
o 4860 0.5349085159400062 0.5504371002764633
o 4870 0.9986085425177087 0.999538823531834
o 4880 0.6190194829977386 0.634097855359239
o 4890 0.5461235412051969 0.5616183003749621
o 4900 0.8361128206255563 0.8474918907229887
o 4910 0.8819558440771322 0.891833608457306
o 4920 0.9988130027235841 0.999653867701341
o 4930 0.9844398190570547 0.9880753119246692
o 4940 0.9849939533934682 0.9885609775361613
o 4950 0.545943268382403 0.5614386338619558
o 4960 0.9932088992527847 0.9955427868197286
o 4970 0.9697594582021462 0.9748807496703258
o 4980 0.9678595359265856 0.9731413137777062
o 4990 0.5465041205352739 0.5619975929760583
o 5000 0.9826539483676309 0.9865018203029313
o 5010 0.9983832285394911 0.9994045786411975
o 5020 0.8622116387818437 0.8727843819955732
o 5030 0.9961429349554335 0.9978471617053387
o 5040 0.9249606916983969 0.9329744683340264
o 5050 0.939367836453442 0.9466025340945605
o 5060 0.9325790412796413 0.9401935867330689
o 5070 0.9631937278669772 0.968848691722365
o 5080 0.9765921762956034 0.9810857038717272
o 5090 0.9774339568365065 0.981843633573488
o 5100 0.9048731955863913 0.9138286390367948
o 5110 0.9790147312782367 0.9832623124771007
o 5120 0.9957784861890406 0.9975718466746825
o 5130 0.9284704228836894 0.9363035707765559
o 5140 0.7524102110863319 0.7657424353492299
o 5150 0.9978468002059815 0.9990617938017794
o 5160 0.9919348635956466 0.9944973876467764
o 5170 0.9782133933024908 0.9825439280074754
o 5180 0.9774129017138791 0.9818246959543234
o 5190 0.9710764888902662 0.9760832729432881
o 5200 0.8621913046527756 0.8727647228918466
o 5210 0.7073632213631397 0.7214444956201119
o 5220 0.932229647106579 0.9398630970533164
o 5230 0.9962573212126038 0.9979326974599837
o 5240 0.9615930369897494 0.967369919568708
o 5250 0.9100672932905695 0.9187928154030236
o 5260 0.875111865579635 0.8852398631269845
o 5270 0.9957557829105036 0.997554564113653
o 5280 0.9979914799067023 0.9991569284568658
o 5290 0.9978227858521463 0.9990458375033571
o 5300 0.9793524020435038 0.9835645244598967
o 5310 0.9928563184574575 0.9952555284728464
o 5320 0.9960516027518843 0.9977785547768216
o 5330 0.9620294404233257 0.9677733698069855
o 5340 0.9995668564461039 0.999976016692425
o 5350 0.9861899454199688 0.9896045493909196
o 5360 0.8669505965732567 0.8773638472259212
o 5370 0.9911708829515093 0.9938616895254021
o 5380 0.8402928908589832 0.8515504279280124
o 5390 0.9982351769925596 0.9993128775364343
o 5400 0.9813820065210773 0.985374210954933
o 5410 0.9562398407832987 0.9624049072977958
o 5420 0.9280597831532094 0.9359143469814954
o 5430 0.999297246851899 0.9998877222821806
o 5440 0.8543452436015125 0.8651733955650598
o 5450 0.9112949025931676 0.9199647982006609
o 5460 0.9734216590946372 0.9782173057520893
o 5470 0.9987357880946652 0.999611282711117
o 5480 0.9677969479233338 0.9730839228953664
o 5490 0.986061632200628 0.9894929097141066
o 5500 0.9909531761295315 0.9936794860041009
o 5510 0.9717460258178557 0.9766935088631868
o 5520 0.9924387808549068 0.99491325190303
o 5530 0.9453243196085251 0.9522040686256114
o 5540 0.9910837712416973 0.9937888372015838
o 5550 0.9941392710828884 0.9962919688562998
o 5560 0.8077588540877885 0.8198953096696391
o 5570 0.9847594275651963 0.9883555881745645
o 5580 0.9715367530521459 0.9765028526592406
o 5590 0.9897165109013889 0.9926366477506107
o 5600 0.2882437300392364 0.3024652617225084
o 5610 0.9280187213332597 0.9358754224480059
o 5620 0.6278350953889185 0.6428392833924598
o 5630 0.9663998870575373 0.9718014546336331
o 5640 0.9180515648995192 0.9264058908978198
o 5650 0.9887878044503835 0.9918457155408984
o 5660 0.9916507186090978 0.9942616533994505
o 5670 0.9403357848073628 0.9475142637330191
o 5680 0.9286962914975865 0.9365176270950527
o 5690 0.9778762438146968 0.9822411939959299
o 5700 0.9759403758366075 0.9804977281307443
o 5710 0.9378032249633909 0.9451276660008936
o 5720 0.5255189712592998 0.541069806183573
o 5730 0.8408611631303592 0.8521019663598529
o 5740 0.9551419082709155 0.9613832066002074
o 5750 0.9964178981004407 0.998052007502891
o 5760 0.9808316865999926 0.9848847239144081
o 5770 0.9895434738181318 0.9924897528182758
o 5780 0.918194980236358 0.9265424279091232
o 5790 0.9735474395638688 0.9783314824238438
o 5800 0.9312432875960976 0.9389297844392211
o 5810 0.9932530382717406 0.9955786273822332
o 5820 0.9949210433152184 0.9969097889562678
o 5830 0.99263641260362 0.9950755327842701
o 5840 0.9676509204773099 0.9729499995977512
o 5850 0.994741753465212 0.996769175618257
o 5860 0.992307169660904 0.9948049207320403
o 5870 0.947924961634827 0.9546425604003794
o 5880 0.9922633240622374 0.9947687854383376
o 5890 0.9248786256124752 0.9328965616908313
o 5900 0.9706373167752134 0.9756825939044109
o 5910 0.9214741513851928 0.9296621671890064
o 5920 0.9955744496960323 0.9974160083623181
o 5930 0.9988648919050572 0.999681833128126
o 5940 0.9659206151340964 0.9713608879135097
o 5950 0.8858487608601805 0.8955793972322825
o 5960 0.9146107669491621 0.9231278320974077
o 5970 0.9830785819207437 0.9868770359963022
o 5980 0.9938726701356374 0.996078701324011
o 5990 0.9982351769925596 0.9993128775364343
o 6000 0.8663809900991325 0.8768136432308985
o 6010 0.9892841417648939 0.9922691861713484
o 6020 0.9129935270785299 0.9215856093182259
o 6030 0.8286285906701585 0.8402186146163684
o 6040 0.990323132354739 0.9931497852413586
o 6050 0.9646918837426518 0.9702300326007849
o 6060 0.9922414058479189 0.9947507131873994
o 6070 0.9463766728678251 0.953191364919378
o 6080 0.9584789198840452 0.9644850795552364
o 6090 0.9707000455756112 0.9757398438507832
o 6100 0.9921318600655772 0.994660306456631
o 6110 0.965004178817522 0.9705176325321981
o 6120 0.9894570003854211 0.9924162601058784
o 6130 0.9995668564461039 0.999976016692425
o 6140 0.999599491460172 0.9999830535762632
o 6150 0.9853993448876318 0.9889154389210214
o 6160 0.8996220741223413 0.9088015055601877
o 6170 0.9861257834540738 0.989548734920843
o 6180 0.997894911366256 0.9990936226399529
o 6190 0.9669418647373584 0.9722992943785559
o 6200 0.9742814741278396 0.9789971974823798
o 6210 0.9400268347214458 0.9472233166019811
o 6220 0.9738200176710567 0.9785788113932643
o 6230 0.9610944229578102 0.966908700729536
o 6240 0.9973946521725114 0.9987544386726732
o 6250 0.9809798011706645 0.9850165574511561
o 6260 0.957089573578031 0.9631948904967494
o 6270 0.9951682130791031 0.9971024818886722
o 6280 0.9994730802517786 0.9999506585660503
o 6290 0.9415306647191796 0.9486389862600497
o 6300 0.966295684075234 0.9717056927054004
o 6310 0.9842268712515203 0.9878883363076274
o 6320 0.991214453529065 0.9938981009114528
o 6330 0.9994130827814863 0.9999311292217226
o 6340 0.9985078691024893 0.9994797052294327
o 6350 0.994741753465212 0.996769175618257
o 6360 0.9983090111814502 0.9993589235528282
o 6370 0.8832193134778369 0.893049718917184
o 6380 0.9822720646568425 0.9861638391779828
o 6390 0.847215436621299 0.8582655765142855
o 6400 0.8282027851796383 0.8398045620200338
o 6410 0.9336890881823192 0.9412431708039615
o 6420 0.9324557221641707 0.9400769468431753
o 6430 0.9909314186088312 0.9936612524436703
o 6440 0.9908879106251846 0.9936247782402114
o 6450 0.9936067152200819 0.9958647843344953
o 6460 0.9155526701459554 0.9240256159416006
o 6470 0.9928343125026933 0.995237544341956
o 6480 0.9728348868739524 0.9776842777498204
o 6490 0.954210132139885 0.9605152938719157
o 6500 0.9868107463566297 0.9901435193579085
o 6510 0.9994130827814863 0.9999311292217226
o 6520 0.9730234560777002 0.9778556443730058
o 6530 0.9352313527823183 0.9427003934357643
o 6540 0.977518182882724 0.9819193784869186
o 6550 0.9945404942367145 0.9966105410165468
o 6560 0.2816124256039823 0.2957388187531893
o 6570 0.741896356864269 0.7554198048479573
o 6580 0.9833547794486813 0.9871207401380971
o 6590 0.9646918837426518 0.9702300326007849
o 6600 0.8957017086643446 0.9050431739926054
o 6610 0.8291557969478545 0.8407312326341253
o 6620 0.9365067730067616 0.943904549109229
o 6630 0.9926803667673133 0.995111559048686
o 6640 0.9955518186013934 0.9973986530682086
o 6650 0.7873216516706829 0.7999393320895744
o 6660 0.9841630059492684 0.9878322245453135
o 6670 0.9797113559961083 0.9838854456598611
o 6680 0.9718506768834677 0.9767888222666089
o 6690 0.938338407186728 0.945632305777826
o 6700 0.8019083691954347 0.8141877463279236
o 6710 0.9657122848678011 0.9711692882915243
o 6720 0.9832910283120618 0.9870645139909234
o 6730 0.9236888312177259 0.9317667514521152
o 6740 0.8072324237912442 0.8193819155682384
o 6750 0.9988648919050572 0.999681833128126
o 6760 0.9972299702688214 0.9986392778683405
o 6770 0.9996678275924519 0.9999940967944916
o 6780 0.8970286708166539 0.9063157707943731
o 6790 0.9762977536972129 0.9808202276200709
o 6800 0.984610248667745 0.9882248209089121
o 6810 0.9832272851597632 0.9870082798445644
o 6820 0.9877762389931612 0.990977665972518
o 6830 0.9809163191787338 0.9849600616897576
o 6840 0.9878621980834253 0.9910516744692324
o 6850 0.9715367530521459 0.9765028526592406
o 6860 0.9849299793212946 0.9885049747642036
o 6870 0.8005320966156089 0.8128444781099098
o 6880 0.9629857601677105 0.9686567292265751
o 6890 0.9806201550490328 0.9846963294997287
o 6900 0.9634225226445703 0.9690598201346599
o 6910 0.845956495979505 0.8570449364131807
o 6920 0.987539970870844 0.990774022924009
o 6930 0.967734362811113 0.9730265291192557
o 6940 0.9351902175313381 0.9426615423641515
o 6950 0.9807047591647817 0.9847716957838963
o 6960 0.9949434816817062 0.9969273383152467
o 6970 0.9915633822032628 0.9941890266049113
o 6980 0.916085122808351 0.9245329863653361
o 6990 0.7394553083967844 0.7530216696637965
o 7000 0.9880341872339348 0.991199620307723
o 7010 0.9578774432811918 0.9639267573519996
o 7020 0.9972534418677634 0.9986557844757022
o 7030 0.8421195731979383 0.8533231371204689
o 7040 0.9873253301362781 0.9905887440365998
o 7050 0.9916070450625526 0.9942253453662099
o 7060 0.961011334204335 0.9668318173273294
o 7070 0.9669210156164041 0.9722801505250801
o 7080 0.9909096634437746 0.9936430165193098
o 7090 0.9386472036053436 0.9459234066495301
o 7100 0.9839501840471839 0.9876451227762535
o 7110 0.9980156978384686 0.999172677844584
o 7120 0.9971128682824996 0.998556485750206
o 7130 0.8249387162697243 0.8366297188685226
o 7140 0.9819328326435971 0.9858631909511664
o 7150 0.9920223885113949 0.9945698251946815
o 7160 0.9795212983136442 0.9837155694730465
o 7170 0.9357867233088683 0.9432248382440265
o 7180 0.9864038970311344 0.9897905190541766
o 7190 0.9503833998876273 0.9569433027895191
o 7200 0.9462734839496483 0.9530945882042985
o 7210 0.8842587621218495 0.8940499246418931
o 7220 0.934737759636918 0.9422341506970635
o 7230 0.9604921161972618 0.9663512092953669
o 7240 0.9338741269147177 0.9414180705538249
o 7250 0.9952357602882066 0.9971548963126106
o 7260 0.9607828599379244 0.9666203681505278
o 7270 0.9948986110824958 0.9968922334240068
o 7280 0.9864038970311344 0.9897905190541766
o 7290 0.9924826764449779 0.9949493369945279
o 7300 0.933750766769976 0.9413014717107975
o 7310 0.9960516027518843 0.9977785547768216
o 7320 0.8663809900991325 0.8768136432308985
o 7330 0.9984329360206239 0.9994347812916474
o 7340 0.9932088992527847 0.9955427868197286
o 7350 0.822364494893273 0.8341247983574769
o 7360 0.969529647067195 0.9746706385362891
o 7370 0.8933750101272261 0.9028106459033475
o 7380 0.9607205537916805 0.9665626951720806
o 7390 0.9256788329335567 0.9336560884545424
o 7400 0.9477184731765717 0.9544491176533522
o 7410 0.9604713505616187 0.9663319818870897
o 7420 0.953547769413243 0.9598978777029257
o 7430 0.8058759352478992 0.8180588566148118
o 7440 0.9786983094108199 0.9829788440559215
o 7450 0.9940725576711883 0.9962387154919856
o 7460 0.9687987088383779 0.9740018238152359
o 7470 0.9953259191424008 0.9972246856405348
o 7480 0.9927463231219569 0.9951655732255644
o 7490 0.9398620730415895 0.9470681330937704
o 7500 0.9665457838890127 0.971935508665547
o 7510 0.9562398407832987 0.9624049072977958
o 7520 0.9778551768705808 0.9822222682145008
o 7530 0.9506314387277204 0.9571751812497188
o 7540 0.9943842650976894 0.9964868508983944
o 7550 0.9852926251940278 0.9888221974105836
o 7560 0.9555561569973761 0.9617688195061422
o 7570 0.9942505570648942 0.9963806269614328
o 7580 0.7698376864349314 0.7828291361694572
o 7590 0.9882923525055552 0.9914213570394911
o 7600 0.9914979077564119 0.9941345285456695
o 7610 0.9807259119604405 0.9847905355853821
o 7620 0.9463147590686456 0.9531332993388324
o 7630 0.9624243766878535 0.9681383010754072
o 7640 0.9466862621122428 0.9534816725624019
o 7650 0.984141719448559 0.9878135186873485
o 7660 0.98146671546491 0.9854494722396919
o 7670 0.9940503293814098 0.996220954804112
o 7680 0.8568041451872965 0.8675536754212659
o 7690 0.9554111610053743 0.9616338639327585
o 7700 0.8953955215671098 0.9047494628605539
o 7710 0.9948761849382639 0.9968746717641922
o 7720 0.8778406723864413 0.8878701486998758
o 7730 0.9696758855930434 0.9748043505501529
o 7740 0.997371070376275 0.9987380436441108
o 7750 0.9957104012102794 0.9975199739418538
o 7760 0.9813820065210773 0.985374210954933
o 7770 0.9640674813221791 0.96965464484945
o 7780 0.999599491460172 0.9999830535762632
o 7790 0.9618216156147095 0.9675812643063384
o 7800 0.8871536079538256 0.8968341163024239
o 7810 0.9985580909074143 0.9995093820155696
o 7820 0.9965559675880834 0.9981538370932204
o 7830 0.9983584448714474 0.9993894057514955
o 7840 0.9952357602882066 0.9971548963126106
o 7850 0.8386085214561962 0.8499153584369645
o 7860 0.9574420039212233 0.9635223423244426
o 7870 0.9573590736792199 0.9634453002947276
o 7880 0.9971128682824996 0.998556485750206
o 7890 0.9846741763764641 0.988280870139696
o 7900 0.9118474116832583 0.9204921055291067
o 7910 0.9959832026584181 0.9977269996889246
o 7920 0.9301750022139973 0.9379184249069762
o 7930 0.9923510275816232 0.9948410436522112
o 7940 0.9976315921770181 0.9989172519476788
o 7950 0.9931868354253945 0.9955248608293064
o 7960 0.9963949261562345 0.9980349958952714
o 7970 0.998532952220799 0.9994945720557045
o 7980 0.9889171958251266 0.9919562743179734
o 7990 0.8749489778015935 0.8850828050857547
o 8000 0.9475739405040228 0.9543136984769967
o 8010 0.9485445211291366 0.9552227944687669
o 8020 0.8919671017663565 0.9014590222677222
o 8030 0.9816573548278126 0.985618765817052
o 8040 0.9988389036516672 0.9996678953600677
o 8050 0.9909749360150731 0.9936977171913532
o 8060 0.9755411251899605 0.9801371156384348
o 8070 0.9959832026584181 0.9977269996889246
o 8080 0.9934739660801107 0.9957575963558218
o 8090 0.9823144830826699 0.9862014057570522
o 8100 0.988206272833671 0.9913474694425795
o 8110 0.8496321684674134 0.8606080399024005
o 8120 0.9652540607034525 0.9707476666119282
o 8130 0.9930104585474063 0.9953813185354257
o 8140 0.9946298867843653 0.9966811016233338
o 8150 0.9405829655982414 0.9477470007056465
o 8160 0.8122544915686304 0.8242781727267312
o 8170 0.9805778572144799 0.9846586421275972
o 8180 0.9776655999777233 0.982051910541923
o 8190 0.9905618938848829 0.9933509275612022
o 8200 0.9974655152195606 0.9988035045674075
o 8210 0.9218226907066918 0.9299935120553757
o 8220 0.9925265848321886 0.9949854092341149
o 8230 0.9150816981473365 0.9235767444264337
o 8240 0.9952357602882066 0.9971548963126106
o 8250 0.966983563905575 0.9723375811582854
o 8260 0.9868750277206217 0.9901992141519543
o 8270 0.9623204372514624 0.9680422753785413
o 8280 0.9784663536538803 0.9827708801419559
o 8290 0.8659131234668693 0.8763616655444468
o 8300 0.995597088530767 0.9974333558587295
o 8310 0.9774129017138791 0.9818246959543234
o 8320 0.9258840370409795 0.9338508161550622
o 8330 0.9663998870575373 0.9718014546336331
o 8340 0.9942951061238854 0.9964160553418016
o 8350 0.9843120385986446 0.9879631383529789
o 8360 0.9888956263669669 0.991937852096208
o 8370 0.992922357265093 0.9953094598274574
o 8380 0.9977269908240753 0.9989817458746678
o 8390 0.9833547794486813 0.9871207401380971
o 8400 0.9773076343941818 0.9817299995536841
o 8410 0.6912932699133534 0.7055998289618992
o 8420 0.9903882232524459 0.9932046682070498
o 8430 0.8986213548209196 0.9078425574475759
o 8440 0.9594748737334063 0.9654087924029929
o 8450 0.9972299702688214 0.9986392778683405
o 8460 0.9995037605889281 0.9999597116202779
o 8470 0.9987357880946652 0.999611282711117
o 8480 0.9990229026390082 0.9997633135035773
o 8490 0.9961657922277294 0.9978642890092243
o 8500 0.9961657922277294 0.9978642890092243
o 8510 0.9109061316295026 0.919593698341313
o 8520 0.36783398076684215 0.3829280269497183
o 8530 0.8755801841667846 0.8856913887668197
o 8540 0.9864252989025472 0.9898091092947893
o 8550 0.9977987982532164 0.9990298540327246
o 8560 0.9975602862033369 0.9988686350034939
o 8570 0.9792046512631187 0.9834323265673873
o 8580 0.9950557671449217 0.9970149908693551
o 8590 0.9617384926535194 0.9675044151384056
o 8600 0.9927903109592581 0.9952015656674685
o 8610 0.9177032870348923 0.9260742844827526
o 8620 0.9855487986349326 0.9890459307602811
o 8630 0.9900412897098091 0.9929117404334288
o 8640 0.9083286175270133 0.9171320688896647
o 8650 0.9889171958251266 0.9919562743179734
o 8660 0.9721018797892998 0.9770175340428094
o 8670 0.9376797329748464 0.9450111990608979
o 8680 0.9624243766878535 0.9681383010754072
o 8690 0.9745962289485626 0.9792823351579113
o 8700 0.9561569583898032 0.9623278173866693
o 8710 0.9410155766643014 0.9481542457038523
o 8720 0.9940281057994044 0.9962031893827343
o 8730 0.9991854194751913 0.9998401310800589
o 8740 0.9944288755505086 0.9965222175315889
o 8750 0.9676092012258107 0.972911732919832
o 8760 0.9955744496960323 0.9974160083623181
o 8770 0.9709719091065646 0.9759878881821614
o 8780 0.9976792437995069 0.9989495473086407
o 8790 0.9920661683332538 0.9946060265349213
o 8800 0.9996678275924519 0.9999940967944916
o 8810 0.9952132377921347 0.9971374316439408
o 8820 0.9983337061651681 0.9993741869624272
o 8830 0.999442873695936 0.9999411111022777
o 8840 0.990171327453822 0.9930216508854749
o 8850 0.9928123100090981 0.9952195567343155
o 8860 0.9953033689870637 0.9972072488231104
o 8870 0.9982351769925596 0.9993128775364343
o 8880 0.9984080584682806 0.9994197042904669
o 8890 0.9976315921770181 0.9989172519476788
o 8900 0.9754570951018898 0.980061174510845
o 8910 0.9880987079115994 0.9912550751858688
o 8920 0.9577944952135947 0.9638497331603989
o 8930 0.9915415547531746 0.9941708632296149
o 8940 0.9907139714723477 0.9934787883212625
o 8950 0.9969728777400151 0.998456597194961
o 8960 0.9828237609057203 0.9866519475375831
o 8970 0.9966482500970695 0.9982214850281281
o 8980 0.986639385906359 0.989994943252434
o 8990 0.998532952220799 0.9994945720557045
o 9000 0.9955291951801475 0.9973812900439158
o 9010 0.852232243106384 0.863127099537857
o 9020 0.9853353097985743 0.9888594972946587
o 9030 0.9842694529737619 0.9879257392854899
o 9040 0.9913888358574415 0.9940436460716633
o 9050 0.9886800243473388 0.9917535370540629
o 9060 0.9998341327646891 1
o 9070 0.9982843587370567 0.9993436167432374
o 9080 0.9995037605889281 0.9999597116202779
o 9090 0.9824205433732391 0.9862953079536843
o 9100 0.9923510275816232 0.9948410436522112
o 9110 0.976024451558808 0.9805736235666093
o 9120 0.9893705564962993 0.9923427377609763
o 9130 0.991323423552558 0.9939890856380003
o 9140 0.9901930076055009 0.9930399620765769
o 9150 0.9747641405592964 0.9794343661609793
o 9160 0.9935624490461487 0.9958290715514998
o 9170 0.8753969261955757 0.8855147076932511
o 9180 0.99263641260362 0.9950755327842701
o 9190 0.9892625425935053 0.9922507937490819
o 9200 0.9919786202999914 0.9945336121972732
o 9210 0.9358484363013524 0.9432831047308823
o 9220 0.9995349878824064 0.9999681957182619
o 9230 0.9989962943624112 0.9997500155155598
o 9240 0.9874111697251932 0.9906628723383262
o 9250 0.9783820240679677 0.9826952389127027
o 9260 0.9921537632295945 0.9946783938198263
o 9270 0.988206272833671 0.9913474694425795
o 9280 0.427922889708721 0.44337880073846714
o 9290 0.9573798059239316 0.9634645611181616
o 9300 0.9991854194751913 0.9998401310800589
o 9310 0.9978227858521463 0.9990458375033571
o 9320 0.9253300073165096 0.9333250299899335
o 9330 0.8995199532206161 0.9087036604010473
o 9340 0.9861685569028579 0.9895859457654106
o 9350 0.8940076355638079 0.9034178101822894
o 9360 0.9799437208004372 0.9840929999193141
o 9370 0.9852499449299575 0.988784893176816
o 9380 0.9798592152541565 0.984017534911133
o 9390 0.9969728777400151 0.998456597194961
o 9400 0.9255351956048574 0.9335197735155589
o 9410 0.9617800536384387 0.9675428402184432
o 9420 0.9890898132850111 0.9921035901202688
o 9430 0.9821660327116928 0.9860699085862046
o 9440 0.99561973517329 0.9974506954889379
o 9450 0.9122771778355258 0.920902196579594
o 9460 0.9957104012102794 0.9975199739418538
o 9470 0.9805355621826651 0.984620951948227
o 9480 0.9991579479265237 0.999827728109528
o 9490 0.9714112080385526 0.9763884402711503
o 9500 0.9760664924477193 0.9806115682528456
o 9510 0.9979914799067023 0.9991569284568658
o 9520 0.9727720379904534 0.9776271480159221
o 9530 0.6866232495166645 0.7009914139076423
o 9540 0.9563848927655936 0.9625398068432541
o 9550 0.9655664710735523 0.9710351511486762
o 9560 0.8543452436015125 0.8651733955650598
o 9570 0.993142719033892 0.9954889975318352
o 9580 0.9029111957784658 0.9119512908342191
o 9590 0.995597088530767 0.9974333558587295
o 9600 0.9772444806085459 0.9816731750981813
o 9610 0.7949674711124574 0.8074109605448435
o 9620 0.7408472771855299 0.7543892353567664
o 9630 0.9723740812934887 0.977265240039881
o 9640 0.9384001642683304 0.9456905281553266
o 9650 0.9861257834540738 0.989548734920843
o 9660 0.9825478427689124 0.9864079634948152
o 9670 0.8438044211637453 0.854957727973289
o 9680 0.7843694105609079 0.7970525588353853
o 9690 0.9805778572144799 0.9846586421275972
o 9700 0.4510407112901188 0.46657317370544416
o 9710 0.9849939533934682 0.9885609775361613
o 9720 0.9579811331855781 0.9640230327682284
o 9730 0.9816149851964268 0.9855811503595674
o 9740 0.7593147430928251 0.7725155955672183
o 9750 0.9800282370094237 0.9841684542483947
o 9760 0.9851432631293746 0.9886916136928459
o 9770 0.24335150663721808 0.256852749953141
o 9780 0.8798368977951607 0.8897932593942864
o 9790 0.9535270736527872 0.9598785803709522
o 9800 0.9807259119604405 0.9847905355853821
o 9810 0.9872395125402215 0.9905145936873929
o 9820 0.9348817175884941 0.942370144881331
o 9830 0.9358484363013524 0.9432831047308823
o 9840 0.888071206093163 0.8977162130915974
o 9850 0.8256685031079524 0.8373396887738691
o 9860 0.9463353968522108 0.9531526546819606
o 9870 0.9252889707707346 0.9332860801724947
o 9880 0.8938851876917109 0.9033002987556669
o 9890 0.6152450449106756 0.6303535608464143
o 9900 0.9514584117309268 0.9579479324749443
o 9910 0.9439217685992994 0.9508870865846849
o 9920 0.9811491184303252 0.9851671808149262
o 9930 0.9941837707771213 0.996327446879261
o 9940 0.826884900100818 0.8385228863417761
o 9950 0.9908009226349882 0.9935518017583986
o 9960 0.8621913046527756 0.8727647228918466
o 9970 0.8614999679838489 0.8720962896426236
o 9980 0.7464564204030139 0.759898216500681
o 9990 0.9841204339111642 0.9877948118642123
