0 0.0 0.0 0.0
10 1.3 0.08849705760121584 0.07304733195776732
20 0.0 0.0 0.0
30 1.4500000000000002 0.010561846335551017 0.007337478382564198
40 0.0 0.0 0.0
50 1.7005358194678708 0.0 0.0
60 0.8500000000000001 0.03756630289545093 0.04623922300285467
70 0.0 0.0 0.0
80 1.3 0.05837743966727715 0.04701705778576825
90 0.3708132629093067 0.0 0.0
100 0.10511807417600288 0.0 0.0
110 0.0 0.0 0.0
120 1.35 0.04324122762174398 0.033090443726692134
130 0.0 0.0 0.0
140 0.0 0.0 0.0
150 1.5762300271176128 0.0 0.0
160 0.0 0.0 0.0
170 0.45 1.0448081008529453e-05 2.3218496882812846e-05
180 1.4500000000000002 0.013743757706465631 0.009569154376323856
190 0.08125792344445834 0.0 0.0
200 0.0 0.0 0.0
210 0.0 0.0 0.0
220 1.6676128639247318 0.0 0.0
230 1.5762300271176128 0.0 0.0
240 1.6676128639247318 0.0 0.0
250 0.0 0.0 0.0
260 0.0 0.0 0.0
270 0.21122431572627434 0.0 0.0
280 1.7005358194678708 0.0 0.0
290 1.7005358194678708 0.0 0.0
300 0.75 0.024623373877017518 0.03394564008579289
310 1.6676128639247318 0.0 0.0
320 0.0 0.0 0.0
330 0.668368615865873 0.0 0.0
340 0.0 0.0 0.0
350 1.2000000000000002 0.022120990769229243 0.018780359099595162
360 0.0 0.0 0.0
370 0.0 0.0 0.0
380 0.7554789200016346 0.0 0.0
390 1.55 0.014845123784197112 0.009670114731870396
400 1.6676128639247318 0.0 0.0
410 0.0 0.0 0.0
420 0.09169071903195186 0.0 0.0
430 0.0 0.0 0.0
440 0.7000000000000001 0.0024654233549679105 0.0035344819275138785
450 0.025886590647769193 0.0 0.0
460 1.3 0.0609593959162722 0.04919886863703853
470 0.0 0.0 0.0
480 0.0 0.0 0.0
490 1.5762300271176128 0.0 0.0
500 0.0 0.0 0.0
510 1.5 0.00034562103136259736 0.00023046712376507215
520 0.8 0.014951408045569048 0.01904520076693153
530 0.5515457169329365 0.0 0.0
540 0.0 0.0 0.0
550 0.0 0.0 0.0
560 1.6114008233754227 0.0 0.0
570 0.75 0.006135497013898039 0.008248137919296133
580 0.0 0.0 0.0
590 1.3 0.054871348851882384 0.044068818753215735
600 0.55 0.006200021968886693 0.011401291319162137
610 1.5 0.019345630399753677 0.013065595048341158
620 0.0 0.0 0.0
630 0.0 0.0 0.0
640 0.0 0.0 0.0
650 1.4500000000000002 0.025774785160138647 0.01809740825508186
660 1.7005358194678708 0.0 0.0
670 1.1 0.0160977958949311 0.014851705102142818
680 0.9599140605233034 0.0 0.0
690 0.0 0.0 0.0
700 1.35 0.03797132474231635 0.02894092595564555
710 0.0 0.0 0.0
720 0.0 0.0 0.0
730 0.0 0.0 0.0
740 0.0 0.0 0.0
750 1.6446688865295056 0.0 0.0
760 0.0 0.0 0.0
770 0.46648476806554084 0.0 0.0
780 0.42511192053139124 0.0 0.0
790 0.0 0.0 0.0
800 1.6446688865295056 0.0 0.0
810 0.0 0.0 0.0
820 0.0 0.0 0.0
830 0.7000000000000001 0.0038547227262136774 0.005537238924193199
840 1.7005358194678708 0.0 0.0
850 0.0 0.0 0.0
860 1.25 0.09199834357982306 0.07944577891557159
870 0.0 0.0 0.0
880 1.7005358194678708 0.0 0.0
890 1.05 0.028713879055307867 0.02811541101601132
900 0.0 0.0 0.0
910 0.0 0.0 0.0
920 0.0 0.0 0.0
930 0.9500000000000001 0.046968333748144464 0.05201183469356322
940 1.3 0.05398368961615385 0.04332502645934362
950 0.0 0.0 0.0
960 1.5 0.00034562103136259736 0.00023046712376507215
970 1.6676128639247318 0.0 0.0
980 0.0 0.0 0.0
990 0.7000000000000001 0.01085411341307918 0.015750095334437098
1000 1.7005358194678708 0.0 0.0
1010 1.7005358194678708 0.0 0.0
1020 0.9500000000000001 0.05256362948472926 0.058570870550465205
1030 0.0 0.0 0.0
1040 0.0 0.0 0.0
1050 0.0 0.0 0.0
1060 1.5103681353365792 0.0 0.0
1070 0.03942876828875752 0.0 0.0
1080 1.7005358194678708 0.0 0.0
1090 0.1155755513721797 0.0 0.0
1100 0.0 0.0 0.0
1110 1.7005358194678708 0.0 0.0
1120 0.0 0.0 0.0
1130 0.0 0.0 0.0
1140 0.25 0.001509580017974299 0.006075002883746959
1150 0.0 0.0 0.0
1160 0.03631907184853318 0.0 0.0
1170 0.2 0.00566429292119236 0.029146948887243646
1180 0.5 0.0017804277200982321 0.0035735804435598944
1190 0.9500000000000001 0.06731195714756133 0.07625792338824515
1200 0.03170157668125477 0.0 0.0
1210 0.7000000000000001 0.03968371983683461 0.0600980485094638
1220 0.0 0.0 0.0
1230 0.0 0.0 0.0
1240 0.0 0.0 0.0
1250 0.8 0.034176623987509425 0.044627292738778974
1260 0.0 0.0 0.0
1270 0.0 0.0 0.0
1280 0.0 0.0 0.0
1290 1.25 0.07272035968434887 0.06176982697573123
1300 0.0 0.0 0.0
1310 1.25 0.05111224208452092 0.04263305029771128
1320 0.0 0.0 0.0
1330 0.0 0.0 0.0
1340 1.3 0.09631409061788809 0.08001596584887248
1350 0.0 0.0 0.0
1360 0.8 0.0027996777633838565 0.003511887395540825
1370 1.3680121528556901 0.0 0.0
1380 0.0 0.0 0.0
1390 1.3 0.09138056674531558 0.0756073948763486
1400 0.26886570605112536 0.0 0.0
1410 1.4500000000000002 0.04953298714282495 0.03536890672045876
1420 0.0 0.0 0.0
1430 0.0 0.0 0.0
1440 1.1500000000000001 0.0657335350904289 0.06062488993045739
1450 0.0 0.0 0.0
1460 1.05 0.048343584411135954 0.048263639765852476
1470 0.0 0.0 0.0
1480 0.0 0.0 0.0
1490 1.05 0.1472829216189404 0.16315512927159728
1500 0.0 0.0 0.0
1510 0.0 0.0 0.0
1520 0.9 0.041124972905022594 0.04788237125035753
1530 0.0 0.0 0.0
1540 1.4500000000000002 0.05663738687179576 0.040647988067255905
1550 0.0 0.0 0.0
1560 1.7005358194678708 0.0 0.0
1570 0.5206693356142806 0.0 0.0
1580 0.0 0.0 0.0
1590 0.0 0.0 0.0
1600 0.0 0.0 0.0
1610 0.0 0.0 0.0
1620 0.0 0.0 0.0
1630 0.5 0.003000912004911982 0.00603806340373333
1640 0.0 0.0 0.0
1650 1.7005358194678708 0.0 0.0
1660 0.0 0.0 0.0
1670 0.0 0.0 0.0
1680 1.7005358194678708 0.0 0.0
1690 0.0 0.0 0.0
1700 0.0 0.0 0.0
1710 0.0 0.0 0.0
1720 0.0 0.0 0.0
1730 0.0 0.0 0.0
1740 0.0 0.0 0.0
1750 0.8500000000000001 0.03974993187885745 0.04905884422945131
1760 0.0 0.0 0.0
1770 0.0 0.0 0.0
1780 0.3058902618930109 0.0 0.0
1790 0.0 0.0 0.0
1800 0.0 0.0 0.0
1810 0.0 0.0 0.0
1820 0.0 0.0 0.0
1830 0.0 0.0 0.0
1840 0.0 0.0 0.0
1850 0.0 0.0 0.0
1860 1.516099943777038 0.0 0.0
1870 1.1 0.06405051034637399 0.0618278313625016
1880 1.2000000000000002 0.08415022068346678 0.07541357469731225
1890 0.4582417034941513 0.0 0.0
1900 1.7005358194678708 0.0 0.0
1910 0.0 0.0 0.0
1920 1.4000000000000001 0.10688348984005747 0.08265573055504279
1930 0.0 0.0 0.0
1940 0.0 0.0 0.0
1950 0.0 0.0 0.0
1960 0.0 0.0 0.0
1970 1.3 0.06600828415203597 0.05349167527164228
1980 1.6676128639247318 0.0 0.0
1990 0.0 0.0 0.0
2000 0.0 0.0 0.0
2010 0.0 0.0 0.0
2020 1.7005358194678708 0.0 0.0
2030 0.0 0.0 0.0
2040 0.0 0.0 0.0
2050 1.7005358194678708 0.0 0.0
2060 1.6 0.0017122447464825719 0.0010712994208048466
2070 0.0 0.0 0.0
2080 1.05 0.07272496933834438 0.07441607229963357
2090 1.4500000000000002 0.016852842590612704 0.011759324577021496
2100 0.0 0.0 0.0
2110 0.22712596615627245 0.0 0.0
2120 0.0 0.0 0.0
2130 0.6420569655723709 0.0 0.0
2140 1.6676128639247318 0.0 0.0
2150 1.120188922719858 0.0 0.0
2160 0.0 0.0 0.0
2170 1.7005358194678708 0.0 0.0
2180 0.0 0.0 0.0
2190 1.05 0.02977975307950209 0.029189533504546023
2200 1.7005358194678708 0.0 0.0
2210 0.0 0.0 0.0
2220 1.4000000000000001 0.03581504747957509 0.02625380628440765
2230 0.15232968535694394 0.0 0.0
2240 1.6676128639247318 0.0 0.0
2250 0.0 0.0 0.0
2260 0.038415788658253056 0.0 0.0
2270 0.9 0.01903959671226374 0.02161231837572737
2280 0.0 0.0 0.0
2290 0.8 0.0021776168429499254 0.0027294506758921864
2300 0.0 0.0 0.0
2310 0.4087807979698933 0.0 0.0
2320 0.0 0.0 0.0
2330 0.0 0.0 0.0
2340 1.55 0.0278821048650173 0.018317966666139676
2350 0.0 0.0 0.0
2360 1.25 0.017658255018508262 0.01432902446940436
2370 0.35000000000000003 0.0025980203135859137 0.007478426910321705
2380 1.4000000000000001 0.0260529487623542 0.01896211992950224
2390 0.0 0.0 0.0
2400 1.4500000000000002 0.05892850807492467 0.042361955095043105
2410 1.0 0.011106181872365006 0.01123091445084911
2420 0.0 0.0 0.0
2430 0.6000000000000001 0.006212566132472341 0.010462609644680265
2440 0.8500000000000001 0.0527996777633839 0.06623138035776217
2450 1.55 0.00016278933796898265 0.00010503641082371824
2460 0.4212392417296752 0.0 0.0
2470 1.7005358194678708 0.0 0.0
2480 1.4500000000000002 0.06558994123818374 0.0473775387740579
2490 0.0 0.0 0.0
2500 0.22079171886136545 0.0 0.0
2510 0.9500000000000001 0.07611220709163657 0.08709608683092997
2520 0.3165993476145494 0.0 0.0
2530 1.3 0.07567494974609512 0.06180952495450565
2540 0.0 0.0 0.0
2550 0.4570871127883652 0.0 0.0
2560 0.36062055886740246 0.0 0.0
2570 0.8 0.032600582579535464 0.04248189644073359
2580 0.0 0.0 0.0
2590 0.0 0.0 0.0
2600 1.7005358194678708 0.0 0.0
2610 1.6265538117648795 0.0 0.0
2620 0.13776383460598368 0.0 0.0
2630 0.0 0.0 0.0
2640 1.6265538117648795 0.0 0.0
2650 0.0 0.0 0.0
2660 0.0 0.0 0.0
2670 0.027417039452784883 0.0 0.0
2680 1.7005358194678708 0.0 0.0
2690 0.0 0.0 0.0
2700 1.0 0.04367921205261982 0.0456742262670789
2710 1.6446688865295056 0.0 0.0
2720 0.0 0.0 0.0
2730 1.1500000000000001 0.01989817972419705 0.017607422063386172
2740 0.7158085019316066 0.0 0.0
2750 1.3 0.08258213716800356 0.06783384710316172
2760 0.35921543671924616 0.0 0.0
2770 0.0 0.0 0.0
2780 1.6676128639247318 0.0 0.0
2790 1.7005358194678708 0.0 0.0
2800 0.0 0.0 0.0
2810 0.0 0.0 0.0
2820 1.7005358194678708 0.0 0.0
2830 1.4000000000000001 0.008928508074924624 0.006418439402110558
2840 1.7005358194678708 0.0 0.0
2850 1.7005358194678708 0.0 0.0
2860 0.0 0.0 0.0
2870 0.0 0.0 0.0
2880 1.6676128639247318 0.0 0.0
2890 0.3791715959117717 0.0 0.0
2900 0.0 0.0 0.0
2910 1.05 0.14586448414824238 0.16133033333042782
2920 0.0 0.0 0.0
2930 0.35873718989606806 0.0 0.0
2940 0.0 0.0 0.0
2950 0.0 0.0 0.0
2960 1.3 0.08849705760121584 0.07304733195776732
2970 0.1600332424031372 0.0 0.0
2980 0.0 0.0 0.0
2990 0.7110209200674331 0.0 0.0
3000 1.7005358194678708 0.0 0.0
3010 1.4500000000000002 0.08003602787108721 0.05842199466509464
3020 1.4500000000000002 0.04459130407650447 0.03172835361403785
3030 0.2 0.008158044982921692 0.042524821967100154
3040 1.7005358194678708 0.0 0.0
3050 0.0 0.0 0.0
3060 1.6446688865295056 0.0 0.0
3070 1.7005358194678708 0.0 0.0
3080 0.0 0.0 0.0
3090 1.3 0.03614076542684774 0.02859556225741682
3100 1.7005358194678708 0.0 0.0
3110 0.0 0.0 0.0
3120 0.0 0.0 0.0
3130 0.0 0.0 0.0
3140 1.25 0.0941376624789596 0.08144366281615781
3150 0.0 0.0 0.0
3160 0.0 0.0 0.0
3170 0.5509228466553735 0.0 0.0
3180 0.0021858524485095787 0.0 0.0
3190 0.0 0.0 0.0
3200 0.0 0.0 0.0
3210 1.5 0.019345630399753677 0.013065595048341158
3220 0.0 0.0 0.0
3230 0.0 0.0 0.0
3240 0.1650426443630681 0.0 0.0
3250 0.0 0.0 0.0
3260 1.1 0.07844644077735974 0.07679131462970401
3270 1.5221178951349827 0.0 0.0
3280 0.0 0.0 0.0
3290 1.7005358194678708 0.0 0.0
3300 0.6128128775608788 0.0 0.0
3310 1.2000000000000002 0.052960102463248226 0.046171107541227746
3320 0.0 0.0 0.0
3330 0.0 0.0 0.0
3340 0.18549320199970218 0.0 0.0
3350 1.6265538117648795 0.0 0.0
3360 0.0 0.0 0.0
3370 1.6676128639247318 0.0 0.0
3380 0.9500000000000001 0.09964304651975253 0.11717790524549063
3390 0.0 0.0 0.0
3400 0.0 0.0 0.0
3410 0.65 0.01247711932820017 0.019571249450768272
3420 0.0 0.0 0.0
3430 1.6446688865295056 0.0 0.0
3440 0.0 0.0 0.0
3450 0.0 0.0 0.0
3460 1.6 0.0017122447464825719 0.0010712994208048466
3470 0.1656455983583879 0.0 0.0
3480 1.7005358194678708 0.0 0.0
3490 0.0 0.0 0.0
3500 0.9500000000000001 0.014474413699625543 0.015471959197680523
3510 0.0 0.0 0.0
3520 1.6 0.013322322304274437 0.008396363351895112
3530 1.55 0.00016278933796898265 0.00010503641082371824
3540 1.0 0.09348317685557994 0.10312348813485488
3550 0.0 0.0 0.0
3560 0.0 0.0 0.0
3570 0.0 0.0 0.0
3580 0.0 0.0 0.0
3590 1.4000000000000001 0.058544223077536595 0.04364230568364123
3600 0.0 0.0 0.0
3610 0.45 0.018694823523915438 0.0433447696516391
3620 0.0 0.0 0.0
3630 1.6676128639247318 0.0 0.0
3640 0.0 0.0 0.0
3650 1.7005358194678708 0.0 0.0
3660 0.0 0.0 0.0
3670 1.2000000000000002 0.04729981874994915 0.04103393017484793
3680 0.0 0.0 0.0
3690 0.8500000000000001 0.04841505934751256 0.060399162823721285
3700 0.0 0.0 0.0
3710 0.8099238069807828 0.0 0.0
3720 1.4000000000000001 0.06015843886333916 0.04489966620553512
3730 0.7000000000000001 0.029418581202591887 0.043870260013094166
3740 1.6265538117648795 0.0 0.0
3750 0.31045524443329386 0.0 0.0
3760 1.7005358194678708 0.0 0.0
3770 1.3 0.057507998347246625 0.0462844012442333
3780 0.0 0.0 0.0
3790 0.3706508794076609 0.0 0.0
3800 0.6000000000000001 0.008834307588499457 0.014943877328980794
3810 0.3116971391750103 0.0 0.0
3820 0.9500000000000001 0.0018453453212728954 0.0019462492876736153
3830 0.8549675088006174 0.0 0.0
3840 0.0 0.0 0.0
3850 1.4000000000000001 0.07248731766249095 0.05460386075924632
3860 1.6 0.0017122447464825719 0.0010712994208048466
3870 0.0 0.0 0.0
3880 0.0 0.0 0.0
3890 1.0 0.002682432524027778 0.002689647321481083
3900 0.0 0.0 0.0
3910 0.0 0.0 0.0
3920 0.0 0.0 0.0
3930 1.1 0.02253823714612113 0.020917899755833542
3940 0.3327163695617452 0.0 0.0
3950 1.4500000000000002 0.034152687748587596 0.024121730820168472
3960 0.30000000000000004 0.007226583342057058 0.02468319502689043
3970 0.0 0.0 0.0
3980 0.046485275855447226 0.0 0.0
3990 0.6019899533144697 0.0 0.0
4000 0.0 0.0 0.0
4010 0.10063285506036222 0.0 0.0
4020 0.65 0.023613444393619232 0.037697878701690786
4030 0.6723358347173443 0.0 0.0
4040 1.5103681353365792 0.0 0.0
4050 0.0 0.0 0.0
4060 0.0 0.0 0.0
4070 0.5689219334003097 0.0 0.0
4080 0.32488023121207 0.0 0.0
4090 0.0 0.0 0.0
4100 1.7005358194678708 0.0 0.0
4110 1.35 0.06611870352827554 0.05149907838830464
4120 0.0 0.0 0.0
4130 1.6 0.013322322304274437 0.008396363351895112
4140 0.009793612040331284 0.0 0.0
4150 1.4500000000000002 0.05892850807492467 0.042361955095043105
4160 0.0 0.0 0.0
4170 0.0 0.0 0.0
4180 0.5415944627140199 0.0 0.0
4190 0.0 0.0 0.0
4200 0.0 0.0 0.0
4210 0.0 0.0 0.0
4220 0.0 0.0 0.0
4230 0.26174966604800515 0.0 0.0
4240 0.0 0.0 0.0
4250 0.0 0.0 0.0
4260 1.0 0.017885436341878447 0.018211150718771385
4270 1.35 0.03526908005304619 0.02682608244618542
4280 0.6808380421786377 0.0 0.0
4290 0.1900718160281338 0.0 0.0
4300 1.35 0.045810753199614584 0.03512584796416912
4310 0.0 0.0 0.0
4320 0.0 0.0 0.0
4330 1.7005358194678708 0.0 0.0
4340 1.2000000000000002 0.03874213119970937 0.03336221199494159
4350 0.5570568364670048 0.0 0.0
4360 0.03492916738857384 0.0 0.0
4370 1.55 0.0077386434400599224 0.005017725048445224
4380 1.4000000000000001 0.008928508074924624 0.006418439402110558
4390 1.7005358194678708 0.0 0.0
4400 0.0 0.0 0.0
4410 0.6034215308320998 0.0 0.0
4420 0.0 0.0 0.0
4430 0.9 0.0919159192486706 0.11374548940898609
4440 0.0 0.0 0.0
4450 0.6000000000000001 0.00637359857028974 0.010736716822128102
4460 0.4547091361035047 0.0 0.0
4470 1.0824528901588428 0.0 0.0
4480 1.05 0.020818849847111798 0.020228557279754967
4490 0.0 0.0 0.0
4500 0.0 0.0 0.0
4510 1.6446688865295056 0.0 0.0
4520 0.0 0.0 0.0
4530 0.0 0.0 0.0
4540 1.7005358194678708 0.0 0.0
4550 0.0 0.0 0.0
4560 1.55 0.00016278933796898265 0.00010503641082371824
4570 0.0 0.0 0.0
4580 0.3626067284925072 0.0 0.0
4590 0.0 0.0 0.0
4600 0.0 0.0 0.0
4610 0.8500000000000001 0.0005294434860723118 0.0006232629041847563
4620 0.0 0.0 0.0
4630 0.0 0.0 0.0
4640 0.0 0.0 0.0
4650 0.22787030592139607 0.0 0.0
4660 0.0 0.0 0.0
4670 1.2000000000000002 0.0845788514332928 0.07582683145462576
4680 0.0 0.0 0.0
4690 0.10499653860719903 0.0 0.0
4700 0.0 0.0 0.0
4710 0.0 0.0 0.0
4720 0.32177807775850975 0.0 0.0
4730 0.0 0.0 0.0
4740 0.0 0.0 0.0
4750 0.0 0.0 0.0
4760 0.6000000000000001 0.01228428227132805 0.02090174194898643
4770 0.41530846145319034 0.0 0.0
4780 1.1 0.03843213034388615 0.036203177811265065
4790 0.0 0.0 0.0
4800 1.7005358194678708 0.0 0.0
4810 1.55 0.00016278933796898265 0.00010503641082371824
4820 0.35612911514308854 0.0 0.0
4830 0.0 0.0 0.0
4840 1.7005358194678708 0.0 0.0
4850 0.0 0.0 0.0
4860 1.7005358194678708 0.0 0.0
4870 0.0 0.0 0.0
4880 0.0 0.0 0.0
4890 1.6446688865295056 0.0 0.0
4900 0.0 0.0 0.0
4910 0.6616881728809751 0.0 0.0
4920 1.25 0.11234572344307936 0.09875207763740897
4930 1.4500000000000002 0.022864860445551916 0.016021510375457734
4940 0.17849385309756247 0.0 0.0
4950 1.35 0.05924246818743972 0.04589744140733221
4960 0.0 0.0 0.0
4970 0.0 0.0 0.0
4980 0.0 0.0 0.0
4990 0.0 0.0 0.0
5000 1.7005358194678708 0.0 0.0
5010 1.3 0.05309071439659996 0.04257784829223441
5020 1.25 0.05968825527170374 0.0501450611875869
5030 1.3 0.08333271824489286 0.06849261050620263
5040 1.4000000000000001 0.04673657700214462 0.03453620057106847
5050 0.0 0.0 0.0
5060 1.2000000000000002 0.09940073573399721 0.09031510283653355
5070 0.0 0.0 0.0
5080 1.7005358194678708 0.0 0.0
5090 0.0 0.0 0.0
5100 1.05 0.00882482270094731 0.008475828941523633
5110 1.4500000000000002 0.03141652524864935 0.022146405768723648
5120 0.002336595109579777 0.0 0.0
5130 0.0 0.0 0.0
5140 1.05 0.08084283120454527 0.0834156046175907
5150 0.0 0.0 0.0
5160 0.0 0.0 0.0
5170 1.7005358194678708 0.0 0.0
5180 0.0 0.0 0.0
5190 0.0 0.0 0.0
5200 1.7005358194678708 0.0 0.0
5210 1.25 0.03408007926705103 0.02802822676554865
5220 1.6265538117648795 0.0 0.0
5230 0.0 0.0 0.0
5240 0.0 0.0 0.0
5250 1.4000000000000001 0.06797971548766779 0.05103504524524259
5260 1.7005358194678708 0.0 0.0
5270 1.5 0.005372026395071394 0.0035942231043049975
5280 0.0 0.0 0.0
5290 0.0 0.0 0.0
5300 0.65 0.015507021885062477 0.024440021276726252
5310 0.1546183876875008 0.0 0.0
5320 1.35 0.05569093629108868 0.043027540988937636
5330 0.0 0.0 0.0
5340 0.0 0.0 0.0
5350 1.1 0.0722016134616279 0.07024880989043301
5360 1.7005358194678708 0.0 0.0
5370 0.0 0.0 0.0
5380 0.0 0.0 0.0
5390 1.6265538117648795 0.0 0.0
5400 0.514318784900216 0.0 0.0
5410 0.0 0.0 0.0
5420 1.0 0.05165493771856555 0.05446850494934748
5430 1.1 0.07629571749310604 0.07452905960915743
5440 1.7005358194678708 0.0 0.0
5450 0.0 0.0 0.0
5460 1.05 0.08334549636850408 0.08622056386784983
5470 1.5 0.023680222779651317 0.016040036274686385
5480 0.5250020353163765 0.0 0.0
5490 0.0 0.0 0.0
5500 0.1782402263763698 0.0 0.0
5510 0.5 0.006265430082489143 0.012689875216831424
5520 0.0 0.0 0.0
5530 0.0 0.0 0.0
5540 0.0 0.0 0.0
5550 0.0 0.0 0.0
5560 0.0 0.0 0.0
5570 1.6114008233754227 0.0 0.0
5580 0.0 0.0 0.0
5590 0.0 0.0 0.0
5600 0.0 0.0 0.0
5610 0.0 0.0 0.0
5620 0.0 0.0 0.0
5630 0.0 0.0 0.0
5640 0.0 0.0 0.0
5650 0.0 0.0 0.0
5660 0.9500000000000001 0.03204046875357036 0.03490401010387132
5670 0.0 0.0 0.0
5680 0.0 0.0 0.0
5690 0.6050249637503669 0.0 0.0
5700 0.12323917184830481 0.0 0.0
5710 0.0 0.0 0.0
5720 1.7005358194678708 0.0 0.0
5730 0.0 0.0 0.0
5740 0.0 0.0 0.0
5750 0.0 0.0 0.0
5760 1.1 0.051338752475989846 0.04895646959130564
5770 1.6265538117648795 0.0 0.0
5780 1.7005358194678708 0.0 0.0
5790 1.0 0.02031844644191816 0.020739847931324298
5800 0.0 0.0 0.0
5810 0.9 0.007429326132256664 0.008323515828795317
5820 0.0 0.0 0.0
5830 0.0 0.0 0.0
5840 0.22219264396454236 0.0 0.0
5850 0.0 0.0 0.0
5860 0.11046053218382434 0.0 0.0
5870 1.05 0.07163487814438729 0.07321896145328777
5880 1.0 0.09806622627355921 0.10872885474549597
5890 0.0 0.0 0.0
5900 0.5040304673088314 0.0 0.0
5910 0.0 0.0 0.0
5920 1.7005358194678708 0.0 0.0
5930 0.0 0.0 0.0
5940 0.0 0.0 0.0
5950 0.0 0.0 0.0
5960 0.0 0.0 0.0
5970 1.5 0.019345630399753677 0.013065595048341158
5980 1.7005358194678708 0.0 0.0
5990 0.30000000000000004 0.0025138647655195134 0.008450359421080477
6000 0.0 0.0 0.0
6010 0.0 0.0 0.0
6020 0.8 0.03592659536518372 0.04701982184860183
6030 0.0 0.0 0.0
6040 0.0 0.0 0.0
6050 0.0 0.0 0.0
6060 0.0 0.0 0.0
6070 0.0 0.0 0.0
6080 0.1615342957162611 0.0 0.0
6090 1.5667119957175855 0.0 0.0
6100 1.1500000000000001 0.010408680828484007 0.009133696135954359
6110 1.7005358194678708 0.0 0.0
6120 1.7005358194678708 0.0 0.0
6130 0.0 0.0 0.0
6140 1.55 0.00016278933796898265 0.00010503641082371824
6150 0.0 0.0 0.0
6160 0.0 0.0 0.0
6170 1.2000000000000002 0.035983305966113655 0.030913049744513473
6180 0.07729554791612389 0.0 0.0
6190 0.0 0.0 0.0
6200 0.55 0.034804711444590075 0.06755634653061618
6210 0.0 0.0 0.0
6220 0.0 0.0 0.0
6230 0.0 0.0 0.0
6240 0.0 0.0 0.0
6250 0.309126582370828 0.0 0.0
6260 0.0 0.0 0.0
6270 0.0 0.0 0.0
6280 0.0 0.0 0.0
6290 0.0 0.0 0.0
6300 0.0 0.0 0.0
6310 1.7005358194678708 0.0 0.0
6320 1.7005358194678708 0.0 0.0
6330 0.3602695175173143 0.0 0.0
6340 1.35 0.06156752108375141 0.04778482543030759
6350 1.6676128639247318 0.0 0.0
6360 1.0 0.07351066390763195 0.07934323801035435
6370 0.0 0.0 0.0
6380 0.0 0.0 0.0
6390 1.6446688865295056 0.0 0.0
6400 0.0 0.0 0.0
6410 1.3 0.10512217061856188 0.08797733796180762
6420 0.8 0.05945361952342276 0.08028345163899321
6430 0.8 0.04165554524532089 0.054929583758605134
6440 0.0 0.0 0.0
6450 1.6676128639247318 0.0 0.0
6460 0.0 0.0 0.0
6470 0.0 0.0 0.0
6480 1.05 0.08907747959896506 0.09269996041074065
6490 0.0 0.0 0.0
6500 0.0 0.0 0.0
6510 0.0 0.0 0.0
6520 0.0 0.0 0.0
6530 0.0 0.0 0.0
6540 1.35 0.10219299794499204 0.08189808021327884
6550 1.1500000000000001 0.07147944112309634 0.06627545533070789
6560 1.25 0.04138056674531554 0.0342378796887967
6570 0.0 0.0 0.0
6580 0.21321384479114167 0.0 0.0
6590 0.0 0.0 0.0
6600 1.7005358194678708 0.0 0.0
6610 1.1 0.027406748146883153 0.025551855840536545
6620 1.4000000000000001 0.04497065609700379 0.033187957367381664
6630 0.5 0.0063490726172226175 0.012861461946164929
6640 0.0 0.0 0.0
6650 0.6000000000000001 0.02285380120138525 0.039597941126455705
6660 1.3 0.01944888339573514 0.015187900852649466
6670 0.0 0.0 0.0
6680 1.4500000000000002 0.04708385054089481 0.033561414599901786
6690 1.0 0.08002109080300257 0.0869814405559024
6700 1.05 0.08021325754575526 0.08271226449513953
6710 1.1 0.08346843844427587 0.08211101514303577
6720 1.35 0.05327767547770623 0.04108641801731413
6730 1.6676128639247318 0.0 0.0
6740 0.0 0.0 0.0
6750 0.0 0.0 0.0
6760 0.55 0.004502223254709725 0.008253421822490675
6770 1.05 0.0753208995420317 0.07727763887277463
6780 1.7005358194678708 0.0 0.0
6790 0.0 0.0 0.0
6800 1.25 0.05774591072054136 0.0484342316287967
6810 1.25 0.06097152534616335 0.05127844004233293
6820 1.6446688865295056 0.0 0.0
6830 0.0 0.0 0.0
6840 1.25 0.04769850091018535 0.039672661929054255
6850 0.8 0.00040748320186978493 0.0005096135760518385
6860 1.5667119957175855 0.0 0.0
6870 0.7000000000000001 0.01971800426982695 0.028985045016019936
6880 0.0 0.0 0.0
6890 0.0 0.0 0.0
6900 0.0 0.0 0.0
6910 0.9500000000000001 0.04010809892033318 0.044080070250918146
6920 0.0 0.0 0.0
6930 0.0 0.0 0.0
6940 1.7005358194678708 0.0 0.0
6950 0.0 0.0 0.0
6960 0.0 0.0 0.0
6970 0.6337699688662373 0.0 0.0
6980 0.0 0.0 0.0
6990 1.5667119957175855 0.0 0.0
7000 0.0 0.0 0.0
7010 1.7005358194678708 0.0 0.0
7020 1.3 0.1017866830180616 0.08494871620559355
7030 0.65 0.004096633830965923 0.006342487197835453
7040 0.0 0.0 0.0
7050 0.0 0.0 0.0
7060 1.0 0.040889283495435746 0.042632495698155574
7070 0.0 0.0 0.0
7080 0.0 0.0 0.0
7090 0.0 0.0 0.0
7100 0.0 0.0 0.0
7110 0.0 0.0 0.0
7120 0.75 0.0407356465190678 0.05743365829559195
7130 1.6446688865295056 0.0 0.0
7140 0.75 0.03527891611777689 0.04936039654259088
7150 0.0 0.0 0.0
7160 0.3096576140759688 0.0 0.0
7170 1.05 0.08396730845926426 0.08691973801149928
7180 1.7005358194678708 0.0 0.0
7190 0.0 0.0 0.0
7200 0.0 0.0 0.0
7210 0.0 0.0 0.0
7220 0.9500000000000001 0.008989382595090079 0.009552902410262618
7230 1.5 0.04340942156804006 0.029802074934997116
7240 0.0 0.0 0.0
7250 1.6676128639247318 0.0 0.0
7260 0.0 0.0 0.0
7270 0.5609709536275272 0.0 0.0
7280 0.12739018938417135 0.0 0.0
7290 0.0 0.0 0.0
7300 0.0 0.0 0.0
7310 0.0 0.0 0.0
7320 0.6184664344697326 0.0 0.0
7330 0.0 0.0 0.0
7340 0.0 0.0 0.0
7350 1.7005358194678708 0.0 0.0
7360 0.0 0.0 0.0
7370 0.0 0.0 0.0
7380 1.4000000000000001 0.10205732449585869 0.07863007082051449
7390 0.0 0.0 0.0
7400 0.7000000000000001 0.01679082484245542 0.024576404200929443
7410 0.0 0.0 0.0
7420 0.0 0.0 0.0
7430 0.08570301517148951 0.0 0.0
7440 0.20400397075651844 0.0 0.0
7450 1.7005358194678708 0.0 0.0
7460 1.7005358194678708 0.0 0.0
7470 0.0 0.0 0.0
7480 0.0 0.0 0.0
7490 0.65 0.02384920998578377 0.038088604799560014
7500 1.7005358194678708 0.0 0.0
7510 1.4000000000000001 0.10569093629108872 0.08165819065519461
7520 0.0 0.0 0.0
7530 0.0 0.0 0.0
7540 1.7005358194678708 0.0 0.0
7550 1.6114008233754227 0.0 0.0
7560 0.42081085141773267 0.0 0.0
7570 1.5048944950983372 0.0 0.0
7580 1.1 0.05496656212207718 0.05259789795214015
7590 0.0 0.0 0.0
7600 0.0 0.0 0.0
7610 0.44524123553926453 0.0 0.0
7620 0.0 0.0 0.0
7630 1.7005358194678708 0.0 0.0
7640 1.1 0.03778081572031011 0.03556781526774059
7650 0.0 0.0 0.0
7660 0.0 0.0 0.0
7670 0.5113973544803404 0.0 0.0
7680 0.0 0.0 0.0
7690 1.4500000000000002 0.0005374300449711988 0.0003707788363157754
7700 1.6265538117648795 0.0 0.0
7710 0.0 0.0 0.0
7720 0.6541170548185478 0.0 0.0
7730 0.0 0.0 0.0
7740 0.0 0.0 0.0
7750 0.0 0.0 0.0
7760 0.0 0.0 0.0
7770 1.7005358194678708 0.0 0.0
7780 0.0 0.0 0.0
7790 0.6000000000000001 0.0041652191376708725 0.006990560590710579
7800 1.5 0.019345630399753677 0.013065595048341158
7810 1.6676128639247318 0.0 0.0
7820 0.0 0.0 0.0
7830 0.0 0.0 0.0
7840 1.7005358194678708 0.0 0.0
7850 0.0 0.0 0.0
7860 0.0 0.0 0.0
7870 1.6676128639247318 0.0 0.0
7880 0.7616038171019872 0.0 0.0
7890 1.1500000000000001 0.07602799636633151 0.07079141365799012
7900 0.0 0.0 0.0
7910 0.0 0.0 0.0
7920 0.0 0.0 0.0
7930 0.0 0.0 0.0
7940 0.0 0.0 0.0
7950 1.7005358194678708 0.0 0.0
7960 1.1500000000000001 0.05792801139305159 0.05304413261889887
7970 0.0 0.0 0.0
7980 0.07496151961958926 0.0 0.0
7990 0.6076946927785492 0.0 0.0
8000 1.2000000000000002 0.09254376568013223 0.08356426449390748
8010 0.0 0.0 0.0
8020 0.6835597156667425 0.0 0.0
8030 0.15387248165108405 0.0 0.0
8040 0.4 0.0004139297655014751 0.0010358963846226143
8050 0.0 0.0 0.0
8060 0.9 0.022459862839674605 0.025594114603525214
8070 1.35 0.04453117419766439 0.03411125054655803
8080 0.0 0.0 0.0
8090 0.18850916647976093 0.0 0.0
8100 0.0 0.0 0.0
8110 0.0 0.0 0.0
8120 0.0 0.0 0.0
8130 1.3 0.09700765231840869 0.08063862792258153
8140 0.0 0.0 0.0
8150 1.55 0.0077386434400599224 0.005017725048445224
8160 0.65 0.0477898923860286 0.07935750626202187
8170 0.3037501458001321 0.0 0.0
8180 0.0 0.0 0.0
8190 0.0 0.0 0.0
8200 0.0 0.0 0.0
8210 1.7005358194678708 0.0 0.0
8220 0.11276132247541593 0.0 0.0
8230 1.7005358194678708 0.0 0.0
8240 1.7005358194678708 0.0 0.0
8250 1.2000000000000002 0.10487027253996306 0.09576059338941645
8260 1.3 0.06265920758501564 0.05064021809441868
8270 1.35 0.12010290722249883 0.09765281008288916
8280 0.0 0.0 0.0
8290 0.0 0.0 0.0
8300 0.0 0.0 0.0
8310 0.0 0.0 0.0
8320 0.0 0.0 0.0
8330 1.6265538117648795 0.0 0.0
8340 0.37745725372419203 0.0 0.0
8350 1.55 0.0278821048650173 0.018317966666139676
8360 1.3 0.10245917312448749 0.08555797917287908
8370 0.0 0.0 0.0
8380 1.2000000000000002 0.033745869859252764 0.028935262896072404
8390 1.2000000000000002 0.054474074190018706 0.047553768066402366
8400 0.0 0.0 0.0
8410 0.0 0.0 0.0
8420 0.0 0.0 0.0
8430 1.4000000000000001 0.06015843886333916 0.04489966620553512
8440 0.0 0.0 0.0
8450 0.0 0.0 0.0
8460 1.6676128639247318 0.0 0.0
8470 1.7005358194678708 0.0 0.0
8480 0.25160058444511785 0.0 0.0
8490 0.0 0.0 0.0
8500 0.25 0.004392029922148849 0.01788227768323924
8510 1.7005358194678708 0.0 0.0
8520 0.0 0.0 0.0
8530 0.0 0.0 0.0
8540 0.0 0.0 0.0
8550 1.6676128639247318 0.0 0.0
8560 1.4500000000000002 0.042053675401822144 0.02986880583947267
8570 1.05 0.05972502931415957 0.060311561012993654
8580 0.0 0.0 0.0
8590 1.05 0.01490902515661019 0.014403589171344034
8600 0.30000000000000004 0.005437882310150632 0.01846090173712117
8610 0.8 0.004452137352479069 0.005596316150812981
8620 0.0 0.0 0.0
8630 1.1500000000000001 0.008451470287178742 0.007403513794814201
8640 1.7005358194678708 0.0 0.0
8650 0.0 0.0 0.0
8660 0.0 0.0 0.0
8670 0.0 0.0 0.0
8680 0.0 0.0 0.0
8690 1.1 0.06145460381149004 0.0591737289838558
8700 1.55 0.0077386434400599224 0.005017725048445224
8710 0.36688952534064423 0.0 0.0
8720 0.0 0.0 0.0
8730 0.0 0.0 0.0
8740 0.0 0.0 0.0
8750 1.35 0.07054423099540896 0.05513612326770151
8760 1.5762300271176128 0.0 0.0
8770 0.0 0.0 0.0
8780 1.0 0.07661748779986499 0.08297480923405103
8790 0.0 0.0 0.0
8800 1.7005358194678708 0.0 0.0
8810 0.0 0.0 0.0
8820 1.3 0.11663345822503346 0.09856071986798906
8830 1.7005358194678708 0.0 0.0
8840 0.0 0.0 0.0
8850 1.101791788854654 0.0 0.0
8860 1.25 0.12491988634496032 0.11103199214777158
8870 1.6676128639247318 0.0 0.0
8880 1.3 0.08922269939030825 0.07369042956568463
8890 1.7005358194678708 0.0 0.0
8900 0.0 0.0 0.0
8910 0.0 0.0 0.0
8920 1.6676128639247318 0.0 0.0
8930 0.8500000000000001 0.03470098159999524 0.042562275701122115
8940 0.0 0.0 0.0
8950 1.35 0.05688348984005742 0.043989454463791225
8960 1.7005358194678708 0.0 0.0
8970 0.4223836633373628 0.0 0.0
8980 1.7005358194678708 0.0 0.0
8990 1.6114008233754227 0.0 0.0
9000 1.7005358194678708 0.0 0.0
9010 0.0 0.0 0.0
9020 0.3687999057874986 0.0 0.0
9030 0.254393815573164 0.0 0.0
9040 0.0 0.0 0.0
9050 0.0 0.0 0.0
9060 0.0 0.0 0.0
9070 0.32322140904380514 0.0 0.0
9080 0.09430861423566238 0.0 0.0
9090 0.0 0.0 0.0
9100 0.0 0.0 0.0
9110 1.5667119957175855 0.0 0.0
9120 0.0 0.0 0.0
9130 0.0 0.0 0.0
9140 0.75 0.055818953800603754 0.08040979238227479
9150 1.4500000000000002 0.03683667111164857 0.02606681786784384
9160 1.1500000000000001 0.06898594060130514 0.06381595132969685
9170 0.0 0.0 0.0
9180 1.7005358194678708 0.0 0.0
9190 0.13946223229930566 0.0 0.0
9200 1.7005358194678708 0.0 0.0
9210 0.0 0.0 0.0
9220 1.7005358194678708 0.0 0.0
9230 0.0 0.0 0.0
9240 1.1 0.11247917574517496 0.11390056086164137
9250 0.0 0.0 0.0
9260 1.2000000000000002 0.08755231009732833 0.07870240631718
9270 1.3 0.03313859888715265 0.026158030277063263
9280 0.2004531208687773 0.0 0.0
9290 0.0 0.0 0.0
9300 0.4485525022160065 0.0 0.0
9310 0.0 0.0 0.0
9320 1.55 0.0278821048650173 0.018317966666139676
9330 0.35445003881771786 0.0 0.0
9340 1.5 0.023680222779651317 0.016040036274686385
9350 0.7238535036325398 0.0 0.0
9360 0.0 0.0 0.0
9370 0.0 0.0 0.0
9380 0.4074229946592558 0.0 0.0
9390 1.6265538117648795 0.0 0.0
9400 0.23497724455218627 0.0 0.0
9410 1.7005358194678708 0.0 0.0
9420 1.1 0.04639944507668803 0.044038933787449726
9430 1.4500000000000002 0.022864860445551916 0.016021510375457734
9440 1.7005358194678708 0.0 0.0
9450 0.0 0.0 0.0
9460 0.0 0.0 0.0
9470 1.7005358194678708 0.0 0.0
9480 0.0 0.0 0.0
9490 1.2000000000000002 0.007745910720541538 0.006496862363644981
9500 0.12297153139539505 0.0 0.0
9510 0.30948076820200965 0.0 0.0
9520 0.23925154526488446 0.0 0.0
9530 1.7005358194678708 0.0 0.0
9540 1.25 0.07091626305271603 0.06014523042809694
9550 0.55 0.0010846205420985688 0.0019759339648484976
9560 0.0 0.0 0.0
9570 1.6676128639247318 0.0 0.0
9580 0.4 0.01887661868957191 0.049528891732299025
9590 1.1500000000000001 0.058306911433369635 0.05340961854940875
9600 1.35 0.0002058024375684031 0.000152469493453193
9610 0.05973022722943597 0.0 0.0
9620 0.0 0.0 0.0
9630 1.25 0.05968825527170374 0.0501450611875869
9640 0.0 0.0 0.0
9650 1.7005358194678708 0.0 0.0
9660 1.5667119957175855 0.0 0.0
9670 0.35000000000000003 0.00027882181526622807 0.0007972688892147835
9680 1.2000000000000002 0.06186332851491949 0.054354920691728564
9690 0.0 0.0 0.0
9700 1.6676128639247318 0.0 0.0
9710 0.0 0.0 0.0
9720 0.0 0.0 0.0
9730 1.7005358194678708 0.0 0.0
9740 0.0 0.0 0.0
9750 0.0 0.0 0.0
9760 0.3555583524825335 0.0 0.0
9770 0.0 0.0 0.0
9780 0.0 0.0 0.0
9790 0.0 0.0 0.0
9800 1.7005358194678708 0.0 0.0
9810 0.1675051122761656 0.0 0.0
9820 0.0 0.0 0.0
9830 0.0 0.0 0.0
9840 0.0 0.0 0.0
9850 0.0 0.0 0.0
9860 0.0 0.0 0.0
9870 0.35000000000000003 0.0014078664072867397 0.004038721105886047
9880 1.05 0.028980980146287916 0.028384368540402122
9890 1.4000000000000001 0.07099950093180918 0.05342323120389302
9900 0.0 0.0 0.0
9910 0.0 0.0 0.0
9920 1.7005358194678708 0.0 0.0
9930 0.0 0.0 0.0
9940 0.0 0.0 0.0
9950 0.0 0.0 0.0
9960 0.0 0.0 0.0
9970 0.0 0.0 0.0
9980 1.6446688865295056 0.0 0.0
9990 1.6265538117648795 0.0 0.0
0 0.0 0.0 0.0
10 1.3 0.08849705760121584 0.07304733195776732
20 0.0 0.0 0.0
30 1.49 0.05056184633555083 0.03512609847587618
40 0.0 0.0 0.0
50 1.7005358194678708 0.0 0.0
60 0.85 0.03756630289545082 0.04623922300285453
70 0.0 0.0 0.0
80 1.3 0.05837743966727715 0.04701705778576825
90 0.3708132629093067 0.0 0.0
100 0.10511807417600288 0.0 0.0
110 0.0 0.0 0.0
120 1.3900000000000001 0.08324122762174402 0.06370053094822378
130 0.0 0.0 0.0
140 0.0 0.0 0.0
150 1.59 0.013769972882387238 0.008736017361354181
160 0.0 0.0 0.0
170 0.45 1.0448081008529453e-05 2.3218496882812846e-05
180 1.49 0.053743757706465445 0.03741933794532576
190 0.08125792344445834 0.0 0.0
200 0.0 0.0 0.0
210 0.0 0.0 0.0
220 1.6676128639247318 0.0 0.0
230 1.58 0.003769972882387229 0.002391765679836225
240 1.6676128639247318 0.0 0.0
250 0.0 0.0 0.0
260 0.0 0.0 0.0
270 0.21122431572627434 0.0 0.0
280 1.7005358194678708 0.0 0.0
290 1.7005358194678708 0.0 0.0
300 0.76 0.03462337387701753 0.047731581953603476
310 1.6676128639247318 0.0 0.0
320 0.0 0.0 0.0
330 0.67 0.0016313841341270008 0.0024408449101302266
340 0.0 0.0 0.0
350 1.23 0.05212099076922905 0.04424986807708487
360 0.0 0.0 0.0
370 0.0 0.0 0.0
380 0.77 0.014521079998365383 0.01922102604574852
390 1.56 0.02484512378419712 0.01618411547207602
400 1.6676128639247318 0.0 0.0
410 0.0 0.0 0.0
420 0.09169071903195186 0.0 0.0
430 0.0 0.0 0.0
440 0.72 0.022465423354967817 0.03220689569687128
450 0.025886590647769193 0.0 0.0
460 1.31 0.0709593959162722 0.05726962916501576
470 0.0 0.0 0.0
480 0.0 0.0 0.0
490 1.59 0.013769972882387238 0.008736017361354181
500 0.0 0.0 0.0
510 1.53 0.030345621031362624 0.02023507646624039
520 0.81 0.024951408045569057 0.03178326577651819
530 0.5700000000000001 0.018454283067063537 0.033459208367504066
540 0.0 0.0 0.0
550 0.0 0.0 0.0
560 1.62 0.008599176624577431 0.005336460364072933
570 0.77 0.026135497013898057 0.03513475493047739
580 0.0 0.0 0.0
590 1.32 0.0748713488518824 0.06013141596480369
600 0.5700000000000001 0.02620002196888671 0.048179520094404425
610 1.52 0.039345630399753695 0.026573136315652387
620 0.0 0.0 0.0
630 0.0 0.0 0.0
640 0.0 0.0 0.0
650 1.48 0.05577478516013845 0.039161492563807555
660 1.7005358194678708 0.0 0.0
670 1.1400000000000001 0.056097795894931135 0.0517554034694935
680 0.99 0.030085939476696577 0.03134232606228836
690 0.0 0.0 0.0
700 1.3900000000000001 0.07797132474231638 0.05942806450247952
710 0.0 0.0 0.0
720 0.0 0.0 0.0
730 0.0 0.0 0.0
740 0.0 0.0 0.0
750 1.6446688865295056 0.0 0.0
760 0.0 0.0 0.0
770 0.49 0.023515231934459147 0.05040943144183278
780 0.42511192053139124 0.0 0.0
790 0.0 0.0 0.0
800 1.6446688865295056 0.0 0.0
810 0.0 0.0 0.0
820 0.0 0.0 0.0
830 0.7000000000000001 0.0038547227262136774 0.005537238924193199
840 1.7005358194678708 0.0 0.0
850 0.0 0.0 0.0
860 1.27 0.11199834357982308 0.09671691137822075
870 0.0 0.0 0.0
880 1.7005358194678708 0.0 0.0
890 1.09 0.0687138790553079 0.06728171238804988
900 0.0 0.0 0.0
910 0.0 0.0 0.0
920 0.0 0.0 0.0
930 0.96 0.05696833374814436 0.06308564347981113
940 1.31 0.06398368961615386 0.05135060358595397
950 0.0 0.0 0.0
960 1.53 0.030345621031362624 0.02023507646624039
970 1.6676128639247318 0.0 0.0
980 0.0 0.0 0.0
990 0.71 0.02085411341307908 0.030260810982071763
1000 1.7005358194678708 0.0 0.0
1010 1.7005358194678708 0.0 0.0
1020 0.98 0.08256362948472917 0.0919994243573219
1030 0.0 0.0 0.0
1040 0.0 0.0 0.0
1050 0.0 0.0 0.0
1060 1.54 0.029631864663420826 0.019618968362847173
1070 0.03942876828875752 0.0 0.0
1080 1.7005358194678708 0.0 0.0
1090 0.1155755513721797 0.0 0.0
1100 0.0 0.0 0.0
1110 1.7005358194678708 0.0 0.0
1120 0.0 0.0 0.0
1130 0.0 0.0 0.0
1140 0.25 0.001509580017974299 0.006075002883746959
1150 0.0 0.0 0.0
1160 0.03631907184853318 0.0 0.0
1170 0.2 0.00566429292119236 0.029146948887243646
1180 0.52 0.02178042772009825 0.043716523661302326
1190 0.99 0.10731195714756125 0.12157404647827644
1200 0.03170157668125477 0.0 0.0
1210 0.72 0.059683719836834515 0.09038656418116263
1220 0.0 0.0 0.0
1230 0.0 0.0 0.0
1240 0.0 0.0 0.0
1250 0.8 0.034176623987509425 0.044627292738778974
1260 0.0 0.0 0.0
1270 0.0 0.0 0.0
1280 0.0 0.0 0.0
1290 1.29 0.1127203596843489 0.09574646143895466
1300 0.0 0.0 0.0
1310 1.26 0.06111224208452093 0.05097411470009298
1320 0.0 0.0 0.0
1330 0.0 0.0 0.0
1340 1.31 0.1063140906178881 0.0883237809707869
1350 0.0 0.0 0.0
1360 0.84 0.04279967776338378 0.05368748176531777
1370 1.3900000000000001 0.021987847144310013 0.01607284489279642
1380 0.0 0.0 0.0
1390 1.3 0.09138056674531558 0.0756073948763486
1400 0.27 0.001134293948874654 0.004218812304232529
1410 1.47 0.06953298714282474 0.04964985715798218
1420 0.0 0.0 0.0
1430 0.0 0.0 0.0
1440 1.16 0.07573353509042868 0.06984771506028725
1450 0.0 0.0 0.0
1460 1.08 0.07834358441113598 0.07821402947344828
1470 0.0 0.0 0.0
1480 0.0 0.0 0.0
1490 1.06 0.15728292161894042 0.17423279716942203
1500 0.0 0.0 0.0
1510 0.0 0.0 0.0
1520 0.9 0.041124972905022594 0.04788237125035753
1530 0.0 0.0 0.0
1540 1.46 0.06663738687179555 0.04782487074358165
1550 0.0 0.0 0.0
1560 1.7005358194678708 0.0 0.0
1570 0.53 0.00933066438571939 0.017920518354919368
1580 0.0 0.0 0.0
1590 0.0 0.0 0.0
1600 0.0 0.0 0.0
1610 0.0 0.0 0.0
1620 0.0 0.0 0.0
1630 0.51 0.01300091200491199 0.026158824671808016
1640 0.0 0.0 0.0
1650 1.7005358194678708 0.0 0.0
1660 0.0 0.0 0.0
1670 0.0 0.0 0.0
1680 1.7005358194678708 0.0 0.0
1690 0.0 0.0 0.0
1700 0.0 0.0 0.0
1710 0.0 0.0 0.0
1720 0.0 0.0 0.0
1730 0.0 0.0 0.0
1740 0.0 0.0 0.0
1750 0.87 0.059749931878857354 0.0737425817407324
1760 0.0 0.0 0.0
1770 0.0 0.0 0.0
1780 0.32 0.014109738106989123 0.04612679730198207
1790 0.0 0.0 0.0
1800 0.0 0.0 0.0
1810 0.0 0.0 0.0
1820 0.0 0.0 0.0
1830 0.0 0.0 0.0
1840 0.0 0.0 0.0
1850 0.0 0.0 0.0
1860 1.54 0.023900056222962096 0.01576416932212281
1870 1.1400000000000001 0.10405051034637403 0.10043975250295624
1880 1.2 0.08415022068346656 0.07541357469731205
1890 0.46 0.0017582965058487443 0.0038370503872552624
1900 1.7005358194678708 0.0 0.0
1910 0.0 0.0 0.0
1920 1.4000000000000001 0.10688348984005747 0.08265573055504279
1930 0.0 0.0 0.0
1940 0.0 0.0 0.0
1950 0.0 0.0 0.0
1960 0.0 0.0 0.0
1970 1.3 0.06600828415203597 0.05349167527164228
1980 1.6676128639247318 0.0 0.0
1990 0.0 0.0 0.0
2000 0.0 0.0 0.0
2010 0.0 0.0 0.0
2020 1.7005358194678708 0.0 0.0
2030 0.0 0.0 0.0
2040 0.0 0.0 0.0
2050 1.7005358194678708 0.0 0.0
2060 1.6 0.0017122447464825719 0.0010712994208048466
2070 0.0 0.0 0.0
2080 1.06 0.08272496933834439 0.08464860632153486
2090 1.49 0.05685284259061252 0.03966992663431851
2100 0.0 0.0 0.0
2110 0.23 0.002874033843727558 0.012653920167587087
2120 0.0 0.0 0.0
2130 0.6420569655723709 0.0 0.0
2140 1.6676128639247318 0.0 0.0
2150 1.1300000000000001 0.009811077280142078 0.008758413050827567
2160 0.0 0.0 0.0
2170 1.7005358194678708 0.0 0.0
2180 0.0 0.0 0.0
2190 1.07 0.04977975307950211 0.04879314366653739
2200 1.7005358194678708 0.0 0.0
2210 0.0 0.0 0.0
2220 1.44 0.0758150474795749 0.055575343606819164
2230 0.15232968535694394 0.0 0.0
2240 1.6676128639247318 0.0 0.0
2250 0.0 0.0 0.0
2260 0.038415788658253056 0.0 0.0
2270 0.92 0.03903959671226376 0.04431481433963245
2280 0.0 0.0 0.0
2290 0.84 0.04217761684294985 0.0528659232096867
2300 0.0 0.0 0.0
2310 0.41000000000000003 0.0012192020301067252 0.0029825325361699582
2320 0.0 0.0 0.0
2330 0.0 0.0 0.0
2340 1.55 0.0278821048650173 0.018317966666139676
2350 0.0 0.0 0.0
2360 1.29 0.0576582550185083 0.046787553252425326
2370 0.35000000000000003 0.0025980203135859137 0.007478426910321705
2380 1.43 0.056052948762354005 0.04079702249942
2390 0.0 0.0 0.0
2400 1.45 0.058928508074924446 0.042361955095042945
2410 1.04 0.05110618187236504 0.05168015102888311
2420 0.0 0.0 0.0
2430 0.64 0.046212566132472266 0.07782678362099214
2440 0.87 0.07279967776338381 0.09131917754265058
2450 1.57 0.020162789337969 0.0130096175258021
2460 0.4212392417296752 0.0 0.0
2470 1.7005358194678708 0.0 0.0
2480 1.46 0.07558994123818352 0.05460083214491332
2490 0.0 0.0 0.0
2500 0.22079171886136545 0.0 0.0
2510 0.96 0.08611220709163647 0.09853920353441332
2520 0.32 0.00340065238545062 0.01074118570070718
2530 1.3 0.07567494974609512 0.06180952495450565
2540 0.0 0.0 0.0
2550 0.47000000000000003 0.012912887211634805 0.028250385649384015
2560 0.36062055886740246 0.0 0.0
2570 0.8300000000000001 0.06260058257953549 0.08157496755726114
2580 0.0 0.0 0.0
2590 0.0 0.0 0.0
2600 1.7005358194678708 0.0 0.0
2610 1.6300000000000001 0.003446188235120662 0.0021187053328296603
2620 0.13776383460598368 0.0 0.0
2630 0.0 0.0 0.0
2640 1.6300000000000001 0.003446188235120662 0.0021187053328296603
2650 0.0 0.0 0.0
2660 0.0 0.0 0.0
2670 0.027417039452784883 0.0 0.0
2680 1.7005358194678708 0.0 0.0
2690 0.0 0.0 0.0
2700 1.02 0.06367921205261984 0.0665877107924205
2710 1.6446688865295056 0.0 0.0
2720 0.0 0.0 0.0
2730 1.19 0.059898179724196865 0.05300246283080813
2740 0.73 0.014191498068393371 0.019825830553978706
2750 1.32 0.10258213716800357 0.08426206013551807
2760 0.39 0.03078456328075385 0.08569944421629715
2770 0.0 0.0 0.0
2780 1.6676128639247318 0.0 0.0
2790 1.7005358194678708 0.0 0.0
2800 0.0 0.0 0.0
2810 0.0 0.0 0.0
2820 1.7005358194678708 0.0 0.0
2830 1.44 0.04892850807492444 0.03517325195645644
2840 1.7005358194678708 0.0 0.0
2850 1.7005358194678708 0.0 0.0
2860 0.0 0.0 0.0
2870 0.0 0.0 0.0
2880 1.6676128639247318 0.0 0.0
2890 0.38 0.0008284040882283183 0.0021847735884232143
2900 0.0 0.0 0.0
2910 1.06 0.1558644841482424 0.17239062221928905
2920 0.0 0.0 0.0
2930 0.36 0.0012628101039319217 0.0035201538605400184
2940 0.0 0.0 0.0
2950 0.0 0.0 0.0
2960 1.34 0.12849705760121588 0.10606417294108327
2970 0.1600332424031372 0.0 0.0
2980 0.0 0.0 0.0
2990 0.73 0.018979079932566867 0.026692716623256167
3000 1.7005358194678708 0.0 0.0
3010 1.45 0.08003602787108699 0.05842199466509448
3020 1.47 0.06459130407650426 0.04595908952595547
3030 0.2 0.008158044982921692 0.042524821967100154
3040 1.7005358194678708 0.0 0.0
3050 0.0 0.0 0.0
3060 1.6446688865295056 0.0 0.0
3070 1.7005358194678708 0.0 0.0
3080 0.0 0.0 0.0
3090 1.32 0.05614076542684776 0.0444201093690694
3100 1.7005358194678708 0.0 0.0
3110 0.0 0.0 0.0
3120 0.0 0.0 0.0
3130 0.0 0.0 0.0
3140 1.29 0.13413766247895964 0.11604986002627489
3150 0.0 0.0 0.0
3160 0.0 0.0 0.0
3170 0.58 0.02907715334462646 0.0527789935036321
3180 0.0021858524485095787 0.0 0.0
3190 0.0 0.0 0.0
3200 0.0 0.0 0.0
3210 1.52 0.039345630399753695 0.026573136315652387
3220 0.0 0.0 0.0
3230 0.0 0.0 0.0
3240 0.18 0.014957355636931902 0.09062721755734869
3250 0.0 0.0 0.0
3260 1.12 0.09844644077735976 0.09636933853206228
3270 1.53 0.007882104865017281 0.005178379999479796
3280 0.0 0.0 0.0
3290 1.7005358194678708 0.0 0.0
3300 0.62 0.00718712243912123 0.011728086504525581
3310 1.21 0.06296010246324801 0.05488920010407112
3320 0.0 0.0 0.0
3330 0.0 0.0 0.0
3340 0.18549320199970218 0.0 0.0
3350 1.6300000000000001 0.003446188235120662 0.0021187053328296603
3360 0.0 0.0 0.0
3370 1.6676128639247318 0.0 0.0
3380 0.96 0.10964304651975243 0.12893767266912726
3390 0.0 0.0 0.0
3400 0.0 0.0 0.0
3410 0.68 0.0424771193282002 0.06662838404080378
3420 0.0 0.0 0.0
3430 1.6446688865295056 0.0 0.0
3440 0.0 0.0 0.0
3450 0.0 0.0 0.0
3460 1.61 0.01171224474648258 0.007327995042184882
3470 0.1656455983583879 0.0 0.0
3480 1.7005358194678708 0.0 0.0
3490 0.0 0.0 0.0
3500 0.97 0.03447441369962545 0.03685031623342106
3510 0.0 0.0 0.0
3520 1.6 0.013322322304274437 0.008396363351895112
3530 1.57 0.020162789337969 0.0130096175258021
3540 1.0 0.09348317685557994 0.10312348813485488
3550 0.0 0.0 0.0
3560 0.0 0.0 0.0
3570 0.0 0.0 0.0
3580 0.0 0.0 0.0
3590 1.43 0.0885442230775364 0.06600606937686197
3600 0.0 0.0 0.0
3610 0.46 0.028694823523915447 0.06653020897723111
3620 0.0 0.0 0.0
3630 1.6676128639247318 0.0 0.0
3640 0.0 0.0 0.0
3650 1.7005358194678708 0.0 0.0
3660 0.0 0.0 0.0
3670 1.21 0.05729981874994894 0.04970921292630481
3680 0.0 0.0 0.0
3690 0.85 0.048415059347512446 0.060399162823721146
3700 0.0 0.0 0.0
3710 0.8200000000000001 0.01007619301921725 0.012440914728484243
3720 1.43 0.09015843886333896 0.06729037333851073
3730 0.71 0.039418581202591785 0.058782692298995354
3740 1.6300000000000001 0.003446188235120662 0.0021187053328296603
3750 0.31045524443329386 0.0 0.0
3760 1.7005358194678708 0.0 0.0
3770 1.33 0.08750799834724665 0.07042942588833101
3780 0.0 0.0 0.0
3790 0.38 0.00934912059233911 0.02522352194949595
3800 0.6 0.008834307588499346 0.014943877328980604
3810 0.32 0.00830286082498971 0.026637590729788052
3820 0.99 0.04184534532127282 0.04413345978399663
3830 0.86 0.005032491199382538 0.005886178302193399
3840 0.0 0.0 0.0
3850 1.4000000000000001 0.07248731766249095 0.05460386075924632
3860 1.61 0.01171224474648258 0.007327995042184882
3870 0.0 0.0 0.0
3880 0.0 0.0 0.0
3890 1.04 0.042682432524027814 0.04279723321434036
3900 0.0 0.0 0.0
3910 0.0 0.0 0.0
3920 0.0 0.0 0.0
3930 1.1300000000000001 0.05253823714612116 0.04876111520371993
3940 0.34 0.007283630438254807 0.02189140993528158
3950 1.47 0.05415268774858739 0.03824754779699824
3960 0.3 0.0072265833420570025 0.02468319502689024
3970 0.0 0.0 0.0
3980 0.046485275855447226 0.0 0.0
3990 0.63 0.02801004668553031 0.04652909327026313
4000 0.0 0.0 0.0
4010 0.10063285506036222 0.0 0.0
4020 0.68 0.05361344439361926 0.08559162694946117
4030 0.6900000000000001 0.017664165282655797 0.026272830288871875
4040 1.54 0.029631864663420826 0.019618968362847173
4050 0.0 0.0 0.0
4060 0.0 0.0 0.0
4070 0.58 0.01107806659969024 0.019472032891190004
4080 0.33 0.0051197687879300235 0.0157589422071915
4090 0.0 0.0 0.0
4100 1.7005358194678708 0.0 0.0
4110 1.3900000000000001 0.10611870352827557 0.08265460663684703
4120 0.0 0.0 0.0
4130 1.6 0.013322322304274437 0.008396363351895112
4140 0.009793612040331284 0.0 0.0
4150 1.45 0.058928508074924446 0.042361955095042945
4160 0.0 0.0 0.0
4170 0.0 0.0 0.0
4180 0.5415944627140199 0.0 0.0
4190 0.0 0.0 0.0
4200 0.0 0.0 0.0
4210 0.0 0.0 0.0
4220 0.0 0.0 0.0
4230 0.27 0.00825033395199487 0.03151994069968269
4240 0.0 0.0 0.0
4250 0.0 0.0 0.0
4260 1.02 0.037885436341878465 0.03857537373314683
4270 1.37 0.055269080053046205 0.042038320704647435
4280 0.6900000000000001 0.00916195782136231 0.013456882920414723
4290 0.1900718160281338 0.0 0.0
4300 1.3800000000000001 0.07581075319961461 0.05812864458559512
4310 0.0 0.0 0.0
4320 0.0 0.0 0.0
4330 1.7005358194678708 0.0 0.0
4340 1.24 0.07874213119970919 0.06780761906143948
4350 0.59 0.0329431635329952 0.05913788571724399
4360 0.03492916738857384 0.0 0.0
4370 1.56 0.01773864344005993 0.011501710371338425
4380 1.43 0.03892850807492443 0.027984548817869926
4390 1.7005358194678708 0.0 0.0
4400 0.0 0.0 0.0
4410 0.61 0.0065784691679001694 0.010901946370439685
4420 0.0 0.0 0.0
4430 0.9 0.0919159192486706 0.11374548940898609
4440 0.0 0.0 0.0
4450 0.6 0.006373598570289629 0.010736716822127915
4460 0.47000000000000003 0.01529086389649531 0.03362779122391479
4470 1.09 0.007547109841157251 0.006972229378083847
4480 1.09 0.06081884984711183 0.05909440708088852
4490 0.0 0.0 0.0
4500 0.0 0.0 0.0
4510 1.6446688865295056 0.0 0.0
4520 0.0 0.0 0.0
4530 0.0 0.0 0.0
4540 1.7005358194678708 0.0 0.0
4550 0.0 0.0 0.0
4560 1.57 0.020162789337969 0.0130096175258021
4570 0.0 0.0 0.0
4580 0.3626067284925072 0.0 0.0
4590 0.0 0.0 0.0
4600 0.0 0.0 0.0
4610 0.85 0.0005294434860722008 0.0006232629041846257
4620 0.0 0.0 0.0
4630 0.0 0.0 0.0
4640 0.0 0.0 0.0
4650 0.22787030592139607 0.0 0.0
4660 0.0 0.0 0.0
4670 1.23 0.1145788514332926 0.10272250224099122
4680 0.0 0.0 0.0
4690 0.10499653860719903 0.0 0.0
4700 0.0 0.0 0.0
4710 0.0 0.0 0.0
4720 0.32177807775850975 0.0 0.0
4730 0.0 0.0 0.0
4740 0.0 0.0 0.0
4750 0.0 0.0 0.0
4760 0.61 0.02228428227132795 0.03791677098146936
4770 0.41530846145319034 0.0 0.0
4780 1.12 0.05843213034388617 0.05504323558965172
4790 0.0 0.0 0.0
4800 1.7005358194678708 0.0 0.0
4810 1.57 0.020162789337969 0.0130096175258021
4820 0.36 0.0038708848569114496 0.010869329948932069
4830 0.0 0.0 0.0
4840 1.7005358194678708 0.0 0.0
4850 0.0 0.0 0.0
4860 1.7005358194678708 0.0 0.0
4870 0.0 0.0 0.0
4880 0.0 0.0 0.0
4890 1.6446688865295056 0.0 0.0
4900 0.0 0.0 0.0
4910 0.68 0.018311827119024904 0.027674405965721932
4920 1.26 0.12234572344307937 0.10754209425850825
4930 1.48 0.05286486044555172 0.03704264507288086
4940 0.17849385309756247 0.0 0.0
4950 1.36 0.06924246818743973 0.053644829862201336
4960 0.0 0.0 0.0
4970 0.0 0.0 0.0
4980 0.0 0.0 0.0
4990 0.0 0.0 0.0
5000 1.7005358194678708 0.0 0.0
5010 1.34 0.0930907143966 0.07465716670122627
5020 1.28 0.08968825527170377 0.07534854265608901
5030 1.3 0.08333271824489286 0.06849261050620263
5040 1.43 0.07673657700214442 0.05670483344044837
5050 0.0 0.0 0.0
5060 1.21 0.109400735733997 0.0994010620268378
5070 0.0 0.0 0.0
5080 1.7005358194678708 0.0 0.0
5090 0.0 0.0 0.0
5100 1.09 0.048824822700947346 0.04689395575834361
5110 1.48 0.061416525248649156 0.04329426243980055
5120 0.002336595109579777 0.0 0.0
5130 0.0 0.0 0.0
5140 1.07 0.10084283120454529 0.10405209232459245
5150 0.0 0.0 0.0
5160 0.0 0.0 0.0
5170 1.7005358194678708 0.0 0.0
5180 0.0 0.0 0.0
5190 0.0 0.0 0.0
5200 1.7005358194678708 0.0 0.0
5210 1.29 0.07408007926705107 0.060925130022046234
5220 1.6300000000000001 0.003446188235120662 0.0021187053328296603
5230 0.0 0.0 0.0
5240 0.0 0.0 0.0
5250 1.41 0.07797971548766758 0.05854243842556559
5260 1.7005358194678708 0.0 0.0
5270 1.52 0.025372026395071412 0.01697547941236241
5280 0.0 0.0 0.0
5290 0.0 0.0 0.0
5300 0.68 0.045507021885062504 0.07172186841257519
5310 0.1546183876875008 0.0 0.0
5320 1.3800000000000001 0.0856909362910887 0.06620593078869182
5330 0.0 0.0 0.0
5340 0.0 0.0 0.0
5350 1.1 0.0722016134616279 0.07024880989043301
5360 1.7005358194678708 0.0 0.0
5370 0.0 0.0 0.0
5380 0.0 0.0 0.0
5390 1.6300000000000001 0.003446188235120662 0.0021187053328296603
5400 0.54 0.02568121509978405 0.049932485170197535
5410 0.0 0.0 0.0
5420 1.0 0.05165493771856555 0.05446850494934748
5430 1.1 0.07629571749310604 0.07452905960915743
5440 1.7005358194678708 0.0 0.0
5450 0.0 0.0 0.0
5460 1.05 0.08334549636850408 0.08622056386784983
5470 1.52 0.043680222779651334 0.029587236758348883
5480 0.54 0.014997964683623577 0.028567441028272415
5490 0.0 0.0 0.0
5500 0.18 0.0017597736236301953 0.009873044146130513
5510 0.5 0.006265430082489143 0.012689875216831424
5520 0.0 0.0 0.0
5530 0.0 0.0 0.0
5540 0.0 0.0 0.0
5550 0.0 0.0 0.0
5560 0.0 0.0 0.0
5570 1.62 0.008599176624577431 0.005336460364072933
5580 0.0 0.0 0.0
5590 0.0 0.0 0.0
5600 0.0 0.0 0.0
5610 0.0 0.0 0.0
5620 0.0 0.0 0.0
5630 0.0 0.0 0.0
5640 0.0 0.0 0.0
5650 0.0 0.0 0.0
5660 0.98 0.06204046875357028 0.06758518937030926
5670 0.0 0.0 0.0
5680 0.0 0.0 0.0
5690 0.61 0.004975036249633136 0.008222861117654369
5700 0.12323917184830481 0.0 0.0
5710 0.0 0.0 0.0
5720 1.7005358194678708 0.0 0.0
5730 0.0 0.0 0.0
5740 0.0 0.0 0.0
5750 0.0 0.0 0.0
5760 1.1300000000000001 0.08133875247598987 0.07756437330743218
5770 1.6300000000000001 0.003446188235120662 0.0021187053328296603
5780 1.7005358194678708 0.0 0.0
5790 1.01 0.030318446441918168 0.03094724641063755
5800 0.0 0.0 0.0
5810 0.9400000000000001 0.0474293261322567 0.053137894310075144
5820 0.0 0.0 0.0
5830 0.0 0.0 0.0
5840 0.22219264396454236 0.0 0.0
5850 0.0 0.0 0.0
5860 0.11046053218382434 0.0 0.0
5870 1.07 0.09163487814438731 0.09366122738573135
5880 1.01 0.10806622627355922 0.11981614329295094
5890 0.0 0.0 0.0
5900 0.51 0.005969532691168622 0.011843594937904713
5910 0.0 0.0 0.0
5920 1.7005358194678708 0.0 0.0
5930 0.0 0.0 0.0
5940 0.0 0.0 0.0
5950 0.0 0.0 0.0
5960 0.0 0.0 0.0
5970 1.51 0.029345630399753686 0.01981936568199677
5980 1.7005358194678708 0.0 0.0
5990 0.32 0.022513864765519476 0.0756803833824857
6000 0.0 0.0 0.0
6010 0.0 0.0 0.0
6020 0.84 0.07592659536518365 0.09937081294103182
6030 0.0 0.0 0.0
6040 0.0 0.0 0.0
6050 0.0 0.0 0.0
6060 0.0 0.0 0.0
6070 0.0 0.0 0.0
6080 0.1615342957162611 0.0 0.0
6090 1.58 0.013288004282414612 0.008481459463344722
6100 1.19 0.05040868082848382 0.04423399861024826
6110 1.7005358194678708 0.0 0.0
6120 1.7005358194678708 0.0 0.0
6130 0.0 0.0 0.0
6140 1.57 0.020162789337969 0.0130096175258021
6150 0.0 0.0 0.0
6160 0.0 0.0 0.0
6170 1.24 0.07598330596611347 0.06527681806933043
6180 0.07729554791612389 0.0 0.0
6190 0.0 0.0 0.0
6200 0.56 0.044804711444590084 0.08696646192208195
6210 0.0 0.0 0.0
6220 0.0 0.0 0.0
6230 0.0 0.0 0.0
6240 0.0 0.0 0.0
6250 0.32 0.010873417629171989 0.03517464446369819
6260 0.0 0.0 0.0
6270 0.0 0.0 0.0
6280 0.0 0.0 0.0
6290 0.0 0.0 0.0
6300 0.0 0.0 0.0
6310 1.7005358194678708 0.0 0.0
6320 1.7005358194678708 0.0 0.0
6330 0.38 0.01973048248268572 0.054765894763043575
6340 1.35 0.06156752108375141 0.04778482543030759
6350 1.6676128639247318 0.0 0.0
6360 1.01 0.08351066390763195 0.0901366703904579
6370 0.0 0.0 0.0
6380 0.0 0.0 0.0
6390 1.6446688865295056 0.0 0.0
6400 0.0 0.0 0.0
6410 1.32 0.1251221706185619 0.10471545085352775
6420 0.81 0.06945361952342277 0.09378699478448065
6430 0.8300000000000001 0.07165554524532092 0.09448944314955286
6440 0.0 0.0 0.0
6450 1.6676128639247318 0.0 0.0
6460 0.0 0.0 0.0
6470 0.0 0.0 0.0
6480 1.06 0.09907747959896507 0.10310662670036676
6490 0.0 0.0 0.0
6500 0.0 0.0 0.0
6510 0.0 0.0 0.0
6520 0.0 0.0 0.0
6530 0.0 0.0 0.0
6540 1.37 0.12219299794499205 0.09792619992014223
6550 1.19 0.11147944112309616 0.10336329725525407
6560 1.28 0.07138056674531557 0.05905958880132784
6570 0.0 0.0 0.0
6580 0.21321384479114167 0.0 0.0
6590 0.0 0.0 0.0
6600 1.7005358194678708 0.0 0.0
6610 1.12 0.04740674814688317 0.044198253219455405
6620 1.44 0.0849706560970036 0.06270761329216386
6630 0.5 0.0063490726172226175 0.012861461946164929
6640 0.0 0.0 0.0
6650 0.62 0.042853801201385155 0.07425120583067073
6660 1.34 0.059448883395735175 0.04642445164811563
6670 0.0 0.0 0.0
6680 1.46 0.0570838505408946 0.040689424355763025
6690 1.0 0.08002109080300257 0.0869814405559024
6700 1.07 0.10021325754575527 0.10333535524742792
6710 1.1400000000000001 0.12346843844427591 0.12146050660278256
6720 1.36 0.06327767547770624 0.048798169261886834
6730 1.6676128639247318 0.0 0.0
6740 0.0 0.0 0.0
6750 0.0 0.0 0.0
6760 0.56 0.014502223254709734 0.026585302219263248
6770 1.06 0.0853208995420317 0.0875374259096582
6780 1.7005358194678708 0.0 0.0
6790 0.0 0.0 0.0
6800 1.28 0.08774591072054139 0.07359665318788784
6810 1.25 0.06097152534616335 0.05127844004233293
6820 1.6446688865295056 0.0 0.0
6830 0.0 0.0 0.0
6840 1.25 0.04769850091018535 0.039672661929054255
6850 0.8300000000000001 0.03040748320186981 0.038028724085153814
6860 1.58 0.013288004282414612 0.008481459463344722
6870 0.71 0.029718004269826848 0.0436848313733915
6880 0.0 0.0 0.0
6890 0.0 0.0 0.0
6900 0.0 0.0 0.0
6910 0.96 0.05010809892033308 0.055070386779875066
6920 0.0 0.0 0.0
6930 0.0 0.0 0.0
6940 1.7005358194678708 0.0 0.0
6950 0.0 0.0 0.0
6960 0.0 0.0 0.0
6970 0.64 0.006230031133762748 0.009830114142056565
6980 0.0 0.0 0.0
6990 1.58 0.013288004282414612 0.008481459463344722
7000 0.0 0.0 0.0
7010 1.7005358194678708 0.0 0.0
7020 1.31 0.1117866830180616 0.0932944755610212
7030 0.68 0.03409663383096595 0.052789063530043284
7040 0.0 0.0 0.0
7050 0.0 0.0 0.0
7060 1.02 0.060889283495435764 0.06348514561211871
7070 0.0 0.0 0.0
7080 0.0 0.0 0.0
7090 0.0 0.0 0.0
7100 0.0 0.0 0.0
7110 0.0 0.0 0.0
7120 0.75 0.0407356465190678 0.05743365829559195
7130 1.6446688865295056 0.0 0.0
7140 0.76 0.0452789161177769 0.0633518684964921
7150 0.0 0.0 0.0
7160 0.33 0.020342385924031203 0.06569315592233611
7170 1.07 0.10396730845926427 0.10762297111648024
7180 1.7005358194678708 0.0 0.0
7190 0.0 0.0 0.0
7200 0.0 0.0 0.0
7210 0.0 0.0 0.0
7220 0.99 0.04898938259509 0.05206039303806306
7230 1.5 0.04340942156804006 0.029802074934997116
7240 0.0 0.0 0.0
7250 1.6676128639247318 0.0 0.0
7260 0.0 0.0 0.0
7270 0.5609709536275272 0.0 0.0
7280 0.12739018938417135 0.0 0.0
7290 0.0 0.0 0.0
7300 0.0 0.0 0.0
7310 0.0 0.0 0.0
7320 0.64 0.021533565530267418 0.034817678583850875
7330 0.0 0.0 0.0
7340 0.0 0.0 0.0
7350 1.7005358194678708 0.0 0.0
7360 0.0 0.0 0.0
7370 0.0 0.0 0.0
7380 1.4000000000000001 0.10205732449585869 0.07863007082051449
7390 0.0 0.0 0.0
7400 0.71 0.02679082484245532 0.039213209975228286
7410 0.0 0.0 0.0
7420 0.0 0.0 0.0
7430 0.08570301517148951 0.0 0.0
7440 0.21 0.005996029243481554 0.02939172811806638
7450 1.7005358194678708 0.0 0.0
7460 1.7005358194678708 0.0 0.0
7470 0.0 0.0 0.0
7480 0.0 0.0 0.0
7490 0.67 0.04384920998578379 0.0700297926395465
7500 1.7005358194678708 0.0 0.0
7510 1.4000000000000001 0.10569093629108872 0.08165819065519461
7520 0.0 0.0 0.0
7530 0.0 0.0 0.0
7540 1.7005358194678708 0.0 0.0
7550 1.62 0.008599176624577431 0.005336460364072933
7560 0.44 0.019189148582267335 0.04560041291144974
7570 1.54 0.035105504901662865 0.023327552207817
7580 1.11 0.06496656212207719 0.06216696975170506
7590 0.0 0.0 0.0
7600 0.0 0.0 0.0
7610 0.44524123553926453 0.0 0.0
7620 0.0 0.0 0.0
7630 1.7005358194678708 0.0 0.0
7640 1.11 0.04778081572031012 0.04498206813381097
7650 0.0 0.0 0.0
7660 0.0 0.0 0.0
7670 0.54 0.02860264551965963 0.055930374432078135
7680 0.0 0.0 0.0
7690 1.49 0.04053743004497101 0.02796721411455884
7700 1.6300000000000001 0.003446188235120662 0.0021187053328296603
7710 0.0 0.0 0.0
7720 0.66 0.00588294518145227 0.008993719301638146
7730 0.0 0.0 0.0
7740 0.0 0.0 0.0
7750 0.0 0.0 0.0
7760 0.0 0.0 0.0
7770 1.7005358194678708 0.0 0.0
7780 0.0 0.0 0.0
7790 0.6 0.0041652191376707615 0.006990560590710393
7800 1.52 0.039345630399753695 0.026573136315652387
7810 1.6676128639247318 0.0 0.0
7820 0.0 0.0 0.0
7830 0.0 0.0 0.0
7840 1.7005358194678708 0.0 0.0
7850 0.0 0.0 0.0
7860 0.0 0.0 0.0
7870 1.6676128639247318 0.0 0.0
7880 0.79 0.028396182898012823 0.037284717146067375
7890 1.18 0.10602799636633131 0.0987251027099375
7900 0.0 0.0 0.0
7910 0.0 0.0 0.0
7920 0.0 0.0 0.0
7930 0.0 0.0 0.0
7940 0.0 0.0 0.0
7950 1.7005358194678708 0.0 0.0
7960 1.17 0.07792801139305139 0.07135794362096648
7970 0.0 0.0 0.0
7980 0.07496151961958926 0.0 0.0
7990 0.62 0.012305307221450845 0.020249160257081657
8000 1.21 0.10254376568013202 0.09259396669802318
8010 0.0 0.0 0.0
8020 0.6835597156667425 0.0 0.0
8030 0.15387248165108405 0.0 0.0
8040 0.4 0.0004139297655014751 0.0010358963846226143
8050 0.0 0.0 0.0
8060 0.93 0.05245986283967463 0.05978058509030942
8070 1.3800000000000001 0.07453117419766442 0.05709150055870378
8080 0.0 0.0 0.0
8090 0.19 0.001490833520239071 0.007908546560780282
8100 0.0 0.0 0.0
8110 0.0 0.0 0.0
8120 0.0 0.0 0.0
8130 1.3 0.09700765231840869 0.08063862792258153
8140 0.0 0.0 0.0
8150 1.56 0.01773864344005993 0.011501710371338425
8160 0.66 0.05778989238602861 0.09596300635836068
8170 0.32 0.016249854199867908 0.05349743670760352
8180 0.0 0.0 0.0
8190 0.0 0.0 0.0
8200 0.0 0.0 0.0
8210 1.7005358194678708 0.0 0.0
8220 0.11276132247541593 0.0 0.0
8230 1.7005358194678708 0.0 0.0
8240 1.7005358194678708 0.0 0.0
8250 1.2 0.10487027253996284 0.09576059338941624
8260 1.32 0.08265920758501566 0.06680391375740975
8270 1.35 0.12010290722249883 0.09765281008288916
8280 0.0 0.0 0.0
8290 0.0 0.0 0.0
8300 0.0 0.0 0.0
8310 0.0 0.0 0.0
8320 0.0 0.0 0.0
8330 1.6300000000000001 0.003446188235120662 0.0021187053328296603
8340 0.39 0.012542746275807981 0.033229580706304204
8350 1.55 0.0278821048650173 0.018317966666139676
8360 1.31 0.1124591731244875 0.09390842516651661
8370 0.0 0.0 0.0
8380 1.22 0.05374586985925256 0.0460841839443401
8390 1.24 0.09447407419001852 0.08247222700194895
8400 0.0 0.0 0.0
8410 0.0 0.0 0.0
8420 0.0 0.0 0.0
8430 1.41 0.07015843886333895 0.05236323524986022
8440 0.0 0.0 0.0
8450 0.0 0.0 0.0
8460 1.6676128639247318 0.0 0.0
8470 1.7005358194678708 0.0 0.0
8480 0.25160058444511785 0.0 0.0
8490 0.0 0.0 0.0
8500 0.25 0.004392029922148849 0.01788227768323924
8510 1.7005358194678708 0.0 0.0
8520 0.0 0.0 0.0
8530 0.0 0.0 0.0
8540 0.0 0.0 0.0
8550 1.6676128639247318 0.0 0.0
8560 1.47 0.06205367540182194 0.0440738928165687
8570 1.05 0.05972502931415957 0.060311561012993654
8580 0.0 0.0 0.0
8590 1.05 0.01490902515661019 0.014403589171344034
8600 0.3 0.005437882310150577 0.018460901737120984
8610 0.8300000000000001 0.034452137352479095 0.0433061780064685
8620 0.0 0.0 0.0
8630 1.19 0.048451470287178555 0.042443636013764094
8640 1.7005358194678708 0.0 0.0
8650 0.0 0.0 0.0
8660 0.0 0.0 0.0
8670 0.0 0.0 0.0
8680 0.0 0.0 0.0
8690 1.1400000000000001 0.10145460381149007 0.09768913731054149
8700 1.56 0.01773864344005993 0.011501710371338425
8710 0.36688952534064423 0.0 0.0
8720 0.0 0.0 0.0
8730 0.0 0.0 0.0
8740 0.0 0.0 0.0
8750 1.3900000000000001 0.110544230995409 0.08639941580896676
8760 1.59 0.013769972882387238 0.008736017361354181
8770 0.0 0.0 0.0
8780 1.03 0.10661748779986502 0.11546405351107258
8790 0.0 0.0 0.0
8800 1.7005358194678708 0.0 0.0
8810 0.0 0.0 0.0
8820 1.3 0.11663345822503346 0.09856071986798906
8830 1.7005358194678708 0.0 0.0
8840 0.0 0.0 0.0
8850 1.1400000000000001 0.038208211145346116 0.03467825003947861
8860 1.26 0.13491988634496033 0.11992024808495376
8870 1.6676128639247318 0.0 0.0
8880 1.31 0.09922269939030826 0.08194958671618989
8890 1.7005358194678708 0.0 0.0
8900 0.0 0.0 0.0
8910 0.0 0.0 0.0
8920 1.6676128639247318 0.0 0.0
8930 0.87 0.05470098159999515 0.06709315277644252
8940 0.0 0.0 0.0
8950 1.37 0.07688348984005744 0.05945596490029185
8960 1.7005358194678708 0.0 0.0
8970 0.4223836633373628 0.0 0.0
8980 1.7005358194678708 0.0 0.0
8990 1.62 0.008599176624577431 0.005336460364072933
9000 1.7005358194678708 0.0 0.0
9010 0.0 0.0 0.0
9020 0.37 0.0012000942125013903 0.003254052383605762
9030 0.254393815573164 0.0 0.0
9040 0.0 0.0 0.0
9050 0.0 0.0 0.0
9060 0.0 0.0 0.0
9070 0.33 0.006778590956194874 0.0209719739055905
9080 0.09430861423566238 0.0 0.0
9090 0.0 0.0 0.0
9100 0.0 0.0 0.0
9110 1.58 0.013288004282414612 0.008481459463344722
9120 0.0 0.0 0.0
9130 0.0 0.0 0.0
9140 0.78 0.08581895380060378 0.12362618407756581
9150 1.47 0.05683667111164836 0.04021946363153809
9160 1.17 0.08898594060130494 0.08231709830934356
9170 0.0 0.0 0.0
9180 1.7005358194678708 0.0 0.0
9190 0.13946223229930566 0.0 0.0
9200 1.7005358194678708 0.0 0.0
9210 0.0 0.0 0.0
9220 1.7005358194678708 0.0 0.0
9230 0.0 0.0 0.0
9240 1.1 0.11247917574517496 0.11390056086164137
9250 0.0 0.0 0.0
9260 1.2 0.08755231009732811 0.0787024063171798
9270 1.31 0.04313859888715266 0.034051553586886836
9280 0.21 0.00954687913122268 0.04762649286698986
9290 0.0 0.0 0.0
9300 0.4485525022160065 0.0 0.0
9310 0.0 0.0 0.0
9320 1.55 0.0278821048650173 0.018317966666139676
9330 0.35445003881771786 0.0 0.0
9340 1.52 0.043680222779651334 0.029587236758348883
9350 0.74 0.01614649636746024 0.022306304088371063
9360 0.0 0.0 0.0
9370 0.0 0.0 0.0
9380 0.41000000000000003 0.0025770053407442317 0.0063251347482227525
9390 1.6300000000000001 0.003446188235120662 0.0021187053328296603
9400 0.23497724455218627 0.0 0.0
9410 1.7005358194678708 0.0 0.0
9420 1.1400000000000001 0.08639944507668806 0.0820039859251752
9430 1.47 0.04286486044555171 0.030035600173739765
9440 1.7005358194678708 0.0 0.0
9450 0.0 0.0 0.0
9460 0.0 0.0 0.0
9470 1.7005358194678708 0.0 0.0
9480 0.0 0.0 0.0
9490 1.24 0.04774591072054135 0.04004675777576632
9500 0.12297153139539505 0.0 0.0
9510 0.31 0.0005192317979903494 0.001677751418955466
9520 0.24 0.0007484547351155335 0.003128317245712628
9530 1.7005358194678708 0.0 0.0
9540 1.29 0.11091626305271607 0.09406987780179607
9550 0.56 0.011084620542098578 0.020193678218754847
9560 0.0 0.0 0.0
9570 1.6676128639247318 0.0 0.0
9580 0.4 0.01887661868957191 0.049528891732299025
9590 1.18 0.08830691143336944 0.0808898694680888
9600 1.3900000000000001 0.04020580243756844 0.02978661673770368
9610 0.06 0.0002697727705640307 0.004516520078314428
9620 0.0 0.0 0.0
9630 1.29 0.09968825527170377 0.08374970314558972
9640 0.0 0.0 0.0
9650 1.7005358194678708 0.0 0.0
9660 1.58 0.013288004282414612 0.008481459463344722
9670 0.36 0.010278821815266181 0.02939147657176364
9680 1.22 0.08186332851491929 0.07192750270325719
9690 0.0 0.0 0.0
9700 1.6676128639247318 0.0 0.0
9710 0.0 0.0 0.0
9720 0.0 0.0 0.0
9730 1.7005358194678708 0.0 0.0
9740 0.0 0.0 0.0
9750 0.0 0.0 0.0
9760 0.36 0.004441647517466507 0.01249203537606306
9770 0.0 0.0 0.0
9780 0.0 0.0 0.0
9790 0.0 0.0 0.0
9800 1.7005358194678708 0.0 0.0
9810 0.17 0.0024948877238344103 0.014894397489917144
9820 0.0 0.0 0.0
9830 0.0 0.0 0.0
9840 0.0 0.0 0.0
9850 0.0 0.0 0.0
9860 0.0 0.0 0.0
9870 0.35000000000000003 0.0014078664072867397 0.004038721105886047
9880 1.07 0.048980980146287934 0.047972642226885985
9890 1.42 0.09099950093180897 0.06847213450680563
9900 0.0 0.0 0.0
9910 0.0 0.0 0.0
9920 1.7005358194678708 0.0 0.0
9930 0.0 0.0 0.0
9940 0.0 0.0 0.0
9950 0.0 0.0 0.0
9960 0.0 0.0 0.0
9970 0.0 0.0 0.0
9980 1.6446688865295056 0.0 0.0
9990 1.6300000000000001 0.003446188235120662 0.0021187053328296603
