0 0.0 0.0 0.0
10 1.35 0.1384970576012159 0.11431838318691225
20 0.0 0.0 0.0
30 1.4500000000000002 0.010561846335551017 0.007337478382564198
40 0.0 0.0 0.0
50 1.7005358194678708 0.0 0.0
60 0.8500000000000001 0.03756630289545093 0.04623922300285467
70 0.0 0.0 0.0
80 1.35 0.1083774396672772 0.08728694462368244
90 0.3708132629093067 0.0 0.0
100 0.10511807417600288 0.0 0.0
110 0.0 0.0 0.0
120 1.4000000000000001 0.09324122762174403 0.07135305275360669
130 0.0 0.0 0.0
140 0.0 0.0 0.0
150 1.6 0.023769972882387247 0.015080269042872138
160 0.0 0.0 0.0
170 0.45 1.0448081008529453e-05 2.3218496882812846e-05
180 1.55 0.1137437577064655 0.07919461329882885
190 0.08125792344445834 0.0 0.0
200 0.0 0.0 0.0
210 0.0 0.0 0.0
220 1.6676128639247318 0.0 0.0
230 1.5762300271176128 0.0 0.0
240 1.6676128639247318 0.0 0.0
250 0.0 0.0 0.0
260 0.0 0.0 0.0
270 0.21122431572627434 0.0 0.0
280 1.7005358194678708 0.0 0.0
290 1.7005358194678708 0.0 0.0
300 0.75 0.024623373877017518 0.03394564008579289
310 1.6676128639247318 0.0 0.0
320 0.0 0.0 0.0
330 0.668368615865873 0.0 0.0
340 0.0 0.0 0.0
350 1.2000000000000002 0.022120990769229243 0.018780359099595162
360 0.0 0.0 0.0
370 0.0 0.0 0.0
380 0.7554789200016346 0.0 0.0
390 1.55 0.014845123784197112 0.009670114731870396
400 1.6676128639247318 0.0 0.0
410 0.0 0.0 0.0
420 0.09169071903195186 0.0 0.0
430 0.0 0.0 0.0
440 0.7000000000000001 0.0024654233549679105 0.0035344819275138785
450 0.025886590647769193 0.0 0.0
460 1.35 0.11095939591627224 0.08955267127692466
470 0.0 0.0 0.0
480 0.0 0.0 0.0
490 1.6 0.023769972882387247 0.015080269042872138
500 0.0 0.0 0.0
510 1.55 0.05034562103136264 0.03357148269455727
520 0.8 0.014951408045569048 0.01904520076693153
530 0.5515457169329365 0.0 0.0
540 0.0 0.0 0.0
550 0.0 0.0 0.0
560 1.6114008233754227 0.0 0.0
570 0.75 0.006135497013898039 0.008248137919296133
580 0.0 0.0 0.0
590 1.35 0.10487134885188243 0.0842253117821856
600 0.6000000000000001 0.05620002196888674 0.10334686325726786
610 1.5 0.019345630399753677 0.013065595048341158
620 0.0 0.0 0.0
630 0.0 0.0 0.0
640 0.0 0.0 0.0
650 1.4500000000000002 0.025774785160138647 0.01809740825508186
660 1.7005358194678708 0.0 0.0
670 1.1500000000000001 0.06609779589493114 0.060981328061331164
680 1.0 0.040085939476696586 0.04175992531544279
690 0.0 0.0 0.0
700 1.4000000000000001 0.08797132474231639 0.06704984913918802
710 0.0 0.0 0.0
720 0.0 0.0 0.0
730 0.0 0.0 0.0
740 0.0 0.0 0.0
750 1.6446688865295056 0.0 0.0
760 0.0 0.0 0.0
770 0.5 0.033515231934459155 0.0718463586141151
780 0.42511192053139124 0.0 0.0
790 0.0 0.0 0.0
800 1.6446688865295056 0.0 0.0
810 0.0 0.0 0.0
820 0.0 0.0 0.0
830 0.7000000000000001 0.0038547227262136774 0.005537238924193199
840 1.7005358194678708 0.0 0.0
850 0.0 0.0 0.0
860 1.25 0.09199834357982306 0.07944577891557159
870 0.0 0.0 0.0
880 1.7005358194678708 0.0 0.0
890 1.1 0.07871387905530791 0.07707328773105952
900 0.0 0.0 0.0
910 0.0 0.0 0.0
920 0.0 0.0 0.0
930 0.9500000000000001 0.046968333748144464 0.05201183469356322
940 1.3 0.05398368961615385 0.04332502645934362
950 0.0 0.0 0.0
960 1.55 0.05034562103136264 0.03357148269455727
970 1.6676128639247318 0.0 0.0
980 0.0 0.0 0.0
990 0.7000000000000001 0.01085411341307918 0.015750095334437098
1000 1.7005358194678708 0.0 0.0
1010 1.7005358194678708 0.0 0.0
1020 1.0 0.10256362948472919 0.11428512689522645
1030 0.0 0.0 0.0
1040 0.0 0.0 0.0
1050 0.0 0.0 0.0
1060 1.55 0.039631864663420835 0.02623987075481372
1070 0.03942876828875752 0.0 0.0
1080 1.7005358194678708 0.0 0.0
1090 0.1155755513721797 0.0 0.0
1100 0.0 0.0 0.0
1110 1.7005358194678708 0.0 0.0
1120 0.0 0.0 0.0
1130 0.0 0.0 0.0
1140 0.25 0.001509580017974299 0.006075002883746959
1150 0.0 0.0 0.0
1160 0.03631907184853318 0.0 0.0
1170 0.2 0.00566429292119236 0.029146948887243646
1180 0.5 0.0017804277200982321 0.0035735804435598944
1190 1.0 0.11731195714756126 0.1329030772507843
1200 0.03170157668125477 0.0 0.0
1210 0.75 0.08968371983683454 0.1358193376887111
1220 0.0 0.0 0.0
1230 0.0 0.0 0.0
1240 0.0 0.0 0.0
1250 0.8 0.034176623987509425 0.044627292738778974
1260 0.0 0.0 0.0
1270 0.0 0.0 0.0
1280 0.0 0.0 0.0
1290 1.35 0.17272035968434896 0.1467114131337898
1300 0.0 0.0 0.0
1310 1.3 0.10111224208452096 0.08433837230961977
1320 0.0 0.0 0.0
1330 0.0 0.0 0.0
1340 1.35 0.14631409061788814 0.12155504145844453
1350 0.0 0.0 0.0
1360 0.8500000000000001 0.0527996777633839 0.06623138035776217
1370 1.4000000000000001 0.03198784714431002 0.023382721474758988
1380 0.0 0.0 0.0
1390 1.3 0.09138056674531558 0.0756073948763486
1400 0.26886570605112536 0.0 0.0
1410 1.4500000000000002 0.04953298714282495 0.03536890672045876
1420 0.0 0.0 0.0
1430 0.0 0.0 0.0
1440 1.2000000000000002 0.11573353509042894 0.10673901557960774
1450 0.0 0.0 0.0
1460 1.1 0.098343584411136 0.09818095594517882
1470 0.0 0.0 0.0
1480 0.0 0.0 0.0
1490 1.1 0.19728292161894045 0.21854346876072103
1500 0.0 0.0 0.0
1510 0.0 0.0 0.0
1520 0.9 0.041124972905022594 0.04788237125035753
1530 0.0 0.0 0.0
1540 1.4500000000000002 0.05663738687179576 0.040647988067255905
1550 0.0 0.0 0.0
1560 1.7005358194678708 0.0 0.0
1570 0.5206693356142806 0.0 0.0
1580 0.0 0.0 0.0
1590 0.0 0.0 0.0
1600 0.0 0.0 0.0
1610 0.0 0.0 0.0
1620 0.0 0.0 0.0
1630 0.5 0.003000912004911982 0.00603806340373333
1640 0.0 0.0 0.0
1650 1.7005358194678708 0.0 0.0
1660 0.0 0.0 0.0
1670 0.0 0.0 0.0
1680 1.7005358194678708 0.0 0.0
1690 0.0 0.0 0.0
1700 0.0 0.0 0.0
1710 0.0 0.0 0.0
1720 0.0 0.0 0.0
1730 0.0 0.0 0.0
1740 0.0 0.0 0.0
1750 0.9 0.08974993187885738 0.11076818800765424
1760 0.0 0.0 0.0
1770 0.0 0.0 0.0
1780 0.3058902618930109 0.0 0.0
1790 0.0 0.0 0.0
1800 0.0 0.0 0.0
1810 0.0 0.0 0.0
1820 0.0 0.0 0.0
1830 0.0 0.0 0.0
1840 0.0 0.0 0.0
1850 0.0 0.0 0.0
1860 1.6 0.08390005622296215 0.055339396698309444
1870 1.1500000000000001 0.11405051034637403 0.1100927327880699
1880 1.2000000000000002 0.08415022068346678 0.07541357469731225
1890 0.4582417034941513 0.0 0.0
1900 1.7005358194678708 0.0 0.0
1910 0.0 0.0 0.0
1920 1.4000000000000001 0.10688348984005747 0.08265573055504279
1930 0.0 0.0 0.0
1940 0.0 0.0 0.0
1950 0.0 0.0 0.0
1960 0.0 0.0 0.0
1970 1.3 0.06600828415203597 0.05349167527164228
1980 1.6676128639247318 0.0 0.0
1990 0.0 0.0 0.0
2000 0.0 0.0 0.0
2010 0.0 0.0 0.0
2020 1.7005358194678708 0.0 0.0
2030 0.0 0.0 0.0
2040 0.0 0.0 0.0
2050 1.7005358194678708 0.0 0.0
2060 1.6 0.0017122447464825719 0.0010712994208048466
2070 0.0 0.0 0.0
2080 1.05 0.07272496933834438 0.07441607229963357
2090 1.55 0.11685284259061257 0.08153582972026426
2100 0.0 0.0 0.0
2110 0.22712596615627245 0.0 0.0
2120 0.0 0.0 0.0
2130 0.6420569655723709 0.0 0.0
2140 1.6676128639247318 0.0 0.0
2150 1.1500000000000001 0.029811077280142095 0.026612544255267007
2160 0.0 0.0 0.0
2170 1.7005358194678708 0.0 0.0
2180 0.0 0.0 0.0
2190 1.05 0.02977975307950209 0.029189533504546023
2200 1.7005358194678708 0.0 0.0
2210 0.0 0.0 0.0
2220 1.5 0.13581504747957496 0.09955764959043667
2230 0.15232968535694394 0.0 0.0
2240 1.6676128639247318 0.0 0.0
2250 0.0 0.0 0.0
2260 0.038415788658253056 0.0 0.0
2270 0.9 0.01903959671226374 0.02161231837572737
2280 0.0 0.0 0.0
2290 0.8500000000000001 0.05217761684294997 0.0654000413431355
2300 0.0 0.0 0.0
2310 0.4087807979698933 0.0 0.0
2320 0.0 0.0 0.0
2330 0.0 0.0 0.0
2340 1.6 0.07788210486501734 0.05116693333278937
2350 0.0 0.0 0.0
2360 1.3 0.0676582550185083 0.05490218544818057
2370 0.35000000000000003 0.0025980203135859137 0.007478426910321705
2380 1.4500000000000002 0.07605294876235424 0.05535362421269878
2390 0.0 0.0 0.0
2400 1.4000000000000001 0.008928508074924624 0.006418439402110558
2410 1.05 0.06110618187236505 0.06179246017339161
2420 0.0 0.0 0.0
2430 0.65 0.056212566132472275 0.09466782711507016
2440 0.9 0.10279967776338383 0.1289508733199834
2450 1.6 0.05016278933796903 0.03236648919826967
2460 0.4212392417296752 0.0 0.0
2470 1.7005358194678708 0.0 0.0
2480 1.55 0.1655899412381836 0.11961047248261351
2490 0.0 0.0 0.0
2500 0.22079171886136545 0.0 0.0
2510 1.0 0.1261122070916365 0.14431167034834724
2520 0.3165993476145494 0.0 0.0
2530 1.3 0.07567494974609512 0.06180952495450565
2540 0.0 0.0 0.0
2550 0.4570871127883652 0.0 0.0
2560 0.36062055886740246 0.0 0.0
2570 0.8500000000000001 0.08260058257953551 0.10763701496827949
2580 0.0 0.0 0.0
2590 0.0 0.0 0.0
2600 1.7005358194678708 0.0 0.0
2610 1.6265538117648795 0.0 0.0
2620 0.13776383460598368 0.0 0.0
2630 0.0 0.0 0.0
2640 1.6265538117648795 0.0 0.0
2650 0.0 0.0 0.0
2660 0.0 0.0 0.0
2670 0.027417039452784883 0.0 0.0
2680 1.7005358194678708 0.0 0.0
2690 0.0 0.0 0.0
2700 1.0 0.04367921205261982 0.0456742262670789
2710 1.6446688865295056 0.0 0.0
2720 0.0 0.0 0.0
2730 1.2000000000000002 0.0698981797241971 0.06185122302266387
2740 0.7158085019316066 0.0 0.0
2750 1.35 0.1325821371680036 0.10890437968405259
2760 0.4 0.04078456328075386 0.11353789150389453
2770 0.0 0.0 0.0
2780 1.6676128639247318 0.0 0.0
2790 1.7005358194678708 0.0 0.0
2800 0.0 0.0 0.0
2810 0.0 0.0 0.0
2820 1.7005358194678708 0.0 0.0
2830 1.4000000000000001 0.008928508074924624 0.006418439402110558
2840 1.7005358194678708 0.0 0.0
2850 1.7005358194678708 0.0 0.0
2860 0.0 0.0 0.0
2870 0.0 0.0 0.0
2880 1.6676128639247318 0.0 0.0
2890 0.3791715959117717 0.0 0.0
2900 0.0 0.0 0.0
2910 1.1 0.19586448414824242 0.21663177777473397
2920 0.0 0.0 0.0
2930 0.35873718989606806 0.0 0.0
2940 0.0 0.0 0.0
2950 0.0 0.0 0.0
2960 1.4000000000000001 0.18849705760121593 0.1555894344160572
2970 0.1600332424031372 0.0 0.0
2980 0.0 0.0 0.0
2990 0.7110209200674331 0.0 0.0
3000 1.7005358194678708 0.0 0.0
3010 1.5 0.13003602787108703 0.09491930482595984
3020 1.4500000000000002 0.04459130407650447 0.03172835361403785
3030 0.2 0.008158044982921692 0.042524821967100154
3040 1.7005358194678708 0.0 0.0
3050 0.0 0.0 0.0
3060 1.6446688865295056 0.0 0.0
3070 1.7005358194678708 0.0 0.0
3080 0.0 0.0 0.0
3090 1.35 0.08614076542684779 0.06815693003654827
3100 1.7005358194678708 0.0 0.0
3110 0.0 0.0 0.0
3120 0.0 0.0 0.0
3130 0.0 0.0 0.0
3140 1.35 0.1941376624789597 0.16795915584145052
3150 0.0 0.0 0.0
3160 0.0 0.0 0.0
3170 0.6000000000000001 0.04907715334462659 0.08908171741755068
3180 0.0021858524485095787 0.0 0.0
3190 0.0 0.0 0.0
3200 0.0 0.0 0.0
3210 1.5 0.019345630399753677 0.013065595048341158
3220 0.0 0.0 0.0
3230 0.0 0.0 0.0
3240 0.1650426443630681 0.0 0.0
3250 0.0 0.0 0.0
3260 1.1500000000000001 0.12844644077735978 0.12573637438559968
3270 1.5221178951349827 0.0 0.0
3280 0.0 0.0 0.0
3290 1.7005358194678708 0.0 0.0
3300 0.6128128775608788 0.0 0.0
3310 1.2000000000000002 0.052960102463248226 0.046171107541227746
3320 0.0 0.0 0.0
3330 0.0 0.0 0.0
3340 0.18549320199970218 0.0 0.0
3350 1.6265538117648795 0.0 0.0
3360 0.0 0.0 0.0
3370 1.6676128639247318 0.0 0.0
3380 1.0 0.14964304651975247 0.17597674236367428
3390 0.0 0.0 0.0
3400 0.0 0.0 0.0
3410 0.7000000000000001 0.062477119328200215 0.09799980710082744
3420 0.0 0.0 0.0
3430 1.6446688865295056 0.0 0.0
3440 0.0 0.0 0.0
3450 0.0 0.0 0.0
3460 1.6 0.0017122447464825719 0.0010712994208048466
3470 0.1656455983583879 0.0 0.0
3480 1.7005358194678708 0.0 0.0
3490 0.0 0.0 0.0
3500 0.9500000000000001 0.014474413699625543 0.015471959197680523
3510 0.0 0.0 0.0
3520 1.6 0.013322322304274437 0.008396363351895112
3530 1.6 0.05016278933796903 0.03236648919826967
3540 1.0 0.09348317685557994 0.10312348813485488
3550 0.0 0.0 0.0
3560 0.0 0.0 0.0
3570 0.0 0.0 0.0
3580 0.0 0.0 0.0
3590 1.4000000000000001 0.058544223077536595 0.04364230568364123
3600 0.0 0.0 0.0
3610 0.45 0.018694823523915438 0.0433447696516391
3620 0.0 0.0 0.0
3630 1.6676128639247318 0.0 0.0
3640 0.0 0.0 0.0
3650 1.7005358194678708 0.0 0.0
3660 0.0 0.0 0.0
3670 1.2000000000000002 0.04729981874994915 0.04103393017484793
3680 0.0 0.0 0.0
3690 0.8500000000000001 0.04841505934751256 0.060399162823721285
3700 0.0 0.0 0.0
3710 0.8099238069807828 0.0 0.0
3720 1.4500000000000002 0.1101584388633392 0.08221751142716141
3730 0.7000000000000001 0.029418581202591887 0.043870260013094166
3740 1.6265538117648795 0.0 0.0
3750 0.31045524443329386 0.0 0.0
3760 1.7005358194678708 0.0 0.0
3770 1.35 0.10750799834724667 0.08652610898439615
3780 0.0 0.0 0.0
3790 0.3706508794076609 0.0 0.0
3800 0.6000000000000001 0.008834307588499457 0.014943877328980794
3810 0.3116971391750103 0.0 0.0
3820 1.0 0.05184534532127283 0.05468026240807741
3830 0.8549675088006174 0.0 0.0
3840 0.0 0.0 0.0
3850 1.4000000000000001 0.07248731766249095 0.05460386075924632
3860 1.6 0.0017122447464825719 0.0010712994208048466
3870 0.0 0.0 0.0
3880 0.0 0.0 0.0
3890 1.05 0.05268243252402782 0.052824129687555184
3900 0.0 0.0 0.0
3910 0.0 0.0 0.0
3920 0.0 0.0 0.0
3930 1.1500000000000001 0.07253823714612118 0.06732325883564419
3940 0.3327163695617452 0.0 0.0
3950 1.5 0.08415268774858742 0.05943627326224312
3960 0.30000000000000004 0.007226583342057058 0.02468319502689043
3970 0.0 0.0 0.0
3980 0.046485275855447226 0.0 0.0
3990 0.6019899533144697 0.0 0.0
4000 0.0 0.0 0.0
4010 0.10063285506036222 0.0 0.0
4020 0.7000000000000001 0.07361344439361928 0.11752079244797475
4030 0.7000000000000001 0.027664165282655806 0.041146349568420754
4040 1.55 0.039631864663420835 0.02623987075481372
4050 0.0 0.0 0.0
4060 0.0 0.0 0.0
4070 0.5689219334003097 0.0 0.0
4080 0.32488023121207 0.0 0.0
4090 0.0 0.0 0.0
4100 1.7005358194678708 0.0 0.0
4110 1.4000000000000001 0.11611870352827558 0.09044348869898262
4120 0.0 0.0 0.0
4130 1.6 0.013322322304274437 0.008396363351895112
4140 0.009793612040331284 0.0 0.0
4150 1.4500000000000002 0.05892850807492467 0.042361955095043105
4160 0.0 0.0 0.0
4170 0.0 0.0 0.0
4180 0.5415944627140199 0.0 0.0
4190 0.0 0.0 0.0
4200 0.0 0.0 0.0
4210 0.0 0.0 0.0
4220 0.0 0.0 0.0
4230 0.26174966604800515 0.0 0.0
4240 0.0 0.0 0.0
4250 0.0 0.0 0.0
4260 1.05 0.06788543634187849 0.06912170825471001
4270 1.4000000000000001 0.08526908005304623 0.06485667809234047
4280 0.7000000000000001 0.01916195782136232 0.028144663832304805
4290 0.1900718160281338 0.0 0.0
4300 1.4500000000000002 0.14581075319961467 0.11180183670225578
4310 0.0 0.0 0.0
4320 0.0 0.0 0.0
4330 1.7005358194678708 0.0 0.0
4340 1.25 0.0887421311997092 0.076418970828064
4350 0.6000000000000001 0.04294316353299532 0.07708937530567207
4360 0.03492916738857384 0.0 0.0
4370 1.55 0.0077386434400599224 0.005017725048445224
4380 1.4000000000000001 0.008928508074924624 0.006418439402110558
4390 1.7005358194678708 0.0 0.0
4400 0.0 0.0 0.0
4410 0.6034215308320998 0.0 0.0
4420 0.0 0.0 0.0
4430 0.9 0.0919159192486706 0.11374548940898609
4440 0.0 0.0 0.0
4450 0.6000000000000001 0.00637359857028974 0.010736716822128102
4460 0.4547091361035047 0.0 0.0
4470 1.1 0.01754710984115726 0.016210506711827742
4480 1.1 0.07081884984711184 0.06881086953117191
4490 0.0 0.0 0.0
4500 0.0 0.0 0.0
4510 1.6446688865295056 0.0 0.0
4520 0.0 0.0 0.0
4530 0.0 0.0 0.0
4540 1.7005358194678708 0.0 0.0
4550 0.0 0.0 0.0
4560 1.6 0.05016278933796903 0.03236648919826967
4570 0.0 0.0 0.0
4580 0.3626067284925072 0.0 0.0
4590 0.0 0.0 0.0
4600 0.0 0.0 0.0
4610 0.8500000000000001 0.0005294434860723118 0.0006232629041847563
4620 0.0 0.0 0.0
4630 0.0 0.0 0.0
4640 0.0 0.0 0.0
4650 0.22787030592139607 0.0 0.0
4660 0.0 0.0 0.0
4670 1.3 0.18457885143329267 0.16547906740917778
4680 0.0 0.0 0.0
4690 0.10499653860719903 0.0 0.0
4700 0.0 0.0 0.0
4710 0.0 0.0 0.0
4720 0.32177807775850975 0.0 0.0
4730 0.0 0.0 0.0
4740 0.0 0.0 0.0
4750 0.0 0.0 0.0
4760 0.6000000000000001 0.01228428227132805 0.02090174194898643
4770 0.41530846145319034 0.0 0.0
4780 1.1500000000000001 0.0884321303438862 0.0833033222572317
4790 0.0 0.0 0.0
4800 1.7005358194678708 0.0 0.0
4810 1.55 0.00016278933796898265 0.00010503641082371824
4820 0.35612911514308854 0.0 0.0
4830 0.0 0.0 0.0
4840 1.7005358194678708 0.0 0.0
4850 0.0 0.0 0.0
4860 1.7005358194678708 0.0 0.0
4870 0.0 0.0 0.0
4880 0.0 0.0 0.0
4890 1.6446688865295056 0.0 0.0
4900 0.0 0.0 0.0
4910 0.6616881728809751 0.0 0.0
4920 1.25 0.11234572344307936 0.09875207763740897
4930 1.5 0.07286486044555174 0.051056734871163044
4940 0.17849385309756247 0.0 0.0
4950 1.4500000000000002 0.1592424681874398 0.12337132595602354
4960 0.0 0.0 0.0
4970 0.0 0.0 0.0
4980 0.0 0.0 0.0
4990 0.0 0.0 0.0
5000 1.7005358194678708 0.0 0.0
5010 1.4000000000000001 0.15309071439660005 0.12277614431471405
5020 1.3 0.10968825527170378 0.09215086363509041
5030 1.4000000000000001 0.18333271824489294 0.1506843497759106
5040 1.4000000000000001 0.04673657700214462 0.03453620057106847
5050 0.0 0.0 0.0
5060 1.25 0.14940073573399704 0.1357448987880556
5070 0.0 0.0 0.0
5080 1.7005358194678708 0.0 0.0
5090 0.0 0.0 0.0
5100 1.1 0.058824822700947355 0.05649848746254861
5110 1.5 0.08141652524864917 0.05739283355385192
5120 0.002336595109579777 0.0 0.0
5130 0.0 0.0 0.0
5140 1.1 0.13084283120454532 0.13500682388509508
5150 0.0 0.0 0.0
5160 0.0 0.0 0.0
5170 1.7005358194678708 0.0 0.0
5180 0.0 0.0 0.0
5190 0.0 0.0 0.0
5200 1.7005358194678708 0.0 0.0
5210 1.3 0.08408007926705108 0.06914935583617063
5220 1.6265538117648795 0.0 0.0
5230 0.0 0.0 0.0
5240 0.0 0.0 0.0
5250 1.4500000000000002 0.11797971548766784 0.08857201114685843
5260 1.7005358194678708 0.0 0.0
5270 1.55 0.05537202639507144 0.03704736387444853
5280 0.0 0.0 0.0
5290 0.0 0.0 0.0
5300 0.7000000000000001 0.06550702188506252 0.10324309983647449
5310 0.1546183876875008 0.0 0.0
5320 1.4000000000000001 0.10569093629108872 0.08165819065519461
5330 0.0 0.0 0.0
5340 0.0 0.0 0.0
5350 1.1500000000000001 0.12220161346162794 0.11889648306727092
5360 1.7005358194678708 0.0 0.0
5370 0.0 0.0 0.0
5380 0.0 0.0 0.0
5390 1.6265538117648795 0.0 0.0
5400 0.55 0.03568121509978406 0.06937567934001602
5410 0.0 0.0 0.0
5420 1.0 0.05165493771856555 0.05446850494934748
5430 1.1 0.07629571749310604 0.07452905960915743
5440 1.7005358194678708 0.0 0.0
5450 0.0 0.0 0.0
5460 1.05 0.08334549636850408 0.08622056386784983
5470 1.5 0.023680222779651317 0.016040036274686385
5480 0.55 0.024997964683623586 0.0476149862324997
5490 0.0 0.0 0.0
5500 0.1782402263763698 0.0 0.0
5510 0.5 0.006265430082489143 0.012689875216831424
5520 0.0 0.0 0.0
5530 0.0 0.0 0.0
5540 0.0 0.0 0.0
5550 0.0 0.0 0.0
5560 0.0 0.0 0.0
5570 1.6114008233754227 0.0 0.0
5580 0.0 0.0 0.0
5590 0.0 0.0 0.0
5600 0.0 0.0 0.0
5610 0.0 0.0 0.0
5620 0.0 0.0 0.0
5630 0.0 0.0 0.0
5640 0.0 0.0 0.0
5650 0.0 0.0 0.0
5660 1.0 0.0820404687535703 0.08937264221460131
5670 0.0 0.0 0.0
5680 0.0 0.0 0.0
5690 0.6050249637503669 0.0 0.0
5700 0.12323917184830481 0.0 0.0
5710 0.0 0.0 0.0
5720 1.7005358194678708 0.0 0.0
5730 0.0 0.0 0.0
5740 0.0 0.0 0.0
5750 0.0 0.0 0.0
5760 1.1500000000000001 0.10133875247598989 0.0966363091181832
5770 1.6265538117648795 0.0 0.0
5780 1.7005358194678708 0.0 0.0
5790 1.0 0.02031844644191816 0.020739847931324298
5800 0.0 0.0 0.0
5810 0.9500000000000001 0.05742932613225671 0.06434148893039511
5820 0.0 0.0 0.0
5830 0.0 0.0 0.0
5840 0.22219264396454236 0.0 0.0
5850 0.0 0.0 0.0
5860 0.11046053218382434 0.0 0.0
5870 1.1 0.12163487814438734 0.12432462628439675
5880 1.05 0.14806622627355925 0.1641652974827708
5890 0.0 0.0 0.0
5900 0.5040304673088314 0.0 0.0
5910 0.0 0.0 0.0
5920 1.7005358194678708 0.0 0.0
5930 0.0 0.0 0.0
5940 0.0 0.0 0.0
5950 0.0 0.0 0.0
5960 0.0 0.0 0.0
5970 1.55 0.06934563039975372 0.04683444821661922
5980 1.7005358194678708 0.0 0.0
5990 0.30000000000000004 0.0025138647655195134 0.008450359421080477
6000 0.0 0.0 0.0
6010 0.0 0.0 0.0
6020 0.8500000000000001 0.08592659536518377 0.1124585607141395
6030 0.0 0.0 0.0
6040 0.0 0.0 0.0
6050 0.0 0.0 0.0
6060 0.0 0.0 0.0
6070 0.0 0.0 0.0
6080 0.1615342957162611 0.0 0.0
6090 1.5667119957175855 0.0 0.0
6100 1.2000000000000002 0.06040868082848405 0.05300907422882197
6110 1.7005358194678708 0.0 0.0
6120 1.7005358194678708 0.0 0.0
6130 0.0 0.0 0.0
6140 1.55 0.00016278933796898265 0.00010503641082371824
6150 0.0 0.0 0.0
6160 0.0 0.0 0.0
6170 1.25 0.08598330596611348 0.07386776015053471
6180 0.07729554791612389 0.0 0.0
6190 0.0 0.0 0.0
6200 0.55 0.034804711444590075 0.06755634653061618
6210 0.0 0.0 0.0
6220 0.0 0.0 0.0
6230 0.0 0.0 0.0
6240 0.0 0.0 0.0
6250 0.309126582370828 0.0 0.0
6260 0.0 0.0 0.0
6270 0.0 0.0 0.0
6280 0.0 0.0 0.0
6290 0.0 0.0 0.0
6300 0.0 0.0 0.0
6310 1.7005358194678708 0.0 0.0
6320 1.7005358194678708 0.0 0.0
6330 0.4 0.039730482482685736 0.11027988922425644
6340 1.4000000000000001 0.11156752108375145 0.08659167081661531
6350 1.6676128639247318 0.0 0.0
6360 1.05 0.12351066390763199 0.13331039991087212
6370 0.0 0.0 0.0
6380 0.0 0.0 0.0
6390 1.6446688865295056 0.0 0.0
6400 0.0 0.0 0.0
6410 1.35 0.15512217061856193 0.12982262019110793
6420 0.8500000000000001 0.10945361952342281 0.14780116736643034
6430 0.8500000000000001 0.09165554524532094 0.12086268274351801
6440 0.0 0.0 0.0
6450 1.6676128639247318 0.0 0.0
6460 0.0 0.0 0.0
6470 0.0 0.0 0.0
6480 1.05 0.08907747959896506 0.09269996041074065
6490 0.0 0.0 0.0
6500 0.0 0.0 0.0
6510 0.0 0.0 0.0
6520 0.0 0.0 0.0
6530 0.0 0.0 0.0
6540 1.4000000000000001 0.15219299794499208 0.12196837948043734
6550 1.2000000000000002 0.12147944112309639 0.11263525773639088
6560 1.3 0.09138056674531558 0.0756073948763486
6570 0.0 0.0 0.0
6580 0.21321384479114167 0.0 0.0
6590 0.0 0.0 0.0
6600 1.7005358194678708 0.0 0.0
6610 1.1500000000000001 0.0774067481468832 0.0721678492878337
6620 1.5 0.14497065609700366 0.1069870971793374
6630 0.5 0.0063490726172226175 0.012861461946164929
6640 0.0 0.0 0.0
6650 0.65 0.07285380120138518 0.12623110288699355
6660 1.35 0.06944888339573518 0.05423358934698217
6670 0.0 0.0 0.0
6680 1.5 0.09708385054089463 0.06920146337920861
6690 1.0 0.08002109080300257 0.0869814405559024
6700 1.1 0.1302132575457553 0.13426999137586051
6710 1.1500000000000001 0.13346843844427592 0.13129787946771926
6720 1.35 0.05327767547770623 0.04108641801731413
6730 1.6676128639247318 0.0 0.0
6740 0.0 0.0 0.0
6750 0.0 0.0 0.0
6760 0.55 0.004502223254709725 0.008253421822490675
6770 1.05 0.0753208995420317 0.07727763887277463
6780 1.7005358194678708 0.0 0.0
6790 0.0 0.0 0.0
6800 1.25 0.05774591072054136 0.0484342316287967
6810 1.3 0.11097152534616339 0.09332957764402629
6820 1.6446688865295056 0.0 0.0
6830 0.0 0.0 0.0
6840 1.25 0.04769850091018535 0.039672661929054255
6850 0.8500000000000001 0.05040748320186983 0.06304146442455513
6860 1.6 0.03328800428241463 0.02124704755781745
6870 0.7000000000000001 0.01971800426982695 0.028985045016019936
6880 0.0 0.0 0.0
6890 0.0 0.0 0.0
6900 0.0 0.0 0.0
6910 0.9500000000000001 0.04010809892033318 0.044080070250918146
6920 0.0 0.0 0.0
6930 0.0 0.0 0.0
6940 1.7005358194678708 0.0 0.0
6950 0.0 0.0 0.0
6960 0.0 0.0 0.0
6970 0.6337699688662373 0.0 0.0
6980 0.0 0.0 0.0
6990 1.6 0.03328800428241463 0.02124704755781745
7000 0.0 0.0 0.0
7010 1.7005358194678708 0.0 0.0
7020 1.3 0.1017866830180616 0.08494871620559355
7030 0.7000000000000001 0.05409663383096597 0.08375344775151516
7040 0.0 0.0 0.0
7050 0.0 0.0 0.0
7060 1.05 0.09088928349543579 0.0947641204830634
7070 0.0 0.0 0.0
7080 0.0 0.0 0.0
7090 0.0 0.0 0.0
7100 0.0 0.0 0.0
7110 0.0 0.0 0.0
7120 0.75 0.0407356465190678 0.05743365829559195
7130 1.6446688865295056 0.0 0.0
7140 0.75 0.03527891611777689 0.04936039654259088
7150 0.0 0.0 0.0
7160 0.35000000000000003 0.04034238592403122 0.13028061991762926
7170 1.1 0.1339673084592643 0.1386778207739517
7180 1.7005358194678708 0.0 0.0
7190 0.0 0.0 0.0
7200 0.0 0.0 0.0
7210 0.0 0.0 0.0
7220 1.0 0.05898938259509001 0.0626872656950132
7230 1.55 0.09340942156804011 0.06412881076616371
7240 0.0 0.0 0.0
7250 1.6676128639247318 0.0 0.0
7260 0.0 0.0 0.0
7270 0.5609709536275272 0.0 0.0
7280 0.12739018938417135 0.0 0.0
7290 0.0 0.0 0.0
7300 0.0 0.0 0.0
7310 0.0 0.0 0.0
7320 0.65 0.03153356553026743 0.05098670481172356
7330 0.0 0.0 0.0
7340 0.0 0.0 0.0
7350 1.7005358194678708 0.0 0.0
7360 0.0 0.0 0.0
7370 0.0 0.0 0.0
7380 1.4500000000000002 0.15205732449585874 0.1171525733498186
7390 0.0 0.0 0.0
7400 0.7000000000000001 0.01679082484245542 0.024576404200929443
7410 0.0 0.0 0.0
7420 0.0 0.0 0.0
7430 0.08570301517148951 0.0 0.0
7440 0.20400397075651844 0.0 0.0
7450 1.7005358194678708 0.0 0.0
7460 1.7005358194678708 0.0 0.0
7470 0.0 0.0 0.0
7480 0.0 0.0 0.0
7490 0.7000000000000001 0.07384920998578381 0.11794157439952624
7500 1.7005358194678708 0.0 0.0
7510 1.4000000000000001 0.10569093629108872 0.08165819065519461
7520 0.0 0.0 0.0
7530 0.0 0.0 0.0
7540 1.7005358194678708 0.0 0.0
7550 1.6114008233754227 0.0 0.0
7560 0.45 0.029189148582267344 0.06936405865943726
7570 1.5048944950983372 0.0 0.0
7580 1.1500000000000001 0.10496656212207722 0.10044325694996474
7590 0.0 0.0 0.0
7600 0.0 0.0 0.0
7610 0.45 0.004758764460735476 0.010688058699171889
7620 0.0 0.0 0.0
7630 1.7005358194678708 0.0 0.0
7640 1.1 0.03778081572031011 0.03556781526774059
7650 0.0 0.0 0.0
7660 0.0 0.0 0.0
7670 0.55 0.03860264551965964 0.07548464062526479
7680 0.0 0.0 0.0
7690 1.55 0.10053743004497107 0.06936186703192367
7700 1.6265538117648795 0.0 0.0
7710 0.0 0.0 0.0
7720 0.6541170548185478 0.0 0.0
7730 0.0 0.0 0.0
7740 0.0 0.0 0.0
7750 0.0 0.0 0.0
7760 0.0 0.0 0.0
7770 1.7005358194678708 0.0 0.0
7780 0.0 0.0 0.0
7790 0.6000000000000001 0.0041652191376708725 0.006990560590710579
7800 1.5 0.019345630399753677 0.013065595048341158
7810 1.6676128639247318 0.0 0.0
7820 0.0 0.0 0.0
7830 0.0 0.0 0.0
7840 1.7005358194678708 0.0 0.0
7850 0.0 0.0 0.0
7860 0.0 0.0 0.0
7870 1.6676128639247318 0.0 0.0
7880 0.8 0.03839618289801283 0.05041490343905558
7890 1.2000000000000002 0.12602799636633155 0.11734756207790277
7900 0.0 0.0 0.0
7910 0.0 0.0 0.0
7920 0.0 0.0 0.0
7930 0.0 0.0 0.0
7940 0.0 0.0 0.0
7950 1.7005358194678708 0.0 0.0
7960 1.1500000000000001 0.05792801139305159 0.05304413261889887
7970 0.0 0.0 0.0
7980 0.07496151961958926 0.0 0.0
7990 0.6076946927785492 0.0 0.0
8000 1.25 0.14254376568013205 0.1287127755144868
8010 0.0 0.0 0.0
8020 0.6835597156667425 0.0 0.0
8030 0.15387248165108405 0.0 0.0
8040 0.4 0.0004139297655014751 0.0010358963846226143
8050 0.0 0.0 0.0
8060 0.9500000000000001 0.07245986283967465 0.08257156541483222
8070 1.4000000000000001 0.09453117419766444 0.07241166723346762
8080 0.0 0.0 0.0
8090 0.2 0.01149083352023908 0.060956364800821394
8100 0.0 0.0 0.0
8110 0.0 0.0 0.0
8120 0.0 0.0 0.0
8130 1.3 0.09700765231840869 0.08063862792258153
8140 0.0 0.0 0.0
8150 1.55 0.0077386434400599224 0.005017725048445224
8160 0.7000000000000001 0.09778989238602864 0.16238500674371592
8170 0.3037501458001321 0.0 0.0
8180 0.0 0.0 0.0
8190 0.0 0.0 0.0
8200 0.0 0.0 0.0
8210 1.7005358194678708 0.0 0.0
8220 0.11276132247541593 0.0 0.0
8230 1.7005358194678708 0.0 0.0
8240 1.7005358194678708 0.0 0.0
8250 1.2000000000000002 0.10487027253996306 0.09576059338941645
8260 1.3 0.06265920758501564 0.05064021809441868
8270 1.4000000000000001 0.17010290722249888 0.13830661786373694
8280 0.0 0.0 0.0
8290 0.0 0.0 0.0
8300 0.0 0.0 0.0
8310 0.0 0.0 0.0
8320 0.0 0.0 0.0
8330 1.6265538117648795 0.0 0.0
8340 0.4 0.02254274627580799 0.05972264687826074
8350 1.55 0.0278821048650173 0.018317966666139676
8360 1.3 0.10245917312448749 0.08555797917287908
8370 0.0 0.0 0.0
8380 1.25 0.08374586985925259 0.07180756551674193
8390 1.25 0.10447407419001853 0.09120184173583563
8400 0.0 0.0 0.0
8410 0.0 0.0 0.0
8420 0.0 0.0 0.0
8430 1.4500000000000002 0.1101584388633392 0.08221751142716141
8440 0.0 0.0 0.0
8450 0.0 0.0 0.0
8460 1.6676128639247318 0.0 0.0
8470 1.7005358194678708 0.0 0.0
8480 0.25160058444511785 0.0 0.0
8490 0.0 0.0 0.0
8500 0.25 0.004392029922148849 0.01788227768323924
8510 1.7005358194678708 0.0 0.0
8520 0.0 0.0 0.0
8530 0.0 0.0 0.0
8540 0.0 0.0 0.0
8550 1.6676128639247318 0.0 0.0
8560 1.55 0.142053675401822 0.10089424072495344
8570 1.05 0.05972502931415957 0.060311561012993654
8580 0.0 0.0 0.0
8590 1.05 0.01490902515661019 0.014403589171344034
8600 0.30000000000000004 0.005437882310150632 0.01846090173712117
8610 0.8500000000000001 0.05445213735247911 0.06844608591023885
8620 0.0 0.0 0.0
8630 1.2000000000000002 0.058451470287178786 0.05120366656850181
8640 1.7005358194678708 0.0 0.0
8650 0.0 0.0 0.0
8660 0.0 0.0 0.0
8670 0.0 0.0 0.0
8680 0.0 0.0 0.0
8690 1.1500000000000001 0.11145460381149008 0.10731798939221292
8700 1.6 0.05773864344005997 0.03743765166291123
8710 0.36688952534064423 0.0 0.0
8720 0.0 0.0 0.0
8730 0.0 0.0 0.0
8740 0.0 0.0 0.0
8750 1.4000000000000001 0.12054423099540901 0.09421523894428308
8760 1.5762300271176128 0.0 0.0
8770 0.0 0.0 0.0
8780 1.05 0.12661748779986504 0.13712354969575363
8790 0.0 0.0 0.0
8800 1.7005358194678708 0.0 0.0
8810 0.0 0.0 0.0
8820 1.35 0.1666334582250335 0.14081305524752713
8830 1.7005358194678708 0.0 0.0
8840 0.0 0.0 0.0
8850 1.1500000000000001 0.048208211145346125 0.04375437503982492
8860 1.3 0.17491988634496036 0.15547327183368248
8870 1.6676128639247318 0.0 0.0
8880 1.35 0.1392226993903083 0.11498621531821099
8890 1.7005358194678708 0.0 0.0
8900 0.0 0.0 0.0
8910 0.0 0.0 0.0
8920 1.6676128639247318 0.0 0.0
8930 0.9 0.08470098159999517 0.10388946838942333
8940 0.0 0.0 0.0
8950 1.4000000000000001 0.10688348984005747 0.08265573055504279
8960 1.7005358194678708 0.0 0.0
8970 0.4223836633373628 0.0 0.0
8980 1.7005358194678708 0.0 0.0
8990 1.6114008233754227 0.0 0.0
9000 1.7005358194678708 0.0 0.0
9010 0.0 0.0 0.0
9020 0.3687999057874986 0.0 0.0
9030 0.254393815573164 0.0 0.0
9040 0.0 0.0 0.0
9050 0.0 0.0 0.0
9060 0.0 0.0 0.0
9070 0.32322140904380514 0.0 0.0
9080 0.09430861423566238 0.0 0.0
9090 0.0 0.0 0.0
9100 0.0 0.0 0.0
9110 1.6 0.03328800428241463 0.02124704755781745
9120 0.0 0.0 0.0
9130 0.0 0.0 0.0
9140 0.8 0.1058189538006038 0.15243711187442652
9150 1.5 0.08683667111164839 0.061448432277079704
9160 1.2000000000000002 0.11898594060130518 0.11006881877881414
9170 0.0 0.0 0.0
9180 1.7005358194678708 0.0 0.0
9190 0.13946223229930566 0.0 0.0
9200 1.7005358194678708 0.0 0.0
9210 0.0 0.0 0.0
9220 1.7005358194678708 0.0 0.0
9230 0.0 0.0 0.0
9240 1.1 0.11247917574517496 0.11390056086164137
9250 0.0 0.0 0.0
9260 1.2000000000000002 0.08755231009732833 0.07870240631718
9270 1.35 0.08313859888715269 0.06562564682618112
9280 0.2004531208687773 0.0 0.0
9290 0.0 0.0 0.0
9300 0.4485525022160065 0.0 0.0
9310 0.0 0.0 0.0
9320 1.55 0.0278821048650173 0.018317966666139676
9330 0.35445003881771786 0.0 0.0
9340 1.55 0.07368022277965136 0.04990803748384263
9350 0.75 0.026146496367460248 0.03612125414361933
9360 0.0 0.0 0.0
9370 0.0 0.0 0.0
9380 0.4074229946592558 0.0 0.0
9390 1.6265538117648795 0.0 0.0
9400 0.23497724455218627 0.0 0.0
9410 1.7005358194678708 0.0 0.0
9420 1.1500000000000001 0.09639944507668807 0.09149524895960658
9430 1.55 0.12286486044555178 0.08609195936686852
9440 1.7005358194678708 0.0 0.0
9450 0.0 0.0 0.0
9460 0.0 0.0 0.0
9470 1.7005358194678708 0.0 0.0
9480 0.0 0.0 0.0
9490 1.25 0.05774591072054136 0.0484342316287967
9500 0.12297153139539505 0.0 0.0
9510 0.30948076820200965 0.0 0.0
9520 0.25 0.010748454735115542 0.04492533046428403
9530 1.7005358194678708 0.0 0.0
9540 1.3 0.12091626305271608 0.10255103964522086
9550 0.55 0.0010846205420985688 0.0019759339648484976
9560 0.0 0.0 0.0
9570 1.6676128639247318 0.0 0.0
9580 0.4 0.01887661868957191 0.049528891732299025
9590 1.2000000000000002 0.10830691143336968 0.09921003674720916
9600 1.4000000000000001 0.05020580243756845 0.037195153548766305
9610 0.05973022722943597 0.0 0.0
9620 0.0 0.0 0.0
9630 1.3 0.10968825527170378 0.09215086363509041
9640 0.0 0.0 0.0
9650 1.7005358194678708 0.0 0.0
9660 1.6 0.03328800428241463 0.02124704755781745
9670 0.35000000000000003 0.00027882181526622807 0.0007972688892147835
9680 1.25 0.11186332851491931 0.09828637572055043
9690 0.0 0.0 0.0
9700 1.6676128639247318 0.0 0.0
9710 0.0 0.0 0.0
9720 0.0 0.0 0.0
9730 1.7005358194678708 0.0 0.0
9740 0.0 0.0 0.0
9750 0.0 0.0 0.0
9760 0.3555583524825335 0.0 0.0
9770 0.0 0.0 0.0
9780 0.0 0.0 0.0
9790 0.0 0.0 0.0
9800 1.7005358194678708 0.0 0.0
9810 0.1675051122761656 0.0 0.0
9820 0.0 0.0 0.0
9830 0.0 0.0 0.0
9840 0.0 0.0 0.0
9850 0.0 0.0 0.0
9860 0.0 0.0 0.0
9870 0.35000000000000003 0.0014078664072867397 0.004038721105886047
9880 1.05 0.028980980146287916 0.028384368540402122
9890 1.4500000000000002 0.12099950093180922 0.09104548946117495
9900 0.0 0.0 0.0
9910 0.0 0.0 0.0
9920 1.7005358194678708 0.0 0.0
9930 0.0 0.0 0.0
9940 0.0 0.0 0.0
9950 0.0 0.0 0.0
9960 0.0 0.0 0.0
9970 0.0 0.0 0.0
9980 1.6446688865295056 0.0 0.0
9990 1.6265538117648795 0.0 0.0
