0 0.0 0.0 0.0
10 1.35 0.1384970576012159 0.11431838318691225
20 0.0 0.0 0.0
30 1.5 0.06056184633555084 0.04207325349920422
40 0.0 0.0 0.0
50 1.7005358194678708 0.0 0.0
60 0.9 0.08756630289545086 0.10778270670890486
70 0.0 0.0 0.0
80 1.25 0.008377439667277109 0.006747170947854049
90 0.3708132629093067 0.0 0.0
100 0.10511807417600288 0.0 0.0
110 0.0 0.0 0.0
120 1.35 0.04324122762174398 0.033090443726692134
130 0.0 0.0 0.0
140 0.0 0.0 0.0
150 1.5762300271176128 0.0 0.0
160 0.0 0.0 0.0
170 0.5 0.05001044808100852 0.11113690944098087
180 1.4500000000000002 0.013743757706465631 0.009569154376323856
190 0.08125792344445834 0.0 0.0
200 0.0 0.0 0.0
210 0.0 0.0 0.0
220 1.6676128639247318 0.0 0.0
230 1.5762300271176128 0.0 0.0
240 1.6676128639247318 0.0 0.0
250 0.0 0.0 0.0
260 0.0 0.0 0.0
270 0.21122431572627434 0.0 0.0
280 1.7005358194678708 0.0 0.0
290 1.7005358194678708 0.0 0.0
300 0.75 0.024623373877017518 0.03394564008579289
310 1.6676128639247318 0.0 0.0
320 0.0 0.0 0.0
330 0.7000000000000001 0.03163138413412703 0.047326255876255496
340 0.0 0.0 0.0
350 1.2000000000000002 0.022120990769229243 0.018780359099595162
360 0.0 0.0 0.0
370 0.0 0.0 0.0
380 0.8500000000000001 0.09452107999836545 0.1251141196608913
390 1.535154876215803 0.0 0.0
400 1.6676128639247318 0.0 0.0
410 0.0 0.0 0.0
420 0.09169071903195186 0.0 0.0
430 0.0 0.0 0.0
440 0.8 0.10246542335496789 0.14689655077430153
450 0.025886590647769193 0.0 0.0
460 1.25 0.010959395916272152 0.008845065997152401
470 0.0 0.0 0.0
480 0.0 0.0 0.0
490 1.5762300271176128 0.0 0.0
500 0.0 0.0 0.0
510 1.5 0.00034562103136259736 0.00023046712376507215
520 0.8500000000000001 0.06495140804556909 0.0827355258148648
530 0.65 0.0984542830670635 0.1785061148050484
540 0.0 0.0 0.0
550 0.0 0.0 0.0
560 1.6500000000000001 0.03859917662457746 0.02395380222266689
570 0.8500000000000001 0.10613549701389813 0.14268122297520242
580 0.0 0.0 0.0
590 1.25 0.00487134885188234 0.003912325724245868
600 0.7000000000000001 0.15620002196888672 0.2872380071334791
610 1.55 0.06934563039975372 0.04683444821661922
620 0.0 0.0 0.0
630 0.0 0.0 0.0
640 0.0 0.0 0.0
650 1.5 0.07577478516013847 0.053204215436291454
660 1.7005358194678708 0.0 0.0
670 1.1 0.0160977958949311 0.014851705102142818
680 1.05 0.09008593947669663 0.09384792158121498
690 0.0 0.0 0.0
700 1.4000000000000001 0.08797132474231639 0.06704984913918802
710 0.0 0.0 0.0
720 0.0 0.0 0.0
730 0.0 0.0 0.0
740 0.0 0.0 0.0
750 1.6446688865295056 0.0 0.0
760 0.0 0.0 0.0
770 0.6000000000000001 0.13351523193445924 0.2862156303369383
780 0.45 0.02488807946860877 0.058544769663242076
790 0.0 0.0 0.0
800 1.6500000000000001 0.005331113470494531 0.0032414509170559966
810 0.0 0.0 0.0
820 0.0 0.0 0.0
830 0.75 0.05385472272621361 0.07736132741877833
840 1.7005358194678708 0.0 0.0
850 0.0 0.0 0.0
860 1.3 0.1419983435798231 0.12262361007219448
870 0.0 0.0 0.0
880 1.7005358194678708 0.0 0.0
890 1.05 0.028713879055307867 0.02811541101601132
900 0.0 0.0 0.0
910 0.0 0.0 0.0
920 0.0 0.0 0.0
930 0.9030316662518556 0.0 0.0
940 1.25 0.003983689616153807 0.00319714082629191
950 0.0 0.0 0.0
960 1.6 0.10034562103136269 0.06691249826534947
970 1.6676128639247318 0.0 0.0
980 0.0 0.0 0.0
990 0.8 0.11085411341307916 0.16085725181078522
1000 1.7005358194678708 0.0 0.0
1010 1.7005358194678708 0.0 0.0
1020 0.9 0.002563629484729213 0.002856614205703835
1030 0.0 0.0 0.0
1040 0.0 0.0 0.0
1050 0.0 0.0 0.0
1060 1.5103681353365792 0.0 0.0
1070 0.03942876828875752 0.0 0.0
1080 1.7005358194678708 0.0 0.0
1090 0.1155755513721797 0.0 0.0
1100 0.0 0.0 0.0
1110 1.7005358194678708 0.0 0.0
1120 0.0 0.0 0.0
1130 0.0 0.0 0.0
1140 0.2484904199820257 0.0 0.0
1150 0.0 0.0 0.0
1160 0.03631907184853318 0.0 0.0
1170 0.25 0.05566429292119235 0.2864336861090545
1180 0.6000000000000001 0.10178042772009832 0.20428829653227204
1190 1.05 0.1673119571475613 0.18954823111332356
1200 0.03170157668125477 0.0 0.0
1210 0.6603162801631655 0.0 0.0
1220 0.0 0.0 0.0
1230 0.0 0.0 0.0
1240 0.0 0.0 0.0
1250 0.8500000000000001 0.08417662398750947 0.10991649853495272
1260 0.0 0.0 0.0
1270 0.0 0.0 0.0
1280 0.0 0.0 0.0
1290 1.35 0.17272035968434896 0.1467114131337898
1300 0.0 0.0 0.0
1310 1.25 0.05111224208452092 0.04263305029771128
1320 0.0 0.0 0.0
1330 0.0 0.0 0.0
1340 1.3 0.09631409061788809 0.08001596584887248
1350 0.0 0.0 0.0
1360 0.8 0.0027996777633838565 0.003511887395540825
1370 1.3680121528556901 0.0 0.0
1380 0.0 0.0 0.0
1390 1.35 0.14138056674531563 0.11697691006390051
1400 0.26886570605112536 0.0 0.0
1410 1.4004670128571752 0.0 0.0
1420 0.0 0.0 0.0
1430 0.0 0.0 0.0
1440 1.2000000000000002 0.11573353509042894 0.10673901557960774
1450 0.0 0.0 0.0
1460 1.001656415588864 0.0 0.0
1470 0.0 0.0 0.0
1480 0.0 0.0 0.0
1490 1.1 0.19728292161894045 0.21854346876072103
1500 0.0 0.0 0.0
1510 0.0 0.0 0.0
1520 0.8588750270949774 0.0 0.0
1530 0.0 0.0 0.0
1540 1.4500000000000002 0.05663738687179576 0.040647988067255905
1550 0.0 0.0 0.0
1560 1.7005358194678708 0.0 0.0
1570 0.6000000000000001 0.07933066438571945 0.15236285096783336
1580 0.0 0.0 0.0
1590 0.0 0.0 0.0
1600 0.0 0.0 0.0
1610 0.0 0.0 0.0
1620 0.0 0.0 0.0
1630 0.6000000000000001 0.10300091200491207 0.20724567608448016
1640 0.0 0.0 0.0
1650 1.7005358194678708 0.0 0.0
1660 0.0 0.0 0.0
1670 0.0 0.0 0.0
1680 1.7005358194678708 0.0 0.0
1690 0.0 0.0 0.0
1700 0.0 0.0 0.0
1710 0.0 0.0 0.0
1720 0.0 0.0 0.0
1730 0.0 0.0 0.0
1740 0.0 0.0 0.0
1750 0.8102500681211426 0.0 0.0
1760 0.0 0.0 0.0
1770 0.0 0.0 0.0
1780 0.4 0.09410973810698914 0.30765849662747763
1790 0.0 0.0 0.0
1800 0.0 0.0 0.0
1810 0.0 0.0 0.0
1820 0.0 0.0 0.0
1830 0.0 0.0 0.0
1840 0.0 0.0 0.0
1850 0.0 0.0 0.0
1860 1.55 0.033900056222962105 0.02236004055148725
1870 1.05 0.014050510346373946 0.013562929936933307
1880 1.1500000000000001 0.03415022068346674 0.030604675751590874
1890 0.5 0.041758296505848724 0.09112722868179915
1900 1.7005358194678708 0.0 0.0
1910 0.0 0.0 0.0
1920 1.35 0.05688348984005742 0.043989454463791225
1930 0.0 0.0 0.0
1940 0.0 0.0 0.0
1950 0.0 0.0 0.0
1960 0.0 0.0 0.0
1970 1.25 0.016008284152035923 0.012972764684271389
1980 1.6676128639247318 0.0 0.0
1990 0.0 0.0 0.0
2000 0.0 0.0 0.0
2010 0.0 0.0 0.0
2020 1.7005358194678708 0.0 0.0
2030 0.0 0.0 0.0
2040 0.0 0.0 0.0
2050 1.7005358194678708 0.0 0.0
2060 1.5982877552535175 0.0 0.0
2070 0.0 0.0 0.0
2080 1.0 0.022724969338344336 0.023253402190127167
2090 1.4500000000000002 0.016852842590612704 0.011759324577021496
2100 0.0 0.0 0.0
2110 0.25 0.022874033843727548 0.10071078279085548
2120 0.0 0.0 0.0
2130 0.65 0.007943034427629114 0.01237123005206895
2140 1.6676128639247318 0.0 0.0
2150 1.1500000000000001 0.029811077280142095 0.026612544255267007
2160 0.0 0.0 0.0
2170 1.7005358194678708 0.0 0.0
2180 0.0 0.0 0.0
2190 1.020220246920498 0.0 0.0
2200 1.7005358194678708 0.0 0.0
2210 0.0 0.0 0.0
2220 1.4000000000000001 0.03581504747957509 0.02625380628440765
2230 0.15232968535694394 0.0 0.0
2240 1.6676128639247318 0.0 0.0
2250 0.0 0.0 0.0
2260 0.038415788658253056 0.0 0.0
2270 0.8809604032877363 0.0 0.0
2280 0.0 0.0 0.0
2290 0.8 0.0021776168429499254 0.0027294506758921864
2300 0.0 0.0 0.0
2310 0.5 0.0912192020301067 0.2231494299221584
2320 0.0 0.0 0.0
2330 0.0 0.0 0.0
2340 1.6 0.07788210486501734 0.05116693333278937
2350 0.0 0.0 0.0
2360 1.25 0.017658255018508262 0.01432902446940436
2370 0.45 0.10259802031358589 0.29532940602755636
2380 1.4000000000000001 0.0260529487623542 0.01896211992950224
2390 0.0 0.0 0.0
2400 1.4000000000000001 0.008928508074924624 0.006418439402110558
2410 1.0 0.011106181872365006 0.01123091445084911
2420 0.0 0.0 0.0
2430 0.5937874338675277 0.0 0.0
2440 0.9500000000000001 0.15279967776338388 0.19167036628220474
2450 1.6500000000000001 0.10016278933796907 0.06462794198571563
2460 0.4212392417296752 0.0 0.0
2470 1.7005358194678708 0.0 0.0
2480 1.55 0.1655899412381836 0.11961047248261351
2490 0.0 0.0 0.0
2500 0.22079171886136545 0.0 0.0
2510 1.05 0.17611220709163655 0.20152725386576467
2520 0.35000000000000003 0.033400652385450647 0.10549817186014857
2530 1.25 0.025674949746095077 0.020970697071640013
2540 0.0 0.0 0.0
2550 0.55 0.09291288721163482 0.20327172788757705
2560 0.36062055886740246 0.0 0.0
2570 0.7673994174204646 0.0 0.0
2580 0.0 0.0 0.0
2590 0.0 0.0 0.0
2600 1.7005358194678708 0.0 0.0
2610 1.6500000000000001 0.02344618823512068 0.014414640367588317
2620 0.13776383460598368 0.0 0.0
2630 0.0 0.0 0.0
2640 1.6500000000000001 0.02344618823512068 0.014414640367588317
2650 0.0 0.0 0.0
2660 0.0 0.0 0.0
2670 0.027417039452784883 0.0 0.0
2680 1.7005358194678708 0.0 0.0
2690 0.0 0.0 0.0
2700 1.05 0.09367921205261986 0.09795793758043289
2710 1.6500000000000001 0.005331113470494531 0.0032414509170559966
2720 0.0 0.0 0.0
2730 1.1500000000000001 0.01989817972419705 0.017607422063386172
2740 0.8 0.08419149806839343 0.11761734855230552
2750 1.3 0.08258213716800356 0.06783384710316172
2760 0.5 0.14078456328075384 0.3919223643798681
2770 0.0 0.0 0.0
2780 1.6676128639247318 0.0 0.0
2790 1.7005358194678708 0.0 0.0
2800 0.0 0.0 0.0
2810 0.0 0.0 0.0
2820 1.7005358194678708 0.0 0.0
2830 1.4000000000000001 0.008928508074924624 0.006418439402110558
2840 1.7005358194678708 0.0 0.0
2850 1.7005358194678708 0.0 0.0
2860 0.0 0.0 0.0
2870 0.0 0.0 0.0
2880 1.6676128639247318 0.0 0.0
2890 0.45 0.07082840408822833 0.186797758196817
2900 0.0 0.0 0.0
2910 1.05 0.14586448414824238 0.16133033333042782
2920 0.0 0.0 0.0
2930 0.4 0.04126281010393196 0.1150223931783779
2940 0.0 0.0 0.0
2950 0.0 0.0 0.0
2960 1.25 0.0384970576012158 0.03177628072862238
2970 0.1600332424031372 0.0 0.0
2980 0.0 0.0 0.0
2990 0.8 0.08897907993256693 0.12514270314877396
3000 1.7005358194678708 0.0 0.0
3010 1.4000000000000001 0.030036027871087168 0.021924684504229276
3020 1.4500000000000002 0.04459130407650447 0.03172835361403785
3030 0.25 0.05815804498292168 0.3031560274588751
3040 1.7005358194678708 0.0 0.0
3050 0.0 0.0 0.0
3060 1.6500000000000001 0.005331113470494531 0.0032414509170559966
3070 1.7005358194678708 0.0 0.0
3080 0.0 0.0 0.0
3090 1.3 0.03614076542684774 0.02859556225741682
3100 1.7005358194678708 0.0 0.0
3110 0.0 0.0 0.0
3120 0.0 0.0 0.0
3130 0.0 0.0 0.0
3140 1.3 0.14413766247895965 0.12470140932880416
3150 0.0 0.0 0.0
3160 0.0 0.0 0.0
3170 0.7000000000000001 0.14907715334462657 0.2705953369871424
3180 0.0021858524485095787 0.0 0.0
3190 0.0 0.0 0.0
3200 0.0 0.0 0.0
3210 1.4806543696002463 0.0 0.0
3220 0.0 0.0 0.0
3230 0.0 0.0 0.0
3240 0.25 0.08495735563693191 0.5147600243852066
3250 0.0 0.0 0.0
3260 1.05 0.028446440777359694 0.02784625487380833
3270 1.5221178951349827 0.0 0.0
3280 0.0 0.0 0.0
3290 1.7005358194678708 0.0 0.0
3300 0.7000000000000001 0.0871871224391213 0.14227364605349674
3310 1.2000000000000002 0.052960102463248226 0.046171107541227746
3320 0.0 0.0 0.0
3330 0.0 0.0 0.0
3340 0.18549320199970218 0.0 0.0
3350 1.6265538117648795 0.0 0.0
3360 0.0 0.0 0.0
3370 1.6676128639247318 0.0 0.0
3380 1.0 0.14964304651975247 0.17597674236367428
3390 0.0 0.0 0.0
3400 0.0 0.0 0.0
3410 0.65 0.01247711932820017 0.019571249450768272
3420 0.0 0.0 0.0
3430 1.6500000000000001 0.005331113470494531 0.0032414509170559966
3440 0.0 0.0 0.0
3450 0.0 0.0 0.0
3460 1.6 0.0017122447464825719 0.0010712994208048466
3470 0.1656455983583879 0.0 0.0
3480 1.7005358194678708 0.0 0.0
3490 0.0 0.0 0.0
3500 1.0 0.06447441369962548 0.06891785178703205
3510 0.0 0.0 0.0
3520 1.6 0.013322322304274437 0.008396363351895112
3530 1.6500000000000001 0.10016278933796907 0.06462794198571563
3540 1.05 0.14348317685557999 0.15827966254159767
3550 0.0 0.0 0.0
3560 0.0 0.0 0.0
3570 0.0 0.0 0.0
3580 0.0 0.0 0.0
3590 1.4000000000000001 0.058544223077536595 0.04364230568364123
3600 0.0 0.0 0.0
3610 0.6000000000000001 0.16869482352391552 0.391126359535519
3620 0.0 0.0 0.0
3630 1.6676128639247318 0.0 0.0
3640 0.0 0.0 0.0
3650 1.7005358194678708 0.0 0.0
3660 0.0 0.0 0.0
3670 1.152700181250051 0.0 0.0
3680 0.0 0.0 0.0
3690 0.9 0.09841505934751249 0.12277558416629303
3700 0.0 0.0 0.0
3710 0.9 0.09007619301921721 0.11121563811662899
3720 1.4000000000000001 0.06015843886333916 0.04489966620553512
3730 0.8 0.12941858120259186 0.19299458287210758
3740 1.6265538117648795 0.0 0.0
3750 0.31045524443329386 0.0 0.0
3760 1.7005358194678708 0.0 0.0
3770 1.25 0.0075079983472465806 0.006042693504070447
3780 0.0 0.0 0.0
3790 0.45 0.07934912059233912 0.21408048651913997
3800 0.65 0.05883430758849939 0.0995225337730624
3810 0.4 0.08830286082498973 0.2832969884122351
3820 0.9481546546787272 0.0 0.0
3830 0.9 0.045032491199382574 0.05267158194415592
3840 0.0 0.0 0.0
3850 1.4000000000000001 0.07248731766249095 0.05460386075924632
3860 1.6500000000000001 0.051712244746482616 0.03235477752770503
3870 0.0 0.0 0.0
3880 0.0 0.0 0.0
3890 1.0 0.002682432524027778 0.002689647321481083
3900 0.0 0.0 0.0
3910 0.0 0.0 0.0
3920 0.0 0.0 0.0
3930 1.1 0.02253823714612113 0.020917899755833542
3940 0.4 0.0672836304382548 0.20222518815915477
3950 1.4500000000000002 0.034152687748587596 0.024121730820168472
3960 0.35000000000000003 0.05722658334205705 0.19546372753137212
3970 0.0 0.0 0.0
3980 0.046485275855447226 0.0 0.0
3990 0.7000000000000001 0.09801004668553037 0.1628101036336258
4000 0.0 0.0 0.0
4010 0.10063285506036222 0.0 0.0
4020 0.6263865556063808 0.0 0.0
4030 0.8 0.12766416528265578 0.1898815423639094
4040 1.55 0.039631864663420835 0.02623987075481372
4050 0.0 0.0 0.0
4060 0.0 0.0 0.0
4070 0.65 0.0810780665996903 0.14251176099874754
4080 0.35000000000000003 0.02511976878793004 0.07732009021974862
4090 0.0 0.0 0.0
4100 1.7005358194678708 0.0 0.0
4110 1.35 0.06611870352827554 0.05149907838830464
4120 0.0 0.0 0.0
4130 1.6 0.013322322304274437 0.008396363351895112
4140 0.009793612040331284 0.0 0.0
4150 1.5 0.10892850807492449 0.07830547078797549
4160 0.0 0.0 0.0
4170 0.0 0.0 0.0
4180 0.55 0.008405537285980147 0.01551998379720982
4190 0.0 0.0 0.0
4200 0.0 0.0 0.0
4210 0.0 0.0 0.0
4220 0.0 0.0 0.0
4230 0.35000000000000003 0.08825033395199489 0.3371554786847739
4240 0.0 0.0 0.0
4250 0.0 0.0 0.0
4260 1.0 0.017885436341878447 0.018211150718771385
4270 1.314730919946954 0.0 0.0
4280 0.75 0.06916195782136225 0.10158356839175504
4290 0.1900718160281338 0.0 0.0
4300 1.35 0.045810753199614584 0.03512584796416912
4310 0.0 0.0 0.0
4320 0.0 0.0 0.0
4330 1.7005358194678708 0.0 0.0
4340 1.2000000000000002 0.03874213119970937 0.03336221199494159
4350 0.7000000000000001 0.1429431635329953 0.25660427118995066
4360 0.03492916738857384 0.0 0.0
4370 1.55 0.0077386434400599224 0.005017725048445224
4380 1.4000000000000001 0.008928508074924624 0.006418439402110558
4390 1.7005358194678708 0.0 0.0
4400 0.0 0.0 0.0
4410 0.65 0.046578469167900205 0.07719059859145218
4420 0.0 0.0 0.0
4430 0.9500000000000001 0.14191591924867064 0.17562023882059646
4440 0.0 0.0 0.0
4450 0.65 0.056373598570289674 0.09496477655730531
4460 0.55 0.09529086389649533 0.20956443653862372
4470 1.1 0.01754710984115726 0.016210506711827742
4480 1.05 0.020818849847111798 0.020228557279754967
4490 0.0 0.0 0.0
4500 0.0 0.0 0.0
4510 1.6500000000000001 0.005331113470494531 0.0032414509170559966
4520 0.0 0.0 0.0
4530 0.0 0.0 0.0
4540 1.7005358194678708 0.0 0.0
4550 0.0 0.0 0.0
4560 1.55 0.00016278933796898265 0.00010503641082371824
4570 0.0 0.0 0.0
4580 0.4 0.03739327150749283 0.10312349046293419
4590 0.0 0.0 0.0
4600 0.0 0.0 0.0
4610 0.8500000000000001 0.0005294434860723118 0.0006232629041847563
4620 0.0 0.0 0.0
4630 0.0 0.0 0.0
4640 0.0 0.0 0.0
4650 0.22787030592139607 0.0 0.0
4660 0.0 0.0 0.0
4670 1.25 0.13457885143329262 0.12065294943190166
4680 0.0 0.0 0.0
4690 0.10499653860719903 0.0 0.0
4700 0.0 0.0 0.0
4710 0.0 0.0 0.0
4720 0.32177807775850975 0.0 0.0
4730 0.0 0.0 0.0
4740 0.0 0.0 0.0
4750 0.0 0.0 0.0
4760 0.7000000000000001 0.11228428227132803 0.19105203227381742
4770 0.45 0.034691538546809675 0.08353198108562924
4780 1.061567869656114 0.0 0.0
4790 0.0 0.0 0.0
4800 1.7005358194678708 0.0 0.0
4810 1.6 0.05016278933796903 0.03236648919826967
4820 0.45 0.09387088485691147 0.2635866624361652
4830 0.0 0.0 0.0
4840 1.7005358194678708 0.0 0.0
4850 0.0 0.0 0.0
4860 1.7005358194678708 0.0 0.0
4870 0.0 0.0 0.0
4880 0.0 0.0 0.0
4890 1.6500000000000001 0.005331113470494531 0.0032414509170559966
4900 0.0 0.0 0.0
4910 0.75 0.08831182711902485 0.13346441834454617
4920 1.25 0.11234572344307936 0.09875207763740897
4930 1.4500000000000002 0.022864860445551916 0.016021510375457734
4940 0.17849385309756247 0.0 0.0
4950 1.35 0.05924246818743972 0.04589744140733221
4960 0.0 0.0 0.0
4970 0.0 0.0 0.0
4980 0.0 0.0 0.0
4990 0.0 0.0 0.0
5000 1.7005358194678708 0.0 0.0
5010 1.25 0.003090714396599914 0.002478700280994592
5020 1.25 0.05968825527170374 0.0501450611875869
5030 1.25 0.03333271824489281 0.027396740871348652
5040 1.4000000000000001 0.04673657700214462 0.03453620057106847
5050 0.0 0.0 0.0
5060 1.25 0.14940073573399704 0.1357448987880556
5070 0.0 0.0 0.0
5080 1.7005358194678708 0.0 0.0
5090 0.0 0.0 0.0
5100 1.05 0.00882482270094731 0.008475828941523633
5110 1.4500000000000002 0.03141652524864935 0.022146405768723648
5120 0.002336595109579777 0.0 0.0
5130 0.0 0.0 0.0
5140 1.1 0.13084283120454532 0.13500682388509508
5150 0.0 0.0 0.0
5160 0.0 0.0 0.0
5170 1.7005358194678708 0.0 0.0
5180 0.0 0.0 0.0
5190 0.0 0.0 0.0
5200 1.7005358194678708 0.0 0.0
5210 1.25 0.03408007926705103 0.02802822676554865
5220 1.6500000000000001 0.02344618823512068 0.014414640367588317
5230 0.0 0.0 0.0
5240 0.0 0.0 0.0
5250 1.35 0.017979715487667747 0.013498079343626755
5260 1.7005358194678708 0.0 0.0
5270 1.55 0.05537202639507144 0.03704736387444853
5280 0.0 0.0 0.0
5290 0.0 0.0 0.0
5300 0.75 0.11550702188506246 0.18204617839622256
5310 0.1546183876875008 0.0 0.0
5320 1.35 0.05569093629108868 0.043027540988937636
5330 0.0 0.0 0.0
5340 0.0 0.0 0.0
5350 1.05 0.022201613461627856 0.021601136713595117
5360 1.7005358194678708 0.0 0.0
5370 0.0 0.0 0.0
5380 0.0 0.0 0.0
5390 1.6500000000000001 0.02344618823512068 0.014414640367588317
5400 0.65 0.13568121509978404 0.2638076210382007
5410 0.0 0.0 0.0
5420 0.9500000000000001 0.0016549377185656189 0.0017450797018801721
5430 1.05 0.026295717493105997 0.02568682962692296
5440 1.7005358194678708 0.0 0.0
5450 0.0 0.0 0.0
5460 1.0 0.033345496368504035 0.0344957751122379
5470 1.5 0.023680222779651317 0.016040036274686385
5480 0.65 0.12499796468362356 0.2380904382747723
5490 0.0 0.0 0.0
5500 0.1782402263763698 0.0 0.0
5510 0.6000000000000001 0.10626543008248923 0.2152278502601979
5520 0.0 0.0 0.0
5530 0.0 0.0 0.0
5540 0.0 0.0 0.0
5550 0.0 0.0 0.0
5560 0.0 0.0 0.0
5570 1.6500000000000001 0.03859917662457746 0.02395380222266689
5580 0.0 0.0 0.0
5590 0.0 0.0 0.0
5600 0.0 0.0 0.0
5610 0.0 0.0 0.0
5620 0.0 0.0 0.0
5630 0.0 0.0 0.0
5640 0.0 0.0 0.0
5650 0.0 0.0 0.0
5660 0.9179595312464297 0.0 0.0
5670 0.0 0.0 0.0
5680 0.0 0.0 0.0
5690 0.65 0.04497503624963317 0.07433583561717275
5700 0.12323917184830481 0.0 0.0
5710 0.0 0.0 0.0
5720 1.7005358194678708 0.0 0.0
5730 0.0 0.0 0.0
5740 0.0 0.0 0.0
5750 0.0 0.0 0.0
5760 1.2000000000000002 0.15133875247598993 0.1443161486450608
5770 1.6500000000000001 0.02344618823512068 0.014414640367588317
5780 1.7005358194678708 0.0 0.0
5790 0.9796815535580818 0.0 0.0
5800 0.0 0.0 0.0
5810 0.9 0.007429326132256664 0.008323515828795317
5820 0.0 0.0 0.0
5830 0.0 0.0 0.0
5840 0.22219264396454236 0.0 0.0
5850 0.0 0.0 0.0
5860 0.11046053218382434 0.0 0.0
5870 1.1 0.12163487814438734 0.12432462628439675
5880 1.05 0.14806622627355925 0.1641652974827708
5890 0.0 0.0 0.0
5900 0.6000000000000001 0.0959695326911687 0.1904042293387116
5910 0.0 0.0 0.0
5920 1.7005358194678708 0.0 0.0
5930 0.0 0.0 0.0
5940 0.0 0.0 0.0
5950 0.0 0.0 0.0
5960 0.0 0.0 0.0
5970 1.5 0.019345630399753677 0.013065595048341158
5980 1.7005358194678708 0.0 0.0
5990 0.4 0.10251386476551949 0.34460047922810716
6000 0.0 0.0 0.0
6010 0.0 0.0 0.0
6020 0.9500000000000001 0.18592659536518374 0.2433360384452147
6030 0.0 0.0 0.0
6040 0.0 0.0 0.0
6050 0.0 0.0 0.0
6060 0.0 0.0 0.0
6070 0.0 0.0 0.0
6080 0.1615342957162611 0.0 0.0
6090 1.5667119957175855 0.0 0.0
6100 1.1500000000000001 0.010408680828484007 0.009133696135954359
6110 1.7005358194678708 0.0 0.0
6120 1.7005358194678708 0.0 0.0
6130 0.0 0.0 0.0
6140 1.55 0.00016278933796898265 0.00010503641082371824
6150 0.0 0.0 0.0
6160 0.0 0.0 0.0
6170 1.2000000000000002 0.035983305966113655 0.030913049744513473
6180 0.07729554791612389 0.0 0.0
6190 0.0 0.0 0.0
6200 0.55 0.034804711444590075 0.06755634653061618
6210 0.0 0.0 0.0
6220 0.0 0.0 0.0
6230 0.0 0.0 0.0
6240 0.0 0.0 0.0
6250 0.4 0.090873417629172 0.2939683055796228
6260 0.0 0.0 0.0
6270 0.0 0.0 0.0
6280 0.0 0.0 0.0
6290 0.0 0.0 0.0
6300 0.0 0.0 0.0
6310 1.7005358194678708 0.0 0.0
6320 1.7005358194678708 0.0 0.0
6330 0.5 0.13973048248268571 0.38784986153032047
6340 1.3 0.011567521083751364 0.00897798004399987
6350 1.6676128639247318 0.0 0.0
6360 0.9500000000000001 0.023510663907632012 0.025376076109836707
6370 0.0 0.0 0.0
6380 0.0 0.0 0.0
6390 1.6446688865295056 0.0 0.0
6400 0.0 0.0 0.0
6410 1.35 0.15512217061856193 0.12982262019110793
6420 0.9 0.15945361952342274 0.21531888309386732
6430 0.7583444547546792 0.0 0.0
6440 0.0 0.0 0.0
6450 1.6676128639247318 0.0 0.0
6460 0.0 0.0 0.0
6470 0.0 0.0 0.0
6480 1.1 0.1390774795989651 0.14473329185887118
6490 0.0 0.0 0.0
6500 0.0 0.0 0.0
6510 0.0 0.0 0.0
6520 0.0 0.0 0.0
6530 0.0 0.0 0.0
6540 1.4000000000000001 0.15219299794499208 0.12196837948043734
6550 1.1 0.0214794411230963 0.0199156529250249
6560 1.2086194332546845 0.0 0.0
6570 0.0 0.0 0.0
6580 0.21321384479114167 0.0 0.0
6590 0.0 0.0 0.0
6600 1.7005358194678708 0.0 0.0
6610 1.072593251853117 0.0 0.0
6620 1.4000000000000001 0.04497065609700379 0.033187957367381664
6630 0.6000000000000001 0.1063490726172227 0.2154337543353981
6640 0.0 0.0 0.0
6650 0.7000000000000001 0.12285380120138523 0.21286426464753158
6660 1.3 0.01944888339573514 0.015187900852649466
6670 0.0 0.0 0.0
6680 1.4500000000000002 0.04708385054089481 0.033561414599901786
6690 0.9500000000000001 0.030021090803002637 0.03263236852810736
6700 1.1 0.1302132575457553 0.13426999137586051
6710 1.1500000000000001 0.13346843844427592 0.13129787946771926
6720 1.3 0.003277675477706188 0.0025276617944506104
6730 1.6676128639247318 0.0 0.0
6740 0.0 0.0 0.0
6750 0.0 0.0 0.0
6760 0.65 0.1045022232547097 0.19157222579021618
6770 1.1 0.12532089954203174 0.1285765740571925
6780 1.7005358194678708 0.0 0.0
6790 0.0 0.0 0.0
6800 1.2000000000000002 0.007745910720541538 0.006496862363644981
6810 1.25 0.06097152534616335 0.05127844004233293
6820 1.6500000000000001 0.005331113470494531 0.0032414509170559966
6830 0.0 0.0 0.0
6840 1.2023014990898147 0.0 0.0
6850 0.9 0.10040748320186976 0.1255733152730583
6860 1.5667119957175855 0.0 0.0
6870 0.8 0.11971800426982693 0.17598290858973703
6880 0.0 0.0 0.0
6890 0.0 0.0 0.0
6900 0.0 0.0 0.0
6910 0.9098919010796669 0.0 0.0
6920 0.0 0.0 0.0
6930 0.0 0.0 0.0
6940 1.7005358194678708 0.0 0.0
6950 0.0 0.0 0.0
6960 0.0 0.0 0.0
6970 0.7000000000000001 0.0662300311337628 0.10450168734287445
6980 0.0 0.0 0.0
6990 1.6 0.03328800428241463 0.02124704755781745
7000 0.0 0.0 0.0
7010 1.7005358194678708 0.0 0.0
7020 1.25 0.05178668301806155 0.0432199194284553
7030 0.8 0.15409663383096595 0.23857536885887443
7040 0.0 0.0 0.0
7050 0.0 0.0 0.0
7060 1.1 0.14088928349543584 0.14689574526797122
7070 0.0 0.0 0.0
7080 0.0 0.0 0.0
7090 0.0 0.0 0.0
7100 0.0 0.0 0.0
7110 0.0 0.0 0.0
7120 0.8 0.09073564651906785 0.12792923551529814
7130 1.6500000000000001 0.005331113470494531 0.0032414509170559966
7140 0.7147210838822231 0.0 0.0
7150 0.0 0.0 0.0
7160 0.45 0.1403423859240312 0.4532179398940947
7170 1.1 0.1339673084592643 0.1386778207739517
7180 1.7005358194678708 0.0 0.0
7190 0.0 0.0 0.0
7200 0.0 0.0 0.0
7210 0.0 0.0 0.0
7220 0.9500000000000001 0.008989382595090079 0.009552902410262618
7230 1.45659057843196 0.0 0.0
7240 0.0 0.0 0.0
7250 1.6676128639247318 0.0 0.0
7260 0.0 0.0 0.0
7270 0.6000000000000001 0.03902904637247284 0.0695740949154157
7280 0.12739018938417135 0.0 0.0
7290 0.0 0.0 0.0
7300 0.0 0.0 0.0
7310 0.0 0.0 0.0
7320 0.75 0.1315335655302674 0.21267696709045023
7330 0.0 0.0 0.0
7340 0.0 0.0 0.0
7350 1.7005358194678708 0.0 0.0
7360 0.0 0.0 0.0
7370 0.0 0.0 0.0
7380 1.4500000000000002 0.15205732449585874 0.1171525733498186
7390 0.0 0.0 0.0
7400 0.8 0.1167908248424554 0.17094446194391932
7410 0.0 0.0 0.0
7420 0.0 0.0 0.0
7430 0.08570301517148951 0.0 0.0
7440 0.20400397075651844 0.0 0.0
7450 1.7005358194678708 0.0 0.0
7460 1.7005358194678708 0.0 0.0
7470 0.0 0.0 0.0
7480 0.0 0.0 0.0
7490 0.65 0.02384920998578377 0.038088604799560014
7500 1.7005358194678708 0.0 0.0
7510 1.35 0.05569093629108868 0.043027540988937636
7520 0.0 0.0 0.0
7530 0.0 0.0 0.0
7540 1.7005358194678708 0.0 0.0
7550 1.6114008233754227 0.0 0.0
7560 0.5 0.07918914858226733 0.1881822873993747
7570 1.55 0.045105504901662874 0.02997253631306257
7580 1.05 0.004966562122077134 0.004752538954315556
7590 0.0 0.0 0.0
7600 0.0 0.0 0.0
7610 0.45 0.004758764460735476 0.010688058699171889
7620 0.0 0.0 0.0
7630 1.7005358194678708 0.0 0.0
7640 1.06221918427969 0.0 0.0
7650 0.0 0.0 0.0
7660 0.0 0.0 0.0
7670 0.65 0.13860264551965962 0.27102730255713103
7680 0.0 0.0 0.0
7690 1.5 0.05053743004497102 0.03486632293411964
7700 1.6500000000000001 0.02344618823512068 0.014414640367588317
7710 0.0 0.0 0.0
7720 0.7000000000000001 0.045882945181452306 0.07014485380476779
7730 0.0 0.0 0.0
7740 0.0 0.0 0.0
7750 0.0 0.0 0.0
7760 0.0 0.0 0.0
7770 1.7005358194678708 0.0 0.0
7780 0.0 0.0 0.0
7790 0.65 0.054165219137670806 0.09090644063993633
7800 1.4806543696002463 0.0 0.0
7810 1.6676128639247318 0.0 0.0
7820 0.0 0.0 0.0
7830 0.0 0.0 0.0
7840 1.7005358194678708 0.0 0.0
7850 0.0 0.0 0.0
7860 0.0 0.0 0.0
7870 1.6676128639247318 0.0 0.0
7880 0.8500000000000001 0.08839618289801288 0.1160658349039966
7890 1.25 0.17602799636633137 0.1639037104978152
7900 0.0 0.0 0.0
7910 0.0 0.0 0.0
7920 0.0 0.0 0.0
7930 0.0 0.0 0.0
7940 0.0 0.0 0.0
7950 1.7005358194678708 0.0 0.0
7960 1.1 0.007928011393051548 0.007259605113729317
7970 0.0 0.0 0.0
7980 0.07496151961958926 0.0 0.0
7990 0.7000000000000001 0.09230530722145092 0.1518942131934794
8000 1.1500000000000001 0.042543765680132184 0.03841575347332797
8010 0.0 0.0 0.0
8020 0.6835597156667425 0.0 0.0
8030 0.15387248165108405 0.0 0.0
8040 0.45 0.050413929765501464 0.1261653834327004
8050 0.0 0.0 0.0
8060 0.9 0.022459862839674605 0.025594114603525214
8070 1.35 0.04453117419766439 0.03411125054655803
8080 0.0 0.0 0.0
8090 0.2 0.01149083352023908 0.060956364800821394
8100 0.0 0.0 0.0
8110 0.0 0.0 0.0
8120 0.0 0.0 0.0
8130 1.35 0.14700765231840873 0.12220165207345009
8140 0.0 0.0 0.0
8150 1.6500000000000001 0.10773864344006001 0.06985757827737724
8160 0.6022101076139714 0.0 0.0
8170 0.4 0.09624985419986792 0.3168717958845044
8180 0.0 0.0 0.0
8190 0.0 0.0 0.0
8200 0.0 0.0 0.0
8210 1.7005358194678708 0.0 0.0
8220 0.11276132247541593 0.0 0.0
8230 1.7005358194678708 0.0 0.0
8240 1.7005358194678708 0.0 0.0
8250 1.1 0.004870272539962972 0.004447210606965005
8260 1.25 0.012659207585015597 0.010230978936941004
8270 1.4000000000000001 0.17010290722249888 0.13830661786373694
8280 0.0 0.0 0.0
8290 0.0 0.0 0.0
8300 0.0 0.0 0.0
8310 0.0 0.0 0.0
8320 0.0 0.0 0.0
8330 1.6500000000000001 0.02344618823512068 0.014414640367588317
8340 0.5 0.12254274627580797 0.3246533085978259
8350 1.6 0.07788210486501734 0.05116693333278937
8360 1.25 0.052459173124487446 0.04380574920469139
8370 0.0 0.0 0.0
8380 1.1662541301407474 0.0 0.0
8390 1.1500000000000001 0.004474074190018662 0.0039056943969689047
8400 0.0 0.0 0.0
8410 0.0 0.0 0.0
8420 0.0 0.0 0.0
8430 1.4000000000000001 0.06015843886333916 0.04489966620553512
8440 0.0 0.0 0.0
8450 0.0 0.0 0.0
8460 1.6676128639247318 0.0 0.0
8470 1.7005358194678708 0.0 0.0
8480 0.25160058444511785 0.0 0.0
8490 0.0 0.0 0.0
8500 0.25 0.004392029922148849 0.01788227768323924
8510 1.7005358194678708 0.0 0.0
8520 0.0 0.0 0.0
8530 0.0 0.0 0.0
8540 0.0 0.0 0.0
8550 1.6676128639247318 0.0 0.0
8560 1.6 0.19205367540182205 0.1364069581676939
8570 1.0 0.009725029314159528 0.009820534298089155
8580 0.0 0.0 0.0
8590 1.1 0.06490902515661023 0.06270852198902713
8600 0.30000000000000004 0.005437882310150632 0.01846090173712117
8610 0.8 0.004452137352479069 0.005596316150812981
8620 0.0 0.0 0.0
8630 1.1500000000000001 0.008451470287178742 0.007403513794814201
8640 1.7005358194678708 0.0 0.0
8650 0.0 0.0 0.0
8660 0.0 0.0 0.0
8670 0.0 0.0 0.0
8680 0.0 0.0 0.0
8690 1.1500000000000001 0.11145460381149008 0.10731798939221292
8700 1.55 0.0077386434400599224 0.005017725048445224
8710 0.36688952534064423 0.0 0.0
8720 0.0 0.0 0.0
8730 0.0 0.0 0.0
8740 0.0 0.0 0.0
8750 1.3 0.02054423099540892 0.01605700759111994
8760 1.5762300271176128 0.0 0.0
8770 0.0 0.0 0.0
8780 1.1 0.17661748779986508 0.19127229015745623
8790 0.0 0.0 0.0
8800 1.7005358194678708 0.0 0.0
8810 0.0 0.0 0.0
8820 1.3 0.11663345822503346 0.09856071986798906
8830 1.7005358194678708 0.0 0.0
8840 0.0 0.0 0.0
8850 1.1500000000000001 0.048208211145346125 0.04375437503982492
8860 1.3 0.17491988634496036 0.15547327183368248
8870 1.6676128639247318 0.0 0.0
8880 1.3 0.08922269939030825 0.07369042956568463
8890 1.7005358194678708 0.0 0.0
8900 0.0 0.0 0.0
8910 0.0 0.0 0.0
8920 1.6676128639247318 0.0 0.0
8930 0.8152990184000048 0.0 0.0
8940 0.0 0.0 0.0
8950 1.35 0.05688348984005742 0.043989454463791225
8960 1.7005358194678708 0.0 0.0
8970 0.4223836633373628 0.0 0.0
8980 1.7005358194678708 0.0 0.0
8990 1.6500000000000001 0.03859917662457746 0.02395380222266689
9000 1.7005358194678708 0.0 0.0
9010 0.0 0.0 0.0
9020 0.45 0.0812000942125014 0.22017384749357463
9030 0.254393815573164 0.0 0.0
9040 0.0 0.0 0.0
9050 0.0 0.0 0.0
9060 0.0 0.0 0.0
9070 0.4 0.07677859095619488 0.2375417865522309
9080 0.09430861423566238 0.0 0.0
9090 0.0 0.0 0.0
9100 0.0 0.0 0.0
9110 1.5667119957175855 0.0 0.0
9120 0.0 0.0 0.0
9130 0.0 0.0 0.0
9140 0.8500000000000001 0.15581895380060384 0.22446443136657823
9150 1.5 0.08683667111164839 0.061448432277079704
9160 1.1 0.018985940601305096 0.01756308388057956
9170 0.0 0.0 0.0
9180 1.7005358194678708 0.0 0.0
9190 0.13946223229930566 0.0 0.0
9200 1.7005358194678708 0.0 0.0
9210 0.0 0.0 0.0
9220 1.7005358194678708 0.0 0.0
9230 0.0 0.0 0.0
9240 1.1500000000000001 0.162479175745175 0.16453240453717058
9250 0.0 0.0 0.0
9260 1.2000000000000002 0.08755231009732833 0.07870240631718
9270 1.2668614011128474 0.0 0.0
9280 0.2004531208687773 0.0 0.0
9290 0.0 0.0 0.0
9300 0.4485525022160065 0.0 0.0
9310 0.0 0.0 0.0
9320 1.6 0.07788210486501734 0.05116693333278937
9330 0.35445003881771786 0.0 0.0
9340 1.5 0.023680222779651317 0.016040036274686385
9350 0.8 0.07614649636746029 0.10519600441986068
9360 0.0 0.0 0.0
9370 0.0 0.0 0.0
9380 0.4074229946592558 0.0 0.0
9390 1.6500000000000001 0.02344618823512068 0.014414640367588317
9400 0.23497724455218627 0.0 0.0
9410 1.7005358194678708 0.0 0.0
9420 1.053600554923312 0.0 0.0
9430 1.4500000000000002 0.022864860445551916 0.016021510375457734
9440 1.7005358194678708 0.0 0.0
9450 0.0 0.0 0.0
9460 0.0 0.0 0.0
9470 1.7005358194678708 0.0 0.0
9480 0.0 0.0 0.0
9490 1.1922540892794586 0.0 0.0
9500 0.12297153139539505 0.0 0.0
9510 0.30948076820200965 0.0 0.0
9520 0.30000000000000004 0.06074845473511559 0.25391039655714104
9530 1.7005358194678708 0.0 0.0
9540 1.3 0.12091626305271608 0.10255103964522086
9550 0.65 0.10108462054209855 0.1841533765039118
9560 0.0 0.0 0.0
9570 1.6676128639247318 0.0 0.0
9580 0.5 0.11887661868957189 0.3119111146653737
9590 1.2000000000000002 0.10830691143336968 0.09921003674720916
9600 1.35 0.0002058024375684031 0.000152469493453193
9610 0.05973022722943597 0.0 0.0
9620 0.0 0.0 0.0
9630 1.35 0.15968825527170383 0.13415666608259394
9640 0.0 0.0 0.0
9650 1.7005358194678708 0.0 0.0
9660 1.6 0.03328800428241463 0.02124704755781745
9670 0.45 0.1002788218152662 0.2867393457147046
9680 1.1500000000000001 0.011863328514919447 0.01042346566290651
9690 0.0 0.0 0.0
9700 1.6676128639247318 0.0 0.0
9710 0.0 0.0 0.0
9720 0.0 0.0 0.0
9730 1.7005358194678708 0.0 0.0
9740 0.0 0.0 0.0
9750 0.0 0.0 0.0
9760 0.3555583524825335 0.0 0.0
9770 0.0 0.0 0.0
9780 0.0 0.0 0.0
9790 0.0 0.0 0.0
9800 1.7005358194678708 0.0 0.0
9810 0.1675051122761656 0.0 0.0
9820 0.0 0.0 0.0
9830 0.0 0.0 0.0
9840 0.0 0.0 0.0
9850 0.0 0.0 0.0
9860 0.0 0.0 0.0
9870 0.35000000000000003 0.0014078664072867397 0.004038721105886047
9880 1.0210190198537121 0.0 0.0
9890 1.4000000000000001 0.07099950093180918 0.05342323120389302
9900 0.0 0.0 0.0
9910 0.0 0.0 0.0
9920 1.7005358194678708 0.0 0.0
9930 0.0 0.0 0.0
9940 0.0 0.0 0.0
9950 0.0 0.0 0.0
9960 0.0 0.0 0.0
9970 0.0 0.0 0.0
9980 1.6500000000000001 0.005331113470494531 0.0032414509170559966
9990 1.6500000000000001 0.02344618823512068 0.014414640367588317
