0 0.0 0.0 0.0
10 1.27 0.05849705760121582 0.048284701220280356
20 0.0 0.0 0.0
30 1.45 0.010561846335550795 0.0073374783825640435
40 0.0 0.0 0.0
50 1.7005358194678708 0.0 0.0
60 0.84 0.02756630289545081 0.033930526261644466
70 0.0 0.0 0.0
80 1.29 0.048377439667277145 0.03896308041818541
90 0.3708132629093067 0.0 0.0
100 0.10511807417600288 0.0 0.0
110 0.0 0.0 0.0
120 1.34 0.033241227621743974 0.025437921921309226
130 0.0 0.0 0.0
140 0.0 0.0 0.0
150 1.5762300271176128 0.0 0.0
160 0.0 0.0 0.0
170 0.45 1.0448081008529453e-05 2.3218496882812846e-05
180 1.45 0.01374375770646541 0.009569154376323701
190 0.08125792344445834 0.0 0.0
200 0.0 0.0 0.0
210 0.0 0.0 0.0
220 1.6676128639247318 0.0 0.0
230 1.5762300271176128 0.0 0.0
240 1.6676128639247318 0.0 0.0
250 0.0 0.0 0.0
260 0.0 0.0 0.0
270 0.21122431572627434 0.0 0.0
280 1.7005358194678708 0.0 0.0
290 1.7005358194678708 0.0 0.0
300 0.76 0.03462337387701753 0.047731581953603476
310 1.6676128639247318 0.0 0.0
320 0.0 0.0 0.0
330 0.67 0.0016313841341270008 0.0024408449101302266
340 0.0 0.0 0.0
350 1.23 0.05212099076922905 0.04424986807708487
360 0.0 0.0 0.0
370 0.0 0.0 0.0
380 0.77 0.014521079998365383 0.01922102604574852
390 1.54 0.004845123784197103 0.003156113991664776
400 1.6676128639247318 0.0 0.0
410 0.0 0.0 0.0
420 0.09169071903195186 0.0 0.0
430 0.0 0.0 0.0
440 0.72 0.022465423354967817 0.03220689569687128
450 0.025886590647769193 0.0 0.0
460 1.28 0.04095939591627218 0.03305734758108408
470 0.0 0.0 0.0
480 0.0 0.0 0.0
490 1.5762300271176128 0.0 0.0
500 0.0 0.0 0.0
510 1.51 0.010345621031362606 0.006898670237923512
520 0.81 0.024951408045569057 0.03178326577651819
530 0.5700000000000001 0.018454283067063537 0.033459208367504066
540 0.0 0.0 0.0
550 0.0 0.0 0.0
560 1.6114008233754227 0.0 0.0
570 0.77 0.026135497013898057 0.03513475493047739
580 0.0 0.0 0.0
590 1.28 0.03487134885188237 0.02800622154162779
600 0.5700000000000001 0.02620002196888671 0.048179520094404425
610 1.49 0.009345630399753668 0.006311824414685544
620 0.0 0.0 0.0
630 0.0 0.0 0.0
640 0.0 0.0 0.0
650 1.44 0.015774785160138416 0.011076046818839756
660 1.7005358194678708 0.0 0.0
670 1.1400000000000001 0.056097795894931135 0.0517554034694935
680 0.98 0.020085939476696568 0.02092472680913392
690 0.0 0.0 0.0
700 1.35 0.03797132474231635 0.02894092595564555
710 0.0 0.0 0.0
720 0.0 0.0 0.0
730 0.0 0.0 0.0
740 0.0 0.0 0.0
750 1.6446688865295056 0.0 0.0
760 0.0 0.0 0.0
770 0.49 0.023515231934459147 0.05040943144183278
780 0.42511192053139124 0.0 0.0
790 0.0 0.0 0.0
800 1.6446688865295056 0.0 0.0
810 0.0 0.0 0.0
820 0.0 0.0 0.0
830 0.7000000000000001 0.0038547227262136774 0.005537238924193199
840 1.7005358194678708 0.0 0.0
850 0.0 0.0 0.0
860 1.21 0.051998343579823025 0.04490351399027326
870 0.0 0.0 0.0
880 1.7005358194678708 0.0 0.0
890 1.07 0.048713879055307885 0.0476985617020306
900 0.0 0.0 0.0
910 0.0 0.0 0.0
920 0.0 0.0 0.0
930 0.9500000000000001 0.046968333748144464 0.05201183469356322
940 1.27 0.023983689616153825 0.019248295079512596
950 0.0 0.0 0.0
960 1.51 0.010345621031362606 0.006898670237923512
970 1.6676128639247318 0.0 0.0
980 0.0 0.0 0.0
990 0.7000000000000001 0.01085411341307918 0.015750095334437098
1000 1.7005358194678708 0.0 0.0
1010 1.7005358194678708 0.0 0.0
1020 0.96 0.06256362948472916 0.06971372181941736
1030 0.0 0.0 0.0
1040 0.0 0.0 0.0
1050 0.0 0.0 0.0
1060 1.52 0.009631864663420808 0.006377163578914082
1070 0.03942876828875752 0.0 0.0
1080 1.7005358194678708 0.0 0.0
1090 0.1155755513721797 0.0 0.0
1100 0.0 0.0 0.0
1110 1.7005358194678708 0.0 0.0
1120 0.0 0.0 0.0
1130 0.0 0.0 0.0
1140 0.25 0.001509580017974299 0.006075002883746959
1150 0.0 0.0 0.0
1160 0.03631907184853318 0.0 0.0
1170 0.2 0.00566429292119236 0.029146948887243646
1180 0.51 0.011780427720098241 0.02364505205243111
1190 0.96 0.07731195714756123 0.08758695416075288
1200 0.03170157668125477 0.0 0.0
1210 0.71 0.049683719836834506 0.07524230634531313
1220 0.0 0.0 0.0
1230 0.0 0.0 0.0
1240 0.0 0.0 0.0
1250 0.79 0.024176623987509416 0.03156945157954423
1260 0.0 0.0 0.0
1270 0.0 0.0 0.0
1280 0.0 0.0 0.0
1290 1.24 0.06272035968434886 0.05327566835992537
1300 0.0 0.0 0.0
1310 1.23 0.031112242084520902 0.025950921492947882
1320 0.0 0.0 0.0
1330 0.0 0.0 0.0
1340 1.26 0.05631409061788806 0.046784705361214846
1350 0.0 0.0 0.0
1360 0.8300000000000001 0.03279967776338388 0.041143583172873636
1370 1.3800000000000001 0.011987847144310004 0.00876296831083385
1380 0.0 0.0 0.0
1390 1.26 0.05138056674531555 0.04251178272630708
1400 0.27 0.001134293948874654 0.004218812304232529
1410 1.42 0.019532987142824698 0.013947481064173229
1420 0.0 0.0 0.0
1430 0.0 0.0 0.0
1440 1.1400000000000001 0.05573353509042889 0.05140206480062732
1450 0.0 0.0 0.0
1460 1.07 0.06834358441113597 0.06823056623758302
1470 0.0 0.0 0.0
1480 0.0 0.0 0.0
1490 0.99 0.08728292161894036 0.09668912188464882
1500 0.0 0.0 0.0
1510 0.0 0.0 0.0
1520 0.9 0.041124972905022594 0.04788237125035753
1530 0.0 0.0 0.0
1540 1.42 0.02663738687179551 0.01911734003827802
1550 0.0 0.0 0.0
1560 1.7005358194678708 0.0 0.0
1570 0.5206693356142806 0.0 0.0
1580 0.0 0.0 0.0
1590 0.0 0.0 0.0
1600 0.0 0.0 0.0
1610 0.0 0.0 0.0
1620 0.0 0.0 0.0
1630 0.51 0.01300091200491199 0.026158824671808016
1640 0.0 0.0 0.0
1650 1.7005358194678708 0.0 0.0
1660 0.0 0.0 0.0
1670 0.0 0.0 0.0
1680 1.7005358194678708 0.0 0.0
1690 0.0 0.0 0.0
1700 0.0 0.0 0.0
1710 0.0 0.0 0.0
1720 0.0 0.0 0.0
1730 0.0 0.0 0.0
1740 0.0 0.0 0.0
1750 0.86 0.049749931878857345 0.06140071298509178
1760 0.0 0.0 0.0
1770 0.0 0.0 0.0
1780 0.32 0.014109738106989123 0.04612679730198207
1790 0.0 0.0 0.0
1800 0.0 0.0 0.0
1810 0.0 0.0 0.0
1820 0.0 0.0 0.0
1830 0.0 0.0 0.0
1840 0.0 0.0 0.0
1850 0.0 0.0 0.0
1860 1.52 0.0039000562229620783 0.0025724268633939293
1870 1.1 0.06405051034637399 0.0618278313625016
1880 1.17 0.05415022068346653 0.048528235329879224
1890 0.46 0.0017582965058487443 0.0038370503872552624
1900 1.7005358194678708 0.0 0.0
1910 0.0 0.0 0.0
1920 1.33 0.036883489840057404 0.028522944027290602
1930 0.0 0.0 0.0
1940 0.0 0.0 0.0
1950 0.0 0.0 0.0
1960 0.0 0.0 0.0
1970 1.27 0.03600828415203594 0.029180328919219744
1980 1.6676128639247318 0.0 0.0
1990 0.0 0.0 0.0
2000 0.0 0.0 0.0
2010 0.0 0.0 0.0
2020 1.7005358194678708 0.0 0.0
2030 0.0 0.0 0.0
2040 0.0 0.0 0.0
2050 1.7005358194678708 0.0 0.0
2060 1.5982877552535175 0.0 0.0
2070 0.0 0.0 0.0
2080 1.03 0.05272496933834436 0.053951004255831006
2090 1.45 0.016852842590612482 0.01175932457702134
2100 0.0 0.0 0.0
2110 0.23 0.002874033843727558 0.012653920167587087
2120 0.0 0.0 0.0
2130 0.6420569655723709 0.0 0.0
2140 1.6676128639247318 0.0 0.0
2150 1.1300000000000001 0.009811077280142078 0.008758413050827567
2160 0.0 0.0 0.0
2170 1.7005358194678708 0.0 0.0
2180 0.0 0.0 0.0
2190 1.06 0.0397797530795021 0.038991338585541706
2200 1.7005358194678708 0.0 0.0
2210 0.0 0.0 0.0
2220 1.3900000000000001 0.02581504747957508 0.018923421953804736
2230 0.15232968535694394 0.0 0.0
2240 1.6676128639247318 0.0 0.0
2250 0.0 0.0 0.0
2260 0.038415788658253056 0.0 0.0
2270 0.92 0.03903959671226376 0.04431481433963245
2280 0.0 0.0 0.0
2290 0.84 0.04217761684294985 0.0528659232096867
2300 0.0 0.0 0.0
2310 0.41000000000000003 0.0012192020301067252 0.0029825325361699582
2320 0.0 0.0 0.0
2330 0.0 0.0 0.0
2340 1.53 0.007882104865017281 0.005178379999479796
2350 0.0 0.0 0.0
2360 1.27 0.03765825501850828 0.030558288860914842
2370 0.35000000000000003 0.0025980203135859137 0.007478426910321705
2380 1.4000000000000001 0.0260529487623542 0.01896211992950224
2390 0.0 0.0 0.0
2400 1.41 0.01892850807492441 0.013607142540696908
2410 1.02 0.031106181872365024 0.03145553273986611
2420 0.0 0.0 0.0
2430 0.63 0.03621256613247226 0.06098574012691413
2440 0.87 0.07279967776338381 0.09131917754265058
2450 1.55 0.00016278933796898265 0.00010503641082371824
2460 0.4212392417296752 0.0 0.0
2470 1.7005358194678708 0.0 0.0
2480 1.41 0.025589941238183478 0.01848436529063543
2490 0.0 0.0 0.0
2500 0.22079171886136545 0.0 0.0
2510 0.9400000000000001 0.06611220709163657 0.07565297012744648
2520 0.32 0.00340065238545062 0.01074118570070718
2530 1.28 0.055674949746095104 0.04547399380135939
2540 0.0 0.0 0.0
2550 0.47000000000000003 0.012912887211634805 0.028250385649384015
2560 0.36062055886740246 0.0 0.0
2570 0.8200000000000001 0.05260058257953548 0.06854394385175196
2580 0.0 0.0 0.0
2590 0.0 0.0 0.0
2600 1.7005358194678708 0.0 0.0
2610 1.6265538117648795 0.0 0.0
2620 0.13776383460598368 0.0 0.0
2630 0.0 0.0 0.0
2640 1.6265538117648795 0.0 0.0
2650 0.0 0.0 0.0
2660 0.0 0.0 0.0
2670 0.027417039452784883 0.0 0.0
2680 1.7005358194678708 0.0 0.0
2690 0.0 0.0 0.0
2700 1.01 0.05367921205261983 0.0561309685297497
2710 1.6446688865295056 0.0 0.0
2720 0.0 0.0 0.0
2730 1.17 0.03989817972419685 0.03530494244709705
2740 0.73 0.014191498068393371 0.019825830553978706
2750 1.27 0.05258213716800353 0.0431915275546272
2760 0.38 0.020784563280753843 0.057860996928699754
2770 0.0 0.0 0.0
2780 1.6676128639247318 0.0 0.0
2790 1.7005358194678708 0.0 0.0
2800 0.0 0.0 0.0
2810 0.0 0.0 0.0
2820 1.7005358194678708 0.0 0.0
2830 1.41 0.01892850807492441 0.013607142540696908
2840 1.7005358194678708 0.0 0.0
2850 1.7005358194678708 0.0 0.0
2860 0.0 0.0 0.0
2870 0.0 0.0 0.0
2880 1.6676128639247318 0.0 0.0
2890 0.38 0.0008284040882283183 0.0021847735884232143
2900 0.0 0.0 0.0
2910 1.0 0.09586448414824233 0.10602888888612169
2920 0.0 0.0 0.0
2930 0.36 0.0012628101039319217 0.0035201538605400184
2940 0.0 0.0 0.0
2950 0.0 0.0 0.0
2960 1.27 0.05849705760121582 0.048284701220280356
2970 0.1600332424031372 0.0 0.0
2980 0.0 0.0 0.0
2990 0.72 0.008979079932566858 0.012628432833896482
3000 1.7005358194678708 0.0 0.0
3010 1.4000000000000001 0.030036027871087168 0.021924684504229276
3020 1.43 0.024591304076504228 0.017497617702119918
3030 0.2 0.008158044982921692 0.042524821967100154
3040 1.7005358194678708 0.0 0.0
3050 0.0 0.0 0.0
3060 1.6446688865295056 0.0 0.0
3070 1.7005358194678708 0.0 0.0
3080 0.0 0.0 0.0
3090 1.3 0.03614076542684774 0.02859556225741682
3100 1.7005358194678708 0.0 0.0
3110 0.0 0.0 0.0
3120 0.0 0.0 0.0
3130 0.0 0.0 0.0
3140 1.22 0.06413766247895958 0.05548901490857
3150 0.0 0.0 0.0
3160 0.0 0.0 0.0
3170 0.58 0.02907715334462646 0.0527789935036321
3180 0.0021858524485095787 0.0 0.0
3190 0.0 0.0 0.0
3200 0.0 0.0 0.0
3210 1.49 0.009345630399753668 0.006311824414685544
3220 0.0 0.0 0.0
3230 0.0 0.0 0.0
3240 0.17 0.0049573556369319205 0.03003681658194055
3250 0.0 0.0 0.0
3260 1.1 0.07844644077735974 0.07679131462970401
3270 1.53 0.007882104865017281 0.005178379999479796
3280 0.0 0.0 0.0
3290 1.7005358194678708 0.0 0.0
3300 0.62 0.00718712243912123 0.011728086504525581
3310 1.2 0.052960102463248004 0.04617110754122755
3320 0.0 0.0 0.0
3330 0.0 0.0 0.0
3340 0.18549320199970218 0.0 0.0
3350 1.6265538117648795 0.0 0.0
3360 0.0 0.0 0.0
3370 1.6676128639247318 0.0 0.0
3380 0.9400000000000001 0.08964304651975252 0.10541813782185389
3390 0.0 0.0 0.0
3400 0.0 0.0 0.0
3410 0.67 0.03247711932820019 0.05094267251079194
3420 0.0 0.0 0.0
3430 1.6446688865295056 0.0 0.0
3440 0.0 0.0 0.0
3450 0.0 0.0 0.0
3460 1.5982877552535175 0.0 0.0
3470 0.1656455983583879 0.0 0.0
3480 1.7005358194678708 0.0 0.0
3490 0.0 0.0 0.0
3500 0.97 0.03447441369962545 0.03685031623342106
3510 0.0 0.0 0.0
3520 1.5866776776957257 0.0 0.0
3530 1.55 0.00016278933796898265 0.00010503641082371824
3540 0.97 0.06348317685557991 0.0700297834908092
3550 0.0 0.0 0.0
3560 0.0 0.0 0.0
3570 0.0 0.0 0.0
3580 0.0 0.0 0.0
3590 1.37 0.028544223077536568 0.02127854199042033
3600 0.0 0.0 0.0
3610 0.46 0.028694823523915447 0.06653020897723111
3620 0.0 0.0 0.0
3630 1.6676128639247318 0.0 0.0
3640 0.0 0.0 0.0
3650 1.7005358194678708 0.0 0.0
3660 0.0 0.0 0.0
3670 1.2 0.04729981874994893 0.041033930174847744
3680 0.0 0.0 0.0
3690 0.84 0.03841505934751244 0.047923878555206766
3700 0.0 0.0 0.0
3710 0.8200000000000001 0.01007619301921725 0.012440914728484243
3720 1.37 0.030158438863339132 0.022508959072559353
3730 0.71 0.039418581202591785 0.058782692298995354
3740 1.6265538117648795 0.0 0.0
3750 0.31045524443329386 0.0 0.0
3760 1.7005358194678708 0.0 0.0
3770 1.28 0.03750799834724661 0.03018771814816816
3780 0.0 0.0 0.0
3790 0.38 0.00934912059233911 0.02522352194949595
3800 0.5911656924115006 0.0 0.0
3810 0.32 0.00830286082498971 0.026637590729788052
3820 0.97 0.021845345321272802 0.023039854535835066
3830 0.86 0.005032491199382538 0.005886178302193399
3840 0.0 0.0 0.0
3850 1.36 0.03248731766249091 0.02447232188041069
3860 1.5982877552535175 0.0 0.0
3870 0.0 0.0 0.0
3880 0.0 0.0 0.0
3890 1.03 0.032682432524027805 0.03277033674112554
3900 0.0 0.0 0.0
3910 0.0 0.0 0.0
3920 0.0 0.0 0.0
3930 1.12 0.04253823714612115 0.039480043387757804
3940 0.3327163695617452 0.0 0.0
3950 1.43 0.014152687748587356 0.009995913843338396
3960 0.3 0.0072265833420570025 0.02468319502689024
3970 0.0 0.0 0.0
3980 0.046485275855447226 0.0 0.0
3990 0.62 0.0180100466855303 0.029917520361211324
4000 0.0 0.0 0.0
4010 0.10063285506036222 0.0 0.0
4020 0.67 0.04361344439361925 0.06962704420020437
4030 0.6900000000000001 0.017664165282655797 0.026272830288871875
4040 1.52 0.009631864663420808 0.006377163578914082
4050 0.0 0.0 0.0
4060 0.0 0.0 0.0
4070 0.58 0.01107806659969024 0.019472032891190004
4080 0.33 0.0051197687879300235 0.0157589422071915
4090 0.0 0.0 0.0
4100 1.7005358194678708 0.0 0.0
4110 1.33 0.04611870352827552 0.03592131426403345
4120 0.0 0.0 0.0
4130 1.5866776776957257 0.0 0.0
4140 0.009793612040331284 0.0 0.0
4150 1.41 0.01892850807492441 0.013607142540696908
4160 0.0 0.0 0.0
4170 0.0 0.0 0.0
4180 0.5415944627140199 0.0 0.0
4190 0.0 0.0 0.0
4200 0.0 0.0 0.0
4210 0.0 0.0 0.0
4220 0.0 0.0 0.0
4230 0.27 0.00825033395199487 0.03151994069968269
4240 0.0 0.0 0.0
4250 0.0 0.0 0.0
4260 1.01 0.027885436341878456 0.028393262225959108
4270 1.34 0.025269080053046178 0.01921996331695441
4280 0.6900000000000001 0.00916195782136231 0.013456882920414723
4290 0.1900718160281338 0.0 0.0
4300 1.34 0.035810753199614576 0.02745824909036046
4310 0.0 0.0 0.0
4320 0.0 0.0 0.0
4330 1.7005358194678708 0.0 0.0
4340 1.21 0.04874213119970916 0.04197356376156592
4350 0.58 0.022943163532995192 0.041186396128816104
4360 0.03492916738857384 0.0 0.0
4370 1.5422613565599401 0.0 0.0
4380 1.41 0.01892850807492441 0.013607142540696908
4390 1.7005358194678708 0.0 0.0
4400 0.0 0.0 0.0
4410 0.61 0.0065784691679001694 0.010901946370439685
4420 0.0 0.0 0.0
4430 0.88 0.07191591924867058 0.08899558964434193
4440 0.0 0.0 0.0
4450 0.6 0.006373598570289629 0.010736716822127915
4460 0.47000000000000003 0.01529086389649531 0.03362779122391479
4470 1.09 0.007547109841157251 0.006972229378083847
4480 1.08 0.050818849847111824 0.04937794463060513
4490 0.0 0.0 0.0
4500 0.0 0.0 0.0
4510 1.6446688865295056 0.0 0.0
4520 0.0 0.0 0.0
4530 0.0 0.0 0.0
4540 1.7005358194678708 0.0 0.0
4550 0.0 0.0 0.0
4560 1.55 0.00016278933796898265 0.00010503641082371824
4570 0.0 0.0 0.0
4580 0.3626067284925072 0.0 0.0
4590 0.0 0.0 0.0
4600 0.0 0.0 0.0
4610 0.85 0.0005294434860722008 0.0006232629041846257
4620 0.0 0.0 0.0
4630 0.0 0.0 0.0
4640 0.0 0.0 0.0
4650 0.22787030592139607 0.0 0.0
4660 0.0 0.0 0.0
4670 1.18 0.06457885143329256 0.05789638426371512
4680 0.0 0.0 0.0
4690 0.10499653860719903 0.0 0.0
4700 0.0 0.0 0.0
4710 0.0 0.0 0.0
4720 0.32177807775850975 0.0 0.0
4730 0.0 0.0 0.0
4740 0.0 0.0 0.0
4750 0.0 0.0 0.0
4760 0.61 0.02228428227132795 0.03791677098146936
4770 0.41530846145319034 0.0 0.0
4780 1.11 0.04843213034388616 0.04562320670045839
4790 0.0 0.0 0.0
4800 1.7005358194678708 0.0 0.0
4810 1.55 0.00016278933796898265 0.00010503641082371824
4820 0.36 0.0038708848569114496 0.010869329948932069
4830 0.0 0.0 0.0
4840 1.7005358194678708 0.0 0.0
4850 0.0 0.0 0.0
4860 1.7005358194678708 0.0 0.0
4870 0.0 0.0 0.0
4880 0.0 0.0 0.0
4890 1.6446688865295056 0.0 0.0
4900 0.0 0.0 0.0
4910 0.68 0.018311827119024904 0.027674405965721932
4920 1.21 0.07234572344307932 0.06359201115301184
4930 1.44 0.012864860445551685 0.009014465476316486
4940 0.18 0.0015061469024375274 0.008438088350383061
4950 1.32 0.029242468187439696 0.0226552760427248
4960 0.0 0.0 0.0
4970 0.0 0.0 0.0
4980 0.0 0.0 0.0
4990 0.0 0.0 0.0
5000 1.7005358194678708 0.0 0.0
5010 1.3 0.05309071439659996 0.04257784829223441
5020 1.25 0.05968825527170374 0.0501450611875869
5030 1.27 0.05333271824489283 0.043835088725290246
5040 1.3800000000000001 0.0267365770021446 0.019757111991481772
5050 0.0 0.0 0.0
5060 1.16 0.05940073573399696 0.05397126607531553
5070 0.0 0.0 0.0
5080 1.7005358194678708 0.0 0.0
5090 0.0 0.0 0.0
5100 1.08 0.03882482270094734 0.03728942405413862
5110 1.44 0.02141652524864912 0.015097120211697805
5120 0.002336595109579777 0.0 0.0
5130 0.0 0.0 0.0
5140 1.04 0.07084283120454526 0.07309736076408983
5150 0.0 0.0 0.0
5160 0.0 0.0 0.0
5170 1.7005358194678708 0.0 0.0
5180 0.0 0.0 0.0
5190 0.0 0.0 0.0
5200 1.7005358194678708 0.0 0.0
5210 1.26 0.04408007926705104 0.03625245257967305
5220 1.6265538117648795 0.0 0.0
5230 0.0 0.0 0.0
5240 0.0 0.0 0.0
5250 1.36 0.027979715487667756 0.021005472523949922
5260 1.7005358194678708 0.0 0.0
5270 1.5 0.005372026395071394 0.0035942231043049975
5280 0.0 0.0 0.0
5290 0.0 0.0 0.0
5300 0.67 0.035507021885062495 0.05596125270062555
5310 0.1546183876875008 0.0 0.0
5320 1.33 0.03569093629108866 0.02757528112243484
5330 0.0 0.0 0.0
5340 0.0 0.0 0.0
5350 1.08 0.05220161346162788 0.050789740619697855
5360 1.7005358194678708 0.0 0.0
5370 0.0 0.0 0.0
5380 0.0 0.0 0.0
5390 1.6265538117648795 0.0 0.0
5400 0.54 0.02568121509978405 0.049932485170197535
5410 0.0 0.0 0.0
5420 0.99 0.04165493771856554 0.04392381989985399
5430 1.08 0.05629571749310602 0.05499216761626364
5440 1.7005358194678708 0.0 0.0
5450 0.0 0.0 0.0
5460 1.04 0.07334549636850407 0.07587560611672745
5470 1.49 0.013680222779651308 0.009266436032855136
5480 0.54 0.014997964683623577 0.028567441028272415
5490 0.0 0.0 0.0
5500 0.1782402263763698 0.0 0.0
5510 0.5 0.006265430082489143 0.012689875216831424
5520 0.0 0.0 0.0
5530 0.0 0.0 0.0
5540 0.0 0.0 0.0
5550 0.0 0.0 0.0
5560 0.0 0.0 0.0
5570 1.6114008233754227 0.0 0.0
5580 0.0 0.0 0.0
5590 0.0 0.0 0.0
5600 0.0 0.0 0.0
5610 0.0 0.0 0.0
5620 0.0 0.0 0.0
5630 0.0 0.0 0.0
5640 0.0 0.0 0.0
5650 0.0 0.0 0.0
5660 0.96 0.04204046875357026 0.04579773652601722
5670 0.0 0.0 0.0
5680 0.0 0.0 0.0
5690 0.61 0.004975036249633136 0.008222861117654369
5700 0.12323917184830481 0.0 0.0
5710 0.0 0.0 0.0
5720 1.7005358194678708 0.0 0.0
5730 0.0 0.0 0.0
5740 0.0 0.0 0.0
5750 0.0 0.0 0.0
5760 1.1 0.051338752475989846 0.04895646959130564
5770 1.6265538117648795 0.0 0.0
5780 1.7005358194678708 0.0 0.0
5790 1.01 0.030318446441918168 0.03094724641063755
5800 0.0 0.0 0.0
5810 0.9400000000000001 0.0474293261322567 0.053137894310075144
5820 0.0 0.0 0.0
5830 0.0 0.0 0.0
5840 0.22219264396454236 0.0 0.0
5850 0.0 0.0 0.0
5860 0.11046053218382434 0.0 0.0
5870 1.04 0.061634878144387284 0.06299782848706596
5880 0.98 0.07806622627355919 0.08655427765058603
5890 0.0 0.0 0.0
5900 0.51 0.005969532691168622 0.011843594937904713
5910 0.0 0.0 0.0
5920 1.7005358194678708 0.0 0.0
5930 0.0 0.0 0.0
5940 0.0 0.0 0.0
5950 0.0 0.0 0.0
5960 0.0 0.0 0.0
5970 1.49 0.009345630399753668 0.006311824414685544
5980 1.7005358194678708 0.0 0.0
5990 0.32 0.022513864765519476 0.0756803833824857
6000 0.0 0.0 0.0
6010 0.0 0.0 0.0
6020 0.8200000000000001 0.05592659536518374 0.0731953173948169
6030 0.0 0.0 0.0
6040 0.0 0.0 0.0
6050 0.0 0.0 0.0
6060 0.0 0.0 0.0
6070 0.0 0.0 0.0
6080 0.1615342957162611 0.0 0.0
6090 1.57 0.0032880042824146027 0.0020986654161083583
6100 1.17 0.030408680828483803 0.02668384737310121
6110 1.7005358194678708 0.0 0.0
6120 1.7005358194678708 0.0 0.0
6130 0.0 0.0 0.0
6140 1.55 0.00016278933796898265 0.00010503641082371824
6150 0.0 0.0 0.0
6160 0.0 0.0 0.0
6170 1.22 0.05598330596611345 0.048094933906921856
6180 0.07729554791612389 0.0 0.0
6190 0.0 0.0 0.0
6200 0.56 0.044804711444590084 0.08696646192208195
6210 0.0 0.0 0.0
6220 0.0 0.0 0.0
6230 0.0 0.0 0.0
6240 0.0 0.0 0.0
6250 0.32 0.010873417629171989 0.03517464446369819
6260 0.0 0.0 0.0
6270 0.0 0.0 0.0
6280 0.0 0.0 0.0
6290 0.0 0.0 0.0
6300 0.0 0.0 0.0
6310 1.7005358194678708 0.0 0.0
6320 1.7005358194678708 0.0 0.0
6330 0.38 0.01973048248268572 0.054765894763043575
6340 1.33 0.04156752108375139 0.0322620872757845
6350 1.6676128639247318 0.0 0.0
6360 0.99 0.06351066390763194 0.0685498056302508
6370 0.0 0.0 0.0
6380 0.0 0.0 0.0
6390 1.6446688865295056 0.0 0.0
6400 0.0 0.0 0.0
6410 1.25 0.05512217061856184 0.04613205573250729
6420 0.8 0.05945361952342276 0.08028345163899321
6430 0.8200000000000001 0.06165554524532091 0.08130282335257029
6440 0.0 0.0 0.0
6450 1.6676128639247318 0.0 0.0
6460 0.0 0.0 0.0
6470 0.0 0.0 0.0
6480 1.02 0.05907747959896503 0.06147996154186231
6490 0.0 0.0 0.0
6500 0.0 0.0 0.0
6510 0.0 0.0 0.0
6520 0.0 0.0 0.0
6530 0.0 0.0 0.0
6540 1.3 0.05219299794499199 0.04182778094612032
6550 1.1500000000000001 0.07147944112309634 0.06627545533070789
6560 1.25 0.04138056674531554 0.0342378796887967
6570 0.0 0.0 0.0
6580 0.22 0.0067861552088583355 0.031827929445697414
6590 0.0 0.0 0.0
6600 1.7005358194678708 0.0 0.0
6610 1.12 0.04740674814688317 0.044198253219455405
6620 1.3800000000000001 0.024970656097003774 0.018428129404990487
6630 0.5 0.0063490726172226175 0.012861461946164929
6640 0.0 0.0 0.0
6650 0.61 0.03285380120138515 0.05692457347856312
6660 1.32 0.03944888339573516 0.030806176250382546
6670 0.0 0.0 0.0
6680 1.42 0.017083850540894563 0.012177385332317435
6690 0.99 0.07002109080300256 0.07611162615034338
6700 1.04 0.07021325754575525 0.07240071911899534
6710 1.09 0.07346843844427586 0.07227364227809907
6720 1.34 0.04327767547770622 0.033374666772741424
6730 1.6676128639247318 0.0 0.0
6740 0.0 0.0 0.0
6750 0.0 0.0 0.0
6760 0.56 0.014502223254709734 0.026585302219263248
6770 1.04 0.06532089954203169 0.06701785183589104
6780 1.7005358194678708 0.0 0.0
6790 0.0 0.0 0.0
6800 1.24 0.04774591072054135 0.04004675777576632
6810 1.23 0.04097152534616333 0.03445798500165559
6820 1.6446688865295056 0.0 0.0
6830 0.0 0.0 0.0
6840 1.24 0.03769850091018534 0.031355280633621814
6850 0.8300000000000001 0.03040748320186981 0.038028724085153814
6860 1.57 0.0032880042824146027 0.0020986654161083583
6870 0.7000000000000001 0.01971800426982695 0.028985045016019936
6880 0.0 0.0 0.0
6890 0.0 0.0 0.0
6900 0.0 0.0 0.0
6910 0.9500000000000001 0.04010809892033318 0.044080070250918146
6920 0.0 0.0 0.0
6930 0.0 0.0 0.0
6940 1.7005358194678708 0.0 0.0
6950 0.0 0.0 0.0
6960 0.0 0.0 0.0
6970 0.64 0.006230031133762748 0.009830114142056565
6980 0.0 0.0 0.0
6990 1.57 0.0032880042824146027 0.0020986654161083583
7000 0.0 0.0 0.0
7010 1.7005358194678708 0.0 0.0
7020 1.26 0.06178668301806156 0.05156567878388295
7030 0.67 0.02409663383096594 0.03730687141930734
7040 0.0 0.0 0.0
7050 0.0 0.0 0.0
7060 1.01 0.050889283495435755 0.05305882065513714
7070 0.0 0.0 0.0
7080 0.0 0.0 0.0
7090 0.0 0.0 0.0
7100 0.0 0.0 0.0
7110 0.0 0.0 0.0
7120 0.74 0.030735646519067794 0.04333454285165071
7130 1.6446688865295056 0.0 0.0
7140 0.75 0.03527891611777689 0.04936039654259088
7150 0.0 0.0 0.0
7160 0.33 0.020342385924031203 0.06569315592233611
7170 1.05 0.08396730845926426 0.08691973801149928
7180 1.7005358194678708 0.0 0.0
7190 0.0 0.0 0.0
7200 0.0 0.0 0.0
7210 0.0 0.0 0.0
7220 0.98 0.038989382595089994 0.04143352038111293
7230 1.47 0.013409421568040036 0.009206033436297155
7240 0.0 0.0 0.0
7250 1.6676128639247318 0.0 0.0
7260 0.0 0.0 0.0
7270 0.5700000000000001 0.009029046372472815 0.01609539016964488
7280 0.12739018938417135 0.0 0.0
7290 0.0 0.0 0.0
7300 0.0 0.0 0.0
7310 0.0 0.0 0.0
7320 0.64 0.021533565530267418 0.034817678583850875
7330 0.0 0.0 0.0
7340 0.0 0.0 0.0
7350 1.7005358194678708 0.0 0.0
7360 0.0 0.0 0.0
7370 0.0 0.0 0.0
7380 1.34 0.04205732449585864 0.03240306778534954
7390 0.0 0.0 0.0
7400 0.71 0.02679082484245532 0.039213209975228286
7410 0.0 0.0 0.0
7420 0.0 0.0 0.0
7430 0.08570301517148951 0.0 0.0
7440 0.21 0.005996029243481554 0.02939172811806638
7450 1.7005358194678708 0.0 0.0
7460 1.7005358194678708 0.0 0.0
7470 0.0 0.0 0.0
7480 0.0 0.0 0.0
7490 0.67 0.04384920998578379 0.0700297926395465
7500 1.7005358194678708 0.0 0.0
7510 1.33 0.03569093629108866 0.02757528112243484
7520 0.0 0.0 0.0
7530 0.0 0.0 0.0
7540 1.7005358194678708 0.0 0.0
7550 1.6114008233754227 0.0 0.0
7560 0.44 0.019189148582267335 0.04560041291144974
7570 1.51 0.0051055049016628384 0.003392599892080288
7580 1.09 0.04496656212207717 0.04302882615257523
7590 0.0 0.0 0.0
7600 0.0 0.0 0.0
7610 0.44524123553926453 0.0 0.0
7620 0.0 0.0 0.0
7630 1.7005358194678708 0.0 0.0
7640 1.1 0.03778081572031011 0.03556781526774059
7650 0.0 0.0 0.0
7660 0.0 0.0 0.0
7670 0.54 0.02860264551965963 0.055930374432078135
7680 0.0 0.0 0.0
7690 1.46 0.010537430044970986 0.007269887655876426
7700 1.6265538117648795 0.0 0.0
7710 0.0 0.0 0.0
7720 0.66 0.00588294518145227 0.008993719301638146
7730 0.0 0.0 0.0
7740 0.0 0.0 0.0
7750 0.0 0.0 0.0
7760 0.0 0.0 0.0
7770 1.7005358194678708 0.0 0.0
7780 0.0 0.0 0.0
7790 0.6 0.0041652191376707615 0.006990560590710393
7800 1.49 0.009345630399753668 0.006311824414685544
7810 1.6676128639247318 0.0 0.0
7820 0.0 0.0 0.0
7830 0.0 0.0 0.0
7840 1.7005358194678708 0.0 0.0
7850 0.0 0.0 0.0
7860 0.0 0.0 0.0
7870 1.6676128639247318 0.0 0.0
7880 0.79 0.028396182898012823 0.037284717146067375
7890 1.1500000000000001 0.07602799636633151 0.07079141365799012
7900 0.0 0.0 0.0
7910 0.0 0.0 0.0
7920 0.0 0.0 0.0
7930 0.0 0.0 0.0
7940 0.0 0.0 0.0
7950 1.7005358194678708 0.0 0.0
7960 1.1400000000000001 0.047928011393051584 0.04388722711786496
7970 0.0 0.0 0.0
7980 0.07496151961958926 0.0 0.0
7990 0.62 0.012305307221450845 0.020249160257081657
8000 1.17 0.06254376568013198 0.05647515788155957
8010 0.0 0.0 0.0
8020 0.6835597156667425 0.0 0.0
8030 0.15387248165108405 0.0 0.0
8040 0.4 0.0004139297655014751 0.0010358963846226143
8050 0.0 0.0 0.0
8060 0.92 0.04245986283967462 0.04838509492804802
8070 1.34 0.03453117419766438 0.02645116720917611
8080 0.0 0.0 0.0
8090 0.19 0.001490833520239071 0.007908546560780282
8100 0.0 0.0 0.0
8110 0.0 0.0 0.0
8120 0.0 0.0 0.0
8130 1.26 0.05700765231840865 0.047388208601886694
8140 0.0 0.0 0.0
8150 1.5422613565599401 0.0 0.0
8160 0.65 0.0477898923860286 0.07935750626202187
8170 0.32 0.016249854199867908 0.05349743670760352
8180 0.0 0.0 0.0
8190 0.0 0.0 0.0
8200 0.0 0.0 0.0
8210 1.7005358194678708 0.0 0.0
8220 0.11276132247541593 0.0 0.0
8230 1.7005358194678708 0.0 0.0
8240 1.7005358194678708 0.0 0.0
8250 1.17 0.07487027253996281 0.06836657855468081
8260 1.29 0.05265920758501563 0.04255837026292315
8270 1.28 0.05010290722249877 0.04073747918970226
8280 0.0 0.0 0.0
8290 0.0 0.0 0.0
8300 0.0 0.0 0.0
8310 0.0 0.0 0.0
8320 0.0 0.0 0.0
8330 1.6265538117648795 0.0 0.0
8340 0.39 0.012542746275807981 0.033229580706304204
8350 1.53 0.007882104865017281 0.005178379999479796
8360 1.25 0.052459173124487446 0.04380574920469139
8370 0.0 0.0 0.0
8380 1.2 0.03374586985925254 0.028935262896072213
8390 1.19 0.044474074190018476 0.03882415333251548
8400 0.0 0.0 0.0
8410 0.0 0.0 0.0
8420 0.0 0.0 0.0
8430 1.37 0.030158438863339132 0.022508959072559353
8440 0.0 0.0 0.0
8450 0.0 0.0 0.0
8460 1.6676128639247318 0.0 0.0
8470 1.7005358194678708 0.0 0.0
8480 0.25160058444511785 0.0 0.0
8490 0.0 0.0 0.0
8500 0.25 0.004392029922148849 0.01788227768323924
8510 1.7005358194678708 0.0 0.0
8520 0.0 0.0 0.0
8530 0.0 0.0 0.0
8540 0.0 0.0 0.0
8550 1.6676128639247318 0.0 0.0
8560 1.43 0.022053675401821904 0.015663718862376327
8570 1.04 0.04972502931415956 0.050213355670012755
8580 0.0 0.0 0.0
8590 1.05 0.01490902515661019 0.014403589171344034
8600 0.3 0.005437882310150577 0.018460901737120984
8610 0.8200000000000001 0.024452137352479086 0.030736224054583327
8620 0.0 0.0 0.0
8630 1.18 0.038451470287178546 0.03368360545902657
8640 1.7005358194678708 0.0 0.0
8650 0.0 0.0 0.0
8660 0.0 0.0 0.0
8670 0.0 0.0 0.0
8680 0.0 0.0 0.0
8690 1.1 0.06145460381149004 0.0591737289838558
8700 1.5422613565599401 0.0 0.0
8710 0.36688952534064423 0.0 0.0
8720 0.0 0.0 0.0
8730 0.0 0.0 0.0
8740 0.0 0.0 0.0
8750 1.32 0.040544230995408936 0.03168865386175257
8760 1.5762300271176128 0.0 0.0
8770 0.0 0.0 0.0
8780 0.99 0.06661748779986498 0.0721450611417105
8790 0.0 0.0 0.0
8800 1.7005358194678708 0.0 0.0
8810 0.0 0.0 0.0
8820 1.24 0.056633458225033406 0.047857917412543374
8830 1.7005358194678708 0.0 0.0
8840 0.0 0.0 0.0
8850 1.1300000000000001 0.028208211145346107 0.0256021250391323
8860 1.19 0.06491988634496026 0.057702456524678494
8870 1.6676128639247318 0.0 0.0
8880 1.26 0.04922269939030821 0.04065380096366353
8890 1.7005358194678708 0.0 0.0
8900 0.0 0.0 0.0
8910 0.0 0.0 0.0
8920 1.6676128639247318 0.0 0.0
8930 0.86 0.04470098159999514 0.05482771423878225
8940 0.0 0.0 0.0
8950 1.33 0.036883489840057404 0.028522944027290602
8960 1.7005358194678708 0.0 0.0
8970 0.4223836633373628 0.0 0.0
8980 1.7005358194678708 0.0 0.0
8990 1.6114008233754227 0.0 0.0
9000 1.7005358194678708 0.0 0.0
9010 0.0 0.0 0.0
9020 0.37 0.0012000942125013903 0.003254052383605762
9030 0.254393815573164 0.0 0.0
9040 0.0 0.0 0.0
9050 0.0 0.0 0.0
9060 0.0 0.0 0.0
9070 0.33 0.006778590956194874 0.0209719739055905
9080 0.09430861423566238 0.0 0.0
9090 0.0 0.0 0.0
9100 0.0 0.0 0.0
9110 1.57 0.0032880042824146027 0.0020986654161083583
9120 0.0 0.0 0.0
9130 0.0 0.0 0.0
9140 0.76 0.06581895380060376 0.09481525628070513
9150 1.43 0.016836671111648327 0.011914172104149275
9160 1.1400000000000001 0.05898594060130513 0.05456537783987339
9170 0.0 0.0 0.0
9180 1.7005358194678708 0.0 0.0
9190 0.13946223229930566 0.0 0.0
9200 1.7005358194678708 0.0 0.0
9210 0.0 0.0 0.0
9220 1.7005358194678708 0.0 0.0
9230 0.0 0.0 0.0
9240 1.05 0.06247917574517492 0.06326871718611218
9250 0.0 0.0 0.0
9260 1.17 0.057552310097328085 0.051734846159250274
9270 1.29 0.02313859888715264 0.01826450696723969
9280 0.21 0.00954687913122268 0.04762649286698986
9290 0.0 0.0 0.0
9300 0.4485525022160065 0.0 0.0
9310 0.0 0.0 0.0
9320 1.53 0.007882104865017281 0.005178379999479796
9330 0.35445003881771786 0.0 0.0
9340 1.49 0.013680222779651308 0.009266436032855136
9350 0.74 0.01614649636746024 0.022306304088371063
9360 0.0 0.0 0.0
9370 0.0 0.0 0.0
9380 0.41000000000000003 0.0025770053407442317 0.0063251347482227525
9390 1.6265538117648795 0.0 0.0
9400 0.23497724455218627 0.0 0.0
9410 1.7005358194678708 0.0 0.0
9420 1.12 0.06639944507668805 0.06302145985631247
9430 1.44 0.012864860445551685 0.009014465476316486
9440 1.7005358194678708 0.0 0.0
9450 0.0 0.0 0.0
9460 0.0 0.0 0.0
9470 1.7005358194678708 0.0 0.0
9480 0.0 0.0 0.0
9490 1.22 0.027745910720541334 0.023271810069705558
9500 0.12297153139539505 0.0 0.0
9510 0.31 0.0005192317979903494 0.001677751418955466
9520 0.24 0.0007484547351155335 0.003128317245712628
9530 1.7005358194678708 0.0 0.0
9540 1.24 0.060916263052716024 0.05166406858467216
9550 0.56 0.011084620542098578 0.020193678218754847
9560 0.0 0.0 0.0
9570 1.6676128639247318 0.0 0.0
9580 0.4 0.01887661868957191 0.049528891732299025
9590 1.16 0.06830691143336942 0.06256970218896862
9600 1.37 0.02020580243756842 0.014969543115578438
9610 0.06 0.0002697727705640307 0.004516520078314428
9620 0.0 0.0 0.0
9630 1.24 0.04968825527170373 0.0417439006980862
9640 0.0 0.0 0.0
9650 1.7005358194678708 0.0 0.0
9660 1.57 0.0032880042824146027 0.0020986654161083583
9670 0.36 0.010278821815266181 0.02939147657176364
9680 1.19 0.05186332851491926 0.04556862968596396
9690 0.0 0.0 0.0
9700 1.6676128639247318 0.0 0.0
9710 0.0 0.0 0.0
9720 0.0 0.0 0.0
9730 1.7005358194678708 0.0 0.0
9740 0.0 0.0 0.0
9750 0.0 0.0 0.0
9760 0.36 0.004441647517466507 0.01249203537606306
9770 0.0 0.0 0.0
9780 0.0 0.0 0.0
9790 0.0 0.0 0.0
9800 1.7005358194678708 0.0 0.0
9810 0.1675051122761656 0.0 0.0
9820 0.0 0.0 0.0
9830 0.0 0.0 0.0
9840 0.0 0.0 0.0
9850 0.0 0.0 0.0
9860 0.0 0.0 0.0
9870 0.3485921335927133 0.0 0.0
9880 1.05 0.028980980146287916 0.028384368540402122
9890 1.36 0.030999500931809143 0.023325424598067482
9900 0.0 0.0 0.0
9910 0.0 0.0 0.0
9920 1.7005358194678708 0.0 0.0
9930 0.0 0.0 0.0
9940 0.0 0.0 0.0
9950 0.0 0.0 0.0
9960 0.0 0.0 0.0
9970 0.0 0.0 0.0
9980 1.6446688865295056 0.0 0.0
9990 1.6265538117648795 0.0 0.0
