0 0.0 0.0 0.0 0.00011157989501953125
10 0.021858173434936304 0.0 0.0 1106.1880967617035
20 0.0 0.0 0.0 0.0001895427703857422
30 0.025970625171874616 0.0 0.0 419.5645685195923
40 0.0 0.0 0.0 0.00012230873107910156
50 0.030681400410511754 0.0 0.0 405.3926463127136
60 0.014658087928813573 0.0 0.0 426.6824254989624
70 0.0 0.0 0.0 0.0001392364501953125
80 0.022401597482500313 0.0 0.0 448.8594455718994
90 0.006690285536242866 0.0 0.0 1021.5481851100922
100 0.0018965608881940724 0.0 0.0 1052.3412864208221
110 0.0 0.0 0.0 0.00010800361633300781
120 0.023576797781202845 0.0 0.0 442.7088129520416
130 0.0 0.0 0.0 0.00015687942504882812
140 0.0 0.0 0.0 6.651878356933594e-05
150 0.028438650951910154 0.0 0.0 359.2447724342346
160 0.0 0.0 0.0 0.00014400482177734375
170 0.00811879965415465 0.0 0.0 443.21176314353943
180 0.025913216503545392 0.0 0.0 453.17595171928406
190 0.001466071374201501 0.0 0.0 305.7324378490448
200 0.0 0.0 0.0 0.00015163421630859375
210 0.0 0.0 0.0 0.000255584716796875
220 0.030087397996594586 0.0 0.0 355.7116241455078
230 0.028438650951910154 0.0 0.0 301.8742220401764
240 0.030087397996594586 0.0 0.0 294.4698042869568
250 0.0 0.0 0.0 8.869171142578125e-05
260 0.0 0.0 0.0 9.751319885253906e-05
270 0.0038109504857487186 0.0 0.0 431.4362497329712
280 0.030681400410511754 0.0 0.0 346.15475726127625
290 0.030681400410511754 0.0 0.0 294.22617745399475
300 0.013087387198623953 0.0 0.0 422.2907032966614
310 0.030087397996594586 0.0 0.0 316.86481380462646
320 0.0 0.0 0.0 8.58306884765625e-05
330 0.012058837509001856 0.0 0.0 373.97445607185364
340 0.0 0.0 0.0 0.00018215179443359375
350 0.021251523845381103 0.0 0.0 448.49918270111084
360 0.0 0.0 0.0 0.00016808509826660156
370 0.0 0.0 0.0 5.984306335449219e-05
380 0.013630498682188486 0.0 0.0 439.25951981544495
390 0.027697565032217514 0.0 0.0 439.40425539016724
400 0.030087397996594586 0.0 0.0 315.94103479385376
410 0.0 0.0 0.0 0.00014901161193847656
420 0.0016543019161027422 0.0 0.0 436.2887442111969
430 0.0 0.0 0.0 0.00013184547424316406
440 0.012585055487346281 0.0 0.0 420.20368456840515
450 0.0004670509399653498 0.0 0.0 437.4142038822174
460 0.022355013322019276 0.0 0.0 448.2709195613861
470 0.0 0.0 0.0 0.00013136863708496094
480 0.0 0.0 0.0 0.00020551681518554688
490 0.028438650951910154 0.0 0.0 425.18969202041626
500 0.0 0.0 0.0 9.489059448242188e-05
510 0.027057058105904495 0.0 0.0 850.6416521072388
520 0.014164000496619608 0.0 0.0 442.044410943985
530 0.009951095879425501 0.0 0.0 468.7101697921753
540 0.0 0.0 0.0 0.0001983642578125
550 0.0 0.0 0.0 0.0002422332763671875
560 0.029073209348380778 0.0 0.0 451.6575834751129
570 0.013420949094988536 0.0 0.0 354.28721261024475
580 0.0 0.0 0.0 0.00010800361633300781
590 0.022464855059877543 0.0 0.0 436.07720160484314
600 0.009811345740674247 0.0 0.0 455.53229331970215
610 0.02671425621454681 0.0 0.0 428.44580340385437
620 0.0 0.0 0.0 0.00018405914306640625
630 0.0 0.0 0.0 0.00014543533325195312
640 0.0 0.0 0.0 0.00012421607971191406
650 0.02569615034920146 0.0 0.0 1009.6981580257416
660 0.030681400410511754 0.0 0.0 426.5790672302246
670 0.019555975916102822 0.0 0.0 450.26704931259155
680 0.017318957538813625 0.0 0.0 441.36364006996155
690 0.0 0.0 0.0 0.0001537799835205078
700 0.023671878401391618 0.0 0.0 328.8777587413788
710 0.0 0.0 0.0 0.00015473365783691406
720 0.0 0.0 0.0 0.0001323223114013672
730 0.0 0.0 0.0 0.0001544952392578125
740 0.0 0.0 0.0 0.00014162063598632812
750 0.02967343826142538 0.0 0.0 425.9027452468872
760 0.0 0.0 0.0 0.00019073486328125
770 0.00841640957548438 0.0 0.0 1045.7545006275177
780 0.007669952554828673 0.0 0.0 388.4381217956543
790 0.0 0.0 0.0 0.00012683868408203125
800 0.02967343826142538 0.0 0.0 374.6834933757782
810 0.0 0.0 0.0 9.703636169433594e-05
820 0.0 0.0 0.0 8.249282836914062e-05
830 0.012559989475909602 0.0 0.0 448.5650963783264
840 0.030681400410511754 0.0 0.0 440.61627888679504
850 0.0 0.0 0.0 0.00013136863708496094
860 0.020892892751756927 0.0 0.0 441.25809502601624
870 0.0 0.0 0.0 0.000152587890625
880 0.030681400410511754 0.0 0.0 370.6992030143738
890 0.018426244276470213 0.0 0.0 362.80860710144043
900 0.0 0.0 0.0 0.00017070770263671875
910 0.0 0.0 0.0 0.000152587890625
920 0.0 0.0 0.0 0.00012230873107910156
930 0.016292674237414536 0.0 0.0 453.54765343666077
940 0.02248087038171181 0.0 0.0 396.21385955810547
950 0.0 0.0 0.0 0.00018978118896484375
960 0.027057058105904495 0.0 0.0 856.1560282707214
970 0.030087397996594586 0.0 0.0 369.68995428085327
980 0.0 0.0 0.0 0.0001666545867919922
990 0.012433705097871315 0.0 0.0 443.98494362831116
1000 0.030681400410511754 0.0 0.0 356.1697256565094
1010 0.030681400410511754 0.0 0.0 448.4457178115845
1020 0.016191722815548513 0.0 0.0 444.884001493454
1030 0.0 0.0 0.0 0.00014328956604003906
1040 0.0 0.0 0.0 0.00018262863159179688
1050 0.0 0.0 0.0 0.00016546249389648438
1060 0.027250357797250224 0.0 0.0 467.5130784511566
1070 0.000711381562041548 0.0 0.0 395.8915491104126
1080 0.030681400410511754 0.0 0.0 376.65130066871643
1090 0.0020852367405146057 0.0 0.0 447.87209248542786
1100 0.0 0.0 0.0 5.650520324707031e-05
1110 0.030681400410511754 0.0 0.0 444.93638253211975
1120 0.0 0.0 0.0 0.00016450881958007812
1130 0.0 0.0 0.0 0.00010943412780761719
1140 0.004483312839614553 0.0 0.0 371.7814681529999
1150 0.0 0.0 0.0 6.461143493652344e-05
1160 0.0006552758096396247 0.0 0.0 443.8971631526947
1170 0.003506242899847058 0.0 0.0 366.0134949684143
1180 0.008988975130354421 0.0 0.0 419.57890343666077
1190 0.01592563059847873 0.0 0.0 411.17302775382996
1200 0.0005719660572080626 0.0 0.0 361.9873113632202
1210 0.011913555690702998 0.0 0.0 370.09105467796326
1220 0.0 0.0 0.0 0.00015091896057128906
1230 0.0 0.0 0.0 9.107589721679688e-05
1240 0.0 0.0 0.0 0.00014710426330566406
1250 0.013817135384141234 0.0 0.0 1065.1131193637848
1260 0.0 0.0 0.0 0.0001442432403564453
1270 0.0 0.0 0.0 0.00011587142944335938
1280 0.0 0.0 0.0 0.00012230873107910156
1290 0.021240709913990845 0.0 0.0 333.8861744403839
1300 0.0 0.0 0.0 9.822845458984375e-05
1310 0.021630567805020273 0.0 0.0 408.11670541763306
1320 0.0 0.0 0.0 0.00026035308837890625
1330 0.0 0.0 0.0 0.00021505355834960938
1340 0.02171713699379756 0.0 0.0 426.67884254455566
1350 0.0 0.0 0.0 0.00011277198791503906
1360 0.014383244395042712 0.0 0.0 432.9571204185486
1370 0.024681943272059755 0.0 0.0 435.2524046897888
1380 0.0 0.0 0.0 0.00010609626770019531
1390 0.021806148598043907 0.0 0.0 436.6423547267914
1400 0.004850927742639876 0.0 0.0 407.98649311065674
1410 0.025267500214508787 0.0 0.0 438.33263397216797
1420 0.0 0.0 0.0 0.00017499923706054688
1430 0.0 0.0 0.0 0.00014019012451171875
1440 0.019562547980900777 0.0 0.0 393.7729752063751
1450 0.0 0.0 0.0 0.0001895427703857422
1460 0.018072081286742075 0.0 0.0 447.7226815223694
1470 0.0 0.0 0.0 9.655952453613281e-05
1480 0.0 0.0 0.0 0.00021028518676757812
1490 0.01628699838141804 0.0 0.0 435.32273054122925
1500 0.0 0.0 0.0 6.771087646484375e-05
1510 0.0 0.0 0.0 9.72747802734375e-05
1520 0.015495991502922886 0.0 0.0 428.95315957069397
1530 0.0 0.0 0.0 9.799003601074219e-05
1540 0.02513932124276029 0.0 0.0 446.7416741847992
1550 0.0 0.0 0.0 0.00014662742614746094
1560 0.030681400410511754 0.0 0.0 415.77362728118896
1570 0.009394018158615267 0.0 0.0 911.9124908447266
1580 0.0 0.0 0.0 0.00013566017150878906
1590 0.0 0.0 0.0 0.000110626220703125
1600 0.0 0.0 0.0 0.0001246929168701172
1610 0.0 0.0 0.0 0.0001494884490966797
1620 0.0 0.0 0.0 0.0001289844512939453
1630 0.00896695491378008 0.0 0.0 402.2821669578552
1640 0.0 0.0 0.0 0.0001316070556640625
1650 0.030681400410511754 0.0 0.0 431.1866912841797
1660 0.0 0.0 0.0 0.0001392364501953125
1670 0.0 0.0 0.0 0.00013709068298339844
1680 0.030681400410511754 0.0 0.0 301.4737455844879
1690 0.0 0.0 0.0 9.584426879882812e-05
1700 0.0 0.0 0.0 0.00019669532775878906
1710 0.0 0.0 0.0 0.0002040863037109375
1720 0.0 0.0 0.0 9.679794311523438e-05
1730 0.0 0.0 0.0 0.00014448165893554688
1740 0.0 0.0 0.0 0.00011730194091796875
1750 0.014618690466895448 0.0 0.0 439.8468782901764
1760 0.0 0.0 0.0 0.0001952648162841797
1770 0.0 0.0 0.0 0.00011730194091796875
1780 0.005518932032700468 0.0 0.0 372.04407238960266
1790 0.0 0.0 0.0 9.989738464355469e-05
1800 0.0 0.0 0.0 8.58306884765625e-05
1810 0.0 0.0 0.0 0.00018978118896484375
1820 0.0 0.0 0.0 0.00018739700317382812
1830 0.0 0.0 0.0 0.0002067089080810547
1840 0.0 0.0 0.0 0.0001518726348876953
1850 0.0 0.0 0.0 0.0001513957977294922
1860 0.027353772208064044 0.0 0.0 441.63443636894226
1870 0.018690803647449267 0.0 0.0 442.09009885787964
1880 0.020132380326987033 0.0 0.0 449.17233204841614
1890 0.008267686589570654 0.0 0.0 311.71818590164185
1900 0.030681400410511754 0.0 0.0 444.3019332885742
1910 0.0 0.0 0.0 5.888938903808594e-05
1920 0.02333066141357476 0.0 0.0 366.69257497787476
1930 0.0 0.0 0.0 9.608268737792969e-05
1940 0.0 0.0 0.0 0.00010919570922851562
1950 0.0 0.0 0.0 0.00010800361633300781
1960 0.0 0.0 0.0 8.58306884765625e-05
1970 0.022263920291330945 0.0 0.0 1061.0446572303772
1980 0.030087397996594586 0.0 0.0 426.9291772842407
1990 0.0 0.0 0.0 0.00016164779663085938
2000 0.0 0.0 0.0 9.632110595703125e-05
2010 0.0 0.0 0.0 9.918212890625e-05
2020 0.030681400410511754 0.0 0.0 444.21768617630005
2030 0.0 0.0 0.0 0.0001971721649169922
2040 0.0 0.0 0.0 0.00013113021850585938
2050 0.030681400410511754 0.0 0.0 440.7141041755676
2060 0.02883662080431566 0.0 0.0 423.41878151893616
2070 0.0 0.0 0.0 0.0001544952392578125
2080 0.01763218756327521 0.0 0.0 396.4397990703583
2090 0.025857121784958026 0.0 0.0 412.8889183998108
2100 0.0 0.0 0.0 7.05718994140625e-05
2110 0.004097851178133679 0.0 0.0 444.369952917099
2120 0.0 0.0 0.0 0.00011444091796875
2130 0.011584117559633832 0.0 0.0 424.92735290527344
2140 0.030087397996594586 0.0 0.0 368.9520342350006
2150 0.020210668002360842 0.0 0.0 1031.7078664302826
2160 0.0 0.0 0.0 0.00011372566223144531
2170 0.030681400410511754 0.0 0.0 425.9739258289337
2180 0.0 0.0 0.0 0.0001652240753173828
2190 0.018407013568508 0.0 0.0 430.97506070137024
2200 0.030681400410511754 0.0 0.0 329.7132833003998
2210 0.0 0.0 0.0 0.00012254714965820312
2220 0.024612892173815758 0.0 0.0 1055.6038618087769
2230 0.0027483620264500807 0.0 0.0 408.4672496318817
2240 0.030087397996594586 0.0 0.0 357.69573760032654
2250 0.0 0.0 0.0 8.177757263183594e-05
2260 0.000693105185092943 0.0 0.0 453.43906927108765
2270 0.015894460186986745 0.0 0.0 339.4362506866455
2280 0.0 0.0 0.0 0.00017976760864257812
2290 0.01439446774003849 0.0 0.0 298.8455798625946
2300 0.0 0.0 0.0 0.0001590251922607422
2310 0.007375303242108373 0.0 0.0 320.8303828239441
2320 0.0 0.0 0.0 0.0001125335693359375
2330 0.0 0.0 0.0 0.0001304149627685547
2340 0.027462349265454027 0.0 0.0 453.6110281944275
2350 0.0 0.0 0.0 0.0001342296600341797
2360 0.02223415119370867 0.0 0.0 362.9987382888794
2370 0.006267894577780003 0.0 0.0 811.919191122055
2380 0.024789021871385857 0.0 0.0 332.87233328819275
2390 0.0 0.0 0.0 0.00016689300537109375
2400 0.025097984385154898 0.0 0.0 407.67685985565186
2410 0.01784181600299834 0.0 0.0 449.6839699745178
2420 0.0 0.0 0.0 0.00024890899658203125
2430 0.010713229212026072 0.0 0.0 435.27922677993774
2440 0.014383244395042712 0.0 0.0 413.2779064178467
2450 0.02796246658674445 0.0 0.0 312.41882848739624
2460 0.007600080925183182 0.0 0.0 727.6937346458435
2470 0.030681400410511754 0.0 0.0 428.3189699649811
2480 0.02497779750296751 0.0 0.0 446.42202734947205
2490 0.0 0.0 0.0 0.0001163482666015625
2500 0.003983567447482798 0.0 0.0 453.26180052757263
2510 0.015766854764911614 0.0 0.0 439.9851610660553
2520 0.00571214745532875 0.0 0.0 991.0733585357666
2530 0.022089512416865444 0.0 0.0 457.3984098434448
2540 0.0 0.0 0.0 0.00013256072998046875
2550 0.008246855237858485 0.0 0.0 443.87392687797546
2560 0.006506386773044003 0.0 0.0 298.2761085033417
2570 0.013845570631989601 0.0 0.0 443.00596022605896
2580 0.0 0.0 0.0 6.723403930664062e-05
2590 0.0 0.0 0.0 0.00012636184692382812
2600 0.030681400410511754 0.0 0.0 366.2104699611664
2610 0.029346602533558284 0.0 0.0 295.57664918899536
2620 0.0024855620935737427 0.0 0.0 335.4868071079254
2630 0.0 0.0 0.0 0.00026297569274902344
2640 0.029346602533558284 0.0 0.0 442.63568210601807
2650 0.0 0.0 0.0 0.00011396408081054688
2660 0.0 0.0 0.0 0.00015306472778320312
2670 0.0004946635971389982 0.0 0.0 419.99127769470215
2680 0.030681400410511754 0.0 0.0 365.41798186302185
2690 0.0 0.0 0.0 0.0001461505889892578
2700 0.017254127011032967 0.0 0.0 362.54403614997864
2710 0.02967343826142538 0.0 0.0 360.58223271369934
2720 0.0 0.0 0.0 0.00013303756713867188
2730 0.020389518442122532 0.0 0.0 320.7535049915314
2740 0.012914757227451121 0.0 0.0 436.20560479164124
2750 0.021964891588197255 0.0 0.0 440.91563510894775
2760 0.00648103528396643 0.0 0.0 451.81797337532043
2770 0.0 0.0 0.0 0.00014281272888183594
2780 0.030087397996594586 0.0 0.0 417.2473142147064
2790 0.030681400410511754 0.0 0.0 416.2723083496094
2800 0.0 0.0 0.0 0.00010395050048828125
2810 0.0 0.0 0.0 0.00015997886657714844
2820 0.030681400410511754 0.0 0.0 441.28167819976807
2830 0.025097984385154898 0.0 0.0 445.43830466270447
2840 0.030681400410511754 0.0 0.0 431.56176805496216
2850 0.030681400410511754 0.0 0.0 371.4876160621643
2860 0.0 0.0 0.0 6.723403930664062e-05
2870 0.0 0.0 0.0 0.0001430511474609375
2880 0.030087397996594586 0.0 0.0 461.2771384716034
2890 0.006841088217772543 0.0 0.0 432.523654460907
2900 0.0 0.0 0.0 0.00012755393981933594
2910 0.016312590108153547 0.0 0.0 321.6866343021393
2920 0.0 0.0 0.0 5.841255187988281e-05
2930 0.006472406661088275 0.0 0.0 383.9189155101776
2940 0.0 0.0 0.0 6.461143493652344e-05
2950 0.0 0.0 0.0 0.0001461505889892578
2960 0.021858173434936304 0.0 0.0 452.49932408332825
2970 0.002887351111898122 0.0 0.0 435.478609085083
2980 0.0 0.0 0.0 0.00011229515075683594
2990 0.012828378737512122 0.0 0.0 416.5772581100464
3000 0.030681400410511754 0.0 0.0 439.0850336551666
3010 0.024717158377772403 0.0 0.0 439.41419434547424
3020 0.025356659028527226 0.0 0.0 1043.941663980484
3030 0.003461250136592945 0.0 0.0 439.44923973083496
3040 0.030681400410511754 0.0 0.0 369.8025243282318
3050 0.0 0.0 0.0 0.0001583099365234375
3060 0.02967343826142538 0.0 0.0 440.52279567718506
3070 0.030681400410511754 0.0 0.0 381.2780690193176
3080 0.0 0.0 0.0 0.0001552104949951172
3090 0.022802795915581372 0.0 0.0 369.3538177013397
3100 0.030681400410511754 0.0 0.0 361.7436258792877
3110 0.0 0.0 0.0 5.698204040527344e-05
3120 0.0 0.0 0.0 0.00015306472778320312
3130 0.0 0.0 0.0 0.00020051002502441406
3140 0.020854294741060087 0.0 0.0 434.5820744037628
3150 0.0 0.0 0.0 8.797645568847656e-05
3160 0.0 0.0 0.0 7.176399230957031e-05
3170 0.009939857931849838 0.0 0.0 428.1458442211151
3180 3.9437578111118996e-05 0.0 0.0 446.46319031715393
3190 0.0 0.0 0.0 0.00017380714416503906
3200 0.0 0.0 0.0 0.00014281272888183594
3210 0.02671425621454681 0.0 0.0 310.41530108451843
3220 0.0 0.0 0.0 5.340576171875e-05
3230 0.0 0.0 0.0 0.00010704994201660156
3240 0.0029777317234620324 0.0 0.0 451.3124346733093
3250 0.0 0.0 0.0 7.867813110351562e-05
3260 0.018431069450275367 0.0 0.0 431.16181111335754
3270 0.027462349265454027 0.0 0.0 410.3080289363861
3280 0.0 0.0 0.0 0.0001392364501953125
3290 0.030681400410511754 0.0 0.0 437.3561382293701
3300 0.01105648999445758 0.0 0.0 456.1277859210968
3310 0.020695118550440143 0.0 0.0 398.81406474113464
3320 0.0 0.0 0.0 0.0002129077911376953
3330 0.0 0.0 0.0 0.0001633167266845703
3340 0.003346704690855428 0.0 0.0 458.6812357902527
3350 0.029346602533558284 0.0 0.0 366.7093846797943
3360 0.0 0.0 0.0 0.00013327598571777344
3370 0.030087397996594586 0.0 0.0 322.79103112220764
3380 0.015342306749971594 0.0 0.0 306.1884684562683
3390 0.0 0.0 0.0 6.604194641113281e-05
3400 0.0 0.0 0.0 0.00010061264038085938
3410 0.011502312711575292 0.0 0.0 389.6833736896515
3420 0.0 0.0 0.0 0.00017547607421875
3430 0.02967343826142538 0.0 0.0 447.08675265312195
3440 0.0 0.0 0.0 0.00011229515075683594
3450 0.0 0.0 0.0 8.916854858398438e-05
3460 0.02883662080431566 0.0 0.0 450.0285701751709
3470 0.0029886103375716217 0.0 0.0 450.03158831596375
3480 0.030681400410511754 0.0 0.0 411.3328173160553
3490 0.0 0.0 0.0 0.00014591217041015625
3500 0.016878935908884493 0.0 0.0 447.4879825115204
3510 0.0 0.0 0.0 0.00012493133544921875
3520 0.028627149510462423 0.0 0.0 435.31146359443665
3530 0.02796246658674445 0.0 0.0 402.09162974357605
3540 0.016355554120854855 0.0 0.0 340.1427810192108
3550 0.0 0.0 0.0 0.000186920166015625
3560 0.0 0.0 0.0 0.00016570091247558594
3570 0.0 0.0 0.0 0.0001475811004638672
3580 0.0 0.0 0.0 6.67572021484375e-05
3590 0.024202807934755093 0.0 0.0 379.2538516521454
3600 0.0 0.0 0.0 0.0001621246337890625
3610 0.007781692491917078 0.0 0.0 436.303213596344
3620 0.0 0.0 0.0 0.00010251998901367188
3630 0.030087397996594586 0.0 0.0 443.81238317489624
3640 0.0 0.0 0.0 0.0001537799835205078
3650 0.030681400410511754 0.0 0.0 314.320583820343
3660 0.0 0.0 0.0 0.00019788742065429688
3670 0.02079724249811398 0.0 0.0 411.43313550949097
3680 0.0 0.0 0.0 9.036064147949219e-05
3690 0.014462352539501996 0.0 0.0 458.8760287761688
3700 0.0 0.0 0.0 0.00011682510375976562
3710 0.014612803999482546 0.0 0.0 353.95093965530396
3720 0.024173683937303115 0.0 0.0 1057.1690528392792
3730 0.01209876133300765 0.0 0.0 444.9000053405762
3740 0.029346602533558284 0.0 0.0 374.5811367034912
3750 0.005601294342027915 0.0 0.0 401.29740810394287
3760 0.030681400410511754 0.0 0.0 442.887433052063
3770 0.02241728411313044 0.0 0.0 457.5379288196564
3780 0.0 0.0 0.0 0.00014281272888183594
3790 0.006687355781293267 0.0 0.0 409.2899851799011
3800 0.010665927239045357 0.0 0.0 386.26443815231323
3810 0.005623700850260264 0.0 0.0 434.1778666973114
3820 0.017106792034754993 0.0 0.0 379.09330916404724
3830 0.015425491292325632 0.0 0.0 446.61212182044983
3840 0.0 0.0 0.0 0.00011682510375976562
3850 0.023951243890631347 0.0 0.0 436.1923041343689
3860 0.02883662080431566 0.0 0.0 391.9545729160309
3870 0.0 0.0 0.0 0.00020885467529296875
3880 0.0 0.0 0.0 9.417533874511719e-05
3890 0.017993798939056106 0.0 0.0 345.03045773506165
3900 0.0 0.0 0.0 6.508827209472656e-05
3910 0.0 0.0 0.0 0.00012493133544921875
3920 0.0 0.0 0.0 0.000110626220703125
3930 0.019439776213287994 0.0 0.0 430.2549593448639
3940 0.006002933922820895 0.0 0.0 371.7911033630371
3950 0.02554499458936754 0.0 0.0 316.5697886943817
3960 0.005282275341219683 0.0 0.0 403.1327347755432
3970 0.0 0.0 0.0 7.343292236328125e-05
3980 0.0008386964540155146 0.0 0.0 314.22546434402466
3990 0.010861220674861229 0.0 0.0 429.5938947200775
4000 0.0 0.0 0.0 7.915496826171875e-05
4010 0.0018156376862006477 0.0 0.0 407.54244661331177
4020 0.011301388953003326 0.0 0.0 444.7024796009064
4030 0.012130414848746577 0.0 0.0 740.7202064990997
4040 0.027250357797250224 0.0 0.0 309.88906478881836
4050 0.0 0.0 0.0 0.00010180473327636719
4060 0.0 0.0 0.0 0.00012159347534179688
4070 0.010264600981142223 0.0 0.0 433.6625168323517
4080 0.00586155277952114 0.0 0.0 434.6115782260895
4090 0.0 0.0 0.0 0.00015354156494140625
4100 0.030681400410511754 0.0 0.0 436.76730465888977
4110 0.023164037878921122 0.0 0.0 1033.3028733730316
4120 0.0 0.0 0.0 0.00014448165893554688
4130 0.028627149510462423 0.0 0.0 441.12833309173584
4140 0.00017669826711950084 0.0 0.0 454.9497470855713
4150 0.025097984385154898 0.0 0.0 450.2312591075897
4160 0.0 0.0 0.0 0.00013494491577148438
4170 0.0 0.0 0.0 6.699562072753906e-05
4180 0.009771553401235943 0.0 0.0 434.28962230682373
4190 0.0 0.0 0.0 0.00011444091796875
4200 0.0 0.0 0.0 0.00011801719665527344
4210 0.0 0.0 0.0 0.00011992454528808594
4220 0.0 0.0 0.0 0.0001456737518310547
4230 0.004722538754784701 0.0 0.0 335.62269377708435
4240 0.0 0.0 0.0 9.846687316894531e-05
4250 0.0 0.0 0.0 7.414817810058594e-05
4260 0.017719503365720885 0.0 0.0 976.9571845531464
4270 0.023720632829478068 0.0 0.0 374.54598665237427
4280 0.012283813341449196 0.0 0.0 447.64134430885315
4290 0.0034293129421626278 0.0 0.0 993.4481976032257
4300 0.02353043789732556 0.0 0.0 431.342080116272
4310 0.0 0.0 0.0 7.748603820800781e-05
4320 0.0 0.0 0.0 0.00012731552124023438
4330 0.030681400410511754 0.0 0.0 334.59457659721375
4340 0.020951641973450594 0.0 0.0 445.994745016098
4350 0.01005052857775458 0.0 0.0 1053.2152287960052
4360 0.0006301988810738314 0.0 0.0 1021.6162595748901
4370 0.027825781542832464 0.0 0.0 352.0181288719177
4380 0.025097984385154898 0.0 0.0 403.49400520324707
4390 0.030681400410511754 0.0 0.0 405.9945545196533
4400 0.0 0.0 0.0 9.441375732421875e-05
4410 0.01088704947689778 0.0 0.0 1050.6562004089355
4420 0.0 0.0 0.0 0.0001621246337890625
4430 0.01457961129842598 0.0 0.0 451.924387216568
4440 0.0 0.0 0.0 0.00013184547424316406
4450 0.010710323833234755 0.0 0.0 456.404584646225
4460 0.008203951316635646 0.0 0.0 338.84373021125793
4470 0.01952982710994676 0.0 0.0 911.8146250247955
4480 0.018568687940176836 0.0 0.0 340.3160238265991
4490 0.0 0.0 0.0 0.00014925003051757812
4500 0.0 0.0 0.0 5.53131103515625e-05
4510 0.02967343826142538 0.0 0.0 345.41951036453247
4520 0.0 0.0 0.0 0.00011467933654785156
4530 0.0 0.0 0.0 6.031990051269531e-05
4540 0.030681400410511754 0.0 0.0 312.55331802368164
4550 0.0 0.0 0.0 0.00012493133544921875
4560 0.02796246658674445 0.0 0.0 435.0400640964508
4570 0.0 0.0 0.0 0.0001876354217529297
4580 0.006542221634534956 0.0 0.0 365.1480984687805
4590 0.0 0.0 0.0 0.00010895729064941406
4600 0.0 0.0 0.0 9.584426879882812e-05
4610 0.015326314202249294 0.0 0.0 437.12518858909607
4620 0.0 0.0 0.0 5.435943603515625e-05
4630 0.0 0.0 0.0 0.00013494491577148438
4640 0.0 0.0 0.0 0.00014925003051757812
4650 0.004111280702001263 0.0 0.0 457.79383420944214
4660 0.0 0.0 0.0 0.0001952648162841797
4670 0.02012464688702469 0.0 0.0 847.7296166419983
4680 0.0 0.0 0.0 9.703636169433594e-05
4690 0.0018943681196514155 0.0 0.0 448.30535531044006
4700 0.0 0.0 0.0 0.00017023086547851562
4710 0.0 0.0 0.0 0.00014066696166992188
4720 0.005805583119162373 0.0 0.0 319.7620370388031
4730 0.0 0.0 0.0 0.00013899803161621094
4740 0.0 0.0 0.0 0.00013709068298339844
4750 0.0 0.0 0.0 6.556510925292969e-05
4760 0.010603682119925717 0.0 0.0 370.67463064193726
4770 0.007493076625522774 0.0 0.0 431.1736550331116
4780 0.01915301547840672 0.0 0.0 337.7179489135742
4790 0.0 0.0 0.0 6.890296936035156e-05
4800 0.030681400410511754 0.0 0.0 430.78035497665405
4810 0.02796246658674445 0.0 0.0 440.1728892326355
4820 0.006425351265441419 0.0 0.0 410.57072830200195
4830 0.0 0.0 0.0 0.0001423358917236328
4840 0.030681400410511754 0.0 0.0 440.09639716148376
4850 0.0 0.0 0.0 0.00016236305236816406
4860 0.030681400410511754 0.0 0.0 436.8335688114166
4870 0.0 0.0 0.0 0.0001475811004638672
4880 0.0 0.0 0.0 0.00014495849609375
4890 0.02967343826142538 0.0 0.0 420.78344917297363
4900 0.0 0.0 0.0 0.00018262863159179688
4910 0.011938307647888207 0.0 0.0 430.31185150146484
4920 0.020525781337964597 0.0 0.0 435.99398398399353
4930 0.025748651780991717 0.0 0.0 969.5949618816376
4940 0.0032204210667053502 0.0 0.0 448.2492971420288
4950 0.02328810026407871 0.0 0.0 315.0601119995117
4960 0.0 0.0 0.0 8.535385131835938e-05
4970 0.0 0.0 0.0 0.0001347064971923828
4980 0.0 0.0 0.0 0.00013136863708496094
4990 0.0 0.0 0.0 0.00012969970703125
5000 0.030681400410511754 0.0 0.0 436.9225101470947
5010 0.02249698161556772 0.0 0.0 440.41555738449097
5020 0.02147583769495172 0.0 0.0 441.6584846973419
5030 0.021951349457360044 0.0 0.0 397.97888135910034
5040 0.024415843798508946 0.0 0.0 436.4521806240082
5050 0.0 0.0 0.0 0.0001804828643798828
5060 0.01985722754668378 0.0 0.0 434.04985332489014
5070 0.0 0.0 0.0 0.000125885009765625
5080 0.030681400410511754 0.0 0.0 454.762601852417
5090 0.0 0.0 0.0 0.000171661376953125
5100 0.01878508652772389 0.0 0.0 450.89753246307373
5110 0.025594360969238974 0.0 0.0 455.8941204547882
5120 4.215730673447023e-05 0.0 0.0 387.36637687683105
5130 0.0 0.0 0.0 0.00011610984802246094
5140 0.01748572350909723 0.0 0.0 440.6125838756561
5150 0.0 0.0 0.0 9.942054748535156e-05
5160 0.0 0.0 0.0 0.00011491775512695312
5170 0.030681400410511754 0.0 0.0 433.8252537250519
5180 0.0 0.0 0.0 0.00011157989501953125
5190 0.0 0.0 0.0 0.000141143798828125
5200 0.030681400410511754 0.0 0.0 453.1587817668915
5210 0.021937865423381143 0.0 0.0 447.3445327281952
5220 0.029346602533558284 0.0 0.0 383.61592197418213
5230 0.0 0.0 0.0 0.0001437664031982422
5240 0.0 0.0 0.0 8.20159912109375e-05
5250 0.02403257093216366 0.0 0.0 330.29099583625793
5260 0.030681400410511754 0.0 0.0 354.6677157878876
5270 0.026966370715598452 0.0 0.0 381.9615912437439
5280 0.0 0.0 0.0 5.841255187988281e-05
5290 0.0 0.0 0.0 0.00011706352233886719
5300 0.01144764661604958 0.0 0.0 325.84926891326904
5310 0.002789655242282641 0.0 0.0 300.69692397117615
5320 0.023352177698341015 0.0 0.0 846.2862911224365
5330 0.0 0.0 0.0 0.00011515617370605469
5340 0.0 0.0 0.0 0.00013017654418945312
5350 0.018543739848143507 0.0 0.0 844.1496624946594
5360 0.030681400410511754 0.0 0.0 421.1916093826294
5370 0.0 0.0 0.0 9.036064147949219e-05
5380 0.0 0.0 0.0 6.270408630371094e-05
5390 0.029346602533558284 0.0 0.0 437.62310123443604
5400 0.009279440278481904 0.0 0.0 374.27189350128174
5410 0.0 0.0 0.0 0.00011348724365234375
5420 0.017110227406026208 0.0 0.0 349.39174461364746
5430 0.01846987322112275 0.0 0.0 409.68459939956665
5440 0.030681400410511754 0.0 0.0 298.33285093307495
5450 0.0 0.0 0.0 0.0002238750457763672
5460 0.01744056993390651 0.0 0.0 416.26510524749756
5470 0.026636050649629272 0.0 0.0 446.31786942481995
5480 0.009472189575469105 0.0 0.0 367.14410519599915
5490 0.0 0.0 0.0 0.00012254714965820312
5500 0.0032158450837130293 0.0 0.0 435.1920518875122
5510 0.008908055839065595 0.0 0.0 444.1293692588806
5520 0.0 0.0 0.0 0.00014519691467285156
5530 0.0 0.0 0.0 0.0002105236053466797
5540 0.0 0.0 0.0 0.00017261505126953125
5550 0.0 0.0 0.0 0.00015807151794433594
5560 0.0 0.0 0.0 0.00016617774963378906
5570 0.029073209348380778 0.0 0.0 988.254613161087
5580 0.0 0.0 0.0 0.0001392364501953125
5590 0.0 0.0 0.0 7.534027099609375e-05
5600 0.0 0.0 0.0 6.532669067382812e-05
5610 0.0 0.0 0.0 6.532669067382812e-05
5620 0.0 0.0 0.0 0.00013756752014160156
5630 0.0 0.0 0.0 0.0001239776611328125
5640 0.0 0.0 0.0 0.00016450881958007812
5650 0.0 0.0 0.0 0.00010752677917480469
5660 0.016562005702197152 0.0 0.0 449.9449157714844
5670 0.0 0.0 0.0 9.989738464355469e-05
5680 0.0 0.0 0.0 0.00010466575622558594
5690 0.010915978927741184 0.0 0.0 358.5607852935791
5700 0.0022235052825414167 0.0 0.0 400.07643961906433
5710 0.0 0.0 0.0 5.435943603515625e-05
5720 0.030681400410511754 0.0 0.0 412.358704328537
5730 0.0 0.0 0.0 0.0001876354217529297
5740 0.0 0.0 0.0 0.00015044212341308594
5750 0.0 0.0 0.0 5.8650970458984375e-05
5760 0.01892015167333488 0.0 0.0 448.2584853172302
5770 0.029346602533558284 0.0 0.0 453.06842255592346
5780 0.030681400410511754 0.0 0.0 338.15062260627747
5790 0.017675606520839666 0.0 0.0 427.8755521774292
5800 0.0 0.0 0.0 0.00016546249389648438
5810 0.016103934963384605 0.0 0.0 449.3886070251465
5820 0.0 0.0 0.0 0.00012421607971191406
5830 0.0 0.0 0.0 0.0001246929168701172
5840 0.0040088432126526 0.0 0.0 443.2686867713928
5850 0.0 0.0 0.0 0.00014972686767578125
5860 0.0019929505622237596 0.0 0.0 392.3679757118225
5870 0.01765185520215872 0.0 0.0 439.1110112667084
5880 0.01627286584538049 0.0 0.0 342.9194715023041
5890 0.0 0.0 0.0 0.0002186298370361328
5900 0.009093816436891458 0.0 0.0 446.2306778430939
5910 0.0 0.0 0.0 9.775161743164062e-05
5920 0.030681400410511754 0.0 0.0 441.0656666755676
5930 0.0 0.0 0.0 0.0001220703125
5940 0.0 0.0 0.0 6.914138793945312e-05
5950 0.0 0.0 0.0 0.000125885009765625
5960 0.0 0.0 0.0 9.775161743164062e-05
5970 0.02671425621454681 0.0 0.0 437.8777687549591
5980 0.030681400410511754 0.0 0.0 432.803329706192
5990 0.005367303133056524 0.0 0.0 437.07316732406616
6000 0.0 0.0 0.0 8.082389831542969e-05
6010 0.0 0.0 0.0 0.00014448165893554688
6020 0.013785562057704533 0.0 0.0 358.65294647216797
6030 0.0 0.0 0.0 0.00010323524475097656
6040 0.0 0.0 0.0 0.00011301040649414062
6050 0.0 0.0 0.0 0.00013327598571777344
6060 0.0 0.0 0.0 0.00016188621520996094
6070 0.0 0.0 0.0 0.00014662742614746094
6080 0.002914433409848124 0.0 0.0 423.0286102294922
6090 0.02826692476469262 0.0 0.0 422.6788032054901
6100 0.02056072984030736 0.0 0.0 449.54703974723816
6110 0.030681400410511754 0.0 0.0 446.57075548171997
6120 0.030681400410511754 0.0 0.0 426.70925092697144
6130 0.0 0.0 0.0 0.00012159347534179688
6140 0.02796246658674445 0.0 0.0 423.2468731403351
6150 0.0 0.0 0.0 0.0001933574676513672
6160 0.0 0.0 0.0 0.0001475811004638672
6170 0.021001417238802583 0.0 0.0 366.63873958587646
6180 0.0013945814186416797 0.0 0.0 434.06812930107117
6190 0.0 0.0 0.0 0.00020551681518554688
6200 0.009295254329146652 0.0 0.0 299.61393451690674
6210 0.0 0.0 0.0 0.0001468658447265625
6220 0.0 0.0 0.0 0.00011420249938964844
6230 0.0 0.0 0.0 0.00013065338134765625
6240 0.0 0.0 0.0 0.0001468658447265625
6250 0.005577322360795831 0.0 0.0 405.07819414138794
6260 0.0 0.0 0.0 0.0001461505889892578
6270 0.0 0.0 0.0 0.0001628398895263672
6280 0.0 0.0 0.0 0.00017499923706054688
6290 0.0 0.0 0.0 9.465217590332031e-05
6300 0.0 0.0 0.0 0.00012230873107910156
6310 0.030681400410511754 0.0 0.0 445.9584584236145
6320 0.030681400410511754 0.0 0.0 453.88800978660583
6330 0.006500053216232438 0.0 0.0 447.026816368103
6340 0.02324615120421728 0.0 0.0 321.72126483917236
6350 0.030087397996594586 0.0 0.0 357.55323362350464
6360 0.0167159021123202 0.0 0.0 443.0182819366455
6370 0.0 0.0 0.0 0.00021839141845703125
6380 0.0 0.0 0.0 0.0001323223114013672
6390 0.02967343826142538 0.0 0.0 369.22221398353577
6400 0.0 0.0 0.0 9.775161743164062e-05
6410 0.021558219888815285 0.0 0.0 449.35391449928284
6420 0.013361082878611092 0.0 0.0 429.3521008491516
6430 0.013682199221596063 0.0 0.0 427.26580905914307
6440 0.0 0.0 0.0 0.0001666545867919922
6450 0.030087397996594586 0.0 0.0 333.94675278663635
6460 0.0 0.0 0.0 8.440017700195312e-05
6470 0.0 0.0 0.0 8.845329284667969e-05
6480 0.017337152369497226 0.0 0.0 433.1042640209198
6490 0.0 0.0 0.0 0.00014400482177734375
6500 0.0 0.0 0.0 6.222724914550781e-05
6510 0.0 0.0 0.0 8.7738037109375e-05
6520 0.0 0.0 0.0 0.00011157989501953125
6530 0.0 0.0 0.0 0.00015878677368164062
6540 0.022513178391661216 0.0 0.0 456.8370385169983
6550 0.01945887921856644 0.0 0.0 323.0061764717102
6560 0.021806148598043907 0.0 0.0 445.2666184902191
6570 0.0 0.0 0.0 0.0001647472381591797
6580 0.0038468459589100228 0.0 0.0 397.08651971817017
6590 0.0 0.0 0.0 9.226799011230469e-05
6600 0.030681400410511754 0.0 0.0 441.4598572254181
6610 0.01935193758401166 0.0 0.0 452.28338837623596
6620 0.024447704889444904 0.0 0.0 455.67556142807007
6630 0.008906546744067342 0.0 0.0 385.3480820655823
6640 0.0 0.0 0.0 6.341934204101562e-05
6650 0.010412984788692174 0.0 0.0 439.11066150665283
6660 0.023103954121329633 0.0 0.0 398.80698251724243
6670 0.0 0.0 0.0 0.00016832351684570312
6680 0.025311688016896493 0.0 0.0 433.09219551086426
6690 0.016598439714802023 0.0 0.0 445.3216769695282
6700 0.017497082400390267 0.0 0.0 460.1951491832733
6710 0.018340461584498376 0.0 0.0 417.31593680381775
6720 0.02339571822272324 0.0 0.0 436.9103853702545
6730 0.030087397996594586 0.0 0.0 401.71114325523376
6740 0.0 0.0 0.0 0.0001232624053955078
6750 0.0 0.0 0.0 0.00010323524475097656
6760 0.009841977757694867 0.0 0.0 449.74789595603943
6770 0.01758535128196595 0.0 0.0 450.88512444496155
6780 0.030681400410511754 0.0 0.0 381.191025018692
6790 0.0 0.0 0.0 9.918212890625e-05
6800 0.021510881855872736 0.0 0.0 432.84299182891846
6810 0.021452684684860085 0.0 0.0 423.95145988464355
6820 0.02967343826142538 0.0 0.0 439.6341984272003
6830 0.0 0.0 0.0 0.0001251697540283203
6840 0.021692159192081097 0.0 0.0 313.6642508506775
6850 0.01442640483798159 0.0 0.0 296.781480550766
6860 0.02826692476469262 0.0 0.0 314.20025849342346
6870 0.012273781042489728 0.0 0.0 445.88410234451294
6880 0.0 0.0 0.0 0.0001952648162841797
6890 0.0 0.0 0.0 0.00012993812561035156
6900 0.0 0.0 0.0 0.00015783309936523438
6910 0.01641644793818144 0.0 0.0 322.66324949264526
6920 0.0 0.0 0.0 0.000156402587890625
6930 0.0 0.0 0.0 0.00014209747314453125
6940 0.030681400410511754 0.0 0.0 379.7832553386688
6950 0.0 0.0 0.0 0.00010585784912109375
6960 0.0 0.0 0.0 0.0001239776611328125
6970 0.011434601941538215 0.0 0.0 318.5158107280731
6980 0.0 0.0 0.0 0.00014448165893554688
6990 0.02826692476469262 0.0 0.0 386.93090629577637
7000 0.0 0.0 0.0 6.67572021484375e-05
7010 0.030681400410511754 0.0 0.0 330.78693151474
7020 0.021618399409566145 0.0 0.0 323.113805770874
7030 0.01165351507275554 0.0 0.0 448.841415643692
7040 0.0 0.0 0.0 0.00013113021850585938
7050 0.0 0.0 0.0 0.0001842975616455078
7060 0.017304463448642657 0.0 0.0 451.68170499801636
7070 0.0 0.0 0.0 6.175041198730469e-05
7080 0.0 0.0 0.0 6.127357482910156e-05
7090 0.0 0.0 0.0 0.00016641616821289062
7100 0.0 0.0 0.0 0.00015616416931152344
7110 0.0 0.0 0.0 0.00016760826110839844
7120 0.01279668641902569 0.0 0.0 361.0326578617096
7130 0.02967343826142538 0.0 0.0 447.9141535758972
7140 0.012895137817965707 0.0 0.0 376.2658939361572
7150 0.0 0.0 0.0 0.00016307830810546875
7160 0.005586903338855558 0.0 0.0 417.0590178966522
7170 0.017429351078344455 0.0 0.0 440.6142086982727
7180 0.030681400410511754 0.0 0.0 443.8755977153778
7190 0.0 0.0 0.0 0.00012636184692382812
7200 0.0 0.0 0.0 0.00020122528076171875
7210 0.0 0.0 0.0 0.0002052783966064453
7220 0.016977897914656898 0.0 0.0 457.11488604545593
7230 0.0262800925798989 0.0 0.0 866.0259280204773
7240 0.0 0.0 0.0 0.00012874603271484375
7250 0.030087397996594586 0.0 0.0 454.2418620586395
7260 0.0 0.0 0.0 0.00011491775512695312
7270 0.010121147846387936 0.0 0.0 367.8948473930359
7280 0.002298398754158398 0.0 0.0 451.0563063621521
7290 0.0 0.0 0.0 8.058547973632812e-05
7300 0.0 0.0 0.0 5.245208740234375e-05
7310 0.0 0.0 0.0 0.00018596649169921875
7320 0.011158492575807756 0.0 0.0 440.18784832954407
7330 0.0 0.0 0.0 0.0001571178436279297
7340 0.0 0.0 0.0 0.00018334388732910156
7350 0.030681400410511754 0.0 0.0 375.8246772289276
7360 0.0 0.0 0.0 8.106231689453125e-05
7370 0.0 0.0 0.0 0.00024962425231933594
7380 0.02341773603421935 0.0 0.0 331.58374094963074
7390 0.0 0.0 0.0 4.982948303222656e-05
7400 0.012326593787188457 0.0 0.0 926.329952955246
7410 0.0 0.0 0.0 0.00010943412780761719
7420 0.0 0.0 0.0 0.0001609325408935547
7430 0.0015462705899881891 0.0 0.0 439.1009817123413
7440 0.00368067960725089 0.0 0.0 410.33609080314636
7450 0.030681400410511754 0.0 0.0 342.6536557674408
7460 0.030681400410511754 0.0 0.0 306.3791780471802
7470 0.0 0.0 0.0 0.00017142295837402344
7480 0.0 0.0 0.0 0.00012087821960449219
7490 0.011297135224000145 0.0 0.0 444.49042439460754
7500 0.030681400410511754 0.0 0.0 436.48744654655457
7510 0.023352177698341015 0.0 0.0 1014.1883013248444
7520 0.0 0.0 0.0 0.00010991096496582031
7530 0.0 0.0 0.0 9.5367431640625e-05
7540 0.030681400410511754 0.0 0.0 438.2174651622772
7550 0.029073209348380778 0.0 0.0 375.40864181518555
7560 0.007592351823248237 0.0 0.0 438.39052152633667
7570 0.027151601307719094 0.0 0.0 450.05618262290955
7580 0.01885469802096809 0.0 0.0 443.5553789138794
7590 0.0 0.0 0.0 8.893013000488281e-05
7600 0.0 0.0 0.0 9.417533874511719e-05
7610 0.008033129599778624 0.0 0.0 349.0931439399719
7620 0.0 0.0 0.0 0.0001380443572998047
7630 0.030681400410511754 0.0 0.0 430.96111369132996
7640 0.01916476662444574 0.0 0.0 433.2242200374603
7650 0.0 0.0 0.0 8.559226989746094e-05
7660 0.0 0.0 0.0 0.00010275840759277344
7670 0.00922673125850272 0.0 0.0 424.0857880115509
7680 0.0 0.0 0.0 9.560585021972656e-05
7690 0.026151487654494463 0.0 0.0 420.67940759658813
7700 0.029346602533558284 0.0 0.0 318.2714557647705
7710 0.0 0.0 0.0 0.00018358230590820312
7720 0.01180170805253168 0.0 0.0 404.95146465301514
7730 0.0 0.0 0.0 0.00016498565673828125
7740 0.0 0.0 0.0 0.0001785755157470703
7750 0.0 0.0 0.0 7.653236389160156e-05
7760 0.0 0.0 0.0 0.00013709068298339844
7770 0.030681400410511754 0.0 0.0 371.84722089767456
7780 0.0 0.0 0.0 0.00015211105346679688
7790 0.010750167847606483 0.0 0.0 364.8214693069458
7800 0.02671425621454681 0.0 0.0 350.880051612854
7810 0.030087397996594586 0.0 0.0 416.7505645751953
7820 0.0 0.0 0.0 0.0002455711364746094
7830 0.0 0.0 0.0 0.00015306472778320312
7840 0.030681400410511754 0.0 0.0 437.1430277824402
7850 0.0 0.0 0.0 0.00016689300537109375
7860 0.0 0.0 0.0 0.0001773834228515625
7870 0.030087397996594586 0.0 0.0 431.6473174095154
7880 0.013741005275614964 0.0 0.0 435.2829382419586
7890 0.019376813293750635 0.0 0.0 329.04148864746094
7900 0.0 0.0 0.0 0.0001418590545654297
7910 0.0 0.0 0.0 0.00011682510375976562
7920 0.0 0.0 0.0 0.0001285076141357422
7930 0.0 0.0 0.0 0.00016498565673828125
7940 0.0 0.0 0.0 0.00018906593322753906
7950 0.030681400410511754 0.0 0.0 455.734171628952
7960 0.019703376768645992 0.0 0.0 344.3923454284668
7970 0.0 0.0 0.0 0.00018167495727539062
7980 0.00135247042285104 0.0 0.0 447.07746481895447
7990 0.010964146701900072 0.0 0.0 294.8647644519806
8000 0.019980942343759533 0.0 0.0 309.7278482913971
8010 0.0 0.0 0.0 0.00013780593872070312
8020 0.012332918307730556 0.0 0.0 319.5186336040497
8030 0.0027761974594415354 0.0 0.0 432.07320523262024
8040 0.0072094101629472645 0.0 0.0 1038.7751953601837
8050 0.0 0.0 0.0 0.00013685226440429688
8060 0.01583275107544422 0.0 0.0 725.1814589500427
8070 0.02355352431236385 0.0 0.0 441.71076464653015
8080 0.0 0.0 0.0 0.00014472007751464844
8090 0.0034011193128688113 0.0 0.0 431.72708463668823
8100 0.0 0.0 0.0 0.00018453598022460938
8110 0.0 0.0 0.0 0.0001392364501953125
8120 0.0 0.0 0.0 0.0001506805419921875
8130 0.021704623617719583 0.0 0.0 414.92800736427307
8140 0.0 0.0 0.0 0.0001468658447265625
8150 0.027825781542832464 0.0 0.0 299.0215883255005
8160 0.010865192741863747 0.0 0.0 279.9111704826355
8170 0.005480319638877949 0.0 0.0 271.3790969848633
8180 0.0 0.0 0.0 0.00010132789611816406
8190 0.0 0.0 0.0 0.00011849403381347656
8200 0.0 0.0 0.0 0.0001494884490966797
8210 0.030681400410511754 0.0 0.0 353.27147459983826
8220 0.002034461871417487 0.0 0.0 264.221657037735
8230 0.030681400410511754 0.0 0.0 306.01587653160095
8240 0.030681400410511754 0.0 0.0 284.8265519142151
8250 0.019758545092081685 0.0 0.0 448.43161177635193
8260 0.022324344986878006 0.0 0.0 392.0587737560272
8270 0.02219004429970714 0.0 0.0 438.0056416988373
8280 0.0 0.0 0.0 0.00018477439880371094
8290 0.0 0.0 0.0 0.00017404556274414062
8300 0.0 0.0 0.0 0.00013327598571777344
8310 0.0 0.0 0.0 0.00015306472778320312
8320 0.0 0.0 0.0 0.00011563301086425781
8330 0.029346602533558284 0.0 0.0 1068.684140920639
8340 0.006810157720163724 0.0 0.0 426.15985202789307
8350 0.027462349265454027 0.0 0.0 319.1644504070282
8360 0.021606266211317008 0.0 0.0 379.4216160774231
8370 0.0 0.0 0.0 9.202957153320312e-05
8380 0.021041785499383545 0.0 0.0 418.6511354446411
8390 0.020667803175940254 0.0 0.0 420.6382842063904
8400 0.0 0.0 0.0 0.00012636184692382812
8410 0.0 0.0 0.0 9.131431579589844e-05
8420 0.0 0.0 0.0 9.512901306152344e-05
8430 0.024173683937303115 0.0 0.0 411.0979356765747
8440 0.0 0.0 0.0 0.00012969970703125
8450 0.0 0.0 0.0 0.00014495849609375
8460 0.030087397996594586 0.0 0.0 306.7312421798706
8470 0.030681400410511754 0.0 0.0 305.48779940605164
8480 0.004539427036176749 0.0 0.0 662.9364533424377
8490 0.0 0.0 0.0 8.320808410644531e-05
8500 0.004431307113736404 0.0 0.0 443.3633096218109
8510 0.030681400410511754 0.0 0.0 318.75264620780945
8520 0.0 0.0 0.0 0.00015115737915039062
8530 0.0 0.0 0.0 0.000118255615234375
8540 0.0 0.0 0.0 6.818771362304688e-05
8550 0.030087397996594586 0.0 0.0 440.7244942188263
8560 0.025402443422228197 0.0 0.0 793.078232049942
8570 0.017866735028038087 0.0 0.0 454.01549673080444
8580 0.0 0.0 0.0 5.173683166503906e-05
8590 0.01867531415504948 0.0 0.0 849.9622595310211
8600 0.00531454743566565 0.0 0.0 457.61912059783936
8610 0.014353430395399302 0.0 0.0 433.5916452407837
8620 0.0 0.0 0.0 0.0001354217529296875
8630 0.02059604221633497 0.0 0.0 414.2549192905426
8640 0.030681400410511754 0.0 0.0 296.09001421928406
8650 0.0 0.0 0.0 0.0001392364501953125
8660 0.0 0.0 0.0 9.918212890625e-05
8670 0.0 0.0 0.0 0.0002372264862060547
8680 0.0 0.0 0.0 0.00015211105346679688
8690 0.01873763950172134 0.0 0.0 312.57921028137207
8700 0.027825781542832464 0.0 0.0 356.2713601589203
8710 0.006619492694321093 0.0 0.0 384.6564190387726
8720 0.0 0.0 0.0 0.00011849403381347656
8730 0.0 0.0 0.0 0.00016021728515625
8740 0.0 0.0 0.0 0.00015592575073242188
8750 0.023084191645344386 0.0 0.0 436.7446827888489
8760 0.028438650951910154 0.0 0.0 401.16419506073
8770 0.0 0.0 0.0 0.00018835067749023438
8780 0.016659848186991903 0.0 0.0 446.3843548297882
8790 0.0 0.0 0.0 0.00020051002502441406
8800 0.030681400410511754 0.0 0.0 434.3342430591583
8810 0.0 0.0 0.0 0.00016570091247558594
8820 0.021350530982617924 0.0 0.0 384.76386547088623
8830 0.030681400410511754 0.0 0.0 443.68954706192017
8840 0.0 0.0 0.0 0.00016546249389648438
8850 0.019878743308942307 0.0 0.0 311.19993114471436
8860 0.02029891582745725 0.0 0.0 436.58689999580383
8870 0.030087397996594586 0.0 0.0 398.9783000946045
8880 0.021845081263615437 0.0 0.0 418.49282026290894
8890 0.030681400410511754 0.0 0.0 350.51517248153687
8900 0.0 0.0 0.0 7.224082946777344e-05
8910 0.0 0.0 0.0 0.00010538101196289062
8920 0.030087397996594586 0.0 0.0 392.8820402622223
8930 0.014709784616977514 0.0 0.0 394.28860116004944
8940 0.0 0.0 0.0 9.059906005859375e-05
8950 0.02333066141357476 0.0 0.0 619.7843742370605
8960 0.030681400410511754 0.0 0.0 332.67392110824585
8970 0.007620728804035209 0.0 0.0 253.8637511730194
8980 0.030681400410511754 0.0 0.0 266.6109850406647
8990 0.029073209348380778 0.0 0.0 251.99828958511353
9000 0.030681400410511754 0.0 0.0 439.1262118816376
9010 0.0 0.0 0.0 0.00019288063049316406
9020 0.00665396015261003 0.0 0.0 415.7923836708069
9030 0.004589823059416945 0.0 0.0 419.1886043548584
9040 0.0 0.0 0.0 0.00011873245239257812
9050 0.0 0.0 0.0 0.0001399517059326172
9060 0.0 0.0 0.0 0.0002110004425048828
9070 0.005831623984977845 0.0 0.0 444.74946999549866
9080 0.0017015344942456327 0.0 0.0 441.9202163219452
9090 0.0 0.0 0.0 0.0001575946807861328
9100 0.0 0.0 0.0 0.00012826919555664062
9110 0.02826692476469262 0.0 0.0 943.9689736366272
9120 0.0 0.0 0.0 0.0001251697540283203
9130 0.0 0.0 0.0 0.00012135505676269531
9140 0.012524550434048671 0.0 0.0 420.3935897350311
9150 0.025496569635706172 0.0 0.0 374.16046118736267
9160 0.01950386744348771 0.0 0.0 269.127525806427
9170 0.0 0.0 0.0 0.00013208389282226562
9180 0.030681400410511754 0.0 0.0 275.6252512931824
9190 0.002516204917493445 0.0 0.0 262.68854904174805
9200 0.030681400410511754 0.0 0.0 384.32425475120544
9210 0.0 0.0 0.0 0.00010228157043457031
9220 0.030681400410511754 0.0 0.0 262.9202153682709
9230 0.0 0.0 0.0 0.00010633468627929688
9240 0.017817044178558887 0.0 0.0 262.23539304733276
9250 0.0 0.0 0.0 6.389617919921875e-05
9260 0.020070999163271406 0.0 0.0 425.45997166633606
9270 0.02285696159245153 0.0 0.0 431.9434497356415
9280 0.0036166144779215367 0.0 0.0 429.35033893585205
9290 0.0 0.0 0.0 0.0001735687255859375
9300 0.008092872121877861 0.0 0.0 1018.01757979393
9310 0.0 0.0 0.0 9.942054748535156e-05
9320 0.027462349265454027 0.0 0.0 364.17294359207153
9330 0.006395057041427585 0.0 0.0 846.2698857784271
9340 0.026636050649629272 0.0 0.0 842.9315011501312
9350 0.013059906724253143 0.0 0.0 322.91807675361633
9360 0.0 0.0 0.0 0.00010967254638671875
9370 0.0 0.0 0.0 0.00010323524475097656
9380 0.007350805488767651 0.0 0.0 259.645459651947
9390 0.029346602533558284 0.0 0.0 345.88289499282837
9400 0.00423950548111379 0.0 0.0 258.1080901622772
9410 0.030681400410511754 0.0 0.0 271.5233345031738
9420 0.01900926762510354 0.0 0.0 222.93525552749634
9430 0.025748651780991717 0.0 0.0 213.45177745819092
9440 0.030681400410511754 0.0 0.0 202.54840540885925
9450 0.0 0.0 0.0 5.5789947509765625e-05
9460 0.0 0.0 0.0 5.5789947509765625e-05
9470 0.030681400410511754 0.0 0.0 187.95824551582336
9480 0.0 0.0 0.0 4.601478576660156e-05
9490 0.021510881855872736 0.0 0.0 180.12686467170715
9500 0.002218676461055995 0.0 0.0 440.70746064186096
9510 0.005583712650951327 0.0 0.0 382.872004032135
9520 0.004316623251959843 0.0 0.0 424.67623925209045
9530 0.030681400410511754 0.0 0.0 425.7906332015991
9540 0.02127325977886326 0.0 0.0 431.90948486328125
9550 0.00990363881538578 0.0 0.0 367.14467668533325
9560 0.0 0.0 0.0 0.0002205371856689453
9570 0.030087397996594586 0.0 0.0 279.019686460495
9580 0.006876302712313627 0.0 0.0 278.09173345565796
9590 0.019696540579887442 0.0 0.0 298.7679274082184
9600 0.024353251353539527 0.0 0.0 262.57023787498474
9610 0.0010776644615522616 0.0 0.0 616.2348864078522
9620 0.0 0.0 0.0 0.00014138221740722656
9630 0.02147583769495172 0.0 0.0 633.8315846920013
9640 0.0 0.0 0.0 0.0001678466796875
9650 0.030681400410511754 0.0 0.0 249.13736939430237
9660 0.02826692476469262 0.0 0.0 223.9072539806366
9670 0.006309738011445911 0.0 0.0 217.66212153434753
9680 0.0205344848017655 0.0 0.0 212.26189994812012
9690 0.0 0.0 0.0 3.361701965332031e-05
9700 0.030087397996594586 0.0 0.0 208.92176699638367
9710 0.0 0.0 0.0 5.1021575927734375e-05
9720 0.0 0.0 0.0 5.91278076171875e-05
9730 0.030681400410511754 0.0 0.0 191.36177015304565
9740 0.0 0.0 0.0 5.078315734863281e-05
9750 0.0 0.0 0.0 8.153915405273438e-05
9760 0.00641505345370033 0.0 0.0 445.89571380615234
9770 0.0 0.0 0.0 6.318092346191406e-05
9780 0.0 0.0 0.0 0.00024390220642089844
9790 0.0 0.0 0.0 0.00014328956604003906
9800 0.030681400410511754 0.0 0.0 391.48177337646484
9810 0.0030221600519775844 0.0 0.0 432.8016028404236
9820 0.0 0.0 0.0 0.00013446807861328125
9830 0.0 0.0 0.0 0.00011444091796875
9840 0.0 0.0 0.0 0.000118255615234375
9850 0.0 0.0 0.0 0.00012922286987304688
9860 0.0 0.0 0.0 0.00010156631469726562
9870 0.006289367567723094 0.0 0.0 400.2151999473572
9880 0.018421425186258392 0.0 0.0 413.5861384868622
9890 0.02397808737156772 0.0 0.0 291.2065734863281
9900 0.0 0.0 0.0 9.489059448242188e-05
9910 0.0 0.0 0.0 7.605552673339844e-05
9920 0.030681400410511754 0.0 0.0 326.5380549430847
9930 0.0 0.0 0.0 0.000156402587890625
9940 0.0 0.0 0.0 0.0001628398895263672
9950 0.0 0.0 0.0 0.0001614093780517578
9960 0.0 0.0 0.0 0.00014090538024902344
9970 0.0 0.0 0.0 0.00011563301086425781
9980 0.02967343826142538 0.0 0.0 802.7380089759827
9990 0.029346602533558284 0.0 0.0 695.0541825294495
