4.7206878662109375e-05
157.12777090072632
3.552436828613281e-05
121.58301258087158
6.413459777832031e-05
10.49179196357727
51.362454652786255
4.315376281738281e-05
129.28738141059875
12.947301149368286
13.412246227264404
5.1021575927734375e-05
158.98996758460999
4.363059997558594e-05
4.100799560546875e-05
94.84514999389648
4.601478576660156e-05
27.594051122665405
144.4288456439972
12.590304136276245
5.125999450683594e-05
6.222724914550781e-05
37.763067960739136
4.597809076309204
36.4627423286438
4.00543212890625e-05
3.838539123535156e-05
4.237138509750366
10.3759925365448
12.204198122024536
66.26102375984192
33.87707471847534
3.4809112548828125e-05
27.887091159820557
4.172325134277344e-05
104.22613596916199
4.0531158447265625e-05
2.5272369384765625e-05
36.05894470214844
99.7355420589447
35.30234360694885
3.933906555175781e-05
10.649726629257202
3.266334533691406e-05
52.03383660316467
10.685801982879639
166.24481344223022
4.1484832763671875e-05
4.9114227294921875e-05
68.13978433609009
8.487701416015625e-05
122.0976288318634
50.38347053527832
40.85554099082947
4.029273986816406e-05
3.170967102050781e-05
70.29732275009155
50.9863862991333
4.076957702636719e-05
144.1063151359558
64.11916971206665
50.86258316040039
3.838539123535156e-05
3.910064697265625e-05
3.075599670410156e-05
167.7575078010559
11.578172206878662
93.56195545196533
56.699934244155884
2.5510787963867188e-05
178.93686747550964
3.0279159545898438e-05
5.030632019042969e-05
3.409385681152344e-05
6.103515625e-05
52.06593561172485
4.076957702636719e-05
52.30746030807495
12.099112510681152
3.552436828613281e-05
44.79196095466614
5.078315734863281e-05
4.00543212890625e-05
27.579338312149048
10.487053632736206
2.8848648071289062e-05
178.81399035453796
0.00015473365783691406
11.905596733093262
112.17807841300964
6.961822509765625e-05
5.221366882324219e-05
4.8160552978515625e-05
100.66897869110107
102.75318908691406
5.507469177246094e-05
96.74012207984924
32.47648358345032
5.269050598144531e-05
55.000348806381226
13.677757263183594
13.26905870437622
139.05025959014893
7.200241088867188e-05
3.5762786865234375e-05
5.269050598144531e-05
109.46182203292847
12.147623300552368
10.72129511833191
11.76507830619812
5.507469177246094e-05
11.789570093154907
4.935264587402344e-05
5.0067901611328125e-05
27.09289002418518
3.337860107421875e-05
13.063992261886597
25.273332834243774
52.670987367630005
136.80545210838318
12.078804016113281
77.10380458831787
4.2438507080078125e-05
6.818771362304688e-05
2.765655517578125e-05
58.88611364364624
4.3392181396484375e-05
5.269050598144531e-05
3.218650817871094e-05
198.59423875808716
4.124641418457031e-05
101.75396537780762
3.0040740966796875e-05
4.9591064453125e-05
195.49697136878967
4.9591064453125e-05
74.1618025302887
61.73509645462036
6.4849853515625e-05
145.04890203475952
24.917402267456055
60.7969274520874
3.314018249511719e-05
3.147125244140625e-05
125.39766311645508
2.8848648071289062e-05
105.75488829612732
4.5299530029296875e-05
3.337860107421875e-05
227.95106768608093
4.0531158447265625e-05
4.863739013671875e-05
78.25496029853821
3.910064697265625e-05
171.07117867469788
5.125999450683594e-05
12.777454614639282
12.8334379196167
3.600120544433594e-05
4.2438507080078125e-05
4.1484832763671875e-05
3.218650817871094e-05
3.600120544433594e-05
40.66771602630615
4.00543212890625e-05
10.20806074142456
2.9087066650390625e-05
7.271766662597656e-05
11.26669955253601
5.1021575927734375e-05
2.9087066650390625e-05
6.246566772460938e-05
3.0994415283203125e-05
3.504753112792969e-05
3.0994415283203125e-05
84.72729468345642
4.029273986816406e-05
3.8623809814453125e-05
39.036312103271484
6.0558319091796875e-05
3.552436828613281e-05
6.628036499023438e-05
5.221366882324219e-05
3.314018249511719e-05
3.814697265625e-05
3.24249267578125e-05
106.18872928619385
145.4156138896942
99.95244932174683
29.03186583518982
14.329641342163086
7.557868957519531e-05
236.65308618545532
8.749961853027344e-05
5.435943603515625e-05
5.078315734863281e-05
4.9591064453125e-05
118.96017289161682
37.904330253601074
4.124641418457031e-05
6.127357482910156e-05
6.914138793945312e-05
12.537963151931763
5.221366882324219e-05
2.6464462280273438e-05
13.342051982879639
63.99825954437256
4.363059997558594e-05
129.94356894493103
110.29468393325806
4.076957702636719e-05
24.557846069335938
4.982948303222656e-05
11.442394018173218
35.32703399658203
28.722009658813477
3.933906555175781e-05
10.221560716629028
5.91278076171875e-05
67.06836414337158
12.3789644241333
6.985664367675781e-05
203.93224549293518
14.91288423538208
34.486774921417236
4.506111145019531e-05
4.176680564880371
65.65539407730103
3.981590270996094e-05
91.39307570457458
3.0040740966796875e-05
26.23264169692993
3.266334533691406e-05
0.00014519691467285156
98.45268082618713
6.389617919921875e-05
120.24426937103271
26.255589962005615
93.68651700019836
2.8848648071289062e-05
79.51990008354187
88.3441526889801
4.3392181396484375e-05
68.3837502002716
140.87822103500366
98.5358304977417
12.052766799926758
11.859613418579102
226.5708408355713
3.4809112548828125e-05
14.573437690734863
139.9529058933258
25.748165369033813
128.15875124931335
4.0531158447265625e-05
40.53881311416626
11.491599082946777
103.94945621490479
4.458427429199219e-05
5.14984130859375e-05
11.142720937728882
59.23758792877197
14.644421339035034
4.076957702636719e-05
59.227999210357666
5.507469177246094e-05
5.4836273193359375e-05
4.358474493026733
11.354993104934692
3.0279159545898438e-05
108.1801552772522
47.67751979827881
4.172325134277344e-05
75.82454657554626
38.31930947303772
211.32198190689087
62.106401681900024
6.604194641113281e-05
37.5859010219574
11.676679134368896
0.0006642341613769531
5.793571472167969e-05
10.769855976104736
64.99592399597168
12.863459348678589
10.481689453125
3.886222839355469e-05
6.699562072753906e-05
36.90971851348877
27.400102138519287
5.602836608886719e-05
193.66225242614746
6.246566772460938e-05
28.284706592559814
2.7418136596679688e-05
6.699562072753906e-05
219.39846086502075
12.054099321365356
4.363059997558594e-05
31.01814293861389
13.79966139793396
147.16004085540771
106.50103616714478
20.363975524902344
9.676701784133911
4.076957702636719e-05
44.95114254951477
11.742846250534058
4.887580871582031e-05
178.40048265457153
9.721854209899902
4.8160552978515625e-05
3.838539123535156e-05
3.3855438232421875e-05
273.7950301170349
3.4332275390625e-05
3.7670135498046875e-05
50.71481490135193
11.581068992614746
5.7697296142578125e-05
6.723403930664062e-05
24.356407165527344
0.0007615089416503906
4.76837158203125e-05
35.45926284790039
5.078315734863281e-05
160.21518087387085
38.900604486465454
2.7894973754882812e-05
11.755013704299927
24.61520791053772
79.50039982795715
4.5299530029296875e-05
4.410743713378906e-05
11.952507257461548
57.47603225708008
2.7418136596679688e-05
33.35911512374878
153.94801235198975
3.8623809814453125e-05
3.814697265625e-05
69.66707563400269
3.147125244140625e-05
49.41763639450073
7.05718994140625e-05
7.128715515136719e-05
79.10120606422424
10.945296049118042
10.880535364151001
5.626678466796875e-05
62.87463569641113
3.170967102050781e-05
87.06287550926208
108.45096969604492
159.4807231426239
3.814697265625e-05
4.8160552978515625e-05
2.4318695068359375e-05
6.747245788574219e-05
106.95652675628662
7.867813110351562e-05
42.50452637672424
3.075599670410156e-05
34.59465265274048
2.6464462280273438e-05
10.803089380264282
3.933906555175781e-05
90.2012403011322
5.555152893066406e-05
67.7423267364502
3.075599670410156e-05
38.608933210372925
156.90638208389282
68.84970664978027
57.115988969802856
15.111319541931152
12.357848882675171
95.16729807853699
3.075599670410156e-05
22.141665935516357
27.734715223312378
25.004209756851196
52.298075914382935
40.24539613723755
3.719329833984375e-05
176.27760004997253
81.12854838371277
6.604194641113281e-05
4.38690185546875e-05
79.21769499778748
4.7206878662109375e-05
3.4332275390625e-05
2.8133392333984375e-05
73.52470803260803
25.51180601119995
177.9304859638214
26.878013372421265
2.5987625122070312e-05
11.242262363433838
50.4007351398468
4.5299530029296875e-05
12.419063329696655
75.24757790565491
31.490574598312378
109.64840364456177
4.3392181396484375e-05
2.5510787963867188e-05
40.689732789993286
25.07582926750183
2.5510787963867188e-05
13.652271270751953
184.60028982162476
4.220008850097656e-05
82.93415856361389
11.043810606002808
105.67239189147949
4.1484832763671875e-05
3.600120544433594e-05
14.359138488769531
5.7220458984375e-05
0.00010848045349121094
4.220008850097656e-05
2.86102294921875e-05
21.6336669921875
3.7670135498046875e-05
3.790855407714844e-05
50.19325923919678
82.88717031478882
19.537042379379272
14.835992097854614
199.07312750816345
4.9591064453125e-05
2.765655517578125e-05
10.924702405929565
120.10557675361633
68.15058088302612
4.411538600921631
125.23691487312317
80.74317860603333
12.193073987960815
4.6253204345703125e-05
22.014660358428955
2.6702880859375e-05
127.84584355354309
2.6226043701171875e-05
25.772603273391724
38.14738845825195
27.574989557266235
95.22480964660645
2.574920654296875e-05
2.6226043701171875e-05
46.52222752571106
5.555152893066406e-05
4.8160552978515625e-05
13.829077243804932
3.3855438232421875e-05
54.03126811981201
8.034706115722656e-05
11.807632207870483
3.123283386230469e-05
1.239776611328125e-05
22.009807109832764
2.193450927734375e-05
4.935264587402344e-05
3.910064697265625e-05
12.369189500808716
3.7670135498046875e-05
216.61168432235718
3.9577484130859375e-05
10.344796657562256
4.00543212890625e-05
3.7670135498046875e-05
12.79816746711731
3.504753112792969e-05
2.86102294921875e-05
4.100799560546875e-05
50.813822507858276
13.77126932144165
92.42511653900146
5.459785461425781e-05
13.555604457855225
127.3004822731018
27.594670057296753
2.3365020751953125e-05
13.224872827529907
6.413459777832031e-05
13.057321548461914
3.743171691894531e-05
3.743171691894531e-05
42.28932547569275
7.081031799316406e-05
45.454551696777344
183.77062463760376
196.81296133995056
14.590950012207031
140.25833082199097
4.315376281738281e-05
2.3365020751953125e-05
4.744529724121094e-05
6.890296936035156e-05
13.892484664916992
206.39703249931335
164.328453540802
183.13955760002136
100.19687008857727
4.029273986816406e-05
202.64411306381226
3.886222839355469e-05
12.451985120773315
4.2438507080078125e-05
79.46458864212036
215.9525227546692
9.364639043807983
4.0531158447265625e-05
169.45052099227905
4.458427429199219e-05
4.744529724121094e-05
13.223616600036621
2.193450927734375e-05
3.314018249511719e-05
9.485401391983032
145.55428290367126
60.29523968696594
5.054473876953125e-05
4.7206878662109375e-05
176.69927048683167
14.63248896598816
88.91772079467773
3.0040740966796875e-05
3.218650817871094e-05
75.47495985031128
12.641392707824707
140.4510850906372
2.8133392333984375e-05
5.817413330078125e-05
141.23567152023315
13.622925519943237
5.0067901611328125e-05
3.981590270996094e-05
65.53702759742737
65.04021048545837
2.7179718017578125e-05
103.68876123428345
123.09410834312439
14.293704986572266
5.4836273193359375e-05
150.30549669265747
86.9958245754242
38.75193166732788
3.1948089599609375e-05
25.914644718170166
26.479037284851074
4.029273986816406e-05
2.8371810913085938e-05
6.842613220214844e-05
3.814697265625e-05
7.05718994140625e-05
33.497817277908325
4.744529724121094e-05
3.838539123535156e-05
0.0004253387451171875
6.389617919921875e-05
4.482269287109375e-05
5.245208740234375e-05
3.504753112792969e-05
3.5762786865234375e-05
77.99465298652649
2.0742416381835938e-05
4.029273986816406e-05
28.974246740341187
11.492932081222534
4.1484832763671875e-05
11.428790092468262
4.1484832763671875e-05
3.552436828613281e-05
3.933906555175781e-05
139.83249425888062
60.11133146286011
12.117098331451416
66.20242214202881
4.0531158447265625e-05
69.35236644744873
7.152557373046875e-05
3.528594970703125e-05
12.494636058807373
4.00543212890625e-05
13.050379514694214
146.62282633781433
178.70763850212097
5.6743621826171875e-05
28.32484769821167
3.218650817871094e-05
12.516778230667114
6.866455078125e-05
3.4332275390625e-05
3.4332275390625e-05
3.552436828613281e-05
50.951133728027344
11.646224975585938
55.452303647994995
3.0040740966796875e-05
4.124641418457031e-05
127.14760065078735
4.100799560546875e-05
3.147125244140625e-05
3.814697265625e-05
2.9325485229492188e-05
3.0994415283203125e-05
13.00654935836792
62.14905285835266
90.58445382118225
12.031372308731079
13.618089437484741
4.935264587402344e-05
98.23969197273254
5.2928924560546875e-05
2.7418136596679688e-05
163.23640394210815
12.282173156738281
3.743171691894531e-05
91.267005443573
4.5299530029296875e-05
2.6226043701171875e-05
2.5272369384765625e-05
4.315376281738281e-05
40.158162117004395
3.123283386230469e-05
3.361701965332031e-05
5.817413330078125e-05
5.7220458984375e-05
3.528594970703125e-05
12.942902326583862
11.82334280014038
40.00352621078491
134.89311814308167
39.85642123222351
150.54437828063965
2.47955322265625e-05
2.86102294921875e-05
27.748627185821533
2.765655517578125e-05
214.0089783668518
101.41744613647461
119.16387844085693
1.71661376953125e-05
38.48536968231201
2.8848648071289062e-05
2.7894973754882812e-05
133.98754334449768
4.00543212890625e-05
4.792213439941406e-05
4.482269287109375e-05
4.291534423828125e-05
2.8848648071289062e-05
246.72942876815796
197.4462809562683
93.86965727806091
4.029273986816406e-05
29.637656688690186
4.00543212890625e-05
13.331828117370605
92.53688454627991
172.68852591514587
26.808677196502686
3.314018249511719e-05
78.35562825202942
118.25111818313599
3.6716461181640625e-05
151.32400012016296
142.02423477172852
104.31476092338562
130.5853226184845
153.01406383514404
36.610600233078
3.790855407714844e-05
5.030632019042969e-05
38.08392262458801
140.37678980827332
13.102259159088135
5.984306335449219e-05
129.4105715751648
123.17698121070862
49.15445065498352
3.838539123535156e-05
80.23146438598633
57.4129421710968
37.27991509437561
55.279624938964844
3.886222839355469e-05
4.9591064453125e-05
3.1948089599609375e-05
104.53722333908081
2.9802322387695312e-05
2.47955322265625e-05
10.242189884185791
4.744529724121094e-05
4.792213439941406e-05
26.365233659744263
3.981590270996094e-05
109.2326807975769
3.147125244140625e-05
11.157954216003418
149.64921617507935
66.87800812721252
3.528594970703125e-05
3.361701965332031e-05
102.9127779006958
3.123283386230469e-05
5.364418029785156e-05
5.340576171875e-05
2.9087066650390625e-05
3.314018249511719e-05
63.5815007686615
50.30822944641113
77.88528680801392
3.719329833984375e-05
49.78128933906555
174.85611081123352
12.800853490829468
4.458427429199219e-05
4.00543212890625e-05
4.291534423828125e-05
81.93718123435974
116.11268782615662
3.361701965332031e-05
38.29890513420105
4.0531158447265625e-05
28.060304164886475
13.199962854385376
4.458427429199219e-05
3.170967102050781e-05
3.361701965332031e-05
58.348615646362305
6.198883056640625e-05
3.0279159545898438e-05
12.652838468551636
2.8848648071289062e-05
3.361701965332031e-05
216.15385103225708
3.7670135498046875e-05
49.83304047584534
4.0531158447265625e-05
4.0531158447265625e-05
12.371260643005371
27.106930017471313
12.06223440170288
12.285181999206543
5.817413330078125e-05
2.6941299438476562e-05
91.91252517700195
13.677804470062256
209.34165048599243
5.435943603515625e-05
4.291534423828125e-05
13.585904836654663
60.834044456481934
39.5943546295166
145.86662077903748
105.49364829063416
4.172325134277344e-05
5.91278076171875e-05
11.977163076400757
4.172325134277344e-05
13.013908863067627
76.88435244560242
4.291534423828125e-05
6.365776062011719e-05
55.16640257835388
4.124641418457031e-05
85.7194676399231
61.59662175178528
0.00016021728515625
26.986416578292847
5.459785461425781e-05
4.291534423828125e-05
3.218650817871094e-05
4.1961669921875e-05
12.530203342437744
3.457069396972656e-05
29.826842069625854
25.995118141174316
38.08891224861145
4.076957702636719e-05
4.0531158447265625e-05
11.829803705215454
4.029273986816406e-05
3.695487976074219e-05
38.78080105781555
53.03386402130127
189.19415664672852
2.9802322387695312e-05
3.457069396972656e-05
5.054473876953125e-05
4.76837158203125e-05
5.817413330078125e-05
12.279853820800781
106.92191481590271
4.076957702636719e-05
12.529330492019653
36.28247547149658
173.61592650413513
4.1961669921875e-05
11.857258081436157
12.07344102859497
22.759247303009033
2.4557113647460938e-05
99.19146990776062
177.06928491592407
3.695487976074219e-05
22.01505208015442
3.528594970703125e-05
3.62396240234375e-05
3.361701965332031e-05
212.1111581325531
3.24249267578125e-05
69.7480800151825
69.59909915924072
30.29540228843689
4.935264587402344e-05
4.172325134277344e-05
2.8371810913085938e-05
12.969095468521118
13.668267488479614
13.19497799873352
11.911115407943726
171.56892919540405
154.1982901096344
245.8105764389038
4.601478576660156e-05
5.054473876953125e-05
3.814697265625e-05
3.2901763916015625e-05
3.170967102050781e-05
60.1076443195343
36.29027795791626
101.71760869026184
165.73926520347595
3.62396240234375e-05
61.4404878616333
70.62709093093872
3.910064697265625e-05
4.76837158203125e-05
4.887580871582031e-05
123.0537440776825
5.173683166503906e-05
3.790855407714844e-05
35.81766390800476
11.697583675384521
14.025402784347534
3.743171691894531e-05
28.57455587387085
12.379289388656616
3.886222839355469e-05
2.5033950805664062e-05
3.552436828613281e-05
37.18420147895813
191.4145302772522
70.88716864585876
3.743171691894531e-05
30.83416438102722
19.36811900138855
62.23676061630249
5.841255187988281e-05
80.262460231781
11.579734802246094
3.743171691894531e-05
4.696846008300781e-05
3.409385681152344e-05
2.7179718017578125e-05
202.23378348350525
81.57664155960083
12.106496572494507
3.4332275390625e-05
4.1961669921875e-05
3.9577484130859375e-05
171.6201937198639
51.714027881622314
4.124641418457031e-05
128.4007420539856
3.361701965332031e-05
8.437817096710205
2.4080276489257812e-05
201.4769802093506
13.231071949005127
3.8623809814453125e-05
47.77039051055908
160.1786403656006
22.14328098297119
92.57283282279968
14.157886028289795
4.267692565917969e-05
3.528594970703125e-05
39.82136416435242
77.0390317440033
4.506111145019531e-05
170.17058420181274
12.330069303512573
12.36294937133789
11.727388143539429
37.504700899124146
13.92229700088501
5.245208740234375e-05
25.276664972305298
11.623064041137695
5.221366882324219e-05
5.269050598144531e-05
6.103515625e-05
29.252630949020386
12.017290592193604
4.220008850097656e-05
3.4809112548828125e-05
78.27052545547485
3.9577484130859375e-05
4.291534423828125e-05
117.22516584396362
149.33789777755737
70.65949630737305
3.337860107421875e-05
11.366663455963135
12.185247898101807
14.376675367355347
3.123283386230469e-05
12.609830379486084
4.3392181396484375e-05
154.09740710258484
4.8160552978515625e-05
113.94756746292114
57.093934535980225
16.023592710494995
2.9087066650390625e-05
2.6951725482940674
2.956390380859375e-05
103.64895987510681
12.700345277786255
142.02316689491272
32.449721574783325
3.266334533691406e-05
4.57763671875e-05
28.33442521095276
68.40818905830383
15.056209564208984
13.227632999420166
109.29624438285828
80.36629867553711
7.594405174255371
4.935264587402344e-05
4.4345855712890625e-05
11.388814449310303
4.172325134277344e-05
79.02443552017212
12.382608413696289
23.811896324157715
26.00694990158081
11.718825340270996
175.10351657867432
30.756330490112305
3.552436828613281e-05
27.228014945983887
29.036287784576416
132.84463572502136
87.8733320236206
18.766063928604126
3.457069396972656e-05
117.89795517921448
3.814697265625e-05
7.160151243209839
104.97393298149109
34.52220916748047
133.10576939582825
2.86102294921875e-05
3.0976452827453613
3.552436828613281e-05
2.8848648071289062e-05
11.08823275566101
2.47955322265625e-05
4.601478576660156e-05
24.6385817527771
5.1975250244140625e-05
4.100799560546875e-05
3.981590270996094e-05
11.224677085876465
14.057973146438599
4.1961669921875e-05
4.553794860839844e-05
4.1484832763671875e-05
3.886222839355469e-05
3.5762786865234375e-05
26.08692455291748
60.936933279037476
173.20856523513794
2.4318695068359375e-05
2.6941299438476562e-05
7.226820230484009
2.4557113647460938e-05
2.6226043701171875e-05
5.555152893066406e-05
4.9114227294921875e-05
3.457069396972656e-05
51.959068059921265
53.37153625488281
