5.4836273193359375e-05
22.031001329421997
3.123283386230469e-05
21.597960948944092
2.956390380859375e-05
7.008506774902344
7.0382399559021
4.291534423828125e-05
20.66736912727356
8.195971250534058
2.6470789909362793
1.3828277587890625e-05
21.170341730117798
6.246566772460938e-05
3.314018249511719e-05
21.233481407165527
2.4557113647460938e-05
17.24212121963501
21.65538239479065
6.8024609088897705
3.266334533691406e-05
1.3589859008789062e-05
7.089935064315796
2.6387784481048584
7.090311288833618
2.6702880859375e-05
5.793571472167969e-05
7.188946723937988
7.107258081436157
7.0226171016693115
8.548309803009033
7.131930112838745
1.5974044799804688e-05
8.34502625465393
2.7179718017578125e-05
15.071073293685913
3.314018249511719e-05
4.792213439941406e-05
8.321855306625366
21.447584629058838
7.215258836746216
4.57763671875e-05
6.462518692016602
0.0001049041748046875
16.929178953170776
6.741180658340454
20.525816917419434
2.3126602172851562e-05
1.8596649169921875e-05
21.03145980834961
0.00011873245239257812
28.530322074890137
8.453933477401733
8.774245977401733
4.5299530029296875e-05
2.3603439331054688e-05
13.847303867340088
17.001163482666016
1.3828277587890625e-05
20.689895629882812
16.901381015777588
14.354985475540161
3.790855407714844e-05
1.1444091796875e-05
1.6927719116210938e-05
21.57658815383911
7.075400114059448
14.921666860580444
7.019906282424927
0.00010657310485839844
20.699532747268677
4.0531158447265625e-05
6.198883056640625e-05
3.600120544433594e-05
3.5762786865234375e-05
14.08995509147644
2.7894973754882812e-05
8.583343029022217
8.517941236495972
1.4543533325195312e-05
14.23560619354248
1.6450881958007812e-05
1.9550323486328125e-05
16.955901622772217
7.187964677810669
3.1948089599609375e-05
22.14787197113037
1.5497207641601562e-05
6.999706268310547
14.814930438995361
3.814697265625e-05
5.3882598876953125e-05
3.266334533691406e-05
7.140305995941162
14.407203197479248
1.5020370483398438e-05
14.194184064865112
7.1071085929870605
1.33514404296875e-05
8.478947639465332
7.156059265136719
7.114974737167358
14.141888618469238
3.123283386230469e-05
5.9604644775390625e-05
2.9087066650390625e-05
14.50883436203003
6.678662300109863
7.071870803833008
6.85815691947937
1.5735626220703125e-05
7.012285947799683
1.2636184692382812e-05
3.147125244140625e-05
7.215435028076172
3.504753112792969e-05
2.6513819694519043
7.067491292953491
17.11493492126465
14.417823314666748
6.7595884799957275
8.458741426467896
1.6450881958007812e-05
9.5367431640625e-06
1.3589859008789062e-05
8.288593769073486
8.96453857421875e-05
9.655952453613281e-05
1.5974044799804688e-05
22.019655466079712
5.9604644775390625e-05
22.363746404647827
2.1696090698242188e-05
1.9311904907226562e-05
14.632611751556396
2.3365020751953125e-05
15.567622900009155
7.027871131896973
1.621246337890625e-05
14.896711111068726
7.060195207595825
14.323859691619873
1.5735626220703125e-05
5.5789947509765625e-05
15.050962209701538
2.384185791015625e-05
6.95729660987854
1.33514404296875e-05
2.1219253540039062e-05
21.053476572036743
0.0001919269561767578
2.384185791015625e-05
7.193350553512573
2.4318695068359375e-05
28.57416009902954
1.621246337890625e-05
7.508526802062988
8.61072039604187
1.5974044799804688e-05
4.1961669921875e-05
2.1457672119140625e-05
3.814697265625e-05
4.076957702636719e-05
16.89262866973877
5.14984130859375e-05
7.075559139251709
1.5497207641601562e-05
3.743171691894531e-05
7.042362689971924
5.53131103515625e-05
2.6464462280273438e-05
5.1975250244140625e-05
4.744529724121094e-05
3.790855407714844e-05
4.1961669921875e-05
7.111090421676636
2.8371810913085938e-05
1.239776611328125e-05
6.727798700332642
1.71661376953125e-05
2.0742416381835938e-05
4.0531158447265625e-05
9.846687316894531e-05
2.5510787963867188e-05
5.269050598144531e-05
4.9591064453125e-05
21.579931020736694
22.313515663146973
14.958545207977295
8.556699275970459
6.977721214294434
2.7418136596679688e-05
27.679952383041382
4.076957702636719e-05
4.291534423828125e-05
5.650520324707031e-05
2.3126602172851562e-05
13.945958614349365
7.0742316246032715
3.0517578125e-05
1.6689300537109375e-05
3.170967102050781e-05
7.083303213119507
3.1948089599609375e-05
2.3126602172851562e-05
7.235981702804565
21.896183013916016
2.09808349609375e-05
13.98526406288147
28.66784429550171
1.6450881958007812e-05
6.930946111679077
1.5020370483398438e-05
8.373826742172241
7.08613920211792
6.916851997375488
4.410743713378906e-05
6.981275320053101
4.57763671875e-05
6.879060506820679
6.980200290679932
4.863739013671875e-05
28.78139901161194
6.685603380203247
7.263526678085327
1.5735626220703125e-05
6.7753355503082275
14.34751009941101
1.6927719116210938e-05
15.608526945114136
2.956390380859375e-05
8.412240028381348
2.8133392333984375e-05
1.8596649169921875e-05
14.315019369125366
2.384185791015625e-05
13.82093071937561
15.00893759727478
14.432896137237549
1.9311904907226562e-05
22.122482538223267
13.853497743606567
1.3828277587890625e-05
17.06331181526184
15.459579706192017
21.174432516098022
8.219075679779053
6.990154504776001
28.724070072174072
4.00543212890625e-05
6.902737140655518
14.279662847518921
7.44160008430481
14.058969974517822
2.8848648071289062e-05
8.750072956085205
8.332123517990112
15.57249140739441
2.2172927856445312e-05
3.457069396972656e-05
7.066554307937622
14.122907876968384
2.6655819416046143
1.33514404296875e-05
14.021883010864258
0.00010347366333007812
3.719329833984375e-05
2.660416603088379
7.042637586593628
0.00010180473327636719
6.972950458526611
14.143024206161499
1.430511474609375e-05
15.122753858566284
8.456706523895264
22.27483820915222
7.815159797668457
3.886222839355469e-05
7.141199350357056
7.0263755321502686
5.030632019042969e-05
2.9325485229492188e-05
7.082289218902588
14.188859462738037
6.99482536315918
7.083657503128052
1.2874603271484375e-05
4.0531158447265625e-05
7.124922037124634
8.34138011932373
3.337860107421875e-05
20.957767724990845
1.3828277587890625e-05
8.240285873413086
3.4809112548828125e-05
1.7881393432617188e-05
22.29402732849121
6.5402562618255615
1.2636184692382812e-05
8.704489707946777
7.438168525695801
21.896377563476562
14.819962978363037
7.805755615234375
7.2188334465026855
3.409385681152344e-05
14.104515075683594
7.482500791549683
2.0503997802734375e-05
20.809529066085815
7.136223793029785
2.4318695068359375e-05
1.8835067749023438e-05
2.8371810913085938e-05
29.29819893836975
1.3828277587890625e-05
2.5033950805664062e-05
8.48506212234497
6.3076090812683105
3.2901763916015625e-05
2.1696090698242188e-05
14.313925981521606
1.6689300537109375e-05
2.193450927734375e-05
7.168416976928711
3.361701965332031e-05
14.752840518951416
14.23200535774231
3.1948089599609375e-05
6.966954708099365
8.436591386795044
15.01274847984314
4.8160552978515625e-05
2.193450927734375e-05
7.063642501831055
13.984016418457031
1.5497207641601562e-05
7.169440031051636
14.239073038101196
3.5762786865234375e-05
4.124641418457031e-05
16.971587896347046
9.1552734375e-05
14.166569232940674
1.5497207641601562e-05
4.172325134277344e-05
14.094091415405273
6.977388620376587
6.996552228927612
1.4066696166992188e-05
14.183865785598755
1.1920928955078125e-05
21.322646617889404
21.13835096359253
13.741024494171143
0.00011491775512695312
3.5762786865234375e-05
3.0040740966796875e-05
1.5497207641601562e-05
20.933750867843628
1.4781951904296875e-05
8.094917297363281
2.6464462280273438e-05
7.138061285018921
1.6927719116210938e-05
7.026561498641968
3.981590270996094e-05
7.510847806930542
2.5272369384765625e-05
7.153883457183838
3.933906555175781e-05
7.346697568893433
21.382217168807983
8.50638461112976
13.976928472518921
8.262840270996094
7.081835746765137
14.016226053237915
4.506111145019531e-05
7.909971714019775
8.445271492004395
6.873531103134155
14.393664836883545
7.023584604263306
0.00010156631469726562
21.357024669647217
21.257391929626465
3.790855407714844e-05
5.364418029785156e-05
13.900853157043457
3.528594970703125e-05
1.7404556274414062e-05
3.2901763916015625e-05
14.920896530151367
6.9139838218688965
21.42186427116394
7.100646495819092
3.0517578125e-05
7.183448314666748
8.363500595092773
9.298324584960938e-06
2.6549551486968994
17.175766944885254
8.414258241653442
14.286058187484741
3.552436828613281e-05
3.337860107421875e-05
8.556534767150879
7.1273276805877686
9.584426879882812e-05
7.040254831314087
20.619202136993408
4.220008850097656e-05
21.40924572944641
2.265739917755127
21.491660594940186
3.4809112548828125e-05
3.075599670410156e-05
8.238361120223999
3.457069396972656e-05
3.814697265625e-05
2.6702880859375e-05
4.00543212890625e-05
6.544377088546753
1.4543533325195312e-05
0.00012826919555664062
13.963124752044678
7.10576319694519
8.263166904449463
6.921372890472412
21.002000093460083
0.00016236305236816406
1.9311904907226562e-05
6.985224485397339
14.601985216140747
8.4860999584198
7.0893237590789795
21.28025984764099
14.223322868347168
7.03996729850769
2.956390380859375e-05
8.373068571090698
2.6941299438476562e-05
14.135200023651123
3.123283386230469e-05
8.382492780685425
8.394114255905151
7.460031509399414
14.799511909484863
1.5735626220703125e-05
3.170967102050781e-05
14.125915288925171
4.0531158447265625e-05
3.409385681152344e-05
7.039867639541626
1.7642974853515625e-05
14.198561906814575
2.0742416381835938e-05
8.434340715408325
3.147125244140625e-05
9.584426879882812e-05
14.134425640106201
3.933906555175781e-05
3.504753112792969e-05
2.384185791015625e-05
7.129438400268555
1.5497207641601562e-05
22.27386164665222
2.574920654296875e-05
6.798218011856079
2.6226043701171875e-05
0.00010013580322265625
7.269282102584839
3.147125244140625e-05
1.8835067749023438e-05
4.410743713378906e-05
8.466082096099854
8.225191354751587
14.815339088439941
2.8371810913085938e-05
7.085783004760742
21.24491834640503
8.084161520004272
1.4066696166992188e-05
7.00341010093689
9.34600830078125e-05
6.985435485839844
2.7418136596679688e-05
1.9073486328125e-05
14.19209885597229
1.5497207641601562e-05
8.301430463790894
21.9080069065094
28.332748413085938
7.200337171554565
20.719135522842407
1.4781951904296875e-05
8.082389831542969e-05
3.647804260253906e-05
4.696846008300781e-05
7.049910306930542
29.409521102905273
22.016254901885986
22.04246497154236
14.330161094665527
2.8848648071289062e-05
14.829246997833252
1.3113021850585938e-05
7.031826019287109
8.082389831542969e-05
14.47579836845398
21.393646240234375
2.3139395713806152
3.266334533691406e-05
14.855178833007812
1.4781951904296875e-05
1.5974044799804688e-05
7.016484498977661
4.3392181396484375e-05
4.696846008300781e-05
7.0208210945129395
14.976459264755249
13.939202070236206
1.4066696166992188e-05
0.0001125335693359375
21.26587224006653
7.011199712753296
21.355355739593506
2.1696090698242188e-05
1.811981201171875e-05
17.162529230117798
6.833801507949829
20.601807117462158
4.839897155761719e-05
3.910064697265625e-05
14.963359355926514
7.103757858276367
3.337860107421875e-05
5.2928924560546875e-05
14.152087688446045
8.598038673400879
3.0040740966796875e-05
14.020071744918823
14.666500568389893
7.03236985206604
3.409385681152344e-05
13.848893880844116
14.39659833908081
8.400156736373901
3.4332275390625e-05
6.96907901763916
17.306129693984985
2.0503997802734375e-05
2.574920654296875e-05
2.5272369384765625e-05
2.0503997802734375e-05
1.6450881958007812e-05
7.1739256381988525
1.33514404296875e-05
1.6927719116210938e-05
2.09808349609375e-05
3.981590270996094e-05
3.790855407714844e-05
4.76837158203125e-05
3.0994415283203125e-05
4.3392181396484375e-05
7.219925880432129
1.4066696166992188e-05
9.298324584960938e-06
8.397720336914062
6.519881010055542
6.723403930664062e-05
6.978808403015137
1.430511474609375e-05
4.553794860839844e-05
4.863739013671875e-05
21.80061173439026
14.031702518463135
7.067261695861816
7.1133713722229
4.935264587402344e-05
14.386358737945557
3.0994415283203125e-05
2.2649765014648438e-05
7.05159330368042
1.2874603271484375e-05
6.594357967376709
14.913333892822266
14.626867771148682
2.7179718017578125e-05
8.561288118362427
2.1219253540039062e-05
7.019190073013306
3.337860107421875e-05
4.220008850097656e-05
4.0531158447265625e-05
4.029273986816406e-05
14.654642343521118
7.166222333908081
12.915830135345459
2.8371810913085938e-05
1.3589859008789062e-05
15.694560050964355
3.170967102050781e-05
3.814697265625e-05
2.5272369384765625e-05
2.2172927856445312e-05
3.075599670410156e-05
7.257053375244141
7.221640110015869
14.912378072738647
7.0480592250823975
7.033263921737671
1.7642974853515625e-05
14.303472518920898
1.8835067749023438e-05
3.2901763916015625e-05
14.57228422164917
6.470597267150879
1.9788742065429688e-05
8.351080894470215
1.5735626220703125e-05
3.695487976074219e-05
2.6226043701171875e-05
3.552436828613281e-05
6.815918207168579
1.4781951904296875e-05
4.7206878662109375e-05
5.125999450683594e-05
4.315376281738281e-05
3.337860107421875e-05
7.053272485733032
6.977283000946045
7.936646461486816
14.103124380111694
7.049450874328613
13.562749147415161
2.7179718017578125e-05
2.574920654296875e-05
14.137809753417969
1.239776611328125e-05
29.621076107025146
16.77315354347229
8.350768566131592
2.3126602172851562e-05
7.124131441116333
1.9788742065429688e-05
3.600120544433594e-05
13.91692590713501
1.52587890625e-05
1.4543533325195312e-05
1.9073486328125e-05
3.600120544433594e-05
2.8371810913085938e-05
29.246601104736328
15.31586480140686
14.14297866821289
4.887580871582031e-05
7.935775279998779
3.3855438232421875e-05
7.018382787704468
14.816545248031616
21.249315977096558
17.584396362304688
4.029273986816406e-05
17.208576440811157
14.134688377380371
3.4332275390625e-05
21.632568836212158
14.28799819946289
14.864192485809326
22.949167728424072
21.060184240341187
6.959277868270874
1.8358230590820312e-05
2.6941299438476562e-05
17.17963218688965
13.937969207763672
7.078265190124512
2.1696090698242188e-05
14.582038640975952
22.125629425048828
14.184610605239868
4.649162292480469e-05
6.965627908706665
15.592239618301392
14.933672904968262
8.274525880813599
3.337860107421875e-05
1.9311904907226562e-05
1.0251998901367188e-05
6.9631428718566895
3.147125244140625e-05
4.172325134277344e-05
6.997133255004883
1.4066696166992188e-05
2.6941299438476562e-05
8.370366096496582
8.58306884765625e-05
14.147170782089233
1.3589859008789062e-05
6.96990966796875
22.44138264656067
16.4468514919281
1.52587890625e-05
1.3113021850585938e-05
13.962803602218628
0.00010061264038085938
7.653236389160156e-05
1.5497207641601562e-05
4.4345855712890625e-05
2.6702880859375e-05
8.353196382522583
14.346307754516602
8.383179903030396
2.5987625122070312e-05
6.235457420349121
14.73675799369812
6.987322092056274
5.054473876953125e-05
6.437301635742188e-05
4.172325134277344e-05
14.310642719268799
21.609017610549927
1.4781951904296875e-05
7.0697362422943115
2.09808349609375e-05
8.428322076797485
7.274214029312134
1.71661376953125e-05
2.2172927856445312e-05
1.4066696166992188e-05
8.655683517456055
0.00010085105895996094
3.4809112548828125e-05
7.03202223777771
4.3392181396484375e-05
1.7404556274414062e-05
34.4678156375885
9.465217590332031e-05
17.023938417434692
2.2411346435546875e-05
3.409385681152344e-05
6.9174580574035645
6.46407151222229
7.014596223831177
7.03130316734314
1.239776611328125e-05
2.3365020751953125e-05
17.200811624526978
7.036660432815552
27.8043155670166
3.0994415283203125e-05
1.8358230590820312e-05
7.024238348007202
7.110122919082642
8.475579023361206
21.63766312599182
22.406022548675537
2.1219253540039062e-05
1.5020370483398438e-05
8.447992086410522
5.602836608886719e-05
7.338688135147095
7.6565399169921875
1.52587890625e-05
4.38690185546875e-05
8.610545873641968
4.1961669921875e-05
21.341520071029663
14.019543170928955
8.845329284667969e-05
8.466829061508179
1.5735626220703125e-05
1.7642974853515625e-05
4.363059997558594e-05
8.702278137207031e-05
7.035619020462036
1.3113021850585938e-05
16.998910665512085
14.440526247024536
7.107760906219482
2.6941299438476562e-05
3.504753112792969e-05
7.230464935302734
3.933906555175781e-05
3.62396240234375e-05
7.305461406707764
8.438061475753784
22.128679990768433
3.838539123535156e-05
2.8371810913085938e-05
4.124641418457031e-05
1.1444091796875e-05
1.1682510375976562e-05
6.994076728820801
14.840365886688232
4.482269287109375e-05
6.440499544143677
8.4374098777771
14.994186639785767
1.621246337890625e-05
2.657252550125122
6.856618642807007
17.817862510681152
2.3365020751953125e-05
14.537256956100464
14.329026222229004
3.62396240234375e-05
6.54989767074585
2.6464462280273438e-05
1.6450881958007812e-05
2.0503997802734375e-05
21.613377332687378
3.981590270996094e-05
22.271133184432983
8.353872537612915
6.685485601425171
1.4543533325195312e-05
1.7881393432617188e-05
1.33514404296875e-05
6.9628682136535645
6.561555862426758
7.009402751922607
7.002674102783203
22.397373914718628
21.53553819656372
29.285348176956177
1.811981201171875e-05
4.38690185546875e-05
4.792213439941406e-05
3.314018249511719e-05
3.5762786865234375e-05
14.020167827606201
8.153562307357788
14.271960973739624
22.34217119216919
1.33514404296875e-05
7.516481399536133
22.500081777572632
1.621246337890625e-05
3.4332275390625e-05
9.036064147949219e-05
20.774373531341553
2.2172927856445312e-05
1.811981201171875e-05
7.1064276695251465
7.030492544174194
6.835198879241943
2.5987625122070312e-05
6.8769471645355225
7.031887531280518
1.4781951904296875e-05
2.6941299438476562e-05
4.8160552978515625e-05
7.128530979156494
22.47825336456299
13.74892520904541
3.886222839355469e-05
13.979560375213623
7.024698495864868
15.923961877822876
2.09808349609375e-05
14.956531286239624
7.1935248374938965
0.0004425048828125
4.100799560546875e-05
9.655952453613281e-05
3.552436828613281e-05
21.84716486930847
20.447561264038086
8.420581340789795
3.552436828613281e-05
3.3855438232421875e-05
2.9087066650390625e-05
20.016563177108765
14.286930322647095
9.441375732421875e-05
21.559624195098877
3.504753112792969e-05
6.975076913833618
1.6927719116210938e-05
28.797006607055664
6.6433632373809814
1.5497207641601562e-05
7.3700714111328125
22.07832956314087
7.122148036956787
15.43947696685791
7.0220136642456055
1.4543533325195312e-05
2.384185791015625e-05
7.005936145782471
6.961679697036743
1.52587890625e-05
19.681575775146484
6.65554404258728
2.7001001834869385
7.003098249435425
13.753197431564331
6.987684488296509
2.5987625122070312e-05
9.119909048080444
7.25865912437439
3.075599670410156e-05
3.8623809814453125e-05
3.218650817871094e-05
6.904517412185669
6.570630788803101
9.012222290039062e-05
2.1696090698242188e-05
14.256335973739624
6.103515625e-05
2.6464462280273438e-05
18.179999589920044
28.49913501739502
13.894078969955444
5.888938903808594e-05
6.68502140045166
6.822098970413208
6.609509706497192
2.0265579223632812e-05
6.597064733505249
1.5497207641601562e-05
22.400131702423096
3.337860107421875e-05
15.899485111236572
6.987864017486572
6.320596218109131
3.838539123535156e-05
7.932569742202759
4.601478576660156e-05
13.565053939819336
7.970226287841797
26.91140055656433
7.894112825393677
3.123283386230469e-05
4.220008850097656e-05
8.311623096466064
14.6859290599823
7.110185384750366
6.90317177772522
14.458088397979736
13.558959245681763
6.62537145614624
9.775161743164062e-05
3.552436828613281e-05
6.633385419845581
2.956390380859375e-05
13.697915077209473
7.6663243770599365
7.142964839935303
6.273444890975952
6.858669996261597
20.8613760471344
15.968302488327026
2.0503997802734375e-05
6.692020654678345
7.730783462524414
14.088984251022339
13.314848184585571
6.017646312713623
3.123283386230469e-05
22.92184805870056
2.1457672119140625e-05
6.885185480117798
13.744544982910156
14.373498916625977
21.180232286453247
1.4066696166992188e-05
2.4863648414611816
3.910064697265625e-05
1.4543533325195312e-05
6.6696202754974365
1.3828277587890625e-05
1.4543533325195312e-05
7.460778474807739
3.886222839355469e-05
3.504753112792969e-05
2.86102294921875e-05
7.39702582359314
6.814829349517822
1.52587890625e-05
2.7894973754882812e-05
3.1948089599609375e-05
5.9604644775390625e-05
5.316734313964844e-05
15.204845666885376
7.870729923248291
28.099963188171387
3.170967102050781e-05
2.6464462280273438e-05
6.700338125228882
1.5974044799804688e-05
2.1696090698242188e-05
2.4080276489257812e-05
2.0742416381835938e-05
1.52587890625e-05
13.428467273712158
13.211503982543945
5.650520324707031e-05
110.1783390045166
5.817413330078125e-05
117.37849855422974
4.649162292480469e-05
13.594353675842285
32.51831936836243
5.53131103515625e-05
87.32846903800964
12.52229928970337
9.846130847930908
4.220008850097656e-05
121.93650007247925
4.1961669921875e-05
5.435943603515625e-05
91.05671715736389
4.410743713378906e-05
27.91775608062744
113.22056269645691
11.017441272735596
4.696846008300781e-05
6.127357482910156e-05
34.80216336250305
5.459565162658691
35.382895708084106
4.5299530029296875e-05
5.14984130859375e-05
10.936616897583008
9.122389554977417
10.936525344848633
43.69823169708252
38.083014488220215
3.457069396972656e-05
25.201439142227173
4.124641418457031e-05
70.82805299758911
2.86102294921875e-05
3.314018249511719e-05
33.33081245422363
98.14485764503479
39.06625294685364
5.0067901611328125e-05
8.744268894195557
3.719329833984375e-05
39.519264221191406
11.982417583465576
91.71631836891174
4.029273986816406e-05
3.9577484130859375e-05
97.19527220726013
3.552436828613281e-05
133.82878994941711
24.17031168937683
15.510997295379639
4.57763671875e-05
4.076957702636719e-05
71.77558922767639
44.56122660636902
4.482269287109375e-05
74.55574941635132
45.15863394737244
69.16388869285583
3.981590270996094e-05
6.29425048828125e-05
5.602836608886719e-05
113.22401666641235
13.345213413238525
41.012803077697754
30.760149002075195
4.267692565917969e-05
149.20138788223267
3.981590270996094e-05
3.9577484130859375e-05
4.410743713378906e-05
4.601478576660156e-05
52.486117362976074
4.076957702636719e-05
40.32841491699219
12.24484133720398
7.700920104980469e-05
46.40643000602722
4.220008850097656e-05
4.363059997558594e-05
24.631686687469482
11.372196435928345
4.029273986816406e-05
142.5255308151245
4.220008850097656e-05
12.933233499526978
75.30590605735779
3.4809112548828125e-05
5.316734313964844e-05
3.910064697265625e-05
47.62290978431702
44.437222480773926
4.291534423828125e-05
56.19674730300903
32.51300668716431
5.91278076171875e-05
25.250392198562622
9.600592851638794
13.619488954544067
71.54469108581543
2.6464462280273438e-05
3.910064697265625e-05
5.888938903808594e-05
54.62338876724243
13.121305465698242
11.734588861465454
9.31738805770874
2.9087066650390625e-05
11.89873719215393
5.221366882324219e-05
5.507469177246094e-05
14.970757484436035
4.315376281738281e-05
5.57848334312439
13.09865140914917
48.053426027297974
81.87885904312134
11.71318244934082
52.929792165756226
0.0003383159637451172
4.076957702636719e-05
3.886222839355469e-05
34.58010387420654
6.794929504394531e-05
2.8848648071289062e-05
5.269050598144531e-05
124.88224506378174
3.790855407714844e-05
104.85813522338867
3.647804260253906e-05
4.2438507080078125e-05
111.76417517662048
7.891654968261719e-05
57.19191527366638
32.191765546798706
5.602836608886719e-05
97.8110179901123
21.559351921081543
67.83965253829956
4.0531158447265625e-05
4.124641418457031e-05
72.06035208702087
4.076957702636719e-05
60.354236364364624
4.315376281738281e-05
3.24249267578125e-05
135.74486231803894
4.100799560546875e-05
4.1961669921875e-05
43.09144878387451
5.245208740234375e-05
150.68950271606445
4.291534423828125e-05
14.201929330825806
15.013981819152832
4.38690185546875e-05
4.9591064453125e-05
3.1948089599609375e-05
6.008148193359375e-05
3.4332275390625e-05
29.337217807769775
4.172325134277344e-05
11.271716117858887
5.507469177246094e-05
4.315376281738281e-05
10.53978943824768
5.53131103515625e-05
4.00543212890625e-05
4.00543212890625e-05
4.267692565917969e-05
5.626678466796875e-05
3.981590270996094e-05
42.963255167007446
2.8133392333984375e-05
4.029273986816406e-05
25.135138988494873
4.124641418457031e-05
4.172325134277344e-05
4.029273986816406e-05
4.76837158203125e-05
2.7418136596679688e-05
3.147125244140625e-05
7.557868957519531e-05
124.74318957328796
99.43735694885254
55.7908148765564
24.33245325088501
11.93446683883667
5.316734313964844e-05
137.01650595664978
3.8623809814453125e-05
3.170967102050781e-05
4.220008850097656e-05
5.793571472167969e-05
74.18632578849792
13.002109050750732
4.267692565917969e-05
4.220008850097656e-05
4.100799560546875e-05
10.240369319915771
5.555152893066406e-05
3.647804260253906e-05
13.604779958724976
75.65451717376709
4.029273986816406e-05
59.6868577003479
144.36016964912415
5.364418029785156e-05
18.483117818832397
4.1484832763671875e-05
12.519282102584839
13.045464992523193
11.088118314743042
4.076957702636719e-05
10.970929145812988
4.38690185546875e-05
30.68775701522827
13.407103061676025
4.1961669921875e-05
191.43529534339905
10.430181741714478
32.43834614753723
5.125999450683594e-05
14.028682947158813
46.84890031814575
4.076957702636719e-05
63.06350326538086
7.43865966796875e-05
29.19245457649231
4.267692565917969e-05
4.553794860839844e-05
95.94422006607056
4.076957702636719e-05
52.12479114532471
23.529712200164795
57.32320284843445
7.677078247070312e-05
77.39961695671082
48.842129707336426
3.9577484130859375e-05
55.91802787780762
66.99719572067261
80.88235640525818
14.559092998504639
10.87908148765564
183.81897068023682
4.124641418457031e-05
10.019778490066528
64.37097024917603
12.460217714309692
50.73989391326904
7.724761962890625e-05
30.157155990600586
11.301243782043457
73.3894395828247
3.886222839355469e-05
5.841255187988281e-05
11.832953214645386
61.97852063179016
5.052086114883423
3.933906555175781e-05
57.80817222595215
3.886222839355469e-05
5.7697296142578125e-05
5.430337905883789
10.195617198944092
3.910064697265625e-05
54.81527614593506
45.97425556182861
3.886222839355469e-05
42.06235933303833
29.45984411239624
139.14424109458923
34.103617429733276
4.7206878662109375e-05
28.394547939300537
12.772624492645264
3.552436828613281e-05
4.124641418457031e-05
12.355449199676514
35.02628803253174
14.080190658569336
12.165367364883423
4.076957702636719e-05
4.124641418457031e-05
30.887853860855103
29.309781074523926
4.124641418457031e-05
112.5364179611206
4.4345855712890625e-05
20.95235848426819
2.6464462280273438e-05
3.4809112548828125e-05
131.0561807155609
12.69709062576294
4.220008850097656e-05
23.991501808166504
13.346068859100342
125.27678394317627
86.53030443191528
9.156625986099243
11.155314207077026
4.792213439941406e-05
39.12089467048645
9.787059307098389
3.361701965332031e-05
123.46014046669006
13.659770488739014
6.127357482910156e-05
4.839897155761719e-05
4.410743713378906e-05
166.08255648612976
3.409385681152344e-05
4.1484832763671875e-05
25.20812463760376
9.16853952407837
4.363059997558594e-05
4.172325134277344e-05
39.555280923843384
2.8133392333984375e-05
3.743171691894531e-05
20.196402072906494
4.267692565917969e-05
94.799809217453
41.308714866638184
4.649162292480469e-05
10.763583183288574
27.50233030319214
47.52317714691162
5.245208740234375e-05
4.172325134277344e-05
12.860353231430054
55.009790658950806
3.2901763916015625e-05
31.270405769348145
99.43683671951294
3.9577484130859375e-05
4.315376281738281e-05
50.94969034194946
4.935264587402344e-05
51.03916692733765
4.00543212890625e-05
4.172325134277344e-05
60.18072748184204
12.226764440536499
12.574090957641602
4.601478576660156e-05
46.18133044242859
4.410743713378906e-05
100.52456569671631
115.28497385978699
68.03068113327026
4.935264587402344e-05
4.8160552978515625e-05
2.9325485229492188e-05
4.220008850097656e-05
84.9443199634552
4.076957702636719e-05
24.451632261276245
4.839897155761719e-05
38.68430423736572
2.765655517578125e-05
10.384588956832886
3.075599670410156e-05
48.787102937698364
4.410743713378906e-05
39.140665769577026
4.482269287109375e-05
41.70176649093628
120.31274151802063
26.796865701675415
49.47118639945984
9.796040058135986
8.798929214477539
34.8105685710907
2.4318695068359375e-05
25.49181890487671
13.087730646133423
9.849559545516968
32.84296178817749
21.229039192199707
4.6253204345703125e-05
118.5358247756958
68.66393995285034
3.838539123535156e-05
4.076957702636719e-05
34.97190570831299
7.319450378417969e-05
4.029273986816406e-05
3.790855407714844e-05
51.34648299217224
13.911668062210083
119.88612818717957
8.996103048324585
2.3365020751953125e-05
9.317808389663696
28.470600843429565
6.937980651855469e-05
4.435277938842773
63.00009727478027
22.494547843933105
64.95017886161804
4.553794860839844e-05
4.267692565917969e-05
26.33571720123291
10.270749807357788
3.528594970703125e-05
10.915961503982544
116.25878834724426
4.458427429199219e-05
88.96972227096558
4.030336141586304
90.78310513496399
3.409385681152344e-05
3.7670135498046875e-05
10.313284873962402
3.695487976074219e-05
2.6702880859375e-05
4.1484832763671875e-05
3.600120544433594e-05
10.62908411026001
5.9604644775390625e-05
5.1021575927734375e-05
41.713184118270874
55.44855833053589
13.353814125061035
9.852416515350342
108.83643388748169
5.53131103515625e-05
3.719329833984375e-05
8.574039697647095
70.35854697227478
36.20925426483154
11.290253400802612
64.31034445762634
26.611528158187866
8.903455257415771
4.839897155761719e-05
13.343475103378296
6.0558319091796875e-05
71.56388521194458
7.843971252441406e-05
11.205601453781128
28.147658824920654
19.26524257659912
62.920406103134155
6.222724914550781e-05
4.744529724121094e-05
37.44137954711914
3.457069396972656e-05
3.600120544433594e-05
10.184791564941406
2.7418136596679688e-05
67.54005527496338
3.981590270996094e-05
11.014330387115479
4.076957702636719e-05
2.09808349609375e-05
19.605486154556274
2.6464462280273438e-05
4.100799560546875e-05
3.24249267578125e-05
10.058807849884033
4.887580871582031e-05
128.36881470680237
4.220008850097656e-05
12.325821876525879
4.8160552978515625e-05
4.482269287109375e-05
10.290093421936035
3.743171691894531e-05
4.839897155761719e-05
6.0558319091796875e-05
25.7692391872406
10.535537242889404
50.51449751853943
4.2438507080078125e-05
12.014764070510864
100.47745823860168
17.358522415161133
3.170967102050781e-05
12.10500192642212
3.266334533691406e-05
10.231660604476929
3.24249267578125e-05
4.6253204345703125e-05
23.09862756729126
3.314018249511719e-05
26.20237374305725
96.01280546188354
143.38459300994873
8.323750019073486
81.68973159790039
3.0517578125e-05
2.5987625122070312e-05
4.1961669921875e-05
4.172325134277344e-05
10.707806825637817
136.6209020614624
72.38691401481628
86.56362271308899
79.34909057617188
5.626678466796875e-05
86.46715474128723
3.337860107421875e-05
8.428845882415771
4.839897155761719e-05
35.71745824813843
123.41366791725159
8.26977252960205
6.914138793945312e-05
82.79629039764404
3.361701965332031e-05
2.956390380859375e-05
8.697316408157349
3.5762786865234375e-05
3.218650817871094e-05
12.381652593612671
77.52746677398682
46.93906235694885
3.2901763916015625e-05
4.0531158447265625e-05
115.4686713218689
8.897216081619263
80.12565922737122
3.4809112548828125e-05
4.792213439941406e-05
31.44600248336792
8.500835657119751
99.73863458633423
3.62396240234375e-05
2.5272369384765625e-05
56.16449332237244
8.46606993675232
3.266334533691406e-05
2.288818359375e-05
51.97636556625366
24.108930826187134
4.8160552978515625e-05
54.98318862915039
54.56965661048889
8.319232702255249
1.7881393432617188e-05
64.02515864372253
57.04942607879639
21.281785488128662
4.57763671875e-05
17.168818712234497
22.196454524993896
3.0279159545898438e-05
2.5510787963867188e-05
4.172325134277344e-05
4.076957702636719e-05
4.410743713378906e-05
42.363089084625244
4.1484832763671875e-05
3.790855407714844e-05
2.5033950805664062e-05
3.9577484130859375e-05
4.1484832763671875e-05
4.38690185546875e-05
2.956390380859375e-05
2.8133392333984375e-05
45.05358052253723
3.552436828613281e-05
3.743171691894531e-05
12.886461973190308
9.059798955917358
3.5762786865234375e-05
10.62455677986145
4.1484832763671875e-05
2.574920654296875e-05
3.9577484130859375e-05
67.00855493545532
44.233155727386475
8.456999063491821
27.39060950279236
2.8371810913085938e-05
44.05580806732178
4.1484832763671875e-05
3.62396240234375e-05
9.737850189208984
3.981590270996094e-05
8.041029930114746
77.80298066139221
76.58927726745605
3.24249267578125e-05
21.866724967956543
3.62396240234375e-05
8.654822587966919
4.5299530029296875e-05
3.600120544433594e-05
2.9802322387695312e-05
4.363059997558594e-05
48.2240891456604
9.14195990562439
17.8355929851532
1.9550323486328125e-05
3.838539123535156e-05
70.04790234565735
3.695487976074219e-05
3.719329833984375e-05
3.1948089599609375e-05
3.3855438232421875e-05
2.7418136596679688e-05
9.089840650558472
29.64063000679016
40.69080305099487
8.746023178100586
8.559720754623413
2.0503997802734375e-05
52.887630462646484
4.649162292480469e-05
4.029273986816406e-05
78.50369906425476
8.242218255996704
6.437301635742188e-05
42.26527738571167
3.266334533691406e-05
1.3589859008789062e-05
3.790855407714844e-05
3.981590270996094e-05
17.05833888053894
4.57763671875e-05
4.0531158447265625e-05
4.100799560546875e-05
4.363059997558594e-05
3.170967102050781e-05
8.946659564971924
9.391514778137207
18.18682622909546
61.81784272193909
25.980706691741943
58.174633264541626
3.24249267578125e-05
3.743171691894531e-05
42.91477012634277
4.38690185546875e-05
128.49942421913147
49.51753568649292
45.840919494628906
2.6941299438476562e-05
27.574623823165894
3.838539123535156e-05
4.076957702636719e-05
62.73582220077515
2.574920654296875e-05
3.4332275390625e-05
2.574920654296875e-05
4.100799560546875e-05
4.38690185546875e-05
126.05172824859619
72.11898231506348
53.64554262161255
4.1484832763671875e-05
9.71765685081482
4.100799560546875e-05
10.122223377227783
37.49930453300476
96.4292140007019
20.752084255218506
3.910064697265625e-05
50.62596106529236
61.6727409362793
3.6716461181640625e-05
102.85286569595337
53.36429047584534
71.12953209877014
98.45520210266113
68.31992387771606
27.918263912200928
3.314018249511719e-05
4.935264587402344e-05
21.355940580368042
59.34693956375122
8.933873176574707
2.47955322265625e-05
57.445976972579956
82.30699443817139
34.01646637916565
5.698204040527344e-05
24.292762994766235
28.34639573097229
66.77626705169678
20.71410894393921
4.57763671875e-05
4.863739013671875e-05
2.7418136596679688e-05
42.373039960861206
3.910064697265625e-05
5.078315734863281e-05
9.144627094268799
3.218650817871094e-05
4.601478576660156e-05
20.854925870895386
4.673004150390625e-05
63.48689365386963
1.9073486328125e-05
9.077807903289795
74.15467500686646
41.22303819656372
3.814697265625e-05
3.790855407714844e-05
49.50286149978638
1.621246337890625e-05
2.384185791015625e-05
3.933906555175781e-05
3.9577484130859375e-05
4.1484832763671875e-05
31.427144289016724
34.57407546043396
42.73125982284546
3.838539123535156e-05
17.6084406375885
70.17714977264404
8.325225591659546
3.3855438232421875e-05
4.363059997558594e-05
2.4080276489257812e-05
28.023359537124634
97.11187100410461
9.5367431640625e-05
8.26886773109436
3.886222839355469e-05
9.97041392326355
8.9663667678833
2.8371810913085938e-05
4.410743713378906e-05
4.601478576660156e-05
31.91610622406006
4.00543212890625e-05
3.6716461181640625e-05
9.352956771850586
3.3855438232421875e-05
3.814697265625e-05
156.38764214515686
2.5033950805664062e-05
27.893048763275146
1.4781951904296875e-05
2.5272369384765625e-05
8.530525207519531
8.232089519500732
8.634097337722778
8.619391679763794
3.719329833984375e-05
3.5762786865234375e-05
44.08304524421692
8.800598859786987
106.18321800231934
2.9087066650390625e-05
3.24249267578125e-05
7.674697399139404
29.888197898864746
10.478811979293823
96.57799315452576
60.61756229400635
4.00543212890625e-05
4.673004150390625e-05
9.223964929580688
4.1961669921875e-05
8.653796434402466
27.134413719177246
4.220008850097656e-05
3.5762786865234375e-05
20.7429301738739
4.1961669921875e-05
67.79599499702454
42.785080432891846
3.814697265625e-05
20.836719512939453
3.4332275390625e-05
2.8133392333984375e-05
4.315376281738281e-05
4.100799560546875e-05
8.593247175216675
2.7418136596679688e-05
21.674465656280518
36.3495934009552
8.872551441192627
3.361701965332031e-05
4.863739013671875e-05
8.656966209411621
4.1484832763671875e-05
4.601478576660156e-05
26.311055898666382
33.32927179336548
94.82335472106934
2.9325485229492188e-05
2.7894973754882812e-05
3.528594970703125e-05
3.9577484130859375e-05
4.315376281738281e-05
8.56387734413147
46.54406428337097
3.3855438232421875e-05
8.00278639793396
20.74754023551941
89.96956634521484
3.504753112792969e-05
3.1078479290008545
7.886960029602051
18.949510097503662
2.574920654296875e-05
44.96868920326233
83.0375349521637
4.5299530029296875e-05
16.21273708343506
2.9087066650390625e-05
2.0742416381835938e-05
3.62396240234375e-05
98.97990894317627
1.4543533325195312e-05
84.74160361289978
34.514382123947144
8.511949300765991
3.4809112548828125e-05
0.0001881122589111328
3.886222839355469e-05
8.665619850158691
8.631438493728638
8.474838256835938
8.59237265586853
72.02600383758545
66.7865092754364
134.62246894836426
3.719329833984375e-05
2.9087066650390625e-05
2.9325485229492188e-05
4.0531158447265625e-05
2.9087066650390625e-05
42.04539370536804
18.567548990249634
57.50916624069214
76.31436419487
3.314018249511719e-05
32.72301697731018
62.703606605529785
3.886222839355469e-05
5.221366882324219e-05
4.506111145019531e-05
79.78283166885376
4.601478576660156e-05
3.62396240234375e-05
24.29202628135681
8.417625665664673
8.692206621170044
2.9802322387695312e-05
8.235135078430176
8.322105407714844
3.838539123535156e-05
4.863739013671875e-05
2.2649765014648438e-05
25.86880660057068
118.84957814216614
35.14897799491882
3.886222839355469e-05
23.890889644622803
9.77383542060852
41.3460488319397
2.9087066650390625e-05
35.15468454360962
7.9507622718811035
4.1961669921875e-05
3.409385681152344e-05
3.4809112548828125e-05
3.0279159545898438e-05
96.62125253677368
52.5408399105072
8.392176628112793
2.0742416381835938e-05
2.09808349609375e-05
4.839897155761719e-05
72.40515470504761
47.380619049072266
3.743171691894531e-05
64.59553003311157
4.124641418457031e-05
9.591240644454956
4.00543212890625e-05
113.19463729858398
7.213926792144775
3.147125244140625e-05
14.993517875671387
109.24431848526001
29.815535068511963
73.33473801612854
8.576758623123169
4.029273986816406e-05
4.124641418457031e-05
26.57073473930359
36.42456674575806
3.0994415283203125e-05
73.29067420959473
8.363844156265259
3.2895243167877197
8.827749729156494
49.03575921058655
7.737726449966431
2.8371810913085938e-05
17.124695301055908
9.028079748153687
3.0994415283203125e-05
3.3855438232421875e-05
4.696846008300781e-05
8.531198024749756
10.422379732131958
4.267692565917969e-05
2.384185791015625e-05
61.19922208786011
2.4557113647460938e-05
2.4318695068359375e-05
56.09828042984009
119.94340872764587
51.80924391746521
2.4080276489257812e-05
8.389910221099854
8.55142855644226
8.3829927444458
2.1219253540039062e-05
8.4986891746521
3.5762786865234375e-05
70.40676975250244
4.8160552978515625e-05
56.21651077270508
28.253685235977173
6.4968202114105225
1.3828277587890625e-05
9.008652448654175
2.8848648071289062e-05
59.52557039260864
8.172096967697144
123.15926551818848
20.40098261833191
3.838539123535156e-05
3.3855438232421875e-05
9.948555707931519
41.114036560058594
8.165207624435425
7.710672616958618
49.12299108505249
42.77150845527649
8.578986883163452
4.100799560546875e-05
3.600120544433594e-05
8.49290132522583
1.8596649169921875e-05
24.345688819885254
8.1530601978302
16.4636971950531
14.935528755187988
8.290034055709839
96.07192802429199
17.009480714797974
3.0279159545898438e-05
22.485454082489014
9.957646131515503
53.617270708084106
45.26131510734558
13.001498937606812
3.6716461181640625e-05
71.61399173736572
3.3855438232421875e-05
8.329394817352295
73.76540517807007
21.060351133346558
72.87048959732056
4.291534423828125e-05
3.351440668106079
4.744529724121094e-05
4.410743713378906e-05
8.258885145187378
4.124641418457031e-05
4.839897155761719e-05
8.699803113937378
3.7670135498046875e-05
4.506111145019531e-05
3.552436828613281e-05
8.414535284042358
8.92907977104187
2.1219253540039062e-05
3.62396240234375e-05
3.910064697265625e-05
5.125999450683594e-05
3.147125244140625e-05
16.981120824813843
23.843014240264893
139.35782957077026
3.5762786865234375e-05
3.170967102050781e-05
8.357484340667725
3.695487976074219e-05
3.695487976074219e-05
3.695487976074219e-05
3.0994415283203125e-05
4.315376281738281e-05
32.784990072250366
37.45264172554016
