7.677078247070312e-05
262.6650867462158
5.316734313964844e-05
59.10046672821045
5.3882598876953125e-05
6.312319993972778
206.79988837242126
5.125999450683594e-05
28.087728261947632
48.42122173309326
79.43266987800598
5.14984130859375e-05
31.762420654296875
5.340576171875e-05
5.2928924560546875e-05
20.068806409835815
5.221366882324219e-05
145.14330005645752
175.54189705848694
84.72623467445374
5.364418029785156e-05
4.935264587402344e-05
48.39362907409668
6.344894886016846
72.55840921401978
6.651878356933594e-05
5.8650970458984375e-05
6.457557439804077
6.416082382202148
6.511161804199219
104.9674506187439
66.70558667182922
5.054473876953125e-05
187.3420627117157
4.9114227294921875e-05
40.43805003166199
5.1975250244140625e-05
5.125999450683594e-05
293.9750895500183
19.985690116882324
84.13591861724854
5.14984130859375e-05
90.14050149917603
6.127357482910156e-05
260.10404419898987
60.75023031234741
36.369874238967896
6.246566772460938e-05
5.1975250244140625e-05
69.84917378425598
6.222724914550781e-05
39.13829565048218
187.81288886070251
182.74026799201965
5.412101745605469e-05
5.340576171875e-05
38.117130517959595
329.521671295166
5.245208740234375e-05
39.970635652542114
243.02383089065552
39.25582003593445
5.125999450683594e-05
5.078315734863281e-05
4.982948303222656e-05
58.558133602142334
4.6269471645355225
39.21285319328308
187.90399193763733
5.269050598144531e-05
58.71261477470398
5.078315734863281e-05
4.9114227294921875e-05
4.982948303222656e-05
5.0067901611328125e-05
3.9001190662384033
6.461143493652344e-05
281.7527139186859
177.9999647140503
5.054473876953125e-05
40.20603632926941
5.054473876953125e-05
4.982948303222656e-05
249.9690420627594
6.324735403060913
5.125999450683594e-05
260.8925919532776
5.054473876953125e-05
6.2791407108306885
39.60208535194397
5.1975250244140625e-05
4.553794860839844e-05
4.887580871582031e-05
19.632982969284058
34.58043837547302
5.3882598876953125e-05
80.55946660041809
85.02600073814392
4.506111145019531e-05
272.4747939109802
6.41566801071167
6.328428745269775
39.92633056640625
6.246566772460938e-05
5.364418029785156e-05
5.173683166503906e-05
20.033024311065674
85.27881813049316
6.388089895248413
86.76581621170044
4.9114227294921875e-05
6.489844799041748
5.1021575927734375e-05
5.364418029785156e-05
64.86474370956421
5.173683166503906e-05
84.50641345977783
198.94911456108093
289.14795780181885
442.8100447654724
86.25320196151733
20.01822590827942
5.364418029785156e-05
4.4345855712890625e-05
5.173683166503906e-05
252.32426476478577
6.651878356933594e-05
4.1484832763671875e-05
5.1021575927734375e-05
384.8776717185974
5.412101745605469e-05
60.09882926940918
5.1975250244140625e-05
5.1975250244140625e-05
181.87320804595947
5.507469177246094e-05
40.03487777709961
19.641366720199585
3.600120544433594e-05
281.30125617980957
52.192448139190674
20.023348808288574
5.054473876953125e-05
5.245208740234375e-05
230.50103425979614
5.2928924560546875e-05
19.928677558898926
5.078315734863281e-05
6.079673767089844e-05
325.9974102973938
6.890296936035156e-05
5.602836608886719e-05
19.76754641532898
9.584426879882812e-05
59.6838436126709
4.935264587402344e-05
6.430701971054077
223.4177143573761
4.1484832763671875e-05
4.220008850097656e-05
5.269050598144531e-05
5.245208740234375e-05
5.030632019042969e-05
327.2754671573639
5.364418029785156e-05
6.487347602844238
5.125999450683594e-05
5.14984130859375e-05
6.500509738922119
5.412101745605469e-05
5.125999450683594e-05
5.221366882324219e-05
5.173683166503906e-05
5.245208740234375e-05
5.1975250244140625e-05
13.701961755752563
6.699562072753906e-05
5.078315734863281e-05
160.54277086257935
5.7220458984375e-05
4.7206878662109375e-05
4.9591064453125e-05
5.054473876953125e-05
5.221366882324219e-05
5.030632019042969e-05
5.0067901611328125e-05
39.13614320755005
39.604323863983154
39.66171598434448
150.82230019569397
6.3337626457214355
4.839897155761719e-05
58.35146927833557
5.173683166503906e-05
5.173683166503906e-05
5.173683166503906e-05
4.935264587402344e-05
30.538541555404663
75.65584564208984
5.125999450683594e-05
6.246566772460938e-05
6.842613220214844e-05
6.184744119644165
4.863739013671875e-05
4.9591064453125e-05
6.336215257644653
6.375381708145142
4.863739013671875e-05
39.567323446273804
39.24214172363281
4.0531158447265625e-05
174.08789157867432
5.14984130859375e-05
189.37377166748047
83.86625051498413
186.53974270820618
4.887580871582031e-05
6.438324928283691
4.982948303222656e-05
20.137144327163696
6.464370250701904
5.745887756347656e-05
40.377126693725586
88.51780152320862
83.21609830856323
5.555152893066406e-05
80.30896067619324
20.14534282684326
5.245208740234375e-05
24.509223222732544
4.601478576660156e-05
194.05251717567444
5.1021575927734375e-05
5.1975250244140625e-05
40.96301889419556
5.221366882324219e-05
40.510507345199585
210.07970356941223
40.05227708816528
5.2928924560546875e-05
40.158430099487305
39.8637900352478
5.054473876953125e-05
15.922781229019165
456.96537947654724
80.37290740013123
49.42751622200012
6.342757225036621
287.51143288612366
5.245208740234375e-05
55.059380292892456
471.9097819328308
174.66711163520813
40.09470510482788
5.221366882324219e-05
261.233699798584
73.1938636302948
12.22435474395752
5.173683166503906e-05
3.8623809814453125e-05
6.434457778930664
40.22714591026306
84.2409303188324
5.1021575927734375e-05
31.69123148918152
4.0531158447265625e-05
4.172325134277344e-05
6.411389112472534
6.376979351043701
4.792213439941406e-05
210.80528855323792
39.87352657318115
5.2928924560546875e-05
40.034879207611084
248.10534811019897
198.36722135543823
295.56362414360046
4.410743713378906e-05
84.14933395385742
6.413545608520508
5.221366882324219e-05
4.982948303222656e-05
6.4193360805511475
40.14676070213318
6.457935333251953
6.46110725402832
5.2928924560546875e-05
5.14984130859375e-05
84.3521499633789
268.21812629699707
4.410743713378906e-05
279.7257299423218
3.170967102050781e-05
138.41288900375366
5.14984130859375e-05
5.4836273193359375e-05
39.89529609680176
69.64914035797119
6.341934204101562e-05
266.5863845348358
6.379636764526367
34.52002429962158
39.27651524543762
249.43876361846924
6.524137735366821
5.030632019042969e-05
30.801878452301025
6.17290735244751
4.863739013671875e-05
40.24495506286621
6.4609551429748535
5.054473876953125e-05
5.14984130859375e-05
5.2928924560546875e-05
279.23851108551025
3.600120544433594e-05
5.1021575927734375e-05
197.21877217292786
52.530282974243164
4.673004150390625e-05
4.982948303222656e-05
19.92130398750305
5.3882598876953125e-05
5.125999450683594e-05
256.62722635269165
2.1457672119140625e-05
40.01369333267212
19.894112586975098
5.125999450683594e-05
6.368229866027832
171.92860531806946
238.71306157112122
5.14984130859375e-05
5.0067901611328125e-05
87.34764051437378
55.91644310951233
5.269050598144531e-05
6.453127145767212
359.31090116500854
6.29425048828125e-05
5.1021575927734375e-05
114.06098365783691
4.744529724121094e-05
40.013712644577026
5.14984130859375e-05
4.935264587402344e-05
172.46021938323975
88.15572214126587
6.3954362869262695
6.270408630371094e-05
176.21525716781616
5.173683166503906e-05
39.901405572891235
79.68242168426514
368.40912795066833
5.269050598144531e-05
5.245208740234375e-05
5.221366882324219e-05
5.269050598144531e-05
59.34400677680969
5.245208740234375e-05
246.9080295562744
2.3126602172851562e-05
83.60374975204468
5.364418029785156e-05
6.503743886947632
5.125999450683594e-05
20.09420895576477
5.316734313964844e-05
160.68399143218994
3.933906555175781e-05
182.85258197784424
36.391666889190674
235.42250418663025
49.88924860954285
88.15245318412781
6.28481912612915
35.2977774143219
5.364418029785156e-05
191.34197783470154
186.59225821495056
211.9409248828888
20.050958156585693
109.26715588569641
5.1975250244140625e-05
59.68615484237671
57.72924780845642
4.9114227294921875e-05
4.887580871582031e-05
40.23189830780029
5.14984130859375e-05
5.030632019042969e-05
4.4345855712890625e-05
193.2984230518341
215.46702432632446
39.90409564971924
222.04657077789307
4.649162292480469e-05
83.95960736274719
163.71361780166626
2.5987625122070312e-05
6.509512662887573
19.48018765449524
336.0562334060669
39.37159609794617
5.269050598144531e-05
5.030632019042969e-05
244.9141218662262
152.61915493011475
5.340576171875e-05
6.3549933433532715
59.35659670829773
5.269050598144531e-05
39.65798211097717
78.45312976837158
74.71453404426575
4.2438507080078125e-05
4.220008850097656e-05
125.06858539581299
5.1021575927734375e-05
5.030632019042969e-05
5.14984130859375e-05
4.863739013671875e-05
260.71462631225586
5.0067901611328125e-05
2.8371810913085938e-05
34.6464056968689
19.7705979347229
277.2764410972595
87.98991560935974
39.62516474723816
5.412101745605469e-05
3.9577484130859375e-05
6.4360833168029785
40.194950103759766
324.41283893585205
6.4125940799713135
34.758506536483765
39.783254861831665
6.380174875259399
5.078315734863281e-05
189.62535667419434
5.221366882324219e-05
272.51328229904175
5.1021575927734375e-05
184.05812978744507
268.9573175907135
181.8050856590271
39.34816551208496
5.030632019042969e-05
2.6941299438476562e-05
39.79615139961243
5.269050598144531e-05
5.1021575927734375e-05
6.408139944076538
5.173683166503906e-05
167.89514589309692
5.1021575927734375e-05
147.04172277450562
6.556510925292969e-05
8.416175842285156e-05
188.86587119102478
5.125999450683594e-05
4.9591064453125e-05
3.981590270996094e-05
72.40218806266785
6.198883056640625e-05
224.40635132789612
5.1021575927734375e-05
88.18561053276062
5.1975250244140625e-05
5.1975250244140625e-05
92.00902795791626
5.221366882324219e-05
5.340576171875e-05
2.5510787963867188e-05
214.4592924118042
119.00539255142212
19.594286680221558
5.245208740234375e-05
6.267067909240723
59.14241027832031
175.8146631717682
3.9577484130859375e-05
3.8505990505218506
4.3392181396484375e-05
6.44368052482605
4.9591064453125e-05
5.1021575927734375e-05
105.283851146698
5.125999450683594e-05
276.265909910202
298.4989814758301
38.551703453063965
68.88433861732483
57.605379581451416
2.2649765014648438e-05
4.9114227294921875e-05
4.7206878662109375e-05
4.982948303222656e-05
6.463809490203857
39.12323784828186
59.234290599823
39.35945796966553
39.672754764556885
5.173683166503906e-05
338.5343415737152
5.0067901611328125e-05
6.445053577423096
5.0067901611328125e-05
40.283082246780396
40.33386945724487
5.668151140213013
5.221366882324219e-05
325.88111424446106
5.316734313964844e-05
5.1021575927734375e-05
6.450371980667114
5.245208740234375e-05
4.9591064453125e-05
6.511017084121704
27.981939792633057
32.02285289764404
5.340576171875e-05
5.14984130859375e-05
26.575597286224365
6.446139097213745
59.99478340148926
5.4836273193359375e-05
5.1975250244140625e-05
176.6241090297699
91.7647635936737
38.45425772666931
5.030632019042969e-05
4.863739013671875e-05
39.55465054512024
6.171067237854004
5.173683166503906e-05
5.030632019042969e-05
39.57508158683777
285.62701630592346
4.887580871582031e-05
39.684020042419434
35.54007625579834
6.4188151359558105
5.1975250244140625e-05
24.43786883354187
39.399603843688965
187.72381138801575
4.839897155761719e-05
86.26863288879395
260.2351641654968
5.030632019042969e-05
5.269050598144531e-05
5.316734313964844e-05
5.030632019042969e-05
5.14984130859375e-05
40.14636540412903
4.9114227294921875e-05
4.9114227294921875e-05
5.3882598876953125e-05
5.1021575927734375e-05
5.030632019042969e-05
4.410743713378906e-05
5.14984130859375e-05
5.1975250244140625e-05
20.12087082862854
4.9114227294921875e-05
4.649162292480469e-05
187.56009483337402
71.54852628707886
3.9577484130859375e-05
6.448280334472656
6.556510925292969e-05
5.0067901611328125e-05
2.7894973754882812e-05
329.60769271850586
98.0596776008606
3.850313663482666
19.814977645874023
5.078315734863281e-05
37.14464569091797
4.792213439941406e-05
5.0067901611328125e-05
87.79316401481628
4.9591064453125e-05
85.4033432006836
329.8575632572174
204.23343706130981
5.1021575927734375e-05
147.09482288360596
5.1021575927734375e-05
6.330291748046875
5.1021575927734375e-05
4.7206878662109375e-05
4.9114227294921875e-05
4.38690185546875e-05
39.63871145248413
6.333777189254761
242.94181036949158
2.765655517578125e-05
9.632110595703125e-05
383.2400794029236
5.1975250244140625e-05
5.0067901611328125e-05
4.696846008300781e-05
5.030632019042969e-05
3.814697265625e-05
76.2681131362915
19.81983208656311
34.272315979003906
6.48096776008606
6.3789684772491455
5.078315734863281e-05
39.55456018447876
4.935264587402344e-05
4.982948303222656e-05
34.261505126953125
83.37294292449951
4.982948303222656e-05
60.549676179885864
5.078315734863281e-05
4.9114227294921875e-05
5.054473876953125e-05
4.9591064453125e-05
185.78548121452332
3.8623809814453125e-05
4.863739013671875e-05
4.935264587402344e-05
4.935264587402344e-05
5.125999450683594e-05
6.251580476760864
6.251518487930298
235.0081741809845
31.731648921966553
6.330104827880859
39.7126362323761
4.9591064453125e-05
5.245208740234375e-05
6.377788066864014
5.054473876953125e-05
375.547354221344
278.55630445480347
16.476935625076294
5.0067901611328125e-05
80.91703367233276
4.9114227294921875e-05
5.078315734863281e-05
268.34273290634155
5.0067901611328125e-05
2.3603439331054688e-05
4.887580871582031e-05
5.0067901611328125e-05
4.8160552978515625e-05
274.7838554382324
26.177812576293945
19.244479179382324
5.340576171875e-05
62.19712734222412
5.125999450683594e-05
6.249309539794922
19.533007621765137
39.37410759925842
200.85930395126343
4.6253204345703125e-05
176.6186089515686
24.024659395217896
4.458427429199219e-05
39.97993350028992
25.592445611953735
222.12762761116028
211.8063178062439
39.17360019683838
48.72022533416748
4.649162292480469e-05
2.6226043701171875e-05
213.51940727233887
295.2289435863495
6.354416847229004
5.1021575927734375e-05
33.99761939048767
58.85851454734802
38.33643698692322
5.054473876953125e-05
19.57155442237854
314.47279596328735
19.45300602912903
198.46199655532837
5.054473876953125e-05
4.935264587402344e-05
4.9591064453125e-05
14.818747282028198
3.147125244140625e-05
4.9591064453125e-05
6.107123374938965
5.14984130859375e-05
4.9114227294921875e-05
258.4770390987396
5.030632019042969e-05
37.32868838310242
2.4557113647460938e-05
6.395258188247681
40.613654136657715
331.42328453063965
5.173683166503906e-05
5.221366882324219e-05
326.29288148880005
5.078315734863281e-05
4.6253204345703125e-05
4.9591064453125e-05
5.030632019042969e-05
5.173683166503906e-05
193.24632692337036
24.373782873153687
20.012613773345947
4.8160552978515625e-05
189.7204761505127
211.41364097595215
3.815471649169922
4.839897155761719e-05
4.9591064453125e-05
4.982948303222656e-05
24.9284827709198
19.4779314994812
4.9591064453125e-05
4.552278995513916
4.982948303222656e-05
140.1190333366394
46.65593433380127
4.76837158203125e-05
4.839897155761719e-05
4.863739013671875e-05
272.7435007095337
5.125999450683594e-05
4.9114227294921875e-05
6.204396724700928
5.14984130859375e-05
5.173683166503906e-05
242.10622763633728
3.528594970703125e-05
201.93524503707886
5.054473876953125e-05
5.14984130859375e-05
44.186434745788574
68.47880959510803
5.659278869628906
6.42289400100708
5.078315734863281e-05
4.935264587402344e-05
88.31550359725952
6.255220174789429
37.20969843864441
4.935264587402344e-05
5.054473876953125e-05
6.318390846252441
14.351709604263306
153.75177240371704
32.17029809951782
25.858641147613525
4.172325134277344e-05
4.076957702636719e-05
94.75243735313416
5.030632019042969e-05
6.369300603866577
15.219111680984497
4.982948303222656e-05
4.744529724121094e-05
205.15143251419067
5.054473876953125e-05
41.01014542579651
23.823370218276978
4.57763671875e-05
106.67756772041321
4.9591064453125e-05
4.57763671875e-05
2.384185791015625e-05
4.553794860839844e-05
6.241419792175293
4.9591064453125e-05
145.89821076393127
19.7841215133667
56.90967845916748
4.696846008300781e-05
4.863739013671875e-05
6.42900538444519
5.14984130859375e-05
4.792213439941406e-05
50.63182616233826
209.22455024719238
261.53727769851685
5.030632019042969e-05
5.0067901611328125e-05
4.673004150390625e-05
4.7206878662109375e-05
4.887580871582031e-05
6.329405069351196
34.086697578430176
4.982948303222656e-05
63.45040941238403
159.6501944065094
69.7817006111145
4.982948303222656e-05
6.417207717895508
55.450141191482544
150.8671956062317
4.935264587402344e-05
38.70259094238281
29.95089077949524
5.1021575927734375e-05
97.31911516189575
5.14984130859375e-05
5.1975250244140625e-05
5.459785461425781e-05
201.91190719604492
5.1021575927734375e-05
70.64624285697937
12.013778924942017
156.9919352531433
3.743171691894531e-05
4.6253204345703125e-05
4.9591064453125e-05
4.083234071731567
57.657869815826416
6.358370065689087
6.081397294998169
38.892833948135376
36.85007977485657
315.52053356170654
4.553794860839844e-05
4.172325134277344e-05
5.173683166503906e-05
5.078315734863281e-05
5.0067901611328125e-05
38.49743866920471
219.1142418384552
35.87205147743225
35.90125560760498
4.3392181396484375e-05
13.296692848205566
34.46504211425781
5.173683166503906e-05
5.054473876953125e-05
4.8160552978515625e-05
57.632856130599976
4.3392181396484375e-05
4.696846008300781e-05
6.359710931777954
6.341443300247192
53.24524998664856
5.14984130859375e-05
77.86216568946838
3.8028900623321533
3.838539123535156e-05
4.863739013671875e-05
5.0067901611328125e-05
60.67778563499451
253.85318565368652
24.01215362548828
5.173683166503906e-05
181.67256236076355
94.45900917053223
65.68441820144653
2.002716064453125e-05
24.043370008468628
4.431165933609009
5.650520324707031e-05
5.245208740234375e-05
4.935264587402344e-05
5.0067901611328125e-05
209.01291489601135
92.30428552627563
46.81417632102966
4.0531158447265625e-05
4.00543212890625e-05
3.695487976074219e-05
38.63180637359619
19.71871852874756
4.935264587402344e-05
264.84792494773865
5.078315734863281e-05
6.230567216873169
4.744529724121094e-05
220.7798490524292
4.287351846694946
2.2649765014648438e-05
99.68438911437988
263.7806441783905
45.396424293518066
114.13555765151978
3.827119827270508
4.506111145019531e-05
4.3392181396484375e-05
44.49348258972168
11.740878105163574
4.673004150390625e-05
35.33662796020508
3.7861459255218506
3.8144590854644775
3.7795920372009277
23.393576860427856
6.338741302490234
4.982948303222656e-05
158.15467596054077
45.79472208023071
3.886222839355469e-05
4.744529724121094e-05
4.482269287109375e-05
146.822856426239
48.89973068237305
5.078315734863281e-05
5.14984130859375e-05
12.555890560150146
2.09808349609375e-05
4.863739013671875e-05
254.44334053993225
35.65954828262329
23.839540481567383
4.00543212890625e-05
3.8844597339630127
46.54270362854004
3.822145700454712
4.076957702636719e-05
3.8424510955810547
4.124641418457031e-05
255.5227620601654
2.5033950805664062e-05
140.80548524856567
19.49100375175476
69.219322681427
5.030632019042969e-05
48.368287086486816
5.245208740234375e-05
38.95109581947327
58.1987202167511
25.611242532730103
156.4449565410614
4.863739013671875e-05
5.221366882324219e-05
52.16028451919556
91.87126445770264
46.40458011627197
3.795572519302368
11.894811630249023
23.76045298576355
3.8147177696228027
3.814697265625e-05
3.719329833984375e-05
3.81661319732666
3.910064697265625e-05
11.858505487442017
56.83615970611572
70.67187023162842
123.98904371261597
6.3191819190979
204.748037815094
189.4707248210907
3.457069396972656e-05
44.87270951271057
187.9839243888855
159.38731360435486
23.250324726104736
44.56019926071167
3.5762786865234375e-05
238.2428994178772
3.4809112548828125e-05
3.716003179550171
23.188992261886597
184.01896786689758
23.2575786113739
4.673004150390625e-05
3.73209285736084
3.314018249511719e-05
2.9802322387695312e-05
3.7292466163635254
3.457069396972656e-05
2.6464462280273438e-05
43.398518323898315
5.0067901611328125e-05
4.9591064453125e-05
4.839897155761719e-05
6.316833019256592
47.21954369544983
5.269050598144531e-05
4.935264587402344e-05
4.9114227294921875e-05
4.8160552978515625e-05
4.601478576660156e-05
104.92444396018982
12.386077880859375
36.702521562576294
5.054473876953125e-05
4.482269287109375e-05
5.727658033370972
4.744529724121094e-05
4.76837158203125e-05
4.9591064453125e-05
5.054473876953125e-05
5.030632019042969e-05
32.183053970336914
24.593017578125
