6.580352783203125e-05
828.4027206897736
0.00022530555725097656
417.0328276157379
5.412101745605469e-05
12.805410385131836
472.3181347846985
4.220008850097656e-05
840.9446971416473
255.03675508499146
236.1993625164032
0.00022602081298828125
602.5351715087891
8.058547973632812e-05
3.743171691894531e-05
403.2630879878998
4.220008850097656e-05
468.75035572052
791.1467740535736
260.2900745868683
8.654594421386719e-05
6.914138793945312e-05
216.73170065879822
214.78395128250122
208.67951035499573
5.507469177246094e-05
5.0067901611328125e-05
5.443404912948608
5.4257237911224365
5.41658878326416
451.36800479888916
210.3898103237152
4.363059997558594e-05
275.3784577846527
8.893013000488281e-05
453.1659941673279
0.00023627281188964844
0.00022101402282714844
240.51823830604553
415.5235025882721
220.60863184928894
0.0002117156982421875
251.93619108200073
4.5299530029296875e-05
471.36947107315063
241.87512063980103
830.3546795845032
8.559226989746094e-05
0.00020956993103027344
399.2604043483734
5.2928924560546875e-05
554.0257771015167
468.2787983417511
241.85991978645325
7.939338684082031e-05
4.029273986816406e-05
209.8113293647766
474.6754722595215
4.0531158447265625e-05
835.3176791667938
716.1107778549194
410.9734890460968
5.793571472167969e-05
5.078315734863281e-05
0.000217437744140625
415.2357771396637
11.638806104660034
655.3282814025879
440.1871614456177
5.8650970458984375e-05
576.8472034931183
8.463859558105469e-05
7.009506225585938e-05
7.271766662597656e-05
7.104873657226562e-05
162.53976845741272
5.030632019042969e-05
465.2179374694824
258.10536003112793
0.00022912025451660156
202.84606647491455
8.082389831542969e-05
3.933906555175781e-05
483.2865791320801
13.019874811172485
7.987022399902344e-05
676.4314851760864
9.775161743164062e-05
10.737878799438477
687.8964855670929
4.124641418457031e-05
3.814697265625e-05
3.790855407714844e-05
474.7731261253357
660.5566902160645
7.915496826171875e-05
619.4208760261536
10.706599473953247
9.942054748535156e-05
461.01432514190674
5.459651231765747
5.391671419143677
916.1993544101715
8.368492126464844e-05
7.152557373046875e-05
4.410743713378906e-05
435.014173746109
259.24025678634644
12.42150068283081
245.1704511642456
5.2928924560546875e-05
12.948235750198364
6.747245788574219e-05
8.249282836914062e-05
484.55864214897156
5.7220458984375e-05
265.2680163383484
458.0908191204071
492.52543210983276
983.5855116844177
269.07021474838257
687.2192912101746
5.030632019042969e-05
3.647804260253906e-05
3.933906555175781e-05
435.2657127380371
5.507469177246094e-05
5.91278076171875e-05
3.8623809814453125e-05
1133.7387828826904
0.00023436546325683594
868.6405963897705
8.535385131835938e-05
7.295608520507812e-05
840.5284492969513
8.726119995117188e-05
696.6548218727112
421.10059452056885
8.988380432128906e-05
660.7472529411316
243.1167767047882
397.54673528671265
5.6743621826171875e-05
3.933906555175781e-05
812.5337493419647
0.0002231597900390625
471.15714144706726
0.00010085105895996094
0.00022411346435546875
801.7896521091461
5.1975250244140625e-05
2.6702880859375e-05
433.420512676239
7.653236389160156e-05
639.3398282527924
8.797645568847656e-05
11.286446332931519
241.56462001800537
0.0002048015594482422
0.00020647048950195312
6.961822509765625e-05
7.176399230957031e-05
7.319450378417969e-05
501.1458172798157
8.845329284667969e-05
12.484421968460083
7.581710815429688e-05
4.887580871582031e-05
11.91762399673462
0.00021266937255859375
0.00022268295288085938
0.00021147727966308594
5.078315734863281e-05
4.00543212890625e-05
3.528594970703125e-05
667.4614312648773
5.269050598144531e-05
4.8160552978515625e-05
215.35273027420044
7.843971252441406e-05
7.224082946777344e-05
5.078315734863281e-05
3.8623809814453125e-05
3.62396240234375e-05
3.552436828613281e-05
3.528594970703125e-05
579.6225843429565
879.4360828399658
652.656402349472
249.69873714447021
11.835076808929443
4.5299530029296875e-05
828.5691106319427
5.698204040527344e-05
3.62396240234375e-05
3.838539123535156e-05
4.029273986816406e-05
633.2721769809723
221.50564074516296
5.245208740234375e-05
5.0067901611328125e-05
4.744529724121094e-05
5.47847056388855
6.961822509765625e-05
6.604194641113281e-05
5.366035223007202
385.5595917701721
0.00022101402282714844
654.8947334289551
820.0726454257965
5.078315734863281e-05
228.18718242645264
5.602836608886719e-05
267.13048005104065
207.97687292099
489.82309579849243
8.416175842285156e-05
12.952003240585327
7.081031799316406e-05
431.0362801551819
11.908349514007568
0.0002467632293701172
792.5007727146149
231.33387970924377
209.75304198265076
6.29425048828125e-05
5.492103099822998
435.7970378398895
0.0002484321594238281
698.8075196743011
5.435943603515625e-05
246.6939675807953
0.0002453327178955078
7.390975952148438e-05
611.6902894973755
0.00021791458129882812
643.1879341602325
472.7375316619873
634.3555974960327
3.981590270996094e-05
428.7316710948944
667.5980081558228
8.749961853027344e-05
687.8476977348328
920.8171117305756
473.04376435279846
203.94940376281738
8.818095445632935
698.5354340076447
8.749961853027344e-05
232.08264064788818
920.9830284118652
236.85425806045532
622.4026379585266
9.942054748535156e-05
244.76680707931519
249.48309803009033
740.8712160587311
9.989738464355469e-05
7.343292236328125e-05
12.616562604904175
205.94828629493713
239.62059378623962
8.082389831542969e-05
202.2320101261139
8.630752563476562e-05
7.271766662597656e-05
11.173150539398193
10.650388956069946
4.506111145019531e-05
418.2805247306824
183.39909768104553
5.5789947509765625e-05
523.6971685886383
177.02359700202942
872.8756120204926
427.01324462890625
5.412101745605469e-05
202.40714573860168
11.019731998443604
0.0002167224884033203
0.0002143383026123047
11.968084812164307
383.4246597290039
9.315979719161987
9.909687995910645
0.0002110004425048828
4.8160552978515625e-05
181.3121588230133
189.57877779006958
5.2928924560546875e-05
783.2612018585205
8.916854858398438e-05
149.8528561592102
6.556510925292969e-05
6.532669067382812e-05
641.256236076355
174.3156862258911
6.937980651855469e-05
188.325355052948
10.629438400268555
796.5606303215027
398.4912483692169
421.0602705478668
10.004101037979126
7.963180541992188e-05
170.4483413696289
9.2026207447052
4.9591064453125e-05
467.6764054298401
9.002835750579834
9.34600830078125e-05
4.863739013671875e-05
9.846687316894531e-05
616.6416921615601
8.130073547363281e-05
7.939338684082031e-05
365.1918604373932
192.82478833198547
9.083747863769531e-05
6.794929504394531e-05
306.92655539512634
9.131431579589844e-05
6.723403930664062e-05
181.01413774490356
0.00022077560424804688
886.5730574131012
199.60738396644592
0.0002446174621582031
10.570762157440186
225.3593385219574
540.4895172119141
0.0004875659942626953
0.0004143714904785156
181.95268154144287
138.80820488929749
6.437301635742188e-05
134.2423541545868
742.7388751506805
9.107589721679688e-05
6.222724914550781e-05
427.551842212677
7.128715515136719e-05
118.73168611526489
8.320808410644531e-05
7.05718994140625e-05
324.7687900066376
179.57313680648804
7.637548923492432
6.604194641113281e-05
483.37652373313904
4.1961669921875e-05
389.5412950515747
524.8296055793762
557.7032415866852
4.553794860839844e-05
0.00021886825561523438
0.00019884109497070312
4.8160552978515625e-05
445.2117624282837
8.630752563476562e-05
312.569632768631
8.869171142578125e-05
128.83772730827332
7.867813110351562e-05
9.221288442611694
8.678436279296875e-05
332.3565626144409
8.0108642578125e-05
314.59700655937195
8.893013000488281e-05
178.25658082962036
528.4619286060333
269.500604391098
114.6250548362732
239.51490807533264
9.524319410324097
760.2945380210876
9.989738464355469e-05
196.31724643707275
398.7000455856323
181.203622341156
468.2437334060669
184.33605885505676
4.76837158203125e-05
536.2972016334534
319.1970593929291
8.487701416015625e-05
7.081031799316406e-05
419.94421792030334
8.106231689453125e-05
6.556510925292969e-05
6.651878356933594e-05
461.19242095947266
188.00643467903137
481.5640699863434
274.22066378593445
7.891654968261719e-05
164.92351007461548
165.81361508369446
5.602836608886719e-05
243.4680495262146
566.3056960105896
358.6384735107422
257.1765820980072
7.700920104980469e-05
6.890296936035156e-05
165.3320014476776
178.71479153633118
8.273124694824219e-05
9.224871635437012
649.8559324741364
8.7738037109375e-05
250.42166948318481
118.91462111473083
406.42649507522583
9.012222290039062e-05
6.4849853515625e-05
209.47871375083923
8.344650268554688e-05
6.961822509765625e-05
6.818771362304688e-05
6.341934204101562e-05
169.67136645317078
6.651878356933594e-05
3.838539123535156e-05
555.8084423542023
508.6004407405853
375.24016070365906
196.51354670524597
559.3744900226593
6.198883056640625e-05
6.556510925292969e-05
8.237255811691284
536.3085739612579
387.60526967048645
9.263489246368408
323.56427526474
269.47820949554443
7.798843860626221
7.510185241699219e-05
163.46014428138733
7.843971252441406e-05
554.4557130336761
7.152557373046875e-05
309.5873553752899
192.66314792633057
354.56347846984863
486.2311580181122
7.653236389160156e-05
5.245208740234375e-05
118.03260064125061
0.00011396408081054688
6.29425048828125e-05
9.226757764816284
6.246566772460938e-05
379.63530707359314
9.274482727050781e-05
188.86706113815308
7.915496826171875e-05
7.176399230957031e-05
358.6009883880615
7.319450378417969e-05
6.699562072753906e-05
5.626678466796875e-05
189.02617645263672
7.605552673339844e-05
734.618616104126
9.274482727050781e-05
180.46532559394836
7.724761962890625e-05
5.7220458984375e-05
146.33293223381042
8.845329284667969e-05
6.270408630371094e-05
3.7670135498046875e-05
305.56264066696167
195.30637383460999
469.5612370967865
7.343292236328125e-05
8.745508193969727
306.7239031791687
171.74073767662048
8.130073547363281e-05
8.812896966934204
8.177757263183594e-05
8.472289562225342
7.152557373046875e-05
9.5367431640625e-05
166.2010326385498
7.176399230957031e-05
122.81293940544128
590.1639161109924
472.6306736469269
182.93533945083618
795.4314651489258
8.678436279296875e-05
6.747245788574219e-05
6.699562072753906e-05
6.628036499023438e-05
9.189371347427368
648.8581969738007
615.695023059845
696.6962018013
249.9170048236847
7.128715515136719e-05
577.9259827136993
5.7697296142578125e-05
8.663059711456299
6.508827209472656e-05
380.27809286117554
471.09914565086365
195.70575284957886
8.344650268554688e-05
508.1075882911682
7.557868957519531e-05
6.580352783203125e-05
8.64820384979248
6.29425048828125e-05
6.67572021484375e-05
8.633837938308716
414.08173656463623
110.65672492980957
7.510185241699219e-05
6.747245788574219e-05
543.0038349628448
7.001745939254761
402.6830418109894
8.20159912109375e-05
7.557868957519531e-05
470.3404767513275
179.87690424919128
586.4019260406494
8.487701416015625e-05
7.367134094238281e-05
680.8642327785492
9.241453647613525
9.012222290039062e-05
4.3392181396484375e-05
123.81806564331055
316.5889949798584
8.654594421386719e-05
399.04398918151855
393.79431676864624
9.144499778747559
7.677078247070312e-05
327.1402292251587
195.991525888443
242.0578634738922
7.867813110351562e-05
183.00312995910645
376.1456379890442
8.559226989746094e-05
5.7220458984375e-05
6.341934204101562e-05
6.031990051269531e-05
6.413459777832031e-05
154.0959222316742
0.0001952648162841797
8.368492126464844e-05
7.05718994140625e-05
6.699562072753906e-05
6.985664367675781e-05
6.008148193359375e-05
6.532669067382812e-05
6.723403930664062e-05
523.2080659866333
8.344650268554688e-05
6.771087646484375e-05
188.82144260406494
175.6747329235077
8.296966552734375e-05
8.74015998840332
6.580352783203125e-05
7.104873657226562e-05
3.4809112548828125e-05
673.6550543308258
163.6695384979248
9.240394115447998
336.110666513443
8.058547973632812e-05
546.5457134246826
8.7738037109375e-05
4.57763671875e-05
196.373393535614
7.62939453125e-05
179.37822842597961
569.7500581741333
603.6686265468597
7.557868957519531e-05
175.67378568649292
9.1552734375e-05
9.239983081817627
6.628036499023438e-05
7.367134094238281e-05
6.222724914550781e-05
6.532669067382812e-05
392.4690616130829
9.160447835922241
228.28269696235657
3.0994415283203125e-05
6.580352783203125e-05
483.14501333236694
7.200241088867188e-05
6.437301635742188e-05
9.226799011230469e-05
6.747245788574219e-05
6.771087646484375e-05
192.54167675971985
119.71103096008301
468.0661885738373
9.249080657958984
9.22469449043274
7.963180541992188e-05
209.161958694458
8.273124694824219e-05
6.508827209472656e-05
511.474543094635
185.43641304969788
7.939338684082031e-05
310.959716796875
8.106231689453125e-05
6.4849853515625e-05
6.842613220214844e-05
7.390975952148438e-05
165.2893717288971
7.867813110351562e-05
6.103515625e-05
6.079673767089844e-05
6.341934204101562e-05
6.437301635742188e-05
8.67066478729248
8.648169040679932
347.2302575111389
479.9435787200928
166.3286509513855
728.5094676017761
8.344650268554688e-05
5.7697296142578125e-05
163.1799283027649
7.987022399902344e-05
650.7135736942291
572.1580812931061
382.04298996925354
3.123283386230469e-05
115.5666151046753
7.05718994140625e-05
6.699562072753906e-05
321.83673071861267
7.963180541992188e-05
4.291534423828125e-05
7.033348083496094e-05
7.343292236328125e-05
6.723403930664062e-05
567.7412736415863
666.6831645965576
339.4770538806915
9.465217590332031e-05
154.66083478927612
7.081031799316406e-05
8.795779943466187
507.3740620613098
490.9899525642395
285.57490372657776
7.319450378417969e-05
396.5114493370056
338.7918293476105
8.177757263183594e-05
323.9914643764496
324.4624254703522
414.42124366760254
403.7352740764618
315.4448311328888
101.27345561981201
6.29425048828125e-05
3.7670135498046875e-05
372.75633454322815
432.4221785068512
8.791635513305664
8.535385131835938e-05
321.1558542251587
572.0048563480377
166.79890275001526
8.082389831542969e-05
311.01260113716125
482.57882738113403
198.47799563407898
235.52269530296326
2.8848648071289062e-05
5.984306335449219e-05
6.699562072753906e-05
219.83419513702393
7.295608520507812e-05
6.103515625e-05
8.586933851242065
6.389617919921875e-05
5.817413330078125e-05
129.40683770179749
3.123283386230469e-05
188.0214102268219
4.029273986816406e-05
9.228177070617676
661.444356918335
458.4092664718628
9.417533874511719e-05
6.866455078125e-05
381.2796685695648
8.940696716308594e-05
6.651878356933594e-05
7.05718994140625e-05
6.198883056640625e-05
6.842613220214844e-05
249.36044716835022
112.93163752555847
239.44084525108337
7.939338684082031e-05
234.9130663871765
432.8403263092041
8.759557962417603
7.677078247070312e-05
6.508827209472656e-05
5.7220458984375e-05
319.5206184387207
285.5307831764221
5.817413330078125e-05
161.03031086921692
7.486343383789062e-05
196.91801595687866
148.0588095188141
7.939338684082031e-05
6.771087646484375e-05
6.151199340820312e-05
315.215101480484
7.867813110351562e-05
6.604194641113281e-05
9.162554740905762
7.367134094238281e-05
7.43865966796875e-05
548.6243705749512
8.296966552734375e-05
233.64659595489502
7.843971252441406e-05
6.580352783203125e-05
113.8583459854126
107.67643022537231
8.56781792640686
5.341485023498535
6.985664367675781e-05
6.628036499023438e-05
337.3737983703613
9.130878448486328
467.3407428264618
7.677078247070312e-05
6.890296936035156e-05
8.775779724121094
127.68880319595337
261.23845505714417
104.53057336807251
438.8090660572052
5.7220458984375e-05
6.604194641113281e-05
265.5443253517151
8.177757263183594e-05
6.4404377937316895
203.5303018093109
7.271766662597656e-05
6.008148193359375e-05
218.07139778137207
2.956390380859375e-05
377.4041440486908
93.94033813476562
3.123283386230469e-05
116.44280362129211
5.745887756347656e-05
2.6226043701171875e-05
3.600120544433594e-05
7.176399230957031e-05
8.678455829620361
6.389617919921875e-05
241.66084718704224
249.97113275527954
146.90884804725647
2.9802322387695312e-05
6.651878356933594e-05
9.058707237243652
6.222724914550781e-05
6.29425048828125e-05
122.93793964385986
229.45398592948914
431.4150710105896
6.890296936035156e-05
6.437301635742188e-05
6.127357482910156e-05
6.747245788574219e-05
6.4849853515625e-05
8.720963478088379
324.8674910068512
3.123283386230469e-05
113.08246064186096
117.53205442428589
474.8774654865265
8.511543273925781e-05
212.85122275352478
110.11961722373962
240.51878833770752
3.24249267578125e-05
324.68089509010315
281.64492321014404
3.695487976074219e-05
210.6782214641571
3.0040740966796875e-05
2.6941299438476562e-05
2.6941299438476562e-05
290.4040951728821
6.198883056640625e-05
187.91132164001465
334.3136496543884
105.28604221343994
6.103515625e-05
4.3392181396484375e-05
4.863739013671875e-05
5.329094409942627
110.18070268630981
5.432148694992065
5.366480350494385
447.9330232143402
323.5755317211151
480.994127035141
7.367134094238281e-05
6.175041198730469e-05
5.888938903808594e-05
6.389617919921875e-05
6.4849853515625e-05
95.34979629516602
216.08016848564148
189.60659408569336
402.3351261615753
3.147125244140625e-05
303.8441174030304
412.94732761383057
2.574920654296875e-05
1.9788742065429688e-05
2.5510787963867188e-05
383.10656332969666
7.653236389160156e-05
2.4080276489257812e-05
102.63023543357849
5.428689002990723
106.78531455993652
5.316734313964844e-05
252.29649233818054
7.830920457839966
7.367134094238281e-05
7.104873657226562e-05
6.151199340820312e-05
100.89982676506042
377.40052127838135
300.2146809101105
6.318092346191406e-05
205.02432298660278
224.65718841552734
332.9569880962372
2.8133392333984375e-05
306.10680413246155
5.338385343551636
0.0001399517059326172
0.0001251697540283203
0.00012874603271484375
0.00011539459228515625
418.18368124961853
281.663462638855
117.20730566978455
5.7220458984375e-05
2.4318695068359375e-05
2.574920654296875e-05
395.31280517578125
95.48603916168213
3.218650817871094e-05
452.3741464614868
3.361701965332031e-05
5.467114686965942
2.765655517578125e-05
488.6402916908264
5.376128911972046
5.602836608886719e-05
201.85762810707092
488.9109878540039
100.71315836906433
390.90359234809875
5.405963897705078
0.0001430511474609375
2.0503997802734375e-05
102.30755758285522
317.3673589229584
0.00015592575073242188
348.010134935379
4.964869499206543
5.006140232086182
4.878197193145752
85.54339170455933
5.337303400039673
5.8650970458984375e-05
120.4581847190857
114.83669567108154
3.075599670410156e-05
2.3365020751953125e-05
2.1219253540039062e-05
111.11653161048889
113.55631375312805
5.9604644775390625e-05
4.1961669921875e-05
188.46920609474182
5.4836273193359375e-05
4.649162292480469e-05
444.8204803466797
282.6978089809418
401.8601014614105
5.269050598144531e-05
5.378556489944458
5.407594919204712
5.352174758911133
4.792213439941406e-05
5.355719327926636
4.38690185546875e-05
419.5298192501068
5.269050598144531e-05
305.5324053764343
296.0641140937805
107.68900036811829
2.5272369384765625e-05
5.514197111129761
2.5987625122070312e-05
190.83412551879883
113.49964928627014
282.7836513519287
219.48728394508362
6.4849853515625e-05
4.5299530029296875e-05
114.5489981174469
94.59669613838196
121.01657915115356
5.325036287307739
301.83610129356384
377.3191120624542
5.3737382888793945
5.078315734863281e-05
4.482269287109375e-05
5.196368932723999
4.4345855712890625e-05
287.9413366317749
114.63014578819275
113.40850710868835
213.3662965297699
5.490722894668579
417.34365224838257
228.81678199768066
5.53131103515625e-05
101.51920676231384
213.8528847694397
416.97377943992615
301.4226083755493
112.66086769104004
5.269050598144531e-05
384.856892824173
5.2928924560546875e-05
5.161371231079102
176.17650318145752
189.27510452270508
372.0097439289093
4.887580871582031e-05
88.24492597579956
5.888938903808594e-05
3.695487976074219e-05
4.775868892669678
5.7220458984375e-05
2.1457672119140625e-05
139.95129418373108
3.0279159545898438e-05
2.288818359375e-05
2.7894973754882812e-05
5.371045351028442
109.22455739974976
5.6743621826171875e-05
4.124641418457031e-05
4.9591064453125e-05
4.5299530029296875e-05
4.124641418457031e-05
231.3964171409607
201.99151706695557
387.85304403305054
5.7697296142578125e-05
5.054473876953125e-05
5.424316883087158
4.863739013671875e-05
4.57763671875e-05
4.315376281738281e-05
4.76837158203125e-05
4.410743713378906e-05
96.07800531387329
95.65457391738892
