0 1.84 0.12228912061457353 0.07119307566959517
10 1.84 0.08849894453687113 0.05052748570195431
20 1.11 0.038363334476674504 0.03579882595556775
30 1.7 0.005835548293542603 0.00344449931508403
40 1.6300000000000001 0.05509023688270531 0.034979932293811265
50 1.6465671003381428 0.0 0.0
60 1.84 0.08849894453687113 0.05052748570195431
70 1.84 0.08849894453687113 0.05052748570195431
80 1.1 0.05468291035700634 0.05231227050509827
90 1.6 0.025090236882705286 0.015931221883495706
100 1.67 0.07315059748256969 0.04580932764683251
110 1.6 0.04365051978402823 0.028046733936629018
120 1.44 0.06510022798911308 0.0473490717755371
130 1.84 0.08849894453687113 0.05052748570195431
140 1.61 0.035090236882705295 0.02228079202026756
150 1.45 0.05305814538120912 0.03798164197441709
160 1.54 0.11290500146354843 0.0791152667337055
170 1.27 0.06801158632738247 0.056582563986267015
180 1.6400000000000001 0.058216889714771014 0.03680459687312837
190 1.54 0.08875153064630448 0.061155296643192615
200 1.7 0.03997599054505119 0.02408157371059764
210 1.44 0.08581135589147415 0.06336735746884402
220 1.51 0.04497010018379366 0.03069568763711603
230 1.44 0.05698929820745491 0.04120669358059924
240 1.57 0.0761485801492563 0.050974667987305315
250 0.86 0.014376523105302463 0.017001092682639322
260 1.84 0.08849894453687113 0.05052748570195431
270 1.6600000000000001 0.08509023688270534 0.05402864270412683
280 1.72 0.02583554829354262 0.015249728718790911
290 1.11 0.0453963144631786 0.04264151541076783
300 1.25 0.0757386315923414 0.06449895536889351
310 1.23 0.059180052318386966 0.05054581828364962
320 0.46 0.012893701460420903 0.0288381118819768
330 1.69 0.04343289966185715 0.026377849802135405
340 0.36 0.0013547388550133599 0.0037773783785356933
350 1.6300000000000001 0.04092412557354086 0.02575341192459516
360 1.72 0.02583554829354262 0.015249728718790911
370 1.69 0.055346855683919394 0.03385847075654442
380 1.84 0.08849894453687113 0.05052748570195431
390 1.72 0.02583554829354262 0.015249728718790911
400 1.58 0.05858914008383875 0.038509742257964004
410 1.84 0.12228912061457353 0.07119307566959517
420 0.89 0.028927611681320298 0.033594866208407896
430 1.7 0.03997599054505119 0.02408157371059764
440 1.84 0.08849894453687113 0.05052748570195431
450 1.09 0.04730271014858256 0.045365716981314023
460 1.04 0.026987432857997984 0.0266407680747113
470 1.59 0.00821688971477097 0.005194700626996384
480 1.6300000000000001 0.08464421018644619 0.054773283113436586
490 1.4000000000000001 0.08174439956793589 0.06200952193272973
500 1.84 0.08849894453687113 0.05052748570195431
510 1.67 0.07315059748256969 0.04580932764683251
520 1.61 0.04776888910382704 0.030577351053023418
530 1.08 0.0439716360741762 0.042442502160418095
540 1.58 0.0788332129039131 0.052514626343692965
550 0.98 0.033942076018132594 0.035877376170872964
560 1.3 0.06125130947442181 0.04944611440794663
570 1.62 0.06365051978402825 0.04089731811083689
580 1.51 0.05875153064630445 0.04048344021507846
590 1.72 0.02583554829354262 0.015249728718790911
600 1.84 0.08849894453687113 0.05052748570195431
610 1.33 0.07508954445254146 0.059836575686018495
620 1.53 0.06497010018379368 0.04434728614886592
630 1.45 0.05305814538120912 0.03798164197441709
640 1.6400000000000001 0.058216889714771014 0.03680459687312837
650 1.52 0.08371732836258228 0.05828750148962063
660 1.6400000000000001 0.03481985620044159 0.021692179743776848
670 1.44 0.05531480227259822 0.03994756523965374
680 1.84 0.08849894453687113 0.05052748570195431
690 1.84 0.12228912061457353 0.07119307566959517
700 1.84 0.12228912061457353 0.07119307566959517
710 1.6500000000000001 0.06092412557354088 0.03833934335925278
720 0.68 0.01950617402480792 0.02953271212794132
730 1.55 0.07289030639230831 0.04934657643081407
740 0.0 0.0 0.0
750 1.84 0.12228912061457353 0.07119307566959517
760 0.62 0.007384452877434167 0.012053975633035577
770 1.6400000000000001 0.03481985620044159 0.021692179743776848
780 1.5 0.07066125212898244 0.049436323078928285
790 1.61 0.04776888910382704 0.030577351053023418
800 1.4000000000000001 0.09355678152683011 0.07161182377001367
810 1.6400000000000001 0.025834679415698503 0.016004977362756603
820 1.84 0.12228912061457353 0.07119307566959517
830 1.07 0.04142375748974181 0.040272909073464896
840 1.6500000000000001 0.10464421018644621 0.06771528658722109
850 1.71 0.03442602674394557 0.020545811341917235
860 1.84 0.08849894453687113 0.05052748570195431
870 1.07 0.018533750628558776 0.017626576829867926
880 1.84 0.08849894453687113 0.05052748570195431
890 1.25 0.05588651533853195 0.046801678447150115
900 0.2931637679987472 0.0 0.0
910 1.62 0.023150597482569868 0.014497671130460387
920 1.59 0.0888332129039131 0.05917611132055178
930 1.47 0.0919062142028455 0.06669082695970696
940 1.07 0.049105397572376974 0.04810035968023284
950 1.16 0.07641089532902834 0.07051648544604947
960 1.23 0.06729017859369835 0.05787357890579323
970 1.58 0.05414042959485443 0.03548192156403953
980 1.84 0.08849894453687113 0.05052748570195431
990 1.2 0.027712578589415227 0.023639747457214342
1000 1.51 0.06135552064564842 0.04235374622280965
1010 1.68 0.004426026743945544 0.0026414988622344613
1020 1.59 0.06414042959485444 0.042035604611913205
1030 1.68 0.01997599054505117 0.012033555196355307
1040 1.71 0.03442602674394557 0.020545811341917235
1050 0.8544274536855445 0.0 0.0
1060 1.84 0.08849894453687113 0.05052748570195431
1070 1.7 0.03997599054505119 0.02408157371059764
1080 1.22 0.06007336495779181 0.05179065911837245
1090 1.42 0.06301339520812865 0.04643626914636595
1100 1.84 0.08849894453687113 0.05052748570195431
1110 1.69 0.04343289966185715 0.026377849802135405
1120 1.67 0.08092412557354067 0.05092527479391026
1130 1.2 0.04552260391196428 0.039431351420320844
1140 1.61 0.04776888910382704 0.030577351053023418
1150 1.43 0.029368426958382488 0.02096798867285698
1160 1.58 0.07502263914003038 0.04984967953083438
1170 1.84 0.08849894453687113 0.05052748570195431
1180 1.84 0.08849894453687113 0.05052748570195431
1190 1.6941644517064574 0.0 0.0
1200 1.12 0.039230195301530824 0.03629838207080175
1210 1.84 0.12228912061457353 0.07119307566959517
1220 1.84 0.12228912061457353 0.07119307566959517
1230 1.6 0.03159348131964057 0.020143681464817546
1240 1.55 0.06643512175539823 0.04478073236271692
1250 1.6300000000000001 0.07365051978402826 0.047322610197940825
1260 0.0 0.0 0.0
1270 0.11639347453107411 0.0 0.0
1280 1.68 0.01997599054505117 0.012033555196355307
1290 0.79 0.023122137056171832 0.03015100340413069
1300 1.48 0.10190621420284551 0.07394722714310634
1310 1.46 0.13141304989559988 0.09891189273330847
1320 1.19 0.03099178494160082 0.026739918267136037
1330 1.59 0.05476130956804437 0.035669573669118965
1340 1.6 0.08705907263900015 0.057542942400835156
1350 1.7 0.005835548293542603 0.00344449931508403
1360 1.6400000000000001 0.025834679415698503 0.016004977362756603
1370 1.43 0.07719268821278535 0.057061111024603275
1380 1.3800000000000001 0.054929166893597614 0.04145375893968291
1390 1.84 0.08849894453687113 0.05052748570195431
1400 1.84 0.12228912061457353 0.07119307566959517
1410 1.69 0.0660675829902786 0.040683702288506686
1420 1.84 0.08849894453687113 0.05052748570195431
1430 1.72 0.02583554829354262 0.015249728718790911
1440 0.9 0.04592988325350256 0.05377764934390665
1450 1.84 0.08849894453687113 0.05052748570195431
1460 1.52 0.09729396524675815 0.06838655552876255
1470 1.34 0.0376539164683094 0.028912373557572223
1480 1.72 0.02583554829354262 0.015249728718790911
1490 1.37 0.05395516824331992 0.04099797130109891
1500 0.0 0.0 0.0
1510 1.49 0.0360993058259822 0.02482927889823365
1520 1.25 0.06969060469515442 0.05904435309282192
1530 0.0 0.0 0.0
1540 1.6300000000000001 0.04092412557354086 0.02575341192459516
1550 1.58 0.04476130956804436 0.02915592855170312
1560 1.84 0.08849894453687113 0.05052748570195431
1570 0.99 0.03238494422451221 0.03381833235515132
1580 1.3900000000000001 0.05290405902691875 0.03956638967015144
1590 1.84 0.12228912061457353 0.07119307566959517
1600 1.25 0.06554936701773961 0.055341577937019305
1610 1.84 0.08849894453687113 0.05052748570195431
1620 1.43 0.03666111225190716 0.026311698162073592
1630 1.67 0.02343289966185713 0.014231366372524324
1640 0.9500000000000001 0.03217019468232418 0.035050283283391034
1650 1.58 0.04476130956804436 0.02915592855170312
1660 1.2 0.058935402773194756 0.051649488483324124
1670 1.07 0.05902871988973879 0.058388127389040013
1680 1.29 0.07055262221556524 0.057856225287678656
1690 1.3900000000000001 0.03719268821278554 0.027492968058880247
1700 1.84 0.12228912061457353 0.07119307566959517
1710 1.6600000000000001 0.013432899661857345 0.00815812465771892
1720 1.84 0.12228912061457353 0.07119307566959517
1730 0.9400000000000001 0.032618875612906995 0.035948373551345364
1740 1.41 0.06911644692840158 0.051545450587468726
1750 1.41 0.09829066622671179 0.07493326737560597
1760 1.62 0.05159348131964059 0.03289547748312777
1770 1.69 0.04343289966185715 0.026377849802135405
1780 1.81 0.0922891206145735 0.05372797117498219
1790 0.2 0.004373470778171296 0.02235622538296962
1800 1.34 0.09481563371877111 0.07614585942958803
1810 1.6400000000000001 0.0715934813196406 0.045647273501438004
1820 1.84 0.12228912061457353 0.07119307566959517
1830 1.71 0.03442602674394557 0.020545811341917235
1840 1.84 0.08849894453687113 0.05052748570195431
1850 1.1400000000000001 0.048702332131399295 0.04462790819164782
1860 1.49 0.09666111225190721 0.06937372745558722
1870 1.84 0.08849894453687113 0.05052748570195431
1880 1.19 0.05672737113351034 0.0500562439156848
1890 1.84 0.08849894453687113 0.05052748570195431
1900 1.6 0.059802795404997555 0.038828011910801256
1910 1.3900000000000001 0.08041696895048434 0.061406544712202936
1920 1.42 0.06159497802377123 0.04534360299563815
1930 1.4000000000000001 0.07608487472253533 0.05746960154004551
1940 1.6400000000000001 0.06509023688270532 0.04132950243058312
1950 1.84 0.12228912061457353 0.07119307566959517
1960 1.6400000000000001 0.025834679415698503 0.016004977362756603
1970 1.2 0.04236222838849124 0.0365936819161664
1980 1.68 0.06583467941569832 0.04078558656672616
1990 1.6 0.04365051978402823 0.028046733936629018
2000 1.62 0.05776888910382705 0.03697845261235897
2010 1.7 0.005835548293542603 0.00344449931508403
2020 1.51 0.04497010018379366 0.03069568763711603
2030 1.6 0.08705907263900015 0.057542942400835156
2040 1.62 0.023150597482569868 0.014497671130460387
2050 1.69 0.04343289966185715 0.026377849802135405
2060 1.84 0.08849894453687113 0.05052748570195431
2070 0.18 0.004426745342120453 0.025213096099097602
2080 1.72 0.02583554829354262 0.015249728718790911
2090 0.8200000000000001 0.01670218422459513 0.02079201996643411
2100 1.49 0.06943984731405406 0.04888201825368648
2110 1.21 0.10553101316154834 0.09554909591769654
2120 1.62 0.07980279540499757 0.05181336205968628
2130 0.0 0.0 0.0
2140 1.84 0.08849894453687113 0.05052748570195431
2150 1.7 0.005835548293542603 0.00344449931508403
2160 1.69 0.04343289966185715 0.026377849802135405
2170 1.84 0.08849894453687113 0.05052748570195431
2180 1.51 0.05064367939735326 0.034702751262583875
2190 1.69 0.014426026743945553 0.00860960302212872
2200 1.61 0.06980279540499756 0.04532068698524377
2210 1.58 0.05858914008383875 0.038509742257964004
2220 1.84 0.08849894453687113 0.05052748570195431
2230 1.71 0.03442602674394557 0.020545811341917235
2240 1.84 0.08849894453687113 0.05052748570195431
2250 1.47 0.051556246611156764 0.03634705041210292
2260 1.84 0.08849894453687113 0.05052748570195431
2270 1.6500000000000001 0.10464421018644621 0.06771528658722109
2280 0.72 0.015368303288960439 0.021810405862657048
2290 1.31 0.0543193339347936 0.04325887576576961
2300 1.84 0.08849894453687113 0.05052748570195431
2310 1.45 0.06864542687707087 0.04969428430086502
2320 1.35 0.07815091256271733 0.061446686823660675
2330 1.45 0.07351163729232457 0.053405200715043184
2340 1.84 0.08849894453687113 0.05052748570195431
2350 1.7 0.03997599054505119 0.02408157371059764
2360 1.69 0.0660675829902786 0.040683702288506686
2370 1.6600000000000001 0.09159348131964062 0.058399069519748235
2380 1.47 0.042905001463548365 0.0300645727912643
2390 1.84 0.08849894453687113 0.05052748570195431
2400 1.6 0.08289229586777713 0.05463837250446965
2410 1.6400000000000001 0.043150597482569886 0.027022333737009293
2420 1.71 0.03442602674394557 0.020545811341917235
2430 1.0 0.023730444667757755 0.02430726692043762
2440 1.6400000000000001 0.043150597482569886 0.027022333737009293
2450 1.23 0.05820278386376132 0.04966967241625055
2460 1.4000000000000001 0.04581135589147434 0.03382937531693182
2470 1.84 0.08849894453687113 0.05052748570195431
2480 1.24 0.061727836209604314 0.05238843631087016
2490 1.47 0.08531480227259824 0.06161313951547988
2500 0.97 0.011125590636975491 0.011602761037669329
2510 1.48 0.1201646146051849 0.08836703022718906
2520 1.6600000000000001 0.03606758299027879 0.02221002709995343
2530 1.42 0.04510022798911306 0.03280255688976574
2540 1.7 0.03997599054505119 0.02408157371059764
2550 1.46 0.0819062142028455 0.05943442677630759
2560 0.9 0.03498457123501009 0.040443869637052224
2570 1.46 0.0684306445050713 0.04917515913587585
2580 1.62 0.05159348131964059 0.03289547748312777
2590 1.6300000000000001 0.02481985620044158 0.01546234937948552
2600 1.84 0.08849894453687113 0.05052748570195431
2610 1.25 0.10935300050076568 0.09586927467373668
2620 1.84 0.12228912061457353 0.07119307566959517
2630 1.43 0.07016461460518486 0.0515978738005948
2640 1.6141653205843016 0.0 0.0
2650 1.21 0.04868673109104349 0.041923856718509935
2660 1.6600000000000001 0.09776888910382708 0.06258285884970119
2670 1.4000000000000001 0.04991983076631512 0.03697545664614122
2680 1.47 0.05973353071524001 0.04235620148122423
2690 1.43 0.08523914447672198 0.06338609881944655
2700 1.48 0.0866611122519072 0.06219672257333494
2710 1.1300000000000001 0.06278607479712961 0.05883176120026205
2720 0.2803498604161244 0.0 0.0
2730 1.03 0.0531480273998759 0.05440745260349914
2740 1.22 0.0668613163964007 0.05798202536008653
2750 1.56 0.06254035430116955 0.04176430028068195
2760 0.99 0.07018046712792714 0.07629808306939675
2770 1.09 0.06361112009589287 0.06197565205678757
2780 1.59 0.05476130956804437 0.035669573669118965
2790 1.84 0.12228912061457353 0.07119307566959517
2800 1.7 0.005835548293542603 0.00344449931508403
2810 0.3655957174896608 0.0 0.0
2820 1.56 0.11889796327831803 0.08250488879246559
2830 1.84 0.08849894453687113 0.05052748570195431
2840 1.6300000000000001 0.07926717657222526 0.051115946844415984
2850 1.22 0.056822429834855415 0.048851036412942465
2860 1.37 0.0803237502127856 0.062282103920296525
2870 1.68 0.01997599054505117 0.012033555196355307
2880 1.67 0.035346855683919376 0.021623459268301275
2890 1.72 0.02583554829354262 0.015249728718790911
2900 1.84 0.08849894453687113 0.05052748570195431
2910 1.68 0.01997599054505117 0.012033555196355307
2920 1.02 0.02175907205066907 0.021797415274655545
2930 1.08 0.0439716360741762 0.042442502160418095
2940 1.84 0.12228912061457353 0.07119307566959517
2950 1.7 0.03997599054505119 0.02408157371059764
2960 1.72 0.02583554829354262 0.015249728718790911
2970 1.0 0.03546800264629235 0.036772240572217875
2980 1.84 0.08849894453687113 0.05052748570195431
2990 1.44 0.05698929820745491 0.04120669358059924
3000 1.6 0.059802795404997555 0.038828011910801256
3010 1.32 0.0627676046736858 0.0499252205932814
3020 1.69 0.04343289966185715 0.026377849802135405
3030 0.6900000000000001 0.02353129803243681 0.035307431486230646
3040 1.59 0.06414042959485444 0.042035604611913205
3050 1.6500000000000001 0.02606758299027878 0.016052135370435636
3060 0.0 0.0 0.0
3070 1.67 0.08092412557354067 0.05092527479391026
3080 1.84 0.08849894453687113 0.05052748570195431
3090 1.69 0.04343289966185715 0.026377849802135405
3100 1.16 0.048794996137994096 0.0439117858256636
3110 1.53 0.04643512175539821 0.031299690654810884
3120 1.84 0.08849894453687113 0.05052748570195431
3130 1.22 0.06007336495779181 0.05179065911837245
3140 1.84 0.12228912061457353 0.07119307566959517
3150 1.57 0.07966336072216351 0.05345326594182473
3160 0.61 0.003626207384433977 0.005980151894085816
3170 1.84 0.08849894453687113 0.05052748570195431
3180 1.84 0.08849894453687113 0.05052748570195431
3190 1.48 0.06364268480630608 0.044934060158119515
3200 1.84 0.08849894453687113 0.05052748570195431
3210 1.7 0.005835548293542603 0.00344449931508403
3220 1.84 0.08849894453687113 0.05052748570195431
3230 1.7 0.005835548293542603 0.00344449931508403
3240 0.8300000000000001 0.06573983894166768 0.08601761846467629
3250 0.9400000000000001 0.02744904539921722 0.030079465985793044
3260 1.45 0.08430998453365945 0.06173434936102262
3270 1.84 0.08849894453687113 0.05052748570195431
3280 1.33 0.062335051165923305 0.0491731282964441
3290 1.67 0.009975990545051161 0.006009545939234139
3300 1.34 0.06559092696598223 0.05146771814000685
3310 1.84 0.08849894453687113 0.05052748570195431
3320 1.6400000000000001 0.058216889714771014 0.03680459687312837
3330 0.8 0.035479087803124254 0.04640695530639435
3340 1.67 0.02343289966185713 0.014231366372524324
3350 1.6300000000000001 0.015834679415698494 0.00980982506176418
3360 1.68 0.0748198562004414 0.04661150120094202
3370 1.45 0.06864542687707087 0.04969428430086502
3380 1.6500000000000001 0.053150597482569895 0.03328466504028375
3390 1.69 0.055346855683919394 0.03385847075654442
3400 1.84 0.08849894453687113 0.05052748570195431
3410 1.03 0.029398072275157228 0.02938038740541129
3420 1.5 0.04064367939735325 0.027850415161507155
3430 1.5 0.07066125212898244 0.049436323078928285
3440 1.54 0.042540354301169536 0.028408347712980883
3450 1.59 0.09254035430116958 0.06179822913223354
3460 1.12 0.058259401238311526 0.0548715960435719
3470 1.6600000000000001 0.03606758299027879 0.02221002709995343
3480 1.71 0.03442602674394557 0.020545811341917235
3490 0.3028764324922575 0.0 0.0
3500 1.84 0.12228912061457353 0.07119307566959517
3510 1.71 0.03442602674394557 0.020545811341917235
3520 0.0 0.0 0.0
3530 1.44 0.04305814538120911 0.030823147891834896
3540 1.84 0.08849894453687113 0.05052748570195431
3550 0.92 0.035671497301814736 0.040337382763279715
3560 1.84 0.08849894453687113 0.05052748570195431
3570 1.84 0.12228912061457353 0.07119307566959517
3580 0.8 0.014779305277903387 0.0188218489110683
3590 1.67 0.07315059748256969 0.04580932764683251
3600 1.6500000000000001 0.053150597482569895 0.03328466504028375
3610 1.69 0.04343289966185715 0.026377849802135405
3620 1.71 0.03442602674394557 0.020545811341917235
3630 1.84 0.08849894453687113 0.05052748570195431
3640 1.43 0.1345931630610555 0.10390030315039876
3650 1.72 0.02583554829354262 0.015249728718790911
3660 1.84 0.08849894453687113 0.05052748570195431
3670 1.7 0.03997599054505119 0.02408157371059764
3680 1.7 0.005835548293542603 0.00344449931508403
3690 1.6400000000000001 0.0715934813196406 0.045647273501438004
3700 1.57 0.048589140083838744 0.031936895787976885
3710 1.11 0.07497997370158038 0.07244301732956224
3720 1.6600000000000001 0.013432899661857345 0.00815812465771892
3730 0.5700000000000001 0.006370255867702124 0.011302199598264754
3740 1.72 0.02583554829354262 0.015249728718790911
3750 1.6400000000000001 0.03481985620044159 0.021692179743776848
3760 1.56 0.0428922958677771 0.02827241319185789
3770 1.67 0.02343289966185713 0.014231366372524324
3780 0.39 0.002126474491758956 0.0054823914289395745
3790 1.84 0.08849894453687113 0.05052748570195431
3800 1.5 0.04875153064630444 0.03359282140570707
3810 1.28 0.05215287189215245 0.04247505304061893
3820 1.7 0.03997599054505119 0.02408157371059764
3830 1.84 0.08849894453687113 0.05052748570195431
3840 1.6 0.03776888910382703 0.024176249493687862
3850 0.87 0.024030149445964377 0.028405444272306807
3860 1.51 0.06889796327831799 0.04780921927988653
3870 1.84 0.08849894453687113 0.05052748570195431
3880 1.54 0.03883321290391306 0.025868686436257678
3890 1.72 0.02583554829354262 0.015249728718790911
3900 1.57 0.024644210186446136 0.01594727269208306
3910 1.84 0.08849894453687113 0.05052748570195431
3920 1.84 0.08849894453687113 0.05052748570195431
3930 1.6600000000000001 0.03606758299027879 0.02221002709995343
3940 1.84 0.12228912061457353 0.07119307566959517
3950 1.04 0.03788350407105412 0.037803493131740855
3960 1.84 0.12228912061457353 0.07119307566959517
3970 1.0 0.02080091315926791 0.021242782431894976
3980 1.84 0.08849894453687113 0.05052748570195431
3990 1.6 0.04365051978402823 0.028046733936629018
4000 0.79 0.022332373589285748 0.029091201479606976
4010 1.68 0.01997599054505117 0.012033555196355307
4020 1.84 0.12228912061457353 0.07119307566959517
4030 1.06 0.05592136459998476 0.055694208230719126
4040 1.49 0.03064367939735324 0.020998079060430434
4050 1.62 0.06365051978402825 0.04089731811083689
4060 1.5 0.05642741849824384 0.03908872973989441
4070 1.84 0.08849894453687113 0.05052748570195431
4080 1.84 0.12228912061457353 0.07119307566959517
4090 1.6400000000000001 0.058216889714771014 0.03680459687312837
4100 1.58 0.08254035430116957 0.05512025284838301
4110 1.44 0.07281202998197034 0.053256780763664954
4120 1.43 0.04018091746096997 0.028910897803737397
4130 1.84 0.08849894453687113 0.05052748570195431
4140 0.88 0.016963363902234962 0.019655438938183556
4150 1.84 0.08849894453687113 0.05052748570195431
4160 1.84 0.08849894453687113 0.05052748570195431
4170 1.71 0.03442602674394557 0.020545811341917235
4180 1.62 0.0895358130270707 0.058502390182786024
4190 1.72 0.02583554829354262 0.015249728718790911
4200 1.84 0.12228912061457353 0.07119307566959517
4210 1.6300000000000001 0.08464421018644619 0.054773283113436586
4220 1.67 0.009975990545051161 0.006009545939234139
4230 1.84 0.12228912061457353 0.07119307566959517
4240 1.84 0.12228912061457353 0.07119307566959517
4250 1.84 0.12228912061457353 0.07119307566959517
4260 1.69 0.055346855683919394 0.03385847075654442
4270 1.7 0.03997599054505119 0.02408157371059764
4280 1.41 0.05159497802377122 0.037982028326654774
4290 1.69 0.04343289966185715 0.026377849802135405
4300 0.59 0.010168265520444142 0.017536579865831167
4310 1.68 0.01997599054505117 0.012033555196355307
4320 1.84 0.08849894453687113 0.05052748570195431
4330 1.17 0.04882149381808176 0.043544800001865336
4340 1.5 0.06838319709025553 0.04776641134084727
4350 1.26 0.07814863373391145 0.06612391030253853
4360 0.6 0.008223134951152677 0.013895668176338579
4370 1.27 0.08185022642080986 0.06888881203439841
4380 1.05 0.039704757523032264 0.03930015291934569
4390 1.59 0.05476130956804437 0.035669573669118965
4400 0.91 0.04186256079858619 0.04822112134352242
4410 1.34 0.057677154905955375 0.04497865348544529
4420 1.34 0.03966542167387277 0.030504012071210628
4430 1.84 0.08849894453687113 0.05052748570195431
4440 1.55 0.05614858014925628 0.037586455656256824
4450 1.84 0.08849894453687113 0.05052748570195431
4460 1.51 0.042046303297648135 0.0286427994235118
4470 1.71 0.03442602674394557 0.020545811341917235
4480 1.51 0.03289030639230828 0.022266664780986586
4490 1.61 0.028216889714770987 0.01783865912544918
4500 0.18 0.0008504981386461274 0.004747421175105131
4510 1.84 0.08849894453687113 0.05052748570195431
4520 1.59 0.044644210186446154 0.028889276165867568
4530 1.71 0.03442602674394557 0.020545811341917235
4540 1.48 0.07170984819250847 0.05091979667717719
4550 1.57 0.06502263914003037 0.04320506130595567
4560 1.6600000000000001 0.03606758299027879 0.02221002709995343
4570 0.96 0.020686361030598732 0.022022847505222487
4580 1.61 0.06464421018644617 0.04183127963965207
4590 1.48 0.06973353071524002 0.049447059994701954
4600 1.84 0.08849894453687113 0.05052748570195431
4610 1.3900000000000001 0.04126606386669707 0.030596148551732226
4620 1.01 0.04305487245067918 0.04452669673179887
4630 0.93 0.04473438165376109 0.05053215749791481
4640 1.4000000000000001 0.048561667037077205 0.03593332070921027
4650 1.84 0.08849894453687113 0.05052748570195431
4660 1.41 0.05856166703707699 0.04333284442856161
4670 1.72 0.02583554829354262 0.015249728718790911
4680 1.84 0.08849894453687113 0.05052748570195431
4690 0.63 0.01405741429054308 0.02282260492567083
4700 1.45 0.03773051361647295 0.026716228014733553
4710 1.69 0.055346855683919394 0.03385847075654442
4720 1.71 0.03442602674394557 0.020545811341917235
4730 1.84 0.08849894453687113 0.05052748570195431
4740 0.0 0.0 0.0
4750 1.34 0.0465244650277008 0.03596856977174845
4760 1.68 0.01997599054505117 0.012033555196355307
4770 1.71 0.03442602674394557 0.020545811341917235
4780 1.72 0.02583554829354262 0.015249728718790911
4790 1.84 0.12228912061457353 0.07119307566959517
4800 1.84 0.08849894453687113 0.05052748570195431
4810 1.84 0.12228912061457353 0.07119307566959517
4820 1.58 0.07502263914003038 0.04984967953083438
4830 1.43 0.09782008302237544 0.07342858256285997
4840 1.52 0.07391381252337803 0.051113006377825565
4850 1.67 0.02343289966185713 0.014231366372524324
4860 0.11030725618445089 0.0 0.0
4870 1.84 0.08849894453687113 0.05052748570195431
4880 1.12 0.04077978191445997 0.0377863398322915
4890 0.99 0.03112559063697551 0.03246054992504397
4900 1.2 0.02722112534019816 0.02321079099254276
4910 1.47 0.07487045422666339 0.053665592885972335
4920 1.84 0.08849894453687113 0.05052748570195431
4930 1.71 0.03442602674394557 0.020545811341917235
4940 1.84 0.08849894453687113 0.05052748570195431
4950 1.1 0.04415103213617466 0.04181567011946816
4960 1.84 0.08849894453687113 0.05052748570195431
4970 1.6300000000000001 0.02481985620044158 0.01546234937948552
4980 1.61 0.035090236882705295 0.02228079202026756
4990 0.6900000000000001 0.03889449396485867 0.05973608517259176
5000 1.72 0.02583554829354262 0.015249728718790911
5010 1.84 0.08849894453687113 0.05052748570195431
5020 1.2 0.04774913375216694 0.041439876636982946
5030 1.84 0.08849894453687113 0.05052748570195431
5040 1.36 0.05765391646830942 0.04426927465544645
5050 1.49 0.060661252128982435 0.042440080925068756
5060 1.6 0.05464421018644616 0.03536027790275982
5070 1.6500000000000001 0.1098027954049976 0.07129138728301382
5080 1.6941644517064574 0.0 0.0
5090 1.62 0.0847613095680444 0.05521050902136651
5100 1.44 0.05698929820745491 0.04120669358059924
5110 1.57 0.039535813027070654 0.0258325633252926
5120 1.84 0.08849894453687113 0.05052748570195431
5130 1.44 0.06510022798911308 0.0473490717755371
5140 1.36 0.05041696895048431 0.03849848979035681
5150 1.84 0.08849894453687113 0.05052748570195431
5160 1.84 0.08849894453687113 0.05052748570195431
5170 1.84 0.12228912061457353 0.07119307566959517
5180 1.6400000000000001 0.016067582990278773 0.00989424364091784
5190 1.58 0.023650519784028212 0.015196149762421144
5200 1.24 0.05024268452115277 0.04222935540508222
5210 1.08 0.0414309929557124 0.03989238334159692
5220 1.42 0.043511637292324545 0.031610610355421585
5230 1.84 0.08849894453687113 0.05052748570195431
5240 1.6500000000000001 0.053150597482569895 0.03328466504028375
5250 1.55 0.04109985041425479 0.02723828374298881
5260 1.49 0.09666111225190721 0.06937372745558722
5270 1.84 0.08849894453687113 0.05052748570195431
5280 1.84 0.08849894453687113 0.05052748570195431
5290 1.84 0.08849894453687113 0.05052748570195431
5300 1.84 0.08849894453687113 0.05052748570195431
5310 1.84 0.08849894453687113 0.05052748570195431
5320 1.84 0.08849894453687113 0.05052748570195431
5330 1.61 0.035090236882705295 0.02228079202026756
5340 1.84 0.08849894453687113 0.05052748570195431
5350 1.6600000000000001 0.013432899661857345 0.00815812465771892
5360 1.51 0.07371732836258227 0.05132508371666259
5370 1.72 0.02583554829354262 0.015249728718790911
5380 1.55 0.028589140083838727 0.018791202848002647
5390 1.84 0.08849894453687113 0.05052748570195431
5400 1.67 0.035346855683919376 0.021623459268301275
5410 1.51 0.04497010018379366 0.03069568763711603
5420 1.47 0.04511555424214353 0.03166260560739564
5430 1.84 0.08849894453687113 0.05052748570195431
5440 1.19 0.0451347513901279 0.03942363648903817
5450 0.4071230834938749 0.0 0.0
5460 1.56 0.0978352925608883 0.06691126660568944
5470 1.6600000000000001 0.04583467941569852 0.02839528196474145
5480 1.6600000000000001 0.08509023688270534 0.05402864270412683
5490 1.69 0.0660675829902786 0.040683702288506686
5500 1.72 0.02583554829354262 0.015249728718790911
5510 1.68 0.06583467941569832 0.04078558656672616
5520 1.84 0.08849894453687113 0.05052748570195431
5530 1.53 0.088897963278318 0.061687487084918155
5540 1.84 0.08849894453687113 0.05052748570195431
5550 1.71 0.03442602674394557 0.020545811341917235
5560 1.28 0.06430254717342088 0.0528935443797411
5570 1.84 0.08849894453687113 0.05052748570195431
5580 1.55 0.03289229586777709 0.02168092336370495
5590 1.71 0.03442602674394557 0.020545811341917235
5600 0.28 0.00421314629921854 0.015276820641311813
5610 1.54 0.06905977008998065 0.046949406023251664
5620 1.0 0.04166652589790876 0.043478107593964754
5630 1.6500000000000001 0.02606758299027878 0.016052135370435636
5640 1.32 0.08054751600283572 0.06498636861259459
5650 1.7 0.03997599054505119 0.02408157371059764
5660 1.84 0.08849894453687113 0.05052748570195431
5670 1.47 0.031327685360943436 0.02177541406904958
5680 1.57 0.01926717657222521 0.012424562297995734
5690 1.69 0.055346855683919394 0.03385847075654442
5700 1.62 0.05159348131964059 0.03289547748312777
5710 1.6 0.010924125573540833 0.006874514772608732
5720 1.02 0.042953247246783954 0.043962325370557935
5730 1.18 0.04101580491431167 0.03601086397096666
5740 1.43 0.029368426958382488 0.02096798867285698
5750 1.84 0.08849894453687113 0.05052748570195431
5760 1.6400000000000001 0.043150597482569886 0.027022333737009293
5770 1.84 0.12228912061457353 0.07119307566959517
5780 1.57 0.08309116160655017 0.05588181296731486
5790 1.69 0.014426026743945553 0.00860960302212872
5800 1.52 0.11748986350061674 0.08377113322964451
5810 1.84 0.08849894453687113 0.05052748570195431
5820 1.84 0.08849894453687113 0.05052748570195431
5830 1.84 0.12228912061457353 0.07119307566959517
5840 1.67 0.08821688971477082 0.05577053462080742
5850 1.84 0.08849894453687113 0.05052748570195431
5860 1.72 0.02583554829354262 0.015249728718790911
5870 1.5 0.05889796327831798 0.04087008537737072
5880 1.84 0.12228912061457353 0.07119307566959517
5890 1.54 0.08609930582598224 0.05921952315656367
5900 1.84 0.12228912061457353 0.07119307566959517
5910 1.47 0.051556246611156764 0.03634705041210292
5920 1.84 0.08849894453687113 0.05052748570195431
5930 1.84 0.08849894453687113 0.05052748570195431
5940 1.56 0.05502263914003036 0.03656044308107697
5950 1.22 0.04623387129463752 0.03938933844140863
5960 1.3800000000000001 0.046605080524115605 0.03495219596489432
5970 1.7 0.03997599054505119 0.02408157371059764
5980 1.84 0.12228912061457353 0.07119307566959517
5990 1.84 0.12228912061457353 0.07119307566959517
6000 1.32 0.057227272469486 0.045318742812414076
6010 1.84 0.08849894453687113 0.05052748570195431
6020 1.55 0.06970020181253256 0.047085193079047905
6030 1.32 0.06662127580831068 0.053153348243784086
6040 1.71 0.03442602674394557 0.020545811341917235
6050 1.7 0.03997599054505119 0.02408157371059764
6060 1.84 0.08849894453687113 0.05052748570195431
6070 1.6500000000000001 0.01534685568391958 0.009388447780058273
6080 1.6600000000000001 0.03606758299027879 0.02221002709995343
6090 1.6400000000000001 0.025834679415698503 0.016004977362756603
6100 1.72 0.02583554829354262 0.015249728718790911
6110 1.56 0.07643512175539824 0.05152125321666994
6120 1.84 0.12228912061457353 0.07119307566959517
6130 1.84 0.08849894453687113 0.05052748570195431
6140 1.84 0.08849894453687113 0.05052748570195431
6150 1.72 0.02583554829354262 0.015249728718790911
6160 1.6400000000000001 0.005346855683919571 0.0032709420359367017
6170 1.72 0.02583554829354262 0.015249728718790911
6180 1.84 0.08849894453687113 0.05052748570195431
6190 1.62 0.06365051978402825 0.04089731811083689
6200 1.68 0.06583467941569832 0.04078558656672616
6210 1.61 0.0048198562004415635 0.0030026886509028653
6220 1.67 0.02343289966185713 0.014231366372524324
6230 1.54 0.009535813027070628 0.006230667210796547
6240 1.84 0.08849894453687113 0.05052748570195431
6250 1.6500000000000001 0.053150597482569895 0.03328466504028375
6260 1.6 0.049267176572225235 0.03177025457120586
6270 1.84 0.08849894453687113 0.05052748570195431
6280 1.84 0.08849894453687113 0.05052748570195431
6290 1.58 0.05858914008383875 0.038509742257964004
6300 1.6300000000000001 0.07365051978402826 0.047322610197940825
6310 1.6500000000000001 0.0448198562004416 0.027922010108068173
6320 1.71 0.03442602674394557 0.020545811341917235
6330 1.84 0.12228912061457353 0.07119307566959517
6340 1.84 0.08849894453687113 0.05052748570195431
6350 1.84 0.08849894453687113 0.05052748570195431
6360 1.84 0.08849894453687113 0.05052748570195431
6370 1.55 0.07289030639230831 0.04934657643081407
6380 1.6 0.049267176572225235 0.03177025457120586
6390 1.59 0.07289229586777712 0.04804688267631671
6400 1.26 0.05627997926841943 0.04675504128793534
6410 1.6400000000000001 0.10953581302707072 0.07157032092578339
6420 1.42 0.05579401170278375 0.04089852425616831
6430 1.69 0.055346855683919394 0.03385847075654442
6440 1.84 0.12228912061457353 0.07119307566959517
6450 1.84 0.08849894453687113 0.05052748570195431
6460 1.51 0.05064367939735326 0.034702751262583875
6470 1.84 0.08849894453687113 0.05052748570195431
6480 1.7 0.005835548293542603 0.00344449931508403
6490 1.61 0.04159348131964058 0.02651957947397266
6500 1.84 0.08849894453687113 0.05052748570195431
6510 1.84 0.08849894453687113 0.05052748570195431
6520 1.6600000000000001 0.09776888910382708 0.06258285884970119
6530 1.61 0.035090236882705295 0.02228079202026756
6540 1.6400000000000001 0.03481985620044159 0.021692179743776848
6550 1.84 0.08849894453687113 0.05052748570195431
6560 0.24 0.007280054212802672 0.031282467809869915
6570 0.93 0.04660525653768588 0.05275700006434787
6580 1.6500000000000001 0.06092412557354088 0.03833934335925278
6590 1.72 0.02583554829354262 0.015249728718790911
6600 1.47 0.07487045422666339 0.053665592885972335
6610 1.01 0.02843008723823992 0.02896389433764182
6620 1.6300000000000001 0.07926717657222526 0.051115946844415984
6630 1.84 0.12228912061457353 0.07119307566959517
6640 1.84 0.08849894453687113 0.05052748570195431
6650 1.26 0.04306080576796245 0.035384517132868276
6660 1.72 0.02583554829354262 0.015249728718790911
6670 1.6400000000000001 0.11414042959485449 0.07480401985128157
6680 1.61 0.13600904678788295 0.09227264691923136
6690 1.6500000000000001 0.06092412557354088 0.03833934335925278
6700 1.5 0.0857007274157291 0.06059589301713554
6710 1.6400000000000001 0.043150597482569886 0.027022333737009293
6720 1.6600000000000001 0.04583467941569852 0.02839528196474145
6730 1.48 0.06364268480630608 0.044934060158119515
6740 1.1500000000000001 0.01752985973333776 0.015479312972622845
6750 1.84 0.08849894453687113 0.05052748570195431
6760 1.84 0.08849894453687113 0.05052748570195431
6770 1.84 0.08849894453687113 0.05052748570195431
6780 1.44 0.0787213929949302 0.05782900913144007
6790 1.84 0.12228912061457353 0.07119307566959517
6800 1.84 0.08849894453687113 0.05052748570195431
6810 1.84 0.08849894453687113 0.05052748570195431
6820 1.84 0.08849894453687113 0.05052748570195431
6830 1.6300000000000001 0.05509023688270531 0.034979932293811265
6840 1.72 0.02583554829354262 0.015249728718790911
6850 1.67 0.07315059748256969 0.04580932764683251
6860 1.81 0.0922891206145735 0.05372797117498219
6870 0.97 0.02411320898631919 0.025492700834185165
6880 1.6600000000000001 0.013432899661857345 0.00815812465771892
6890 1.84 0.12228912061457353 0.07119307566959517
6900 1.71 0.03442602674394557 0.020545811341917235
6910 1.23 0.04024268452115276 0.033824279958267034
6920 1.7 0.005835548293542603 0.00344449931508403
6930 1.57 0.06109985041425481 0.04049297127515642
6940 1.6 0.06953581302707068 0.04543445943978865
6950 1.84 0.08849894453687113 0.05052748570195431
6960 1.84 0.12228912061457353 0.07119307566959517
6970 1.84 0.08849894453687113 0.05052748570195431
6980 1.06 0.02143099295571238 0.020635116983419185
6990 1.26 0.07502570807725029 0.0633142073955992
7000 1.71 0.03442602674394557 0.020545811341917235
7010 1.68 0.06583467941569832 0.04078558656672616
7020 1.84 0.12228912061457353 0.07119307566959517
7030 1.32 0.06813937110872481 0.05443047695259274
7040 1.84 0.12228912061457353 0.07119307566959517
7050 1.84 0.12228912061457353 0.07119307566959517
7060 1.7 0.03997599054505119 0.02408157371059764
7070 1.81 0.0922891206145735 0.05372797117498219
7080 1.84 0.12228912061457353 0.07119307566959517
7090 1.6500000000000001 0.10464421018644621 0.06771528658722109
7100 1.47 0.01609930582598218 0.011073181194901643
7110 1.84 0.08849894453687113 0.05052748570195431
7120 1.84 0.08849894453687113 0.05052748570195431
7130 1.47 0.061709848192508465 0.043818987240169235
7140 1.84 0.08849894453687113 0.05052748570195431
7150 1.84 0.12228912061457353 0.07119307566959517
7160 1.69 0.014426026743945553 0.00860960302212872
7170 1.69 0.04343289966185715 0.026377849802135405
7180 1.72 0.02583554829354262 0.015249728718790911
7190 1.67 0.08092412557354067 0.05092527479391026
7200 1.46 0.03511555424214352 0.024644492644080015
7210 1.26 0.038647801741299226 0.03164345370352626
7220 1.57 0.08309116160655017 0.05588181296731486
7230 1.49 0.043913812523378004 0.030367354936157935
7240 1.5 0.05391381252337801 0.037282572083380476
7250 1.84 0.08849894453687113 0.05052748570195431
7260 1.62 0.0895358130270707 0.058502390182786024
7270 1.84 0.08849894453687113 0.05052748570195431
7280 1.69 0.014426026743945553 0.00860960302212872
7290 1.84 0.12228912061457353 0.07119307566959517
7300 1.46 0.07018091746097 0.05049644111430533
7310 1.84 0.08849894453687113 0.05052748570195431
7320 1.32 0.050673454464387424 0.03992152739782571
7330 1.84 0.08849894453687113 0.05052748570195431
7340 1.84 0.08849894453687113 0.05052748570195431
7350 1.07 0.02441894332865613 0.023354424004576914
7360 1.62 0.038216889714770996 0.024160638374675577
7370 1.3800000000000001 0.09586804512792724 0.07465591426503965
7380 1.3900000000000001 0.03581135589147433 0.026444879778953732
7390 1.41 0.07165142681287162 0.05353719370899146
7400 1.6600000000000001 0.04583467941569852 0.02839528196474145
7410 1.6300000000000001 0.08464421018644619 0.054773283113436586
7420 1.3900000000000001 0.06259338031895334 0.04715463927247362
7430 1.16 0.035384575732661405 0.03146371192242331
7440 1.72 0.02583554829354262 0.015249728718790911
7450 1.84 0.12228912061457353 0.07119307566959517
7460 1.58 0.06289229586777711 0.04145539284816377
7470 1.84 0.08849894453687113 0.05052748570195431
7480 1.84 0.08849894453687113 0.05052748570195431
7490 1.57 0.09289030639230833 0.06288653225572781
7500 1.72 0.02583554829354262 0.015249728718790911
7510 1.6400000000000001 0.005346855683919571 0.0032709420359367017
7520 1.71 0.03442602674394557 0.020545811341917235
7530 1.6600000000000001 0.013432899661857345 0.00815812465771892
7540 1.84 0.08849894453687113 0.05052748570195431
7550 1.72 0.02583554829354262 0.015249728718790911
7560 1.6 0.08705907263900015 0.057542942400835156
7570 1.84 0.08849894453687113 0.05052748570195431
7580 1.06 0.04028194215628744 0.03950301933601853
7590 1.84 0.08849894453687113 0.05052748570195431
7600 1.72 0.02583554829354262 0.015249728718790911
7610 1.67 0.02343289966185713 0.014231366372524324
7620 1.6300000000000001 0.04092412557354086 0.02575341192459516
7630 1.6500000000000001 0.0448198562004416 0.027922010108068173
7640 1.43 0.06579401170278376 0.04822879555374696
7650 1.69 0.014426026743945553 0.00860960302212872
7660 1.84 0.12228912061457353 0.07119307566959517
7670 1.84 0.08849894453687113 0.05052748570195431
7680 1.18 0.04307418312191369 0.037886537962689766
7690 1.55 0.06970020181253256 0.047085193079047905
7700 1.3900000000000001 0.05290405902691875 0.03956638967015144
7710 1.84 0.08849894453687113 0.05052748570195431
7720 1.3900000000000001 0.06723197378722845 0.05082673035250246
7730 1.49 0.05371732836258225 0.03740024817074652
7740 1.84 0.08849894453687113 0.05052748570195431
7750 1.84 0.08849894453687113 0.05052748570195431
7760 1.6500000000000001 0.06092412557354088 0.03833934335925278
7770 1.62 0.05159348131964059 0.03289547748312777
7780 1.84 0.08849894453687113 0.05052748570195431
7790 1.55 0.0906436793973533 0.06211209566689076
7800 1.34 0.057677154905955375 0.04497865348544529
7810 1.84 0.08849894453687113 0.05052748570195431
7820 1.84 0.08849894453687113 0.05052748570195431
7830 1.84 0.08849894453687113 0.05052748570195431
7840 1.84 0.08849894453687113 0.05052748570195431
7850 1.51 0.06391381252337802 0.04419778923060302
7860 1.84 0.12228912061457353 0.07119307566959517
7870 1.6600240094549488 0.0 0.0
7880 1.84 0.08849894453687113 0.05052748570195431
7890 1.69 0.0660675829902786 0.040683702288506686
7900 1.52 0.08371732836258228 0.05828750148962063
7910 1.84 0.08849894453687113 0.05052748570195431
7920 1.49 0.07364268480630609 0.05199442542945817
7930 1.84 0.08849894453687113 0.05052748570195431
7940 1.84 0.12228912061457353 0.07119307566959517
7950 1.84 0.08849894453687113 0.05052748570195431
7960 1.84 0.08849894453687113 0.05052748570195431
7970 1.84 0.08849894453687113 0.05052748570195431
7980 1.7 0.03997599054505119 0.02408157371059764
7990 1.1 0.05547188602340736 0.053107125869711586
8000 1.67 0.009975990545051161 0.006009545939234139
8010 1.67 0.08092412557354067 0.05092527479391026
8020 1.56 0.08289030639230832 0.05611655434327094
8030 1.72 0.02583554829354262 0.015249728718790911
8040 1.84 0.08849894453687113 0.05052748570195431
8050 1.84 0.08849894453687113 0.05052748570195431
8060 1.84 0.12228912061457353 0.07119307566959517
8070 1.84 0.08849894453687113 0.05052748570195431
8080 1.72 0.02583554829354262 0.015249728718790911
8090 1.6 0.049267176572225235 0.03177025457120586
8100 1.69 0.04343289966185715 0.026377849802135405
8110 1.04 0.01815960359400881 0.017771467694837298
8120 1.6600000000000001 0.08509023688270534 0.05402864270412683
8130 1.84 0.08849894453687113 0.05052748570195431
8140 1.84 0.08849894453687113 0.05052748570195431
8150 1.48 0.05290500146354837 0.03707181478304161
8160 0.7000000000000001 0.0024727431656392795 0.0035450129602985145
8170 1.84 0.12228912061457353 0.07119307566959517
8180 1.6600000000000001 0.03606758299027879 0.02221002709995343
8190 1.84 0.12228912061457353 0.07119307566959517
8200 1.84 0.08849894453687113 0.05052748570195431
8210 1.57 0.11064367939735331 0.0758167678690442
8220 1.84 0.08849894453687113 0.05052748570195431
8230 1.49 0.05371732836258225 0.03740024817074652
8240 1.84 0.08849894453687113 0.05052748570195431
8250 1.62 0.03092412557354085 0.019460446207266353
8260 1.72 0.02583554829354262 0.015249728718790911
8270 1.61 0.06464421018644617 0.04183127963965207
8280 1.67 0.035346855683919376 0.021623459268301275
8290 1.05 0.040379778647940734 0.03999501772445197
8300 1.84 0.08849894453687113 0.05052748570195431
8310 1.67 0.02343289966185713 0.014231366372524324
8320 1.58 0.03980279540499754 0.025842661761916227
8330 1.84 0.12228912061457353 0.07119307566959517
8340 1.72 0.02583554829354262 0.015249728718790911
8350 1.69 0.0660675829902786 0.040683702288506686
8360 1.71 0.03442602674394557 0.020545811341917235
8370 1.72 0.02583554829354262 0.015249728718790911
8380 1.84 0.08849894453687113 0.05052748570195431
8390 1.62 0.038216889714770996 0.024160638374675577
8400 1.84 0.08849894453687113 0.05052748570195431
8410 1.24 0.07729017859369836 0.06647417710827935
8420 1.84 0.12228912061457353 0.07119307566959517
8430 1.3900000000000001 0.05902686274798219 0.04434865069467254
8440 1.72 0.02583554829354262 0.015249728718790911
8450 1.84 0.08849894453687113 0.05052748570195431
8460 1.84 0.08849894453687113 0.05052748570195431
8470 1.84 0.08849894453687113 0.05052748570195431
8480 1.84 0.08849894453687113 0.05052748570195431
8490 1.84 0.08849894453687113 0.05052748570195431
8500 1.84 0.12228912061457353 0.07119307566959517
8510 1.41 0.07038916274740936 0.05254448589843493
8520 0.10164612490501865 0.0 0.0
8530 1.57 0.11064367939735331 0.0758167678690442
8540 1.84 0.12228912061457353 0.07119307566959517
8550 1.84 0.08849894453687113 0.05052748570195431
8560 1.84 0.08849894453687113 0.05052748570195431
8570 1.84 0.12228912061457353 0.07119307566959517
8580 1.84 0.08849894453687113 0.05052748570195431
8590 1.545355789813554 0.0 0.0
8600 1.84 0.12228912061457353 0.07119307566959517
8610 1.62 0.0895358130270707 0.058502390182786024
8620 1.69 0.04343289966185715 0.026377849802135405
8630 1.72 0.02583554829354262 0.015249728718790911
8640 1.49 0.09305814538120916 0.06661561830474587
8650 1.7 0.03997599054505119 0.02408157371059764
8660 1.67 0.035346855683919376 0.021623459268301275
8670 1.56 0.024761309568044343 0.016128638316871422
8680 1.6300000000000001 0.05509023688270531 0.034979932293811265
8690 1.62 0.038216889714770996 0.024160638374675577
8700 1.44 0.03170984819250844 0.022516558929145353
8710 1.53 0.08642741849824387 0.059870504334692314
8720 1.84 0.12228912061457353 0.07119307566959517
8730 1.84 0.08849894453687113 0.05052748570195431
8740 1.84 0.08849894453687113 0.05052748570195431
8750 1.69 0.04343289966185715 0.026377849802135405
8760 1.84 0.08849894453687113 0.05052748570195431
8770 1.67 0.035346855683919376 0.021623459268301275
8780 1.84 0.08849894453687113 0.05052748570195431
8790 1.84 0.12228912061457353 0.07119307566959517
8800 1.84 0.08849894453687113 0.05052748570195431
8810 1.84 0.08849894453687113 0.05052748570195431
8820 1.84 0.08849894453687113 0.05052748570195431
8830 1.84 0.08849894453687113 0.05052748570195431
8840 1.84 0.08849894453687113 0.05052748570195431
8850 1.84 0.12228912061457353 0.07119307566959517
8860 1.84 0.08849894453687113 0.05052748570195431
8870 1.84 0.08849894453687113 0.05052748570195431
8880 1.84 0.08849894453687113 0.05052748570195431
8890 1.84 0.08849894453687113 0.05052748570195431
8900 1.6500000000000001 0.01534685568391958 0.009388447780058273
8910 1.72 0.02583554829354262 0.015249728718790911
8920 1.67 0.035346855683919376 0.021623459268301275
8930 1.71 0.03442602674394557 0.020545811341917235
8940 1.84 0.08849894453687113 0.05052748570195431
8950 1.84 0.08849894453687113 0.05052748570195431
8960 1.84 0.12228912061457353 0.07119307566959517
8970 1.84 0.12228912061457353 0.07119307566959517
8980 1.6300000000000001 0.07926717657222526 0.051115946844415984
8990 1.84 0.08849894453687113 0.05052748570195431
9000 1.84 0.08849894453687113 0.05052748570195431
9010 1.47 0.10129918935338789 0.07401119993896355
9020 1.84 0.08849894453687113 0.05052748570195431
9030 1.61 0.06464421018644617 0.04183127963965207
9040 1.72 0.02583554829354262 0.015249728718790911
9050 1.81 0.0922891206145735 0.05372797117498219
9060 1.84 0.08849894453687113 0.05052748570195431
9070 1.84 0.08849894453687113 0.05052748570195431
9080 1.84 0.08849894453687113 0.05052748570195431
9090 1.6400000000000001 0.06509023688270532 0.04132950243058312
9100 1.84 0.08849894453687113 0.05052748570195431
9110 1.84 0.12228912061457353 0.07119307566959517
9120 1.69 0.055346855683919394 0.03385847075654442
9130 1.84 0.08849894453687113 0.05052748570195431
9140 1.67 0.02343289966185713 0.014231366372524324
9150 1.84 0.12228912061457353 0.07119307566959517
9160 1.84 0.08849894453687113 0.05052748570195431
9170 1.42 0.05430998453365943 0.03976743178803593
9180 1.84 0.12228912061457353 0.07119307566959517
9190 1.7 0.005835548293542603 0.00344449931508403
9200 1.71 0.03442602674394557 0.020545811341917235
9210 1.6400000000000001 0.10476130956804441 0.0682377992561982
9220 1.84 0.08849894453687113 0.05052748570195431
9230 1.84 0.08849894453687113 0.05052748570195431
9240 1.72 0.02583554829354262 0.015249728718790911
9250 1.69 0.0660675829902786 0.040683702288506686
9260 1.84 0.08849894453687113 0.05052748570195431
9270 1.84 0.12228912061457353 0.07119307566959517
9280 0.3119611803002889 0.0 0.0
9290 1.6500000000000001 0.053150597482569895 0.03328466504028375
9300 1.84 0.08849894453687113 0.05052748570195431
9310 1.84 0.08849894453687113 0.05052748570195431
9320 1.47 0.05973353071524001 0.04235620148122423
9330 1.45 0.033642684806306056 0.02375296434410356
9340 1.71 0.03442602674394557 0.020545811341917235
9350 1.31 0.06698625334512576 0.0538901951208466
9360 1.84 0.12228912061457353 0.07119307566959517
9370 1.84 0.08849894453687113 0.05052748570195431
9380 1.84 0.08849894453687113 0.05052748570195431
9390 1.84 0.08849894453687113 0.05052748570195431
9400 1.37 0.04141304989560002 0.03117074866070737
9410 1.68 0.004426026743945544 0.0026414988622344613
9420 1.71 0.03442602674394557 0.020545811341917235
9430 1.7 0.005835548293542603 0.00344449931508403
9440 1.84 0.08849894453687113 0.05052748570195431
9450 1.47 0.04511555424214353 0.03166260560739564
9460 1.84 0.08849894453687113 0.05052748570195431
9470 1.84 0.08849894453687113 0.05052748570195431
9480 1.84 0.08849894453687113 0.05052748570195431
9490 1.56 0.01980279540499752 0.012857311613031202
9500 1.62 0.03092412557354085 0.019460446207266353
9510 1.84 0.08849894453687113 0.05052748570195431
9520 1.57 0.044140429594854425 0.02892823851616586
9530 0.63 0.005093944959705943 0.008151537208864914
9540 1.31 0.06913166354061784 0.05571232781865794
9550 1.6500000000000001 0.02606758299027878 0.016052135370435636
9560 1.41 0.04430998453365942 0.0324451259303737
9570 1.69 0.014426026743945553 0.00860960302212872
9580 1.4000000000000001 0.07259338031895335 0.054688125885944655
9590 1.84 0.08849894453687113 0.05052748570195431
9600 1.84 0.12228912061457353 0.07119307566959517
9610 1.2 0.048190982042090935 0.04183938594918346
9620 0.8300000000000001 0.010574498020694656 0.012904770470472513
9630 1.5 0.04064367939735325 0.027850415161507155
9640 1.54 0.0628903063923083 0.0425765985183572
9650 1.81 0.0922891206145735 0.05372797117498219
9660 1.68 0.004426026743945544 0.0026414988622344613
9670 1.27 0.06394558839609354 0.0530204838030928
9680 1.25 0.0919064785260768 0.07936015254545767
9690 1.69 0.0660675829902786 0.040683702288506686
9700 0.66 0.025966122704044525 0.04095384116505814
9710 1.84 0.12228912061457353 0.07119307566959517
9720 1.6 0.01821688971477098 0.011516679876222782
9730 1.6600000000000001 0.04583467941569852 0.02839528196474145
9740 1.11 0.047404677467940415 0.04461216463383234
9750 1.6400000000000001 0.06509023688270532 0.04132950243058312
9760 1.6600000000000001 0.04583467941569852 0.02839528196474145
9770 0.1263053538130645 0.0 0.0
9780 1.49 0.09122500972106562 0.06521778724602027
9790 1.69 0.04343289966185715 0.026377849802135405
9800 1.7 0.005835548293542603 0.00344449931508403
9810 1.6600000000000001 0.03606758299027879 0.02221002709995343
9820 1.52 0.07391381252337803 0.051113006377825565
9830 1.61 0.1050226391400304 0.0697835342054705
9840 1.19 0.02729017859369831 0.0234711860958487
9850 0.33004626699650547 0.0 0.0
9860 1.52 0.0028922958677770616 0.0019064538792461269
9870 1.55 0.06643512175539823 0.04478073236271692
9880 1.44 0.06190621420284548 0.04492162640950884
9890 1.1500000000000001 0.06735502982980912 0.0622134048424212
9900 1.6500000000000001 0.01534685568391958 0.009388447780058273
9910 1.67 0.035346855683919376 0.021623459268301275
9920 1.69 0.014426026743945553 0.00860960302212872
9930 1.84 0.08849894453687113 0.05052748570195431
9940 1.44 0.10038916274740939 0.0749390494281889
9950 1.68 0.0748198562004414 0.04661150120094202
9960 1.3 0.056265615588953155 0.04523925389069062
9970 1.51 0.1017098481925085 0.07222222498820108
9980 0.96 0.03046648725908563 0.03277610418719507
9990 1.84 0.12228912061457353 0.07119307566959517
