
x disttype general-gaussian
x k 380
x std 0.45
x N 50000
x alpha 0.0005

o 0 0.9998341327646891 1
o 10 0.9998341327646891 1
o 20 0.993142719033892 0.9954889975318352
o 30 0.9998341327646891 1
o 40 0.9997041638433971 0.9999976422569008
o 50 0.9998341327646891 1
o 60 0.9998341327646891 1
o 70 0.9998341327646891 1
o 80 0.9933192755189235 0.9956323593695238
o 90 0.9997427320109885 0.9999995494141014
o 100 0.9998341327646891 1
o 110 0.999599491460172 0.9999830535762632
o 120 0.9990229026390082 0.9997633135035773
o 130 0.9998341327646891 1
o 140 0.9997427320109885 0.9999995494141014
o 150 0.9992130705901301 0.9998523473218889
o 160 0.9995349878824064 0.9999681957182619
o 170 0.9976792437995069 0.9989495473086407
o 180 0.9998341327646891 1
o 190 0.9996330653686861 0.9999891487861118
o 200 0.9998341327646891 1
o 210 0.9991579479265237 0.999827728109528
o 220 0.9995037605889281 0.9999597116202779
o 230 0.999103496509203 0.9998024115070666
o 240 0.9997427320109885 0.9999995494141014
o 250 0.9746172162769268 0.9793013406582096
o 260 0.9998341327646891 1
o 270 0.9996678275924519 0.9999940967944916
o 280 0.9998341327646891 1
o 290 0.9933634530736767 0.9956681612106678
o 300 0.9972769311337085 0.9986722731996572
o 310 0.9961886593866747 0.9978814063409817
o 320 0.8796331804364997 0.8895970445021004
o 330 0.9998341327646891 1
o 340 0.8077386064390767 0.8198755640722692
o 350 0.999784848241918 0.9999999949993749
o 360 0.9998341327646891 1
o 370 0.9997041638433971 0.9999976422569008
o 380 0.9998341327646891 1
o 390 0.9998341327646891 1
o 400 0.999442873695936 0.9999411111022777
o 410 0.9998341327646891 1
o 420 0.9786983094108199 0.9829788440559215
o 430 0.9998341327646891 1
o 440 0.9998341327646891 1
o 450 0.9912798280218552 0.9939526992962495
o 460 0.9898247213393182 0.9927283946305603
o 470 0.9995668564461039 0.999976016692425
o 480 0.999784848241918 0.9999999949993749
o 490 0.99863385948088 0.9995534508999322
o 500 0.9998341327646891 1
o 510 0.9998341327646891 1
o 520 0.9997427320109885 0.9999995494141014
o 530 0.9924168378207178 0.99489520457616
o 540 0.999599491460172 0.9999830535762632
o 550 0.9873253301362781 0.9905887440365998
o 560 0.9977269908240753 0.9989817458746678
o 570 0.9997041638433971 0.9999976422569008
o 580 0.9993545677321735 0.9999100498624319
o 590 0.999784848241918 0.9999999949993749
o 600 0.9998341327646891 1
o 610 0.9983337061651681 0.9993741869624272
o 620 0.9997041638433971 0.9999976422569008
o 630 0.9991854194751913 0.9998401310800589
o 640 0.9997427320109885 0.9999995494141014
o 650 0.999442873695936 0.9999411111022777
o 660 0.9996330653686861 0.9999891487861118
o 670 0.999442873695936 0.9999411111022777
o 680 0.9998341327646891 1
o 690 0.9998341327646891 1
o 700 0.9998341327646891 1
o 710 0.999784848241918 0.9999999949993749
o 720 0.947924961634827 0.9546425604003794
o 730 0.9993836603972324 0.9999207619417313
o 740 0.23091029837213778 0.2441781955590384
o 750 0.9998341327646891 1
o 760 0.9280392521944479 0.9358948847635571
o 770 0.999784848241918 0.9999999949993749
o 780 0.9994130827814863 0.9999311292217226
o 790 0.9997427320109885 0.9999995494141014
o 800 0.9988909714709572 0.9996956768430979
o 810 0.9997041638433971 0.9999976422569008
o 820 0.9998341327646891 1
o 830 0.9915633822032628 0.9941890266049113
o 840 0.9997427320109885 0.9999995494141014
o 850 0.9998341327646891 1
o 860 0.9998341327646891 1
o 870 0.9915197299412335 0.9941526972061495
o 880 0.9998341327646891 1
o 890 0.9970661424168645 0.9985232526257974
o 900 0.7425217942697677 0.756034158291882
o 910 0.9998341327646891 1
o 920 0.9995668564461039 0.999976016692425
o 930 0.999103496509203 0.9998024115070666
o 940 0.9912798280218552 0.9939526992962495
o 950 0.994741753465212 0.996769175618257
o 960 0.9970428031898161 0.9985066120860036
o 970 0.999599491460172 0.9999830535762632
o 980 0.9998341327646891 1
o 990 0.9953259191424008 0.9972246856405348
o 1000 0.9994130827814863 0.9999311292217226
o 1010 0.999784848241918 0.9999999949993749
o 1020 0.9996678275924519 0.9999940967944916
o 1030 0.9998341327646891 1
o 1040 0.9998341327646891 1
o 1050 0.9689866243461294 0.9741738448194956
o 1060 0.9998341327646891 1
o 1070 0.9998341327646891 1
o 1080 0.99612008746949 0.9978300245310231
o 1090 0.998532952220799 0.9994945720557045
o 1100 0.9998341327646891 1
o 1110 0.9998341327646891 1
o 1120 0.9997427320109885 0.9999995494141014
o 1130 0.9963949261562345 0.9980349958952714
o 1140 0.999599491460172 0.9999830535762632
o 1150 0.9990229026390082 0.9997633135035773
o 1160 0.9997041638433971 0.9999976422569008
o 1170 0.9998341327646891 1
o 1180 0.9997427320109885 0.9999995494141014
o 1190 0.999784848241918 0.9999999949993749
o 1200 0.9939614630105198 0.9961498650097489
o 1210 0.9998341327646891 1
o 1220 0.9998341327646891 1
o 1230 0.999599491460172 0.9999830535762632
o 1240 0.9993545677321735 0.9999100498624319
o 1250 0.9997041638433971 0.9999976422569008
o 1260 0.006448198241601528 0.009199077365011799
o 1270 0.6198627748456812 0.6349342803666612
o 1280 0.9998341327646891 1
o 1290 0.9622788632508763 0.9680038633244354
o 1300 0.9991854194751913 0.9998401310800589
o 1310 0.9989962943624112 0.9997500155155598
o 1320 0.9958921299523205 0.9976581311058543
o 1330 0.9997427320109885 0.9999995494141014
o 1340 0.9997427320109885 0.9999995494141014
o 1350 0.9998341327646891 1
o 1360 0.9997041638433971 0.9999976422569008
o 1370 0.9990229026390082 0.9997633135035773
o 1380 0.9986085425177087 0.999538823531834
o 1390 0.9998341327646891 1
o 1400 0.999784848241918 0.9999999949993749
o 1410 0.9997427320109885 0.9999995494141014
o 1420 0.9998341327646891 1
o 1430 0.9998341327646891 1
o 1440 0.9805355621826651 0.984620951948227
o 1450 0.9998341327646891 1
o 1460 0.9993257723589525 0.9998990270247117
o 1470 0.9984080584682806 0.9994197042904669
o 1480 0.9998341327646891 1
o 1490 0.9984578626277146 0.999449808165806
o 1500 0.06505888273042885 0.07296664601602898
o 1510 0.9994730802517786 0.9999506585660503
o 1520 0.9966713515299861 0.9982383659018511
o 1530 0.23253434421503122 0.24583359639607183
o 1540 0.9997427320109885 0.9999995494141014
o 1550 0.9996678275924519 0.9999940967944916
o 1560 0.9998341327646891 1
o 1570 0.9870893839615271 0.9903847782332513
o 1580 0.9990496341945716 0.9997764839702489
o 1590 0.9998341327646891 1
o 1600 0.9966251611325634 0.998204591561967
o 1610 0.9998341327646891 1
o 1620 0.999297246851899 0.9998877222821806
o 1630 0.999784848241918 0.9999999949993749
o 1640 0.9856555847328274 0.9891391057232686
o 1650 0.9996330653686861 0.9999891487861118
o 1660 0.996211536534311 0.9978985135971825
o 1670 0.9917380981304329 0.994334236913034
o 1680 0.9975840325399995 0.9988848632863743
o 1690 0.9989698028369101 0.9997365968529978
o 1700 0.9998341327646891 1
o 1710 0.9997427320109885 0.9999995494141014
o 1720 0.9998341327646891 1
o 1730 0.9826539483676309 0.9865018203029313
o 1740 0.9988130027235841 0.999653867701341
o 1750 0.9987614482791993 0.999625557902435
o 1760 0.9998341327646891 1
o 1770 0.999784848241918 0.9999999949993749
o 1780 0.9998341327646891 1
o 1790 0.7380634295410857 0.751654014030897
o 1800 0.9977748368846215 0.9990138439272586
o 1810 0.9997427320109885 0.9999995494141014
o 1820 0.9998341327646891 1
o 1830 0.9998341327646891 1
o 1840 0.9998341327646891 1
o 1850 0.9934739660801107 0.9957575963558218
o 1860 0.9993257723589525 0.9998990270247117
o 1870 0.9998341327646891 1
o 1880 0.9955065793665261 0.9973639193559748
o 1890 0.9998341327646891 1
o 1900 0.9997427320109885 0.9999995494141014
o 1910 0.9987871854159925 0.9996397540167659
o 1920 0.9991579479265237 0.999827728109528
o 1930 0.9988389036516672 0.9996678953600677
o 1940 0.9997041638433971 0.9999976422569008
o 1950 0.9998341327646891 1
o 1960 0.999784848241918 0.9999999949993749
o 1970 0.9967638850029287 0.998305760365681
o 1980 0.9997427320109885 0.9999995494141014
o 1990 0.999784848241918 0.9999999949993749
o 2000 0.9997427320109885 0.9999995494141014
o 2010 0.9998341327646891 1
o 2020 0.9993257723589525 0.9998990270247117
o 2030 0.9997427320109885 0.9999995494141014
o 2040 0.9997041638433971 0.9999976422569008
o 2050 0.9998341327646891 1
o 2060 0.9998341327646891 1
o 2070 0.7201986870272472 0.7340847334090235
o 2080 0.9998341327646891 1
o 2090 0.9663165240710824 0.9717248456921974
o 2100 0.9995349878824064 0.9999681957182619
o 2110 0.996234423774403 0.9979156106725443
o 2120 0.9996678275924519 0.9999940967944916
o 2130 0.08427507338199704 0.09314375095461647
o 2140 0.9998341327646891 1
o 2150 0.9998341327646891 1
o 2160 0.9998341327646891 1
o 2170 0.9998341327646891 1
o 2180 0.9993257723589525 0.9998990270247117
o 2190 0.9998341327646891 1
o 2200 0.999599491460172 0.9999830535762632
o 2210 0.9996678275924519 0.9999940967944916
o 2220 0.9998341327646891 1
o 2230 0.9997427320109885 0.9999995494141014
o 2240 0.9998341327646891 1
o 2250 0.9994130827814863 0.9999311292217226
o 2260 0.9998341327646891 1
o 2270 0.999784848241918 0.9999999949993749
o 2280 0.9528442165849577 0.9592416653225679
o 2290 0.998064229430307 0.9992040792410983
o 2300 0.9998341327646891 1
o 2310 0.999442873695936 0.9999411111022777
o 2320 0.9983832285394911 0.9994045786411975
o 2330 0.9992689677678922 0.9998761603306536
o 2340 0.9998341327646891 1
o 2350 0.9998341327646891 1
o 2360 0.9998341327646891 1
o 2370 0.9996678275924519 0.9999940967944916
o 2380 0.9992409148798167 0.9998643624923798
o 2390 0.9998341327646891 1
o 2400 0.9994130827814863 0.9999311292217226
o 2410 0.999784848241918 0.9999999949993749
o 2420 0.9998341327646891 1
o 2430 0.9871108268687839 0.9904033273405761
o 2440 0.9998341327646891 1
o 2450 0.9963260758000116 0.9979838949949381
o 2460 0.9990496341945716 0.9997764839702489
o 2470 0.9998341327646891 1
o 2480 0.9969728777400151 0.998456597194961
o 2490 0.9991854194751913 0.9998401310800589
o 2500 0.9850366080266678 0.9885983074547733
o 2510 0.9993545677321735 0.9999100498624319
o 2520 0.9997427320109885 0.9999995494141014
o 2530 0.9988389036516672 0.9996678953600677
o 2540 0.999784848241918 0.9999999949993749
o 2550 0.9989698028369101 0.9997365968529978
o 2560 0.9781712414875204 0.9825060943964207
o 2570 0.9991854194751913 0.9998401310800589
o 2580 0.999784848241918 0.9999999949993749
o 2590 0.9996330653686861 0.9999891487861118
o 2600 0.999784848241918 0.9999999949993749
o 2610 0.9970194794753219 0.9984899558577263
o 2620 0.9998341327646891 1
o 2630 0.9989434220919977 0.9997230637730928
o 2640 0.999784848241918 0.9999999949993749
o 2650 0.995937648394377 0.9976925834541458
o 2660 0.9997041638433971 0.9999976422569008
o 2670 0.9989434220919977 0.9997230637730928
o 2680 0.9989434220919977 0.9997230637730928
o 2690 0.9984578626277146 0.999449808165806
o 2700 0.999297246851899 0.9998877222821806
o 2710 0.9936509981065429 0.9959004803202396
o 2720 0.7436920168568292 0.7571835443869734
o 2730 0.9888309281631544 0.991882575231211
o 2740 0.9966482500970695 0.9982214850281281
o 2750 0.999442873695936 0.9999411111022777
o 2760 0.9880126833610141 0.9911811323207574
o 2770 0.9924168378207178 0.99489520457616
o 2780 0.9997041638433971 0.9999976422569008
o 2790 0.999784848241918 0.9999999949993749
o 2800 0.9997427320109885 0.9999995494141014
o 2810 0.7973145020919276 0.8097031463037563
o 2820 0.999599491460172 0.9999830535762632
o 2830 0.9998341327646891 1
o 2840 0.9997427320109885 0.9999995494141014
o 2850 0.9964638754550494 0.998085996940606
o 2860 0.9982106455758747 0.9992974473203111
o 2870 0.9998341327646891 1
o 2880 0.9996678275924519 0.9999940967944916
o 2890 0.9998341327646891 1
o 2900 0.9998341327646891 1
o 2910 0.9997427320109885 0.9999995494141014
o 2920 0.9892193496237016 0.9922140035157774
o 2930 0.9917599498345655 0.994352375941256
o 2940 0.9998341327646891 1
o 2950 0.9998341327646891 1
o 2960 0.9998341327646891 1
o 2970 0.9877332682027935 0.9909406529467978
o 2980 0.9998341327646891 1
o 2990 0.9990229026390082 0.9997633135035773
o 3000 0.9997041638433971 0.9999976422569008
o 3010 0.9977987982532164 0.9990298540327246
o 3020 0.9998341327646891 1
o 3030 0.9486064849091685 0.9552808100405679
o 3040 0.9995037605889281 0.9999597116202779
o 3050 0.9998341327646891 1
o 3060 0.18954603765849157 0.20191657053962586
o 3070 0.9998341327646891 1
o 3080 0.9998341327646891 1
o 3090 0.9998341327646891 1
o 3100 0.994764143998584 0.996786773113775
o 3110 0.999442873695936 0.9999411111022777
o 3120 0.9998341327646891 1
o 3130 0.9957557829105036 0.997554564113653
o 3140 0.999784848241918 0.9999999949993749
o 3150 0.9996678275924519 0.9999940967944916
o 3160 0.9197113308333404 0.9279855734789
o 3170 0.9998341327646891 1
o 3180 0.9998341327646891 1
o 3190 0.9993545677321735 0.9999100498624319
o 3200 0.9998341327646891 1
o 3210 0.9998341327646891 1
o 3220 0.9998341327646891 1
o 3230 0.9998341327646891 1
o 3240 0.9735893698535811 0.9783695378437731
o 3250 0.9840778657180443 0.9877573953305411
o 3260 0.999103496509203 0.9998024115070666
o 3270 0.9998341327646891 1
o 3280 0.9983090111814502 0.9993589235528282
o 3290 0.9998341327646891 1
o 3300 0.9977509012387209 0.9989978077068434
o 3310 0.9998341327646891 1
o 3320 0.9998341327646891 1
o 3330 0.9691536834781824 0.9743267292311542
o 3340 0.9998341327646891 1
o 3350 0.9998341327646891 1
o 3360 0.9996678275924519 0.9999940967944916
o 3370 0.999103496509203 0.9998024115070666
o 3380 0.9998341327646891 1
o 3390 0.999784848241918 0.9999999949993749
o 3400 0.999784848241918 0.9999999949993749
o 3410 0.9895867217362898 0.99252648793873
o 3420 0.9993836603972324 0.9999207619417313
o 3430 0.9991306438647708 0.9998151511351715
o 3440 0.9993836603972324 0.9999207619417313
o 3450 0.9996678275924519 0.9999940967944916
o 3460 0.994741753465212 0.996769175618257
o 3470 0.9997041638433971 0.9999976422569008
o 3480 0.999784848241918 0.9999999949993749
o 3490 0.7623639942951704 0.7755053253688413
o 3500 0.9998341327646891 1
o 3510 0.9998341327646891 1
o 3520 0.055726524842539024 0.06310228304865784
o 3530 0.9989698028369101 0.9997365968529978
o 3540 0.9998341327646891 1
o 3550 0.982378116810592 0.9862577495257544
o 3560 0.9998341327646891 1
o 3570 0.999784848241918 0.9999999949993749
o 3580 0.9644837219965575 0.9700382643129148
o 3590 0.9996678275924519 0.9999940967944916
o 3600 0.999784848241918 0.9999999949993749
o 3610 0.9997041638433971 0.9999976422569008
o 3620 0.9998341327646891 1
o 3630 0.9998341327646891 1
o 3640 0.998532952220799 0.9994945720557045
o 3650 0.9998341327646891 1
o 3660 0.9998341327646891 1
o 3670 0.999784848241918 0.9999999949993749
o 3680 0.999784848241918 0.9999999949993749
o 3690 0.9997427320109885 0.9999995494141014
o 3700 0.9995349878824064 0.9999681957182619
o 3710 0.9933634530736767 0.9956681612106678
o 3720 0.9998341327646891 1
o 3730 0.9088603939990335 0.9176401157187408
o 3740 0.9998341327646891 1
o 3750 0.999784848241918 0.9999999949993749
o 3760 0.9995349878824064 0.9999681957182619
o 3770 0.999784848241918 0.9999999949993749
o 3780 0.822627976227807 0.8343812291876427
o 3790 0.9998341327646891 1
o 3800 0.9991854194751913 0.9998401310800589
o 3810 0.9970894973736582 0.998539877255987
o 3820 0.9998341327646891 1
o 3830 0.9998341327646891 1
o 3840 0.9997041638433971 0.9999976422569008
o 3850 0.9765921762956034 0.9810857038717272
o 3860 0.9993545677321735 0.9999100498624319
o 3870 0.9998341327646891 1
o 3880 0.9995668564461039 0.999976016692425
o 3890 0.9998341327646891 1
o 3900 0.999784848241918 0.9999999949993749
o 3910 0.9998341327646891 1
o 3920 0.9998341327646891 1
o 3930 0.9998341327646891 1
o 3940 0.9998341327646891 1
o 3950 0.9905618938848829 0.9933509275612022
o 3960 0.9998341327646891 1
o 3970 0.9869821893754152 0.9902920126980463
o 3980 0.9998341327646891 1
o 3990 0.9995349878824064 0.9999681957182619
o 4000 0.9671086688422942 0.9724524340586743
o 4010 0.999784848241918 0.9999999949993749
o 4020 0.999784848241918 0.9999999949993749
o 4030 0.9913888358574415 0.9940436460716633
o 4040 0.9993836603972324 0.9999207619417313
o 4050 0.9996678275924519 0.9999940967944916
o 4060 0.9992689677678922 0.9998761603306536
o 4070 0.9998341327646891 1
o 4080 0.9998341327646891 1
o 4090 0.9997427320109885 0.9999995494141014
o 4100 0.9996330653686861 0.9999891487861118
o 4110 0.9988909714709572 0.9996956768430979
o 4120 0.9991306438647708 0.9998151511351715
o 4130 0.9998341327646891 1
o 4140 0.976949827769416 0.9814079293915114
o 4150 0.9998341327646891 1
o 4160 0.999784848241918 0.9999999949993749
o 4170 0.9998341327646891 1
o 4180 0.9995349878824064 0.9999681957182619
o 4190 0.9998341327646891 1
o 4200 0.9998341327646891 1
o 4210 0.9998341327646891 1
o 4220 0.9997427320109885 0.9999995494141014
o 4230 0.9998341327646891 1
o 4240 0.999784848241918 0.9999999949993749
o 4250 0.9998341327646891 1
o 4260 0.999784848241918 0.9999999949993749
o 4270 0.999784848241918 0.9999999949993749
o 4280 0.9991579479265237 0.999827728109528
o 4290 0.999784848241918 0.9999999949993749
o 4300 0.9225608568846834 0.9306951005980992
o 4310 0.9997427320109885 0.9999995494141014
o 4320 0.9998341327646891 1
o 4330 0.9957104012102794 0.9975199739418538
o 4340 0.9993257723589525 0.9998990270247117
o 4350 0.9975128585703185 0.9988361124990678
o 4360 0.9227454161645094 0.9308704799920012
o 4370 0.9974891765373674 0.9988198190301265
o 4380 0.9906487819325005 0.9934240043293557
o 4390 0.999599491460172 0.9999830535762632
o 4400 0.9793101843654335 0.9835267568075947
o 4410 0.9979672929505882 0.9991411475683059
o 4420 0.9983337061651681 0.9993741869624272
o 4430 0.9998341327646891 1
o 4440 0.9995668564461039 0.999976016692425
o 4450 0.999784848241918 0.9999999949993749
o 4460 0.9995349878824064 0.9999681957182619
o 4470 0.999784848241918 0.9999999949993749
o 4480 0.9995349878824064 0.9999681957182619
o 4490 0.9997427320109885 0.9999995494141014
o 4500 0.697917330837465 0.7121335492620395
o 4510 0.9998341327646891 1
o 4520 0.999784848241918 0.9999999949993749
o 4530 0.9998341327646891 1
o 4540 0.9992130705901301 0.9998523473218889
o 4550 0.999442873695936 0.9999411111022777
o 4560 0.9997427320109885 0.9999995494141014
o 4570 0.9836098648093758 0.9873455637608001
o 4580 0.999784848241918 0.9999999949993749
o 4590 0.9992689677678922 0.9998761603306536
o 4600 0.9998341327646891 1
o 4610 0.9988648919050572 0.999681833128126
o 4620 0.9894786159586213 0.9924346360773508
o 4630 0.983822536404719 0.9875328161274727
o 4640 0.9985832870189011 0.9995241331856756
o 4650 0.9998341327646891 1
o 4660 0.9991306438647708 0.9998151511351715
o 4670 0.999784848241918 0.9999999949993749
o 4680 0.9998341327646891 1
o 4690 0.9353958983336829 0.9428557931726842
o 4700 0.9992130705901301 0.9998523473218889
o 4710 0.999784848241918 0.9999999949993749
o 4720 0.9998341327646891 1
o 4730 0.9998341327646891 1
o 4740 0.42516905238001723 0.4406135682662661
o 4750 0.9982351769925596 0.9993128775364343
o 4760 0.999784848241918 0.9999999949993749
o 4770 0.999784848241918 0.9999999949993749
o 4780 0.999784848241918 0.9999999949993749
o 4790 0.9998341327646891 1
o 4800 0.9998341327646891 1
o 4810 0.999784848241918 0.9999999949993749
o 4820 0.9996330653686861 0.9999891487861118
o 4830 0.9990764961900899 0.99978951939873
o 4840 0.9992689677678922 0.9998761603306536
o 4850 0.9997427320109885 0.9999995494141014
o 4860 0.6026202355345777 0.6178226105141902
o 4870 0.9998341327646891 1
o 4880 0.9936067152200819 0.9958647843344953
o 4890 0.9861685569028579 0.9895859457654106
o 4900 0.9951457107559273 0.9970849969094725
o 4910 0.999103496509203 0.9998024115070666
o 4920 0.9998341327646891 1
o 4930 0.9998341327646891 1
o 4940 0.999784848241918 0.9999999949993749
o 4950 0.9934518554915925 0.9957397173533522
o 4960 0.9998341327646891 1
o 4970 0.999784848241918 0.9999999949993749
o 4980 0.9997427320109885 0.9999995494141014
o 4990 0.9508588290483495 0.9573877151082575
o 5000 0.9998341327646891 1
o 5010 0.9998341327646891 1
o 5020 0.9960516027518843 0.9977785547768216
o 5030 0.9998341327646891 1
o 5040 0.9984828397939801 0.999464783357556
o 5050 0.9993545677321735 0.9999100498624319
o 5060 0.9994730802517786 0.9999506585660503
o 5070 0.9996330653686861 0.9999891487861118
o 5080 0.9998341327646891 1
o 5090 0.9997427320109885 0.9999995494141014
o 5100 0.999103496509203 0.9998024115070666
o 5110 0.9996678275924519 0.9999940967944916
o 5120 0.9998341327646891 1
o 5130 0.9988909714709572 0.9996956768430979
o 5140 0.9985078691024893 0.9994797052294327
o 5150 0.9998341327646891 1
o 5160 0.9998341327646891 1
o 5170 0.9998341327646891 1
o 5180 0.999784848241918 0.9999999949993749
o 5190 0.9996678275924519 0.9999940967944916
o 5200 0.9966482500970695 0.9982214850281281
o 5210 0.9924826764449779 0.9949493369945279
o 5220 0.9986592401095487 0.9995680130057608
o 5230 0.9998341327646891 1
o 5240 0.9998341327646891 1
o 5250 0.999599491460172 0.9999830535762632
o 5260 0.999103496509203 0.9998024115070666
o 5270 0.9998341327646891 1
o 5280 0.9998341327646891 1
o 5290 0.9998341327646891 1
o 5300 0.9998341327646891 1
o 5310 0.9998341327646891 1
o 5320 0.9998341327646891 1
o 5330 0.9997041638433971 0.9999976422569008
o 5340 0.9998341327646891 1
o 5350 0.999784848241918 0.9999999949993749
o 5360 0.9993836603972324 0.9999207619417313
o 5370 0.999784848241918 0.9999999949993749
o 5380 0.9995349878824064 0.9999681957182619
o 5390 0.9998341327646891 1
o 5400 0.9998341327646891 1
o 5410 0.9994730802517786 0.9999506585660503
o 5420 0.999297246851899 0.9998877222821806
o 5430 0.9998341327646891 1
o 5440 0.9955291951801475 0.9973812900439158
o 5450 0.8036491181031543 0.8158864166447486
o 5460 0.9993257723589525 0.9998990270247117
o 5470 0.9997041638433971 0.9999976422569008
o 5480 0.9997041638433971 0.9999976422569008
o 5490 0.9998341327646891 1
o 5500 0.9998341327646891 1
o 5510 0.9998341327646891 1
o 5520 0.9998341327646891 1
o 5530 0.999442873695936 0.9999411111022777
o 5540 0.9998341327646891 1
o 5550 0.9998341327646891 1
o 5560 0.9978708418570428 0.999077722372286
o 5570 0.9998341327646891 1
o 5580 0.9995037605889281 0.9999597116202779
o 5590 0.9998341327646891 1
o 5600 0.7812963680918407 0.7940466273919359
o 5610 0.9995349878824064 0.9999681957182619
o 5620 0.9891977558137093 0.9921956057163258
o 5630 0.9996678275924519 0.9999940967944916
o 5640 0.998064229430307 0.9992040792410983
o 5650 0.9998341327646891 1
o 5660 0.9998341327646891 1
o 5670 0.999297246851899 0.9998877222821806
o 5680 0.9997041638433971 0.9999976422569008
o 5690 0.999784848241918 0.9999999949993749
o 5700 0.9997427320109885 0.9999995494141014
o 5710 0.9997427320109885 0.9999995494141014
o 5720 0.9892193496237016 0.9922140035157774
o 5730 0.9955744496960323 0.9974160083623181
o 5740 0.9992130705901301 0.9998523473218889
o 5750 0.9998341327646891 1
o 5760 0.9997427320109885 0.9999995494141014
o 5770 0.9998341327646891 1
o 5780 0.9995037605889281 0.9999597116202779
o 5790 0.9998341327646891 1
o 5800 0.9990496341945716 0.9997764839702489
o 5810 0.9998341327646891 1
o 5820 0.9998341327646891 1
o 5830 0.9998341327646891 1
o 5840 0.999784848241918 0.9999999949993749
o 5850 0.9998341327646891 1
o 5860 0.9998341327646891 1
o 5870 0.9995037605889281 0.9999597116202779
o 5880 0.9998341327646891 1
o 5890 0.9995349878824064 0.9999681957182619
o 5900 0.9998341327646891 1
o 5910 0.9990764961900899 0.99978951939873
o 5920 0.9998341327646891 1
o 5930 0.9998341327646891 1
o 5940 0.999599491460172 0.9999830535762632
o 5950 0.9960516027518843 0.9977785547768216
o 5960 0.99863385948088 0.9995534508999322
o 5970 0.9998341327646891 1
o 5980 0.9998341327646891 1
o 5990 0.9998341327646891 1
o 6000 0.9981861524596591 0.9992819780723441
o 6010 0.9998341327646891 1
o 6020 0.9994730802517786 0.9999506585660503
o 6030 0.997894911366256 0.9990936226399529
o 6040 0.9998341327646891 1
o 6050 0.9998341327646891 1
o 6060 0.9998341327646891 1
o 6070 0.9997427320109885 0.9999995494141014
o 6080 0.9997041638433971 0.9999976422569008
o 6090 0.9997041638433971 0.9999976422569008
o 6100 0.9998341327646891 1
o 6110 0.999599491460172 0.9999830535762632
o 6120 0.9998341327646891 1
o 6130 0.9998341327646891 1
o 6140 0.9998341327646891 1
o 6150 0.9998341327646891 1
o 6160 0.9995668564461039 0.999976016692425
o 6170 0.9998341327646891 1
o 6180 0.9998341327646891 1
o 6190 0.999599491460172 0.9999830535762632
o 6200 0.999784848241918 0.9999999949993749
o 6210 0.9996330653686861 0.9999891487861118
o 6220 0.999784848241918 0.9999999949993749
o 6230 0.9994130827814863 0.9999311292217226
o 6240 0.9998341327646891 1
o 6250 0.9997041638433971 0.9999976422569008
o 6260 0.9995668564461039 0.999976016692425
o 6270 0.9998341327646891 1
o 6280 0.9998341327646891 1
o 6290 0.9996330653686861 0.9999891487861118
o 6300 0.9997427320109885 0.9999995494141014
o 6310 0.9998341327646891 1
o 6320 0.999784848241918 0.9999999949993749
o 6330 0.9998341327646891 1
o 6340 0.9998341327646891 1
o 6350 0.9998341327646891 1
o 6360 0.9998341327646891 1
o 6370 0.9996678275924519 0.9999940967944916
o 6380 0.9996330653686861 0.9999891487861118
o 6390 0.9995349878824064 0.9999681957182619
o 6400 0.9976078010658749 0.9989010690693881
o 6410 0.999599491460172 0.9999830535762632
o 6420 0.9990764961900899 0.99978951939873
o 6430 0.9998341327646891 1
o 6440 0.9998341327646891 1
o 6450 0.9998341327646891 1
o 6460 0.999442873695936 0.9999411111022777
o 6470 0.9998341327646891 1
o 6480 0.999784848241918 0.9999999949993749
o 6490 0.9997427320109885 0.9999995494141014
o 6500 0.9998341327646891 1
o 6510 0.9998341327646891 1
o 6520 0.9997041638433971 0.9999976422569008
o 6530 0.9996330653686861 0.9999891487861118
o 6540 0.9997427320109885 0.9999995494141014
o 6550 0.9998341327646891 1
o 6560 0.761899508378288 0.7750499664996912
o 6570 0.9827600748778752 0.9865956561620418
o 6580 0.9996678275924519 0.9999940967944916
o 6590 0.999784848241918 0.9999999949993749
o 6600 0.9991306438647708 0.9998151511351715
o 6610 0.9885938299419412 0.9916797645045298
o 6620 0.9997427320109885 0.9999995494141014
o 6630 0.9998341327646891 1
o 6640 0.9998341327646891 1
o 6650 0.9975602862033369 0.9988686350034939
o 6660 0.9997427320109885 0.9999995494141014
o 6670 0.9997041638433971 0.9999976422569008
o 6680 0.9995037605889281 0.9999597116202779
o 6690 0.9996678275924519 0.9999940967944916
o 6700 0.9994130827814863 0.9999311292217226
o 6710 0.9997427320109885 0.9999995494141014
o 6720 0.999784848241918 0.9999999949993749
o 6730 0.9992130705901301 0.9998523473218889
o 6740 0.9949434816817062 0.9969273383152467
o 6750 0.9998341327646891 1
o 6760 0.9998341327646891 1
o 6770 0.9998341327646891 1
o 6780 0.9989434220919977 0.9997230637730928
o 6790 0.999784848241918 0.9999999949993749
o 6800 0.9998341327646891 1
o 6810 0.9998341327646891 1
o 6820 0.999784848241918 0.9999999949993749
o 6830 0.9997427320109885 0.9999995494141014
o 6840 0.9998341327646891 1
o 6850 0.9998341327646891 1
o 6860 0.9998341327646891 1
o 6870 0.985079266883367 0.9886356331410749
o 6880 0.9997427320109885 0.9999995494141014
o 6890 0.999784848241918 0.9999999949993749
o 6900 0.999784848241918 0.9999999949993749
o 6910 0.9972065160734749 0.9986227536460907
o 6920 0.9997427320109885 0.9999995494141014
o 6930 0.9995668564461039 0.999976016692425
o 6940 0.9995349878824064 0.9999681957182619
o 6950 0.999784848241918 0.9999999949993749
o 6960 0.9998341327646891 1
o 6970 0.9998341327646891 1
o 6980 0.9906053334597175 0.9933874704093597
o 6990 0.997371070376275 0.9987380436441108
o 7000 0.999784848241918 0.9999999949993749
o 7010 0.9998341327646891 1
o 7020 0.9998341327646891 1
o 7030 0.9979190093140644 0.999109494009705
o 7040 0.9998341327646891 1
o 7050 0.9998341327646891 1
o 7060 0.9997427320109885 0.9999995494141014
o 7070 0.9998341327646891 1
o 7080 0.9998341327646891 1
o 7090 0.999784848241918 0.9999999949993749
o 7100 0.9989434220919977 0.9997230637730928
o 7110 0.9998341327646891 1
o 7120 0.9998341327646891 1
o 7130 0.9991854194751913 0.9998401310800589
o 7140 0.9998341327646891 1
o 7150 0.9998341327646891 1
o 7160 0.9998341327646891 1
o 7170 0.9998341327646891 1
o 7180 0.999784848241918 0.9999999949993749
o 7190 0.9998341327646891 1
o 7200 0.9991306438647708 0.9998151511351715
o 7210 0.9976554062814149 0.9989334115040904
o 7220 0.9995349878824064 0.9999681957182619
o 7230 0.9992689677678922 0.9998761603306536
o 7240 0.9993257723589525 0.9998990270247117
o 7250 0.9998341327646891 1
o 7260 0.9995668564461039 0.999976016692425
o 7270 0.9998341327646891 1
o 7280 0.9998341327646891 1
o 7290 0.9998341327646891 1
o 7300 0.9991579479265237 0.999827728109528
o 7310 0.9998341327646891 1
o 7320 0.9983337061651681 0.9993741869624272
o 7330 0.9998341327646891 1
o 7340 0.9998341327646891 1
o 7350 0.9910837712416973 0.9937888372015838
o 7360 0.9997427320109885 0.9999995494141014
o 7370 0.9985580909074143 0.9995093820155696
o 7380 0.9987357880946652 0.999611282711117
o 7390 0.9989434220919977 0.9997230637730928
o 7400 0.9997427320109885 0.9999995494141014
o 7410 0.9997427320109885 0.9999995494141014
o 7420 0.9986592401095487 0.9995680130057608
o 7430 0.9952357602882066 0.9971548963126106
o 7440 0.9997427320109885 0.9999995494141014
o 7450 0.9998341327646891 1
o 7460 0.9995668564461039 0.999976016692425
o 7470 0.9998341327646891 1
o 7480 0.999784848241918 0.9999999949993749
o 7490 0.9996330653686861 0.9999891487861118
o 7500 0.9998341327646891 1
o 7510 0.9998341327646891 1
o 7520 0.9998341327646891 1
o 7530 0.999784848241918 0.9999999949993749
o 7540 0.9998341327646891 1
o 7550 0.9998341327646891 1
o 7560 0.9996678275924519 0.9999940967944916
o 7570 0.9998341327646891 1
o 7580 0.9906705095265624 0.9934422679202571
o 7590 0.9997427320109885 0.9999995494141014
o 7600 0.9998341327646891 1
o 7610 0.999784848241918 0.9999999949993749
o 7620 0.9997427320109885 0.9999995494141014
o 7630 0.9997041638433971 0.9999976422569008
o 7640 0.9986592401095487 0.9995680130057608
o 7650 0.999784848241918 0.9999999949993749
o 7660 0.9998341327646891 1
o 7670 0.9998341327646891 1
o 7680 0.9958921299523205 0.9976581311058543
o 7690 0.9994730802517786 0.9999506585660503
o 7700 0.9990229026390082 0.9997633135035773
o 7710 0.9998341327646891 1
o 7720 0.9989171466500022 0.9997094220119266
o 7730 0.9993836603972324 0.9999207619417313
o 7740 0.9998341327646891 1
o 7750 0.9998341327646891 1
o 7760 0.9998341327646891 1
o 7770 0.9997041638433971 0.9999976422569008
o 7780 0.9998341327646891 1
o 7790 0.9994730802517786 0.9999506585660503
o 7800 0.9983090111814502 0.9993589235528282
o 7810 0.9998341327646891 1
o 7820 0.9998341327646891 1
o 7830 0.9998341327646891 1
o 7840 0.9998341327646891 1
o 7850 0.9995668564461039 0.999976016692425
o 7860 0.9998341327646891 1
o 7870 0.999784848241918 0.9999999949993749
o 7880 0.9998341327646891 1
o 7890 0.9997041638433971 0.9999976422569008
o 7900 0.9994730802517786 0.9999506585660503
o 7910 0.9998341327646891 1
o 7920 0.9991306438647708 0.9998151511351715
o 7930 0.9998341327646891 1
o 7940 0.9998341327646891 1
o 7950 0.999784848241918 0.9999999949993749
o 7960 0.9998341327646891 1
o 7970 0.9998341327646891 1
o 7980 0.999784848241918 0.9999999949993749
o 7990 0.9922414058479189 0.9947507131873994
o 8000 0.9997427320109885 0.9999995494141014
o 8010 0.999784848241918 0.9999999949993749
o 8020 0.9994130827814863 0.9999311292217226
o 8030 0.9998341327646891 1
o 8040 0.9998341327646891 1
o 8050 0.9998341327646891 1
o 8060 0.9998341327646891 1
o 8070 0.9998341327646891 1
o 8080 0.9998341327646891 1
o 8090 0.9998341327646891 1
o 8100 0.9998341327646891 1
o 8110 0.9890250687825238 0.9920483596867744
o 8120 0.9998341327646891 1
o 8130 0.9998341327646891 1
o 8140 0.9998341327646891 1
o 8150 0.9992130705901301 0.9998523473218889
o 8160 0.9385648551987577 0.9458457824466823
o 8170 0.9998341327646891 1
o 8180 0.999784848241918 0.9999999949993749
o 8190 0.999784848241918 0.9999999949993749
o 8200 0.9998341327646891 1
o 8210 0.9993545677321735 0.9999100498624319
o 8220 0.9998341327646891 1
o 8230 0.999442873695936 0.9999411111022777
o 8240 0.9998341327646891 1
o 8250 0.9996678275924519 0.9999940967944916
o 8260 0.9998341327646891 1
o 8270 0.9997427320109885 0.9999995494141014
o 8280 0.9998341327646891 1
o 8290 0.9902797490379132 0.9931131859476482
o 8300 0.9998341327646891 1
o 8310 0.999784848241918 0.9999999949993749
o 8320 0.9996330653686861 0.9999891487861118
o 8330 0.9998341327646891 1
o 8340 0.9998341327646891 1
o 8350 0.9997427320109885 0.9999995494141014
o 8360 0.9998341327646891 1
o 8370 0.9998341327646891 1
o 8380 0.9998341327646891 1
o 8390 0.9996678275924519 0.9999940967944916
o 8400 0.999784848241918 0.9999999949993749
o 8410 0.9969728777400151 0.998456597194961
o 8420 0.9997427320109885 0.9999995494141014
o 8430 0.9990496341945716 0.9997764839702489
o 8440 0.9998341327646891 1
o 8450 0.9998341327646891 1
o 8460 0.9998341327646891 1
o 8470 0.9998341327646891 1
o 8480 0.9998341327646891 1
o 8490 0.9998341327646891 1
o 8500 0.9998341327646891 1
o 8510 0.9989962943624112 0.9997500155155598
o 8520 0.6077979675631527 0.6229631392432868
o 8530 0.9995349878824064 0.9999681957182619
o 8540 0.999784848241918 0.9999999949993749
o 8550 0.9998341327646891 1
o 8560 0.9998341327646891 1
o 8570 0.999784848241918 0.9999999949993749
o 8580 0.9998341327646891 1
o 8590 0.9997041638433971 0.9999976422569008
o 8600 0.9998341327646891 1
o 8610 0.9996678275924519 0.9999940967944916
o 8620 0.9998341327646891 1
o 8630 0.9998341327646891 1
o 8640 0.9993257723589525 0.9998990270247117
o 8650 0.9996330653686861 0.9999891487861118
o 8660 0.9997041638433971 0.9999976422569008
o 8670 0.9996678275924519 0.9999940967944916
o 8680 0.9997041638433971 0.9999976422569008
o 8690 0.9998341327646891 1
o 8700 0.9991854194751913 0.9998401310800589
o 8710 0.9994130827814863 0.9999311292217226
o 8720 0.9998341327646891 1
o 8730 0.9998341327646891 1
o 8740 0.9998341327646891 1
o 8750 0.9998341327646891 1
o 8760 0.9998341327646891 1
o 8770 0.9998341327646891 1
o 8780 0.9998341327646891 1
o 8790 0.9998341327646891 1
o 8800 0.9998341327646891 1
o 8810 0.9998341327646891 1
o 8820 0.9998341327646891 1
o 8830 0.9998341327646891 1
o 8840 0.9998341327646891 1
o 8850 0.9998341327646891 1
o 8860 0.9998341327646891 1
o 8870 0.9998341327646891 1
o 8880 0.9998341327646891 1
o 8890 0.9998341327646891 1
o 8900 0.9996678275924519 0.9999940967944916
o 8910 0.9998341327646891 1
o 8920 0.999784848241918 0.9999999949993749
o 8930 0.9998341327646891 1
o 8940 0.9998341327646891 1
o 8950 0.9998341327646891 1
o 8960 0.9998341327646891 1
o 8970 0.9998341327646891 1
o 8980 0.9997041638433971 0.9999976422569008
o 8990 0.9998341327646891 1
o 9000 0.9998341327646891 1
o 9010 0.9992130705901301 0.9998523473218889
o 9020 0.9998341327646891 1
o 9030 0.9997041638433971 0.9999976422569008
o 9040 0.9998341327646891 1
o 9050 0.9998341327646891 1
o 9060 0.9998341327646891 1
o 9070 0.9998341327646891 1
o 9080 0.9998341327646891 1
o 9090 0.9997427320109885 0.9999995494141014
o 9100 0.9998341327646891 1
o 9110 0.9998341327646891 1
o 9120 0.9998341327646891 1
o 9130 0.9998341327646891 1
o 9140 0.999784848241918 0.9999999949993749
o 9150 0.9998341327646891 1
o 9160 0.9998341327646891 1
o 9170 0.9992130705901301 0.9998523473218889
o 9180 0.9998341327646891 1
o 9190 0.9998341327646891 1
o 9200 0.9998341327646891 1
o 9210 0.9996678275924519 0.9999940967944916
o 9220 0.9998341327646891 1
o 9230 0.9998341327646891 1
o 9240 0.999784848241918 0.9999999949993749
o 9250 0.999784848241918 0.9999999949993749
o 9260 0.9998341327646891 1
o 9270 0.9998341327646891 1
o 9280 0.7704841967284959 0.783462409901347
o 9290 0.999784848241918 0.9999999949993749
o 9300 0.9998341327646891 1
o 9310 0.9998341327646891 1
o 9320 0.9992130705901301 0.9998523473218889
o 9330 0.9991579479265237 0.999827728109528
o 9340 0.999784848241918 0.9999999949993749
o 9350 0.9978708418570428 0.999077722372286
o 9360 0.9998341327646891 1
o 9370 0.9998341327646891 1
o 9380 0.9998341327646891 1
o 9390 0.9998341327646891 1
o 9400 0.9983584448714474 0.9993894057514955
o 9410 0.999784848241918 0.9999999949993749
o 9420 0.999784848241918 0.9999999949993749
o 9430 0.9998341327646891 1
o 9440 0.9998341327646891 1
o 9450 0.9994130827814863 0.9999311292217226
o 9460 0.9998341327646891 1
o 9470 0.9998341327646891 1
o 9480 0.9998341327646891 1
o 9490 0.999599491460172 0.9999830535762632
o 9500 0.9998341327646891 1
o 9510 0.9998341327646891 1
o 9520 0.9996330653686861 0.9999891487861118
o 9530 0.9311200096385531 0.9388131033740881
o 9540 0.9981128936006963 0.9992353457234481
o 9550 0.9997427320109885 0.9999995494141014
o 9560 0.9988389036516672 0.9996678953600677
o 9570 0.9998341327646891 1
o 9580 0.9991854194751913 0.9998401310800589
o 9590 0.9998341327646891 1
o 9600 0.9998341327646891 1
o 9610 0.9958239179842938 0.9976063863609007
o 9620 0.9665040975685858 0.9718972090263809
o 9630 0.9993257723589525 0.9998990270247117
o 9640 0.9995349878824064 0.9999681957182619
o 9650 0.9998341327646891 1
o 9660 0.9998341327646891 1
o 9670 0.9973946521725114 0.9987544386726732
o 9680 0.9965790200213357 0.9981707674489865
o 9690 0.999784848241918 0.9999999949993749
o 9700 0.9425817009683327 0.949627600249629
o 9710 0.9998341327646891 1
o 9720 0.999784848241918 0.9999999949993749
o 9730 0.999784848241918 0.9999999949993749
o 9740 0.9932088992527847 0.9955427868197286
o 9750 0.999784848241918 0.9999999949993749
o 9760 0.9998341327646891 1
o 9770 0.6358297056666505 0.6507619898657204
o 9780 0.9994730802517786 0.9999506585660503
o 9790 0.999784848241918 0.9999999949993749
o 9800 0.9997041638433971 0.9999976422569008
o 9810 0.999784848241918 0.9999999949993749
o 9820 0.9996678275924519 0.9999940967944916
o 9830 0.9995668564461039 0.999976016692425
o 9840 0.9960059934406409 0.9977441940439223
o 9850 0.7593955119027646 0.7725947997645339
o 9860 0.9993545677321735 0.9999100498624319
o 9870 0.9995668564461039 0.999976016692425
o 9880 0.9989962943624112 0.9997500155155598
o 9890 0.9946522487902374 0.9966987278221023
o 9900 0.9997427320109885 0.9999995494141014
o 9910 0.9998341327646891 1
o 9920 0.9998341327646891 1
o 9930 0.9998341327646891 1
o 9940 0.9990229026390082 0.9997633135035773
o 9950 0.9998341327646891 1
o 9960 0.9977269908240753 0.9989817458746678
o 9970 0.9992409148798167 0.9998643624923798
o 9980 0.9848446951647288 0.9884302897649665
o 9990 0.999784848241918 0.9999999949993749
