
x disttype general-gaussian
x k 380
x std 0.4
x N 50000
x alpha 0.0005

o 0 0.9998341327646891 1
o 10 0.9998341327646891 1
o 20 0.9970894973736582 0.998539877255987
o 30 0.9998341327646891 1
o 40 0.999784848241918 0.9999999949993749
o 50 0.9998341327646891 1
o 60 0.9998341327646891 1
o 70 0.9998341327646891 1
o 80 0.9979431363013752 0.9991253358653104
o 90 0.9998341327646891 1
o 100 0.9998341327646891 1
o 110 0.9998341327646891 1
o 120 0.9996678275924519 0.9999940967944916
o 130 0.9998341327646891 1
o 140 0.999784848241918 0.9999999949993749
o 150 0.9996330653686861 0.9999891487861118
o 160 0.9997427320109885 0.9999995494141014
o 170 0.9988648919050572 0.999681833128126
o 180 0.9998341327646891 1
o 190 0.999784848241918 0.9999999949993749
o 200 0.9998341327646891 1
o 210 0.9997427320109885 0.9999995494141014
o 220 0.9996678275924519 0.9999940967944916
o 230 0.9997041638433971 0.9999976422569008
o 240 0.999784848241918 0.9999999949993749
o 250 0.9865537361173743 0.9899206246918228
o 260 0.9998341327646891 1
o 270 0.9998341327646891 1
o 280 0.9998341327646891 1
o 290 0.9973004383367889 0.9986887437647816
o 300 0.9990764961900899 0.99978951939873
o 310 0.9987357880946652 0.999611282711117
o 320 0.9313049279808252 0.9389881235652564
o 330 0.9998341327646891 1
o 340 0.8399072923123748 0.8511761549237328
o 350 0.9998341327646891 1
o 360 0.9998341327646891 1
o 370 0.9998341327646891 1
o 380 0.9998341327646891 1
o 390 0.9998341327646891 1
o 400 0.999784848241918 0.9999999949993749
o 410 0.9998341327646891 1
o 420 0.9890034907508972 0.9920299460630513
o 430 0.9998341327646891 1
o 440 0.9998341327646891 1
o 450 0.9968566305867083 0.998372940528608
o 460 0.9955744496960323 0.9974160083623181
o 470 0.9998341327646891 1
o 480 0.999784848241918 0.9999999949993749
o 490 0.999599491460172 0.9999830535762632
o 500 0.9998341327646891 1
o 510 0.9998341327646891 1
o 520 0.9998341327646891 1
o 530 0.9967638850029287 0.998305760365681
o 540 0.999784848241918 0.9999999949993749
o 550 0.9939392579715721 0.9961320809450028
o 560 0.999442873695936 0.9999411111022777
o 570 0.9998341327646891 1
o 580 0.9998341327646891 1
o 590 0.9998341327646891 1
o 600 0.9998341327646891 1
o 610 0.9992689677678922 0.9998761603306536
o 620 0.9998341327646891 1
o 630 0.9995349878824064 0.9999681957182619
o 640 0.9998341327646891 1
o 650 0.9997427320109885 0.9999995494141014
o 660 0.9998341327646891 1
o 670 0.999784848241918 0.9999999949993749
o 680 0.9998341327646891 1
o 690 0.9998341327646891 1
o 700 0.9998341327646891 1
o 710 0.9998341327646891 1
o 720 0.9718506768834677 0.9767888222666089
o 730 0.9997427320109885 0.9999995494141014
o 740 0.20897961102158397 0.22179636071047182
o 750 0.9998341327646891 1
o 760 0.9547691511211924 0.9610360882367535
o 770 0.999784848241918 0.9999999949993749
o 780 0.9996330653686861 0.9999891487861118
o 790 0.9998341327646891 1
o 800 0.9995349878824064 0.9999681957182619
o 810 0.999784848241918 0.9999999949993749
o 820 0.9998341327646891 1
o 830 0.9968102306136053 0.9983393779131835
o 840 0.9998341327646891 1
o 850 0.9998341327646891 1
o 860 0.9998341327646891 1
o 870 0.9952808258303961 0.9971898049580897
o 880 0.9998341327646891 1
o 890 0.9988648919050572 0.999681833128126
o 900 0.7611725089622777 0.7743372088574519
o 910 0.9998341327646891 1
o 920 0.999784848241918 0.9999999949993749
o 930 0.999599491460172 0.9999830535762632
o 940 0.9965790200213357 0.9981707674489865
o 950 0.9983337061651681 0.9993741869624272
o 960 0.9989171466500022 0.9997094220119266
o 970 0.9998341327646891 1
o 980 0.9998341327646891 1
o 990 0.9982597477012427 0.9993282676995614
o 1000 0.9997427320109885 0.9999995494141014
o 1010 0.9998341327646891 1
o 1020 0.9998341327646891 1
o 1030 0.9998341327646891 1
o 1040 0.999784848241918 0.9999999949993749
o 1050 0.9756671850276466 0.980251012605819
o 1060 0.9998341327646891 1
o 1070 0.9998341327646891 1
o 1080 0.9986846867396864 0.9995825074237993
o 1090 0.9995668564461039 0.999976016692425
o 1100 0.9998341327646891 1
o 1110 0.9998341327646891 1
o 1120 0.9998341327646891 1
o 1130 0.9983090111814502 0.9993589235528282
o 1140 0.999784848241918 0.9999999949993749
o 1150 0.999599491460172 0.9999830535762632
o 1160 0.9998341327646891 1
o 1170 0.9998341327646891 1
o 1180 0.9998341327646891 1
o 1190 0.9998341327646891 1
o 1200 0.9971830790248064 0.9986062120708106
o 1210 0.9998341327646891 1
o 1220 0.9998341327646891 1
o 1230 0.9997427320109885 0.9999995494141014
o 1240 0.9996330653686861 0.9999891487861118
o 1250 0.9998341327646891 1
o 1260 0.0026013469317913867 0.004448181398606588
o 1270 0.6471224056951023 0.6619455007851176
o 1280 0.9998341327646891 1
o 1290 0.9788670505487661 0.9831300444302943
o 1300 0.9997041638433971 0.9999976422569008
o 1310 0.9996678275924519 0.9999940967944916
o 1320 0.998064229430307 0.9992040792410983
o 1330 0.9998341327646891 1
o 1340 0.999784848241918 0.9999999949993749
o 1350 0.9998341327646891 1
o 1360 0.9998341327646891 1
o 1370 0.9996330653686861 0.9999891487861118
o 1380 0.9994730802517786 0.9999506585660503
o 1390 0.9998341327646891 1
o 1400 0.9998341327646891 1
o 1410 0.9998341327646891 1
o 1420 0.9998341327646891 1
o 1430 0.9998341327646891 1
o 1440 0.9920223885113949 0.9945698251946815
o 1450 0.9998341327646891 1
o 1460 0.9996678275924519 0.9999940967944916
o 1470 0.9995037605889281 0.9999597116202779
o 1480 0.9998341327646891 1
o 1490 0.9994130827814863 0.9999311292217226
o 1500 0.05549354084319492 0.06285534916783031
o 1510 0.999784848241918 0.9999999949993749
o 1520 0.9988389036516672 0.9996678953600677
o 1530 0.20868289765505785 0.22149317532800217
o 1540 0.9998341327646891 1
o 1550 0.9997427320109885 0.9999995494141014
o 1560 0.9998341327646891 1
o 1570 0.9937396147950882 0.9959718211155568
o 1580 0.9996678275924519 0.9999940967944916
o 1590 0.9998341327646891 1
o 1600 0.9986846867396864 0.9995825074237993
o 1610 0.9998341327646891 1
o 1620 0.9995037605889281 0.9999597116202779
o 1630 0.9998341327646891 1
o 1640 0.9925705061400958 0.9950214684973474
o 1650 0.9998341327646891 1
o 1660 0.9983832285394911 0.9994045786411975
o 1670 0.9975365616713056 0.998852384613813
o 1680 0.9991854194751913 0.9998401310800589
o 1690 0.999599491460172 0.9999830535762632
o 1700 0.9998341327646891 1
o 1710 0.9998341327646891 1
o 1720 0.9998341327646891 1
o 1730 0.9918692498925356 0.9944430293827725
o 1740 0.9995349878824064 0.9999681957182619
o 1750 0.9994730802517786 0.9999506585660503
o 1760 0.999784848241918 0.9999999949993749
o 1770 0.9998341327646891 1
o 1780 0.9998341327646891 1
o 1790 0.8247968177245999 0.836491664712877
o 1800 0.9993545677321735 0.9999100498624319
o 1810 0.9998341327646891 1
o 1820 0.9998341327646891 1
o 1830 0.9998341327646891 1
o 1840 0.9998341327646891 1
o 1850 0.9976554062814149 0.9989334115040904
o 1860 0.999784848241918 0.9999999949993749
o 1870 0.9998341327646891 1
o 1880 0.9985832870189011 0.9995241331856756
o 1890 0.9998341327646891 1
o 1900 0.9998341327646891 1
o 1910 0.9995349878824064 0.9999681957182619
o 1920 0.9997427320109885 0.9999995494141014
o 1930 0.9996678275924519 0.9999940967944916
o 1940 0.999784848241918 0.9999999949993749
o 1950 0.9998341327646891 1
o 1960 0.999784848241918 0.9999999949993749
o 1970 0.9988648919050572 0.999681833128126
o 1980 0.9998341327646891 1
o 1990 0.9998341327646891 1
o 2000 0.9998341327646891 1
o 2010 0.9998341327646891 1
o 2020 0.999784848241918 0.9999999949993749
o 2030 0.9998341327646891 1
o 2040 0.9998341327646891 1
o 2050 0.999784848241918 0.9999999949993749
o 2060 0.9998341327646891 1
o 2070 0.8023131776319382 0.8145828028293279
o 2080 0.9998341327646891 1
o 2090 0.9791202361250517 0.9833567710146154
o 2100 0.9997041638433971 0.9999976422569008
o 2110 0.9989434220919977 0.9997230637730928
o 2120 0.9998341327646891 1
o 2130 0.06589605183098385 0.07384918362797877
o 2140 0.9998341327646891 1
o 2150 0.9998341327646891 1
o 2160 0.9998341327646891 1
o 2170 0.9998341327646891 1
o 2180 0.9998341327646891 1
o 2190 0.9998341327646891 1
o 2200 0.9998341327646891 1
o 2210 0.999784848241918 0.9999999949993749
o 2220 0.9998341327646891 1
o 2230 0.9998341327646891 1
o 2240 0.9998341327646891 1
o 2250 0.9997041638433971 0.9999976422569008
o 2260 0.9998341327646891 1
o 2270 0.999784848241918 0.9999999949993749
o 2280 0.9746801810395487 0.9793583543782763
o 2290 0.999103496509203 0.9998024115070666
o 2300 0.9998341327646891 1
o 2310 0.9996678275924519 0.9999940967944916
o 2320 0.999442873695936 0.9999411111022777
o 2330 0.9996330653686861 0.9999891487861118
o 2340 0.9998341327646891 1
o 2350 0.9998341327646891 1
o 2360 0.999784848241918 0.9999999949993749
o 2370 0.9998341327646891 1
o 2380 0.9997427320109885 0.9999995494141014
o 2390 0.9998341327646891 1
o 2400 0.9997427320109885 0.9999995494141014
o 2410 0.9998341327646891 1
o 2420 0.9998341327646891 1
o 2430 0.9940503293814098 0.996220954804112
o 2440 0.9998341327646891 1
o 2450 0.9986592401095487 0.9995680130057608
o 2460 0.999599491460172 0.9999830535762632
o 2470 0.9998341327646891 1
o 2480 0.999103496509203 0.9998024115070666
o 2490 0.999599491460172 0.9999830535762632
o 2500 0.990866160144025 0.9936065376155375
o 2510 0.999784848241918 0.9999999949993749
o 2520 0.999784848241918 0.9999999949993749
o 2530 0.9995668564461039 0.999976016692425
o 2540 0.9998341327646891 1
o 2550 0.9996678275924519 0.9999940967944916
o 2560 0.9910184629177633 0.9937341724089743
o 2570 0.999599491460172 0.9999830535762632
o 2580 0.9998341327646891 1
o 2590 0.9998341327646891 1
o 2600 0.9998341327646891 1
o 2610 0.9993257723589525 0.9998990270247117
o 2620 0.9998341327646891 1
o 2630 0.999599491460172 0.9999830535762632
o 2640 0.999784848241918 0.9999999949993749
o 2650 0.9984828397939801 0.999464783357556
o 2660 0.9998341327646891 1
o 2670 0.999599491460172 0.9999830535762632
o 2680 0.999784848241918 0.9999999949993749
o 2690 0.9995037605889281 0.9999597116202779
o 2700 0.9997427320109885 0.9999995494141014
o 2710 0.9981616966934683 0.9992664707710186
o 2720 0.7655753076215094 0.7786529390141324
o 2730 0.9954839710957356 0.9973465410699824
o 2740 0.9989962943624112 0.9997500155155598
o 2750 0.9997427320109885 0.9999995494141014
o 2760 0.9957330879426143 0.9975372731773589
o 2770 0.9975840325399995 0.9988848632863743
o 2780 0.9998341327646891 1
o 2790 0.9998341327646891 1
o 2800 0.9998341327646891 1
o 2810 0.8275134140554499 0.8391341629042672
o 2820 0.9998341327646891 1
o 2830 0.9998341327646891 1
o 2840 0.999784848241918 0.9999999949993749
o 2850 0.9985832870189011 0.9995241331856756
o 2860 0.9994130827814863 0.9999311292217226
o 2870 0.9998341327646891 1
o 2880 0.9998341327646891 1
o 2890 0.9998341327646891 1
o 2900 0.9998341327646891 1
o 2910 0.999784848241918 0.9999999949993749
o 2920 0.9943396753794747 0.9964514634102983
o 2930 0.9963260758000116 0.9979838949949381
o 2940 0.9998341327646891 1
o 2950 0.9998341327646891 1
o 2960 0.9998341327646891 1
o 2970 0.9942060279421857 0.9963451785319084
o 2980 0.9998341327646891 1
o 2990 0.9995668564461039 0.999976016692425
o 3000 0.9998341327646891 1
o 3010 0.9994730802517786 0.9999506585660503
o 3020 0.9998341327646891 1
o 3030 0.9706164079152908 0.9756635098480126
o 3040 0.9997427320109885 0.9999995494141014
o 3050 0.9998341327646891 1
o 3060 0.18296807590931935 0.1951767810411742
o 3070 0.9998341327646891 1
o 3080 0.9998341327646891 1
o 3090 0.9998341327646891 1
o 3100 0.9983584448714474 0.9993894057514955
o 3110 0.9996678275924519 0.9999940967944916
o 3120 0.9998341327646891 1
o 3130 0.9987102018538886 0.9995969315746592
o 3140 0.9998341327646891 1
o 3150 0.9997427320109885 0.9999995494141014
o 3160 0.9410361786179221 0.9481736368954589
o 3170 0.9998341327646891 1
o 3180 0.9998341327646891 1
o 3190 0.9997427320109885 0.9999995494141014
o 3200 0.9998341327646891 1
o 3210 0.9998341327646891 1
o 3220 0.9998341327646891 1
o 3230 0.9998341327646891 1
o 3240 0.991323423552558 0.9939890856380003
o 3250 0.9922414058479189 0.9947507131873994
o 3260 0.9996330653686861 0.9999891487861118
o 3270 0.9998341327646891 1
o 3280 0.9995037605889281 0.9999597116202779
o 3290 0.9998341327646891 1
o 3300 0.9991306438647708 0.9998151511351715
o 3310 0.9998341327646891 1
o 3320 0.9998341327646891 1
o 3330 0.9859974915814419 0.9894370738491705
o 3340 0.9998341327646891 1
o 3350 0.999784848241918 0.9999999949993749
o 3360 0.9998341327646891 1
o 3370 0.9994130827814863 0.9999311292217226
o 3380 0.9998341327646891 1
o 3390 0.9998341327646891 1
o 3400 0.9998341327646891 1
o 3410 0.9953484763535602 0.9972421153525199
o 3420 0.9997427320109885 0.9999995494141014
o 3430 0.9997427320109885 0.9999995494141014
o 3440 0.9998341327646891 1
o 3450 0.9997427320109885 0.9999995494141014
o 3460 0.9978227858521463 0.9990458375033571
o 3470 0.9998341327646891 1
o 3480 0.9998341327646891 1
o 3490 0.8000868570297461 0.8124098662582394
o 3500 0.9998341327646891 1
o 3510 0.9998341327646891 1
o 3520 0.033917995807889026 0.03979858133024761
o 3530 0.9996330653686861 0.9999891487861118
o 3540 0.9998341327646891 1
o 3550 0.9929003408208814 0.9952914862335147
o 3560 0.9998341327646891 1
o 3570 0.9998341327646891 1
o 3580 0.9779815871332721 0.9823358142931325
o 3590 0.9998341327646891 1
o 3600 0.9998341327646891 1
o 3610 0.9998341327646891 1
o 3620 0.9998341327646891 1
o 3630 0.9998341327646891 1
o 3640 0.9995349878824064 0.9999681957182619
o 3650 0.9998341327646891 1
o 3660 0.9998341327646891 1
o 3670 0.9998341327646891 1
o 3680 0.9998341327646891 1
o 3690 0.9998341327646891 1
o 3700 0.9997427320109885 0.9999995494141014
o 3710 0.9975602862033369 0.9988686350034939
o 3720 0.9998341327646891 1
o 3730 0.9412834122361696 0.9484063210148096
o 3740 0.9998341327646891 1
o 3750 0.9998341327646891 1
o 3760 0.9997427320109885 0.9999995494141014
o 3770 0.9998341327646891 1
o 3780 0.8662385935823637 0.8766760871293608
o 3790 0.9998341327646891 1
o 3800 0.9997041638433971 0.9999976422569008
o 3810 0.9989698028369101 0.9997365968529978
o 3820 0.9998341327646891 1
o 3830 0.9998341327646891 1
o 3840 0.9998341327646891 1
o 3850 0.988507661570403 0.991605965848946
o 3860 0.9998341327646891 1
o 3870 0.9998341327646891 1
o 3880 0.9997427320109885 0.9999995494141014
o 3890 0.999784848241918 0.9999999949993749
o 3900 0.9998341327646891 1
o 3910 0.9998341327646891 1
o 3920 0.9998341327646891 1
o 3930 0.9998341327646891 1
o 3940 0.9998341327646891 1
o 3950 0.9957557829105036 0.997554564113653
o 3960 0.9998341327646891 1
o 3970 0.9932309668614464 0.9955607090108873
o 3980 0.9998341327646891 1
o 3990 0.9998341327646891 1
o 4000 0.9835248218820652 0.9872706370542818
o 4010 0.9998341327646891 1
o 4020 0.9998341327646891 1
o 4030 0.9970428031898161 0.9985066120860036
o 4040 0.9998341327646891 1
o 4050 0.9998341327646891 1
o 4060 0.999784848241918 0.9999999949993749
o 4070 0.9998341327646891 1
o 4080 0.9998341327646891 1
o 4090 0.9998341327646891 1
o 4100 0.9997427320109885 0.9999995494141014
o 4110 0.999784848241918 0.9999999949993749
o 4120 0.9997041638433971 0.9999976422569008
o 4130 0.9998341327646891 1
o 4140 0.9864467020062236 0.9898276983002964
o 4150 0.9998341327646891 1
o 4160 0.9998341327646891 1
o 4170 0.9998341327646891 1
o 4180 0.999784848241918 0.9999999949993749
o 4190 0.9998341327646891 1
o 4200 0.9998341327646891 1
o 4210 0.9998341327646891 1
o 4220 0.9998341327646891 1
o 4230 0.9998341327646891 1
o 4240 0.9998341327646891 1
o 4250 0.9998341327646891 1
o 4260 0.9998341327646891 1
o 4270 0.9998341327646891 1
o 4280 0.999599491460172 0.9999830535762632
o 4290 0.9998341327646891 1
o 4300 0.9541273262960986 0.9604381273604881
o 4310 0.9998341327646891 1
o 4320 0.9998341327646891 1
o 4330 0.9982351769925596 0.9993128775364343
o 4340 0.9997041638433971 0.9999976422569008
o 4350 0.9991306438647708 0.9998151511351715
o 4360 0.9528649063061431 0.9592609686976723
o 4370 0.9993257723589525 0.9998990270247117
o 4380 0.99561973517329 0.9974506954889379
o 4390 0.9998341327646891 1
o 4400 0.9906922393703285 0.9934605292537396
o 4410 0.9994130827814863 0.9999311292217226
o 4420 0.9992689677678922 0.9998761603306536
o 4430 0.9998341327646891 1
o 4440 0.999784848241918 0.9999999949993749
o 4450 0.9998341327646891 1
o 4460 0.9998341327646891 1
o 4470 0.9998341327646891 1
o 4480 0.9997041638433971 0.9999976422569008
o 4490 0.999784848241918 0.9999999949993749
o 4500 0.7522689148033134 0.7656037788653427
o 4510 0.9998341327646891 1
o 4520 0.9998341327646891 1
o 4530 0.9998341327646891 1
o 4540 0.9997427320109885 0.9999995494141014
o 4550 0.9997427320109885 0.9999995494141014
o 4560 0.9998341327646891 1
o 4570 0.9912798280218552 0.9939526992962495
o 4580 0.9998341327646891 1
o 4590 0.9997041638433971 0.9999976422569008
o 4600 0.9998341327646891 1
o 4610 0.9995037605889281 0.9999597116202779
o 4620 0.9956650521574533 0.9974853508716593
o 4630 0.9929884278643608 0.9953633592455201
o 4640 0.9997041638433971 0.9999976422569008
o 4650 0.9998341327646891 1
o 4660 0.9995349878824064 0.9999681957182619
o 4670 0.9998341327646891 1
o 4680 0.9998341327646891 1
o 4690 0.9618008345025512 0.9675620523865158
o 4700 0.999599491460172 0.9999830535762632
o 4710 0.9998341327646891 1
o 4720 0.9998341327646891 1
o 4730 0.9998341327646891 1
o 4740 0.41331836784664716 0.42870825674720614
o 4750 0.9991579479265237 0.999827728109528
o 4760 0.9998341327646891 1
o 4770 0.9998341327646891 1
o 4780 0.9998341327646891 1
o 4790 0.9998341327646891 1
o 4800 0.9998341327646891 1
o 4810 0.9998341327646891 1
o 4820 0.9998341327646891 1
o 4830 0.999599491460172 0.9999830535762632
o 4840 0.9997427320109885 0.9999995494141014
o 4850 0.9998341327646891 1
o 4860 0.6201639563908201 0.6352329976981983
o 4870 0.9998341327646891 1
o 4880 0.9968102306136053 0.9983393779131835
o 4890 0.9946746164213873 0.9967163483612492
o 4900 0.9981128936006963 0.9992353457234481
o 4910 0.999599491460172 0.9999830535762632
o 4920 0.9998341327646891 1
o 4930 0.9998341327646891 1
o 4940 0.9998341327646891 1
o 4950 0.9972534418677634 0.9986557844757022
o 4960 0.9998341327646891 1
o 4970 0.9998341327646891 1
o 4980 0.9997041638433971 0.9999976422569008
o 4990 0.9797747203008724 0.9839420592936774
o 5000 0.9998341327646891 1
o 5010 0.9998341327646891 1
o 5020 0.9985580909074143 0.9995093820155696
o 5030 0.9998341327646891 1
o 5040 0.999442873695936 0.9999411111022777
o 5050 0.9996678275924519 0.9999940967944916
o 5060 0.9997427320109885 0.9999995494141014
o 5070 0.999784848241918 0.9999999949993749
o 5080 0.9998341327646891 1
o 5090 0.9998341327646891 1
o 5100 0.9996678275924519 0.9999940967944916
o 5110 0.9998341327646891 1
o 5120 0.9998341327646891 1
o 5130 0.999599491460172 0.9999830535762632
o 5140 0.999442873695936 0.9999411111022777
o 5150 0.9998341327646891 1
o 5160 0.9998341327646891 1
o 5170 0.9998341327646891 1
o 5180 0.9998341327646891 1
o 5190 0.9997427320109885 0.9999995494141014
o 5200 0.9990229026390082 0.9997633135035773
o 5210 0.9972299702688214 0.9986392778683405
o 5220 0.9994730802517786 0.9999506585660503
o 5230 0.9998341327646891 1
o 5240 0.9998341327646891 1
o 5250 0.9998341327646891 1
o 5260 0.999599491460172 0.9999830535762632
o 5270 0.9998341327646891 1
o 5280 0.9998341327646891 1
o 5290 0.9998341327646891 1
o 5300 0.9998341327646891 1
o 5310 0.9998341327646891 1
o 5320 0.9998341327646891 1
o 5330 0.9998341327646891 1
o 5340 0.9998341327646891 1
o 5350 0.9998341327646891 1
o 5360 0.9997041638433971 0.9999976422569008
o 5370 0.9998341327646891 1
o 5380 0.999784848241918 0.9999999949993749
o 5390 0.9998341327646891 1
o 5400 0.9998341327646891 1
o 5410 0.9996678275924519 0.9999940967944916
o 5420 0.9996678275924519 0.9999940967944916
o 5430 0.9998341327646891 1
o 5440 0.9984828397939801 0.999464783357556
o 5450 0.8100065079275125 0.82208690611932
o 5460 0.999784848241918 0.9999999949993749
o 5470 0.9998341327646891 1
o 5480 0.999784848241918 0.9999999949993749
o 5490 0.999784848241918 0.9999999949993749
o 5500 0.9998341327646891 1
o 5510 0.9998341327646891 1
o 5520 0.9998341327646891 1
o 5530 0.999784848241918 0.9999999949993749
o 5540 0.9998341327646891 1
o 5550 0.9998341327646891 1
o 5560 0.9992409148798167 0.9998643624923798
o 5570 0.9998341327646891 1
o 5580 0.999784848241918 0.9999999949993749
o 5590 0.9998341327646891 1
o 5600 0.8451037409315808 0.8562179754616351
o 5610 0.9996330653686861 0.9999891487861118
o 5620 0.995597088530767 0.9974333558587295
o 5630 0.9998341327646891 1
o 5640 0.999297246851899 0.9998877222821806
o 5650 0.9998341327646891 1
o 5660 0.9998341327646891 1
o 5670 0.9996330653686861 0.9999891487861118
o 5680 0.999784848241918 0.9999999949993749
o 5690 0.9998341327646891 1
o 5700 0.9998341327646891 1
o 5710 0.9998341327646891 1
o 5720 0.9953484763535602 0.9972421153525199
o 5730 0.9981616966934683 0.9992664707710186
o 5740 0.9995668564461039 0.999976016692425
o 5750 0.9998341327646891 1
o 5760 0.9998341327646891 1
o 5770 0.9998341327646891 1
o 5780 0.9998341327646891 1
o 5790 0.9998341327646891 1
o 5800 0.9997427320109885 0.9999995494141014
o 5810 0.9998341327646891 1
o 5820 0.9998341327646891 1
o 5830 0.9998341327646891 1
o 5840 0.999784848241918 0.9999999949993749
o 5850 0.9998341327646891 1
o 5860 0.9998341327646891 1
o 5870 0.999784848241918 0.9999999949993749
o 5880 0.999784848241918 0.9999999949993749
o 5890 0.9997427320109885 0.9999995494141014
o 5900 0.9998341327646891 1
o 5910 0.9996330653686861 0.9999891487861118
o 5920 0.9998341327646891 1
o 5930 0.9998341327646891 1
o 5940 0.9998341327646891 1
o 5950 0.9987614482791993 0.999625557902435
o 5960 0.999442873695936 0.9999411111022777
o 5970 0.9998341327646891 1
o 5980 0.9998341327646891 1
o 5990 0.9998341327646891 1
o 6000 0.9990229026390082 0.9997633135035773
o 6010 0.9998341327646891 1
o 6020 0.9998341327646891 1
o 6030 0.999297246851899 0.9998877222821806
o 6040 0.9998341327646891 1
o 6050 0.9998341327646891 1
o 6060 0.9998341327646891 1
o 6070 0.9998341327646891 1
o 6080 0.9998341327646891 1
o 6090 0.9998341327646891 1
o 6100 0.9998341327646891 1
o 6110 0.999784848241918 0.9999999949993749
o 6120 0.9998341327646891 1
o 6130 0.9998341327646891 1
o 6140 0.9998341327646891 1
o 6150 0.9998341327646891 1
o 6160 0.9998341327646891 1
o 6170 0.9998341327646891 1
o 6180 0.9998341327646891 1
o 6190 0.9998341327646891 1
o 6200 0.9998341327646891 1
o 6210 0.9998341327646891 1
o 6220 0.9998341327646891 1
o 6230 0.9998341327646891 1
o 6240 0.9998341327646891 1
o 6250 0.999784848241918 0.9999999949993749
o 6260 0.9998341327646891 1
o 6270 0.9998341327646891 1
o 6280 0.9998341327646891 1
o 6290 0.9997041638433971 0.9999976422569008
o 6300 0.9998341327646891 1
o 6310 0.9998341327646891 1
o 6320 0.9998341327646891 1
o 6330 0.9998341327646891 1
o 6340 0.9998341327646891 1
o 6350 0.9998341327646891 1
o 6360 0.9998341327646891 1
o 6370 0.9997427320109885 0.9999995494141014
o 6380 0.999784848241918 0.9999999949993749
o 6390 0.9998341327646891 1
o 6400 0.9990764961900899 0.99978951939873
o 6410 0.9996678275924519 0.9999940967944916
o 6420 0.9995349878824064 0.9999681957182619
o 6430 0.9998341327646891 1
o 6440 0.9998341327646891 1
o 6450 0.9998341327646891 1
o 6460 0.9996678275924519 0.9999940967944916
o 6470 0.9998341327646891 1
o 6480 0.9998341327646891 1
o 6490 0.9998341327646891 1
o 6500 0.9998341327646891 1
o 6510 0.9998341327646891 1
o 6520 0.9998341327646891 1
o 6530 0.9998341327646891 1
o 6540 0.9998341327646891 1
o 6550 0.9998341327646891 1
o 6560 0.8336987422097595 0.8451467734852851
o 6570 0.9925265848321886 0.9949854092341149
o 6580 0.9998341327646891 1
o 6590 0.9998341327646891 1
o 6600 0.9997041638433971 0.9999976422569008
o 6610 0.9946298867843653 0.9966811016233338
o 6620 0.9998341327646891 1
o 6630 0.9998341327646891 1
o 6640 0.9998341327646891 1
o 6650 0.9992130705901301 0.9998523473218889
o 6660 0.9998341327646891 1
o 6670 0.9998341327646891 1
o 6680 0.9997041638433971 0.9999976422569008
o 6690 0.9998341327646891 1
o 6700 0.999784848241918 0.9999999949993749
o 6710 0.9998341327646891 1
o 6720 0.9998341327646891 1
o 6730 0.999784848241918 0.9999999949993749
o 6740 0.997894911366256 0.9990936226399529
o 6750 0.9998341327646891 1
o 6760 0.9998341327646891 1
o 6770 0.9998341327646891 1
o 6780 0.9995668564461039 0.999976016692425
o 6790 0.9998341327646891 1
o 6800 0.9998341327646891 1
o 6810 0.9998341327646891 1
o 6820 0.9998341327646891 1
o 6830 0.9998341327646891 1
o 6840 0.9998341327646891 1
o 6850 0.999784848241918 0.9999999949993749
o 6860 0.9998341327646891 1
o 6870 0.9923290970738091 0.9948229837460756
o 6880 0.9998341327646891 1
o 6890 0.9998341327646891 1
o 6900 0.9998341327646891 1
o 6910 0.9990229026390082 0.9997633135035773
o 6920 0.9998341327646891 1
o 6930 0.9997427320109885 0.9999995494141014
o 6940 0.999784848241918 0.9999999949993749
o 6950 0.9998341327646891 1
o 6960 0.9998341327646891 1
o 6970 0.9998341327646891 1
o 6980 0.9948089425921502 0.9968219504684411
o 6990 0.999103496509203 0.9998024115070666
o 7000 0.9998341327646891 1
o 7010 0.9998341327646891 1
o 7020 0.9998341327646891 1
o 7030 0.9993257723589525 0.9998990270247117
o 7040 0.9998341327646891 1
o 7050 0.9998341327646891 1
o 7060 0.9998341327646891 1
o 7070 0.9998341327646891 1
o 7080 0.9998341327646891 1
o 7090 0.9998341327646891 1
o 7100 0.9995349878824064 0.9999681957182619
o 7110 0.9998341327646891 1
o 7120 0.9998341327646891 1
o 7130 0.9997427320109885 0.9999995494141014
o 7140 0.9998341327646891 1
o 7150 0.9998341327646891 1
o 7160 0.9998341327646891 1
o 7170 0.9998341327646891 1
o 7180 0.9998341327646891 1
o 7190 0.9998341327646891 1
o 7200 0.9995668564461039 0.999976016692425
o 7210 0.9991854194751913 0.9998401310800589
o 7220 0.9997041638433971 0.9999976422569008
o 7230 0.9997041638433971 0.9999976422569008
o 7240 0.9997427320109885 0.9999995494141014
o 7250 0.9998341327646891 1
o 7260 0.9997427320109885 0.9999995494141014
o 7270 0.9998341327646891 1
o 7280 0.9998341327646891 1
o 7290 0.9998341327646891 1
o 7300 0.9996678275924519 0.9999940967944916
o 7310 0.9998341327646891 1
o 7320 0.999297246851899 0.9998877222821806
o 7330 0.9998341327646891 1
o 7340 0.9998341327646891 1
o 7350 0.9960744214638696 0.9977957209692991
o 7360 0.9998341327646891 1
o 7370 0.9994730802517786 0.9999506585660503
o 7380 0.9994730802517786 0.9999506585660503
o 7390 0.9995037605889281 0.9999597116202779
o 7400 0.9998341327646891 1
o 7410 0.9998341327646891 1
o 7420 0.999599491460172 0.9999830535762632
o 7430 0.9982351769925596 0.9993128775364343
o 7440 0.9998341327646891 1
o 7450 0.9998341327646891 1
o 7460 0.9997041638433971 0.9999976422569008
o 7470 0.9998341327646891 1
o 7480 0.9998341327646891 1
o 7490 0.9998341327646891 1
o 7500 0.9998341327646891 1
o 7510 0.9998341327646891 1
o 7520 0.9998341327646891 1
o 7530 0.9998341327646891 1
o 7540 0.9998341327646891 1
o 7550 0.999784848241918 0.9999999949993749
o 7560 0.9998341327646891 1
o 7570 0.9998341327646891 1
o 7580 0.9966020844888756 0.998187685653262
o 7590 0.999784848241918 0.9999999949993749
o 7600 0.9998341327646891 1
o 7610 0.9998341327646891 1
o 7620 0.9998341327646891 1
o 7630 0.9998341327646891 1
o 7640 0.9996330653686861 0.9999891487861118
o 7650 0.9998341327646891 1
o 7660 0.9998341327646891 1
o 7670 0.9998341327646891 1
o 7680 0.9985832870189011 0.9995241331856756
o 7690 0.9998341327646891 1
o 7700 0.9995668564461039 0.999976016692425
o 7710 0.9998341327646891 1
o 7720 0.9995037605889281 0.9999597116202779
o 7730 0.9997041638433971 0.9999976422569008
o 7740 0.9998341327646891 1
o 7750 0.9998341327646891 1
o 7760 0.9998341327646891 1
o 7770 0.9998341327646891 1
o 7780 0.9998341327646891 1
o 7790 0.9997427320109885 0.9999995494141014
o 7800 0.9993257723589525 0.9998990270247117
o 7810 0.9998341327646891 1
o 7820 0.9998341327646891 1
o 7830 0.9998341327646891 1
o 7840 0.9998341327646891 1
o 7850 0.9998341327646891 1
o 7860 0.9998341327646891 1
o 7870 0.9998341327646891 1
o 7880 0.9998341327646891 1
o 7890 0.9998341327646891 1
o 7900 0.9998341327646891 1
o 7910 0.9998341327646891 1
o 7920 0.999784848241918 0.9999999949993749
o 7930 0.9998341327646891 1
o 7940 0.9998341327646891 1
o 7950 0.9998341327646891 1
o 7960 0.9998341327646891 1
o 7970 0.9998341327646891 1
o 7980 0.9998341327646891 1
o 7990 0.9974418742737955 0.998787169461314
o 8000 0.9998341327646891 1
o 8010 0.9998341327646891 1
o 8020 0.9998341327646891 1
o 8030 0.999784848241918 0.9999999949993749
o 8040 0.9998341327646891 1
o 8050 0.9998341327646891 1
o 8060 0.9998341327646891 1
o 8070 0.9998341327646891 1
o 8080 0.9998341327646891 1
o 8090 0.9998341327646891 1
o 8100 0.9998341327646891 1
o 8110 0.9938948615616364 0.9960964990743865
o 8120 0.9998341327646891 1
o 8130 0.9998341327646891 1
o 8140 0.9998341327646891 1
o 8150 0.9996330653686861 0.9999891487861118
o 8160 0.9514790895810737 0.9579672477283919
o 8170 0.9998341327646891 1
o 8180 0.9998341327646891 1
o 8190 0.9998341327646891 1
o 8200 0.9998341327646891 1
o 8210 0.9998341327646891 1
o 8220 0.9998341327646891 1
o 8230 0.999784848241918 0.9999999949993749
o 8240 0.9998341327646891 1
o 8250 0.999784848241918 0.9999999949993749
o 8260 0.9998341327646891 1
o 8270 0.9998341327646891 1
o 8280 0.9998341327646891 1
o 8290 0.9956650521574533 0.9974853508716593
o 8300 0.9998341327646891 1
o 8310 0.9998341327646891 1
o 8320 0.9997427320109885 0.9999995494141014
o 8330 0.9998341327646891 1
o 8340 0.9998341327646891 1
o 8350 0.9998341327646891 1
o 8360 0.9998341327646891 1
o 8370 0.9998341327646891 1
o 8380 0.9998341327646891 1
o 8390 0.999784848241918 0.9999999949993749
o 8400 0.9998341327646891 1
o 8410 0.9988648919050572 0.999681833128126
o 8420 0.9998341327646891 1
o 8430 0.9995349878824064 0.9999681957182619
o 8440 0.9998341327646891 1
o 8450 0.9998341327646891 1
o 8460 0.9998341327646891 1
o 8470 0.9998341327646891 1
o 8480 0.9998341327646891 1
o 8490 0.9998341327646891 1
o 8500 0.9998341327646891 1
o 8510 0.9996330653686861 0.9999891487861118
o 8520 0.6292209363600987 0.6442129772405869
o 8530 0.9998341327646891 1
o 8540 0.9998341327646891 1
o 8550 0.9998341327646891 1
o 8560 0.9998341327646891 1
o 8570 0.9998341327646891 1
o 8580 0.9998341327646891 1
o 8590 0.9998341327646891 1
o 8600 0.9998341327646891 1
o 8610 0.9998341327646891 1
o 8620 0.9998341327646891 1
o 8630 0.9998341327646891 1
o 8640 0.9996678275924519 0.9999940967944916
o 8650 0.999784848241918 0.9999999949993749
o 8660 0.9998341327646891 1
o 8670 0.999784848241918 0.9999999949993749
o 8680 0.9998341327646891 1
o 8690 0.9998341327646891 1
o 8700 0.9997427320109885 0.9999995494141014
o 8710 0.999784848241918 0.9999999949993749
o 8720 0.9998341327646891 1
o 8730 0.9998341327646891 1
o 8740 0.9998341327646891 1
o 8750 0.9998341327646891 1
o 8760 0.9998341327646891 1
o 8770 0.999784848241918 0.9999999949993749
o 8780 0.9998341327646891 1
o 8790 0.9998341327646891 1
o 8800 0.9998341327646891 1
o 8810 0.9998341327646891 1
o 8820 0.9998341327646891 1
o 8830 0.9998341327646891 1
o 8840 0.9998341327646891 1
o 8850 0.9998341327646891 1
o 8860 0.9998341327646891 1
o 8870 0.9998341327646891 1
o 8880 0.9998341327646891 1
o 8890 0.9998341327646891 1
o 8900 0.9998341327646891 1
o 8910 0.9998341327646891 1
o 8920 0.9998341327646891 1
o 8930 0.9998341327646891 1
o 8940 0.9998341327646891 1
o 8950 0.9998341327646891 1
o 8960 0.9998341327646891 1
o 8970 0.9998341327646891 1
o 8980 0.999784848241918 0.9999999949993749
o 8990 0.9998341327646891 1
o 9000 0.9998341327646891 1
o 9010 0.9996330653686861 0.9999891487861118
o 9020 0.9998341327646891 1
o 9030 0.9998341327646891 1
o 9040 0.9998341327646891 1
o 9050 0.9998341327646891 1
o 9060 0.9998341327646891 1
o 9070 0.9998341327646891 1
o 9080 0.9998341327646891 1
o 9090 0.9998341327646891 1
o 9100 0.9998341327646891 1
o 9110 0.9998341327646891 1
o 9120 0.9998341327646891 1
o 9130 0.9998341327646891 1
o 9140 0.9998341327646891 1
o 9150 0.9998341327646891 1
o 9160 0.9998341327646891 1
o 9170 0.9996678275924519 0.9999940967944916
o 9180 0.9998341327646891 1
o 9190 0.9998341327646891 1
o 9200 0.9998341327646891 1
o 9210 0.9998341327646891 1
o 9220 0.9998341327646891 1
o 9230 0.9998341327646891 1
o 9240 0.9998341327646891 1
o 9250 0.9998341327646891 1
o 9260 0.9998341327646891 1
o 9270 0.9998341327646891 1
o 9280 0.7993987834805554 0.8117381694012312
o 9290 0.9998341327646891 1
o 9300 0.9998341327646891 1
o 9310 0.9998341327646891 1
o 9320 0.9997427320109885 0.9999995494141014
o 9330 0.9996330653686861 0.9999891487861118
o 9340 0.9998341327646891 1
o 9350 0.9991854194751913 0.9998401310800589
o 9360 0.9998341327646891 1
o 9370 0.9998341327646891 1
o 9380 0.9998341327646891 1
o 9390 0.9998341327646891 1
o 9400 0.999442873695936 0.9999411111022777
o 9410 0.9998341327646891 1
o 9420 0.9998341327646891 1
o 9430 0.9998341327646891 1
o 9440 0.9998341327646891 1
o 9450 0.999784848241918 0.9999999949993749
o 9460 0.9998341327646891 1
o 9470 0.9998341327646891 1
o 9480 0.9998341327646891 1
o 9490 0.9998341327646891 1
o 9500 0.9998341327646891 1
o 9510 0.9998341327646891 1
o 9520 0.9998341327646891 1
o 9530 0.9563020047019528 0.9624627226061464
o 9540 0.9992409148798167 0.9998643624923798
o 9550 0.9998341327646891 1
o 9560 0.9995668564461039 0.999976016692425
o 9570 0.9998341327646891 1
o 9580 0.9996330653686861 0.9999891487861118
o 9590 0.9998341327646891 1
o 9600 0.9998341327646891 1
o 9610 0.9982597477012427 0.9993282676995614
o 9620 0.9785717790666391 0.9828654182289509
o 9630 0.9994730802517786 0.9999506585660503
o 9640 0.9997427320109885 0.9999995494141014
o 9650 0.9998341327646891 1
o 9660 0.9998341327646891 1
o 9670 0.999103496509203 0.9998024115070666
o 9680 0.9988648919050572 0.999681833128126
o 9690 0.9998341327646891 1
o 9700 0.9683812162099369 0.9736194574338263
o 9710 0.9998341327646891 1
o 9720 0.9998341327646891 1
o 9730 0.9998341327646891 1
o 9740 0.997136255370979 0.9985730778766523
o 9750 0.9998341327646891 1
o 9760 0.9998341327646891 1
o 9770 0.6724774638068532 0.6870219401971779
o 9780 0.999784848241918 0.9999999949993749
o 9790 0.999784848241918 0.9999999949993749
o 9800 0.9998341327646891 1
o 9810 0.9998341327646891 1
o 9820 0.9997427320109885 0.9999995494141014
o 9830 0.9998341327646891 1
o 9840 0.9983337061651681 0.9993741869624272
o 9850 0.7747476804132621 0.7876375020813173
o 9860 0.9997041638433971 0.9999976422569008
o 9870 0.9998341327646891 1
o 9880 0.9997427320109885 0.9999995494141014
o 9890 0.9979190093140644 0.999109494009705
o 9900 0.999784848241918 0.9999999949993749
o 9910 0.9998341327646891 1
o 9920 0.9998341327646891 1
o 9930 0.9998341327646891 1
o 9940 0.9996678275924519 0.9999940967944916
o 9950 0.9998341327646891 1
o 9960 0.999297246851899 0.9998877222821806
o 9970 0.9997427320109885 0.9999995494141014
o 9980 0.9932530382717406 0.9955786273822332
o 9990 0.9998341327646891 1
