
x disttype general-gaussian
x k 1530
x std 0.25
x N 50000
x alpha 0.0005

o 0 0.9907357058411598 0.9934970451141907
o 10 0.999784848241918 0.9999999949993749
o 20 0.9849939533934682 0.9885609775361613
o 30 0.9998341327646891 1
o 40 0.9998341327646891 1
o 50 0.9999239938640181 1
o 60 0.9999239938640181 1
o 70 0.1439819361945814 0.1849429056157892
o 80 0.9998341327646891 1
o 90 0.9778551768705808 0.9822222682145008
o 100 0.34766567838214085 0.3625831586997833
o 110 0.0036382898523222565 0.0134980645085363
o 120 0.9949210433152184 0.9969097889562678
o 130 0.18521132836505463 0.23002935850761408
o 140 0.9678595359265856 0.9731413137777062
o 150 0.9999239938640181 1
o 160 0.7554584121706315 0.7687332153597162
o 170 0.999784848241918 0.9999999949993749
o 180 0.999103496509203 0.9998024115070666
o 190 0.9716204574794592 0.9765791198248183
o 200 0.999784848241918 0.9999999949993749
o 210 5.632956977929134e-06 0.003211834795377788
o 220 0.9999239938640181 1
o 230 0.9999239938640181 1
o 240 0.9999239938640181 1
o 250 0.9615514804458555 0.967331490044163
o 260 0.43812218314058454 0.4536160629053293
o 270 0.00670508491863416 0.01890146760981537
o 280 0.9999239938640181 1
o 290 0.9999239938640181 1
o 300 0.9999239938640181 1
o 310 0.9998341327646891 1
o 320 0.2870126299981746 0.30121677990173945
o 330 0.9999239938640181 1
o 340 0 0.0020713641682286897
o 350 0.9994730802517786 0.9999506585660503
o 360 0.9913670292074385 0.994025461818258
o 370 0.9326612561662316 0.9402713445158236
o 380 0.9342647936021634 0.9417872739828078
o 390 0.9999239938640181 1
o 400 0.9999239938640181 1
o 410 0.9981372773655336 0.9992509263546009
o 420 0.9997427320109885 0.9999995494141014
o 430 0.010765566517950766 0.025310275367285473
o 440 0.9987614482791993 0.999625557902435
o 450 0.9994130827814863 0.9999311292217226
o 460 0.9999239938640181 1
o 470 0.8711422930043466 0.8814107561872869
o 480 0.0298403784164799 0.05162375502081229
o 490 0.9999239938640181 1
o 500 0.0007367092911671631 0.006950583915315112
o 510 0.9999239938640181 1
o 520 0.9706582260049897 0.9757016775906193
o 530 0.9999239938640181 1
o 540 0.9998341327646891 1
o 550 0 0.0020713641682286897
o 560 0.9999239938640181 1
o 570 0.999784848241918 0.9999999949993749
o 580 0.9996330653686861 0.9999891487861118
o 590 0.9999239938640181 1
o 600 0.9993836603972324 0.9999207619417313
o 610 0.999784848241918 0.9999999949993749
o 620 0.9979672929505882 0.9991411475683059
o 630 0 0.0020713641682286897
o 640 0 0.0020713641682286897
o 650 0.9999239938640181 1
o 660 0.9999239938640181 1
o 670 0.9999239938640181 1
o 680 0.8158600665547282 0.827791395347884
o 690 0 0.0020713641682286897
o 700 0.9998341327646891 1
o 710 0.003810529284102356 0.013823850644495872
o 720 0.9754360887993919 0.9800421880078739
o 730 0.009975735489535932 0.02410565566821532
o 740 0 0.0020713641682286897
o 750 0.9999239938640181 1
o 760 0.9676926410049054 0.9729882649984102
o 770 0.3074529376592339 0.32192953294279947
o 780 0.9997427320109885 0.9999995494141014
o 790 0 0.0020713641682286897
o 800 0.9999239938640181 1
o 810 0.41601130635858524 0.43141440824009836
o 820 0.00670508491863416 0.01890146760981537
o 830 0.9817632923403422 0.9857127910039591
o 840 0.9999239938640181 1
o 850 0 0.0020713641682286897
o 860 0.9998341327646891 1
o 870 0.00938785368160696 0.02319777590041794
o 880 0.9999239938640181 1
o 890 0.9035446929563393 0.9125575831367748
o 900 0.0023137429626986735 0.010840119172526475
o 910 0.9922194906714479 0.9947326378860454
o 920 0.9930765723074023 0.9954351745937398
o 930 0.9957330879426143 0.9975372731773589
o 940 0.9999239938640181 1
o 950 0.23362371886844838 0.24694385061973623
o 960 0.9999239938640181 1
o 970 0.9999239938640181 1
o 980 0 0.0020713641682286897
o 990 0.9998341327646891 1
o 1000 0.9999239938640181 1
o 1010 0.9999239938640181 1
o 1020 0.9999239938640181 1
o 1030 0.9813820065210773 0.985374210954933
o 1040 0 0.0020713641682286897
o 1050 0.0021562252310628775 0.0105001045606814
o 1060 0.9999239938640181 1
o 1070 0.9362804563522725 0.9436909410222412
o 1080 0.9998341327646891 1
o 1090 0.9998341327646891 1
o 1100 0.9996678275924519 0.9999940967944916
o 1110 0.9999239938640181 1
o 1120 0.9711601595268442 0.9761595739353511
o 1130 5.632956977929134e-06 0.003211834795377788
o 1140 0.9537961330095166 0.9601294312068775
o 1150 0 0.0020713641682286897
o 1160 0.9241400966385191 0.9321953360781278
o 1170 0.9998341327646891 1
o 1180 0.999784848241918 0.9999999949993749
o 1190 0.9995668564461039 0.999976016692425
o 1200 0.9635265308452305 0.9691557770116559
o 1210 0.9999239938640181 1
o 1220 0 0.0020713641682286897
o 1230 0.5225165010548366 0.5380732874363575
o 1240 0 0.0020713641682286897
o 1250 0.9997427320109885 0.9999995494141014
o 1260 0.0009913927362594883 0.00768846370096099
o 1270 0.9974182533663415 0.9987708140525817
o 1280 0.053805552772513573 0.08153746630382686
o 1290 0.999784848241918 0.9999999949993749
o 1300 0 0.0020713641682286897
o 1310 0.9999239938640181 1
o 1320 0.310950718276868 0.3254705655172945
o 1330 0.008224892334377263 0.021369445153626043
o 1340 0.9999239938640181 1
o 1350 0.0002119315321278825 0.004998286201970181
o 1360 0.9999239938640181 1
o 1370 0.934820020648403 0.942311862334958
o 1380 0 0.0020713641682286897
o 1390 0.9999239938640181 1
o 1400 0.11637960668228095 0.1541702520749424
o 1410 0.9999239938640181 1
o 1420 0.05946289289447563 0.08835267542863268
o 1430 0.9686525712212429 0.9738680107935631
o 1440 0.9993545677321735 0.9999100498624319
o 1450 0.982866222502286 0.9866894708689273
o 1460 0.9999239938640181 1
o 1470 0.004511386106804429 0.01511544127714537
o 1480 0.9963490151246003 0.9980009395209813
o 1490 0.9999239938640181 1
o 1500 0.9998341327646891 1
o 1510 0.10794282327516758 0.14464561803512577
o 1520 0.9998341327646891 1
o 1530 0.42185678836806634 0.43728695121853234
o 1540 0.9999239938640181 1
o 1550 0.9998341327646891 1
o 1560 0.9999239938640181 1
o 1570 0.998064229430307 0.9992040792410983
o 1580 0 0.0020713641682286897
o 1590 2.9478169837018796e-05 0.0036929403504111225
o 1600 0 0.0020713641682286897
o 1610 0 0.0020713641682286897
o 1620 0.15442540819066175 0.19645253247676264
o 1630 0.9999239938640181 1
o 1640 0.025522169559738392 0.045965205035538914
o 1650 0.9999239938640181 1
o 1660 0.925247934594904 0.9332471299849838
o 1670 0 0.0020713641682286897
o 1680 0.9999239938640181 1
o 1690 0.27567760047923606 0.2897156605190192
o 1700 0.9890034907508972 0.9920299460630513
o 1710 0.9989434220919977 0.9997230637730928
o 1720 0.9969728777400151 0.998456597194961
o 1730 0 0.0020713641682286897
o 1740 0.4490436849955703 0.46457087403805497
o 1750 0.99678705109857 0.9983225759189072
o 1760 0.9422313168932708 0.9492981009311879
o 1770 0.640269890402704 0.655160315149554
o 1780 0.9998341327646891 1
o 1790 0.03049229096052207 0.05246838930610487
o 1800 0.16561443611593085 0.2087134582632767
o 1810 0.9990764961900899 0.99978951939873
o 1820 0.9983832285394911 0.9994045786411975
o 1830 0 0.0020713641682286897
o 1840 0 0.0020713641682286897
o 1850 0 0.0020713641682286897
o 1860 0.9999239938640181 1
o 1870 0.9925485438632544 0.9950034404956384
o 1880 0.9999239938640181 1
o 1890 0.9986846867396864 0.9995825074237993
o 1900 0.9999239938640181 1
o 1910 0.9993836603972324 0.9999207619417313
o 1920 0.9997427320109885 0.9999995494141014
o 1930 0.8652418747872919 0.8757131375854413
o 1940 0.9990764961900899 0.99978951939873
o 1950 0.1439819361945814 0.1849429056157892
o 1960 0 0.0020713641682286897
o 1970 0.9999239938640181 1
o 1980 0.9999239938640181 1
o 1990 0.3493773349353888 0.3643109223386778
o 2000 0.999599491460172 0.9999830535762632
o 2010 0.7883732553081576 0.8009673773909161
o 2020 0.9999239938640181 1
o 2030 0.9522442929211828 0.958681789145873
o 2040 0.9998341327646891 1
o 2050 0.9999239938640181 1
o 2060 0.041266292444963354 0.0661388594121104
o 2070 0.004334491639778464 0.014794176509792645
o 2080 0.5765844545603387 0.5919471412863118
o 2090 0.9999239938640181 1
o 2100 0.9941837707771213 0.996327446879261
o 2110 0.9781080181437533 0.982449339595007
o 2120 0 0.0020713641682286897
o 2130 0.9996330653686861 0.9999891487861118
o 2140 0.9999239938640181 1
o 2150 0.9999239938640181 1
o 2160 0.9863824963889312 0.9897719275815435
o 2170 0.9999239938640181 1
o 2180 0.9999239938640181 1
o 2190 0.9635681359856169 0.9691941579008211
o 2200 0.7617783399445782 0.7749311754238767
o 2210 0.9600768480361507 0.9659666165448396
o 2220 0.9999239938640181 1
o 2230 0.9972769311337085 0.9986722731996572
o 2240 0.9990229026390082 0.9997633135035773
o 2250 0.8160221353873948 0.8279492724725107
o 2260 0.6177345134840118 0.6328232563300872
o 2270 0.9981616966934683 0.9992664707710186
o 2280 0.06059813672334704 0.08971195767802687
o 2290 0.9995668564461039 0.999976016692425
o 2300 0.7347958907712125 0.7484426457140185
o 2310 0.18856609595001986 0.23365971351771597
o 2320 0 0.0020713641682286897
o 2330 0.9993836603972324 0.9999207619417313
o 2340 0.9999239938640181 1
o 2350 0 0.0020713641682286897
o 2360 0.9689866243461294 0.9741738448194956
o 2370 0.999784848241918 0.9999999949993749
o 2380 0.9994130827814863 0.9999311292217226
o 2390 0.7996618669914893 0.811994998104816
o 2400 0.9998341327646891 1
o 2410 0.9999239938640181 1
o 2420 0.01521027467399438 0.03183658518552912
o 2430 0.9997041638433971 0.9999976422569008
o 2440 0.999784848241918 0.9999999949993749
o 2450 0.9999239938640181 1
o 2460 0.9022368953599833 0.9113058153350697
o 2470 0.9999239938640181 1
o 2480 0.9999239938640181 1
o 2490 0.99561973517329 0.9974506954889379
o 2500 0.9877762389931612 0.990977665972518
o 2510 0.9997041638433971 0.9999976422569008
o 2520 0.982378116810592 0.9862577495257544
o 2530 0.9997427320109885 0.9999995494141014
o 2540 6.250781184823253e-08 0.0026863809835053765
o 2550 0.9227659231915654 0.9308899661506962
o 2560 0.9926583880225167 0.9950935475867196
o 2570 0.0006172318585809055 0.00657412054291362
o 2580 0.9441486072875861 0.9511001723838193
o 2590 6.250781184823253e-08 0.0026863809835053765
o 2600 0.9999239938640181 1
o 2610 0.9999239938640181 1
o 2620 0.9983584448714474 0.9993894057514955
o 2630 0.8468702298955457 0.8579308981998222
o 2640 0.9999239938640181 1
o 2650 0 0.0020713641682286897
o 2660 0.0204154757887469 0.03910044874183016
o 2670 0.6613754274920445 0.6760476985828314
o 2680 0.9999239938640181 1
o 2690 6.250781184823253e-08 0.0026863809835053765
o 2700 0.9905836125642096 0.9933692000971092
o 2710 0.9999239938640181 1
o 2720 0.962549112404758 0.9682535235116833
o 2730 0.9821872374931117 0.9860886963149671
o 2740 0.9927683153359265 0.9951835711588076
o 2750 0.9999239938640181 1
o 2760 0.999784848241918 0.9999999949993749
o 2770 0.000503951780243514 0.006191718166968396
o 2780 0.9999239938640181 1
o 2790 0.9999239938640181 1
o 2800 0.9862113351361325 0.9896231518146449
o 2810 0 0.0020713641682286897
o 2820 0.9999239938640181 1
o 2830 0.9999239938640181 1
o 2840 0.9999239938640181 1
o 2850 0.9999239938640181 1
o 2860 0.4771133982278288 0.4926916906630421
o 2870 0.9994730802517786 0.9999506585660503
o 2880 0.9999239938640181 1
o 2890 0.8892540455950775 0.8988529803486128
o 2900 0 0.0020713641682286897
o 2910 0.9997427320109885 0.9999995494141014
o 2920 0.0002119315321278825 0.004998286201970181
o 2930 0.0298403784164799 0.05162375502081229
o 2940 0 0.0020713641682286897
o 2950 0.6848319607461841 0.6992233028591069
o 2960 0.9998341327646891 1
o 2970 0.9559912032763034 0.9621736278844403
o 2980 0.9981128936006963 0.9992353457234481
o 2990 0.9985078691024893 0.9994797052294327
o 3000 0.9999239938640181 1
o 3010 0.9999239938640181 1
o 3020 0.9999239938640181 1
o 3030 0.997371070376275 0.9987380436441108
o 3040 0.9999239938640181 1
o 3050 0.9969263355699712 0.9984231783076815
o 3060 0.9999239938640181 1
o 3070 0.9999239938640181 1
o 3080 0.9996330653686861 0.9999891487861118
o 3090 0.999784848241918 0.9999999949993749
o 3100 0.9999239938640181 1
o 3110 0 0.0020713641682286897
o 3120 0 0.0020713641682286897
o 3130 0.01894466235111654 0.03707977355811087
o 3140 0.9998341327646891 1
o 3150 0.7595772429252835 0.7727730080082387
o 3160 0 0.0020713641682286897
o 3170 0.9999239938640181 1
o 3180 0.9979431363013752 0.9991253358653104
o 3190 0.7804877604432578 0.7932555050545904
o 3200 0.32071124062949014 0.33534673236305723
o 3210 0.9999239938640181 1
o 3220 0 0.0020713641682286897
o 3230 0.07545571851253248 0.10728360016449834
o 3240 0.07637547325785539 0.10835950948837103
o 3250 0 0.0020713641682286897
o 3260 0.9997041638433971 0.9999976422569008
o 3270 0.9968102306136053 0.9983393779131835
o 3280 6.250781184823253e-08 0.0026863809835053765
o 3290 0.9998341327646891 1
o 3300 0.9962573212126038 0.9979326974599837
o 3310 0.9800071069537101 0.984149591671136
o 3320 0 0.0020713641682286897
o 3330 0.9985580909074143 0.9995093820155696
o 3340 0.9976078010658749 0.9989010690693881
o 3350 0.9999239938640181 1
o 3360 0.8885810288361637 0.8982062208534273
o 3370 0.9999239938640181 1
o 3380 0.9999239938640181 1
o 3390 0 0.0020713641682286897
o 3400 0 0.0020713641682286897
o 3410 0.9999239938640181 1
o 3420 0.02189527661079711 0.041112228928475325
o 3430 0.999784848241918 0.9999999949993749
o 3440 0 0.0020713641682286897
o 3450 5.632956977929134e-06 0.003211834795377788
o 3460 0.9998341327646891 1
o 3470 0.9997427320109885 0.9999995494141014
o 3480 0.9999239938640181 1
o 3490 0 0.0020713641682286897
o 3500 0.9460464814468811 0.9528816663068278
o 3510 0.9874326330868017 0.9906814009407237
o 3520 0.9999239938640181 1
o 3530 0.9999239938640181 1
o 3540 0.9998341327646891 1
o 3550 0 0.0020713641682286897
o 3560 0.27605468479402867 0.2900984480536951
o 3570 0.7880699015668003 0.800670832400623
o 3580 0.9212691398958002 0.9294672467990239
o 3590 0.9999239938640181 1
o 3600 0 0.0020713641682286897
o 3610 0.9963719652041643 0.9980179731941595
o 3620 0.7884945982921825 0.8010859938994275
o 3630 0.9999239938640181 1
o 3640 0 0.0020713641682286897
o 3650 0.9999239938640181 1
o 3660 0.9807259119604405 0.9847905355853821
o 3670 0.9786561302124286 0.9829410378674259
o 3680 0.0001356941374873465 0.004579646877598709
o 3690 0.9999239938640181 1
o 3700 0.999784848241918 0.9999999949993749
o 3710 0.9770340034667672 0.9814837247217502
o 3720 0.9999239938640181 1
o 3730 0.9997041638433971 0.9999976422569008
o 3740 0.9999239938640181 1
o 3750 0.2752608302388498 0.2892925724000046
o 3760 0.9999239938640181 1
o 3770 0.9984578626277146 0.999449808165806
o 3780 0.33375742110907897 0.3485361287493106
o 3790 0.9965329270499892 0.9981368947272495
o 3800 0.9990496341945716 0.9997764839702489
o 3810 0.9485032127378 0.9551841166251323
o 3820 0.9558876128540356 0.9620772529174912
o 3830 0.923996507453101 0.9320589729777045
o 3840 6.250781184823253e-08 0.0026863809835053765
o 3850 0.9994730802517786 0.9999506585660503
o 3860 0.9999239938640181 1
o 3870 0.9160236832658172 0.9244744463218607
o 3880 0.779962184928708 0.7927412560763005
o 3890 0.9996330653686861 0.9999891487861118
o 3900 0 0.0020713641682286897
o 3910 0.10093544754724465 0.13668520026338515
o 3920 0.9963719652041643 0.9980179731941595
o 3930 0.9999239938640181 1
o 3940 0.26924827412523106 0.28318717223880585
o 3950 0.999442873695936 0.9999411111022777
o 3960 0.9998341327646891 1
o 3970 0.07522587031721449 0.10701453264502725
o 3980 0.9980399474396386 0.9991883950191714
o 3990 0.9935845800559939 0.9958469300305962
o 4000 0 0.0020713641682286897
o 4010 0.9983832285394911 0.9994045786411975
o 4020 0.9998341327646891 1
o 4030 0.9970428031898161 0.9985066120860036
o 4040 0.9999239938640181 1
o 4050 0 0.0020713641682286897
o 4060 0.9996678275924519 0.9999940967944916
o 4070 0.9999239938640181 1
o 4080 0.9999239938640181 1
o 4090 0.35053176709926726 0.36547609914376855
o 4100 0.9999239938640181 1
o 4110 0.9999239938640181 1
o 4120 0.9997041638433971 0.9999976422569008
o 4130 0.9997427320109885 0.9999995494141014
o 4140 0.8502211961568737 0.8611788160807599
o 4150 0.9999239938640181 1
o 4160 0.8457737576274617 0.8568677356233494
o 4170 0.1340437584353901 0.1739259048884345
o 4180 0.5381324302822896 0.553652100730792
o 4190 0 0.0020713641682286897
o 4200 0.5471851686517683 0.562676315683547
o 4210 0.005960847644840063 0.017652149387964
o 4220 0 0.0020713641682286897
o 4230 0.9994130827814863 0.9999311292217226
o 4240 5.632956977929134e-06 0.003211834795377788
o 4250 0.1892852994365053 0.23443732241543458
o 4260 0.9999239938640181 1
o 4270 0.9997427320109885 0.9999995494141014
o 4280 5.632956977929134e-06 0.003211834795377788
o 4290 0.999599491460172 0.9999830535762632
o 4300 0.9999239938640181 1
o 4310 0.08814988384701576 0.12202996682336509
o 4320 0.0006172318585809055 0.00657412054291362
o 4330 0.9999239938640181 1
o 4340 0.9998341327646891 1
o 4350 0.9998341327646891 1
o 4360 0.9998341327646891 1
o 4370 0.9999239938640181 1
o 4380 0.9996678275924519 0.9999940967944916
o 4390 0.9999239938640181 1
o 4400 0.001263463787865113 0.00840971372163124
o 4410 0.9593711044704873 0.9653125964025068
o 4420 0.959495628266126 0.9654280309224591
o 4430 0.9998341327646891 1
o 4440 0.999599491460172 0.9999830535762632
o 4450 0.9347583247211628 0.9422535787752447
o 4460 0.9998341327646891 1
o 4470 0.9994130827814863 0.9999311292217226
o 4480 0.9999239938640181 1
o 4490 0.9941615185010257 0.9963097103102978
o 4500 0.0844468811501927 0.11775023807838159
o 4510 0.9994730802517786 0.9999506585660503
o 4520 0 0.0020713641682286897
o 4530 0.999784848241918 0.9999999949993749
o 4540 0.9999239938640181 1
o 4550 0 0.0020713641682286897
o 4560 0.9999239938640181 1
o 4570 0.9924387808549068 0.99491325190303
o 4580 0.22634807277978586 0.2742110795218776
o 4590 0 0.0020713641682286897
o 4600 2.9478169837018796e-05 0.0036929403504111225
o 4610 0.9920661683332538 0.9946060265349213
o 4620 6.250781184823253e-08 0.0026863809835053765
o 4630 0.35921142666431366 0.37423350015827994
o 4640 0.9943173882106121 0.9964337619316739
o 4650 0.9678178102694256 0.9731030535114212
o 4660 0.5423780832684734 0.5578850187757087
o 4670 0.9999239938640181 1
o 4680 0.9997041638433971 0.9999976422569008
o 4690 0.24771169974027799 0.26129107257623174
o 4700 0.11426768823708458 0.15179181007091358
o 4710 0.27925022416774414 0.2933418227878922
o 4720 0.9998341327646891 1
o 4730 0.45479546118017483 0.47033715662732845
o 4740 0.000503951780243514 0.006191718166968396
o 4750 0.053354398411719815 0.08099082312562056
o 4760 0.6803241018059216 0.6947726723380341
o 4770 0.9811279512167379 0.9851483554547575
o 4780 0.9986592401095487 0.9995680130057608
o 4790 0.8386896907020611 0.8499941621506696
o 4800 0.9999239938640181 1
o 4810 0.9996330653686861 0.9999891487861118
o 4820 0.9302160849789808 0.9379573284869278
o 4830 0 0.0020713641682286897
o 4840 0.9999239938640181 1
o 4850 0.09162845030585381 0.12603523128559568
o 4860 0.9999239938640181 1
o 4870 0.9989962943624112 0.9997500155155598
o 4880 0.10724110173203691 0.14385055786360157
o 4890 0.9999239938640181 1
o 4900 0.43931996939495555 0.45481787222327463
o 4910 0.9988648919050572 0.999681833128126
o 4920 0.9999239938640181 1
o 4930 0.3303759404523976 0.34511875561839345
o 4940 0.9776655999777233 0.982051910541923
o 4950 0.9999239938640181 1
o 4960 0.8936402980589411 0.9030652697894854
o 4970 0.0008616339156202599 0.00732183525492236
o 4980 6.250781184823253e-08 0.0026863809835053765
o 4990 0.8310823030700814 0.8426040844891685
o 5000 0.9999239938640181 1
o 5010 0.9999239938640181 1
o 5020 0.999784848241918 0.9999999949993749
o 5030 0.9998341327646891 1
o 5040 0.999297246851899 0.9998877222821806
o 5050 0.09744027445314306 0.13269649776020054
o 5060 0.9968102306136053 0.9983393779131835
o 5070 0.08930866978045919 0.12336578911264606
o 5080 0.9999239938640181 1
o 5090 0.9780448000334889 0.9823925795527685
o 5100 0.9999239938640181 1
o 5110 0.9998341327646891 1
o 5120 0.9980399474396386 0.9991883950191714
o 5130 6.250781184823253e-08 0.0026863809835053765
o 5140 0.9998341327646891 1
o 5150 0.9756881967246331 0.9802699937075149
o 5160 0.9992689677678922 0.9998761603306536
o 5170 0.9999239938640181 1
o 5180 0.0002119315321278825 0.004998286201970181
o 5190 0.9832060392083588 0.9869895333597946
o 5200 0.9999239938640181 1
o 5210 0.9999239938640181 1
o 5220 0.9997427320109885 0.9999995494141014
o 5230 0.6122137983704745 0.6273458253406468
o 5240 0.17420660045545236 0.21808299238964535
o 5250 0.9994730802517786 0.9999506585660503
o 5260 0.9999239938640181 1
o 5270 0.9999239938640181 1
o 5280 0 0.0020713641682286897
o 5290 0.0023137429626986735 0.010840119172526475
o 5300 0.9999239938640181 1
o 5310 0.9976554062814149 0.9989334115040904
o 5320 0.9998341327646891 1
o 5330 0.0031296724325380458 0.01251285411303471
o 5340 0 0.0020713641682286897
o 5350 0.9998341327646891 1
o 5360 0.9999239938640181 1
o 5370 7.381303257416497e-05 0.0041461380378710055
o 5380 6.250781184823253e-08 0.0026863809835053765
o 5390 0.999784848241918 0.9999999949993749
o 5400 0.9999239938640181 1
o 5410 6.250781184823253e-08 0.0026863809835053765
o 5420 0.9980399474396386 0.9991883950191714
o 5430 0.9999239938640181 1
o 5440 0.9999239938640181 1
o 5450 0.04060064479538814 0.06530786853999726
o 5460 0.9988130027235841 0.999653867701341
o 5470 0.9999239938640181 1
o 5480 0.9990764961900899 0.99978951939873
o 5490 0.9986085425177087 0.999538823531834
o 5500 0.9811279512167379 0.9851483554547575
o 5510 0.8874594622252505 0.8971281603433383
o 5520 0.9895650968385413 0.992508121320026
o 5530 0.4954269229196639 0.5110119919004895
o 5540 0.4805713746453184 0.4961525481804677
o 5550 0.8805295726790717 0.8904603541552365
o 5560 0.04505095140873906 0.07083522398088082
o 5570 0.9982843587370567 0.9993436167432374
o 5580 0.06949188756521539 0.10027566464293836
o 5590 0.10724110173203691 0.14385055786360157
o 5600 0.3182061544521639 0.3328126681388226
o 5610 0.9791835465362859 0.9834134386229183
o 5620 0 0.0020713641682286897
o 5630 0 0.0020713641682286897
o 5640 0.5850065467754146 0.6003222179149027
o 5650 2.9478169837018796e-05 0.0036929403504111225
o 5660 0.9995037605889281 0.9999597116202779
o 5670 0.08167492867002125 0.11453515785392476
o 5680 0 0.0020713641682286897
o 5690 0.2776424755616417 0.2917101177089291
o 5700 0.0461679679425689 0.07221264738414945
o 5710 0.006892892276001169 0.019212088055161836
o 5720 0.9999239938640181 1
o 5730 0 0.0020713641682286897
o 5740 0.24386675416245768 0.25737732700999183
o 5750 0.9864681063452484 0.9898462860675704
o 5760 0.9984828397939801 0.999464783357556
o 5770 0.9999239938640181 1
o 5780 0.9999239938640181 1
o 5790 0.9999239938640181 1
o 5800 0.9933634530736767 0.9956681612106678
o 5810 0.9999239938640181 1
o 5820 0.8098242535000761 0.8219092213355753
o 5830 0 0.0020713641682286897
o 5840 0.9958693839527202 0.9976408916037288
o 5850 0 0.0020713641682286897
o 5860 0.9994730802517786 0.9999506585660503
o 5870 0.8187370544321604 0.83059344817684
o 5880 0.9992689677678922 0.9998761603306536
o 5890 0.32741252170478186 0.34212317900246736
o 5900 0.9916507186090978 0.9942616533994505
o 5910 0 0.0020713641682286897
o 5920 0.9999239938640181 1
o 5930 0 0.0020713641682286897
o 5940 0.7392535812624894 0.7528234642639419
o 5950 0.9959832026584181 0.9977269996889246
o 5960 0 0.0020713641682286897
o 5970 0.9999239938640181 1
o 5980 0.9999239938640181 1
o 5990 0.9224993387077248 0.9306366392165372
o 6000 0.9929003408208814 0.9952914862335147
o 6010 7.381303257416497e-05 0.0041461380378710055
o 6020 0.9998341327646891 1
o 6030 0.9676300606922003 0.9729308664183006
o 6040 0 0.0020713641682286897
o 6050 0 0.0020713641682286897
o 6060 0.0026347926915500906 0.011514351585064753
o 6070 0.7858050274158341 0.7984564626708477
o 6080 0.9996330653686861 0.9999891487861118
o 6090 0.9995668564461039 0.999976016692425
o 6100 0.9999239938640181 1
o 6110 0.9999239938640181 1
o 6120 0.9998341327646891 1
o 6130 0.9932971925796634 0.9956144525825571
o 6140 0.9999239938640181 1
o 6150 0.9988130027235841 0.999653867701341
o 6160 0.5762035095286908 0.5915682143929701
o 6170 0.9987102018538886 0.9995969315746592
o 6180 0.9995668564461039 0.999976016692425
o 6190 0.9900629575646296 0.9929300639610011
o 6200 0.9996330653686861 0.9999891487861118
o 6210 0 0.0020713641682286897
o 6220 0.02875616808817032 0.05021373828870801
o 6230 0.8589383533673732 0.8696187568417022
o 6240 0.9974418742737955 0.998787169461314
o 6250 0.07086584397336584 0.10189518468432124
o 6260 7.381303257416497e-05 0.0041461380378710055
o 6270 0.000503951780243514 0.006191718166968396
o 6280 0.014595526866756052 0.030955163933380714
o 6290 0.0008616339156202599 0.00732183525492236
o 6300 0.999784848241918 0.9999999949993749
o 6310 0.9999239938640181 1
o 6320 0.999784848241918 0.9999999949993749
o 6330 0.9996678275924519 0.9999940967944916
o 6340 0.9914542712242681 0.9940981833577129
o 6350 0.9999239938640181 1
o 6360 0.9981372773655336 0.9992509263546009
o 6370 0 0.0020713641682286897
o 6380 0.7308432227857363 0.744556635941227
o 6390 0.9999239938640181 1
o 6400 0.8391767171677224 0.8504669734405396
o 6410 0.9999239938640181 1
o 6420 0.9999239938640181 1
o 6430 0.999103496509203 0.9998024115070666
o 6440 0.011362110836925144 0.026209637177880718
o 6450 0.9999239938640181 1
o 6460 0.9874326330868017 0.9906814009407237
o 6470 0.28800544768625624 0.30222362500514977
o 6480 0.9997041638433971 0.9999976422569008
o 6490 6.250781184823253e-08 0.0026863809835053765
o 6500 5.632956977929134e-06 0.003211834795377788
o 6510 0 0.0020713641682286897
o 6520 0.07040769987605039 0.101355502729085
o 6530 0.9203057003520667 0.928551006468668
o 6540 0.9999239938640181 1
o 6550 0.9999239938640181 1
o 6560 0.999784848241918 0.9999999949993749
o 6570 0.0204154757887469 0.03910044874183016
o 6580 0.5997507924428418 0.6149730175938433
o 6590 0.030927459900951346 0.053030922451241747
o 6600 0.9999239938640181 1
o 6610 0.9999239938640181 1
o 6620 0.9999239938640181 1
o 6630 0.9998341327646891 1
o 6640 0 0.0020713641682286897
o 6650 0.9998341327646891 1
o 6660 0.9999239938640181 1
o 6670 0.40484214046395733 0.4201873489601362
o 6680 0.9543136436995684 0.9606117477534987
o 6690 0.9995349878824064 0.9999681957182619
o 6700 0.9999000177236425 0.9999999949987496
o 6710 0.9999239938640181 1
o 6720 0.9998341327646891 1
o 6730 0.9999239938640181 1
o 6740 0.9926583880225167 0.9950935475867196
o 6750 0.012363657020590167 0.02770138152192947
o 6760 0.9904967510616145 0.9932960966941817
o 6770 0.9999239938640181 1
o 6780 0.9999239938640181 1
o 6790 0 0.0020713641682286897
o 6800 0.8910694427821011 0.9005969796545107
o 6810 0.9998341327646891 1
o 6820 0.9999239938640181 1
o 6830 0.9948761849382639 0.9968746717641922
o 6840 0.999784848241918 0.9999999949993749
o 6850 0.9997427320109885 0.9999995494141014
o 6860 0.999784848241918 0.9999999949993749
o 6870 0.9993257723589525 0.9998990270247117
o 6880 0.9979431363013752 0.9991253358653104
o 6890 0.9378032249633909 0.9451276660008936
o 6900 0.9999239938640181 1
o 6910 0.9971596588721757 0.9985896533979276
o 6920 0 0.0020713641682286897
o 6930 0 0.0020713641682286897
o 6940 0.9999239938640181 1
o 6950 0.00029995700032200127 0.005405172829997085
o 6960 0.7987309751530194 0.8110862005666057
o 6970 0 0.0020713641682286897
o 6980 0.730399600013684 0.7441204071249736
o 6990 0.9999239938640181 1
o 7000 2.9478169837018796e-05 0.0036929403504111225
o 7010 0.9639634382306171 0.9695587228922274
o 7020 0.9999239938640181 1
o 7030 0.999297246851899 0.9998877222821806
o 7040 0 0.0020713641682286897
o 7050 0.9986846867396864 0.9995825074237993
o 7060 0.9998341327646891 1
o 7070 0.9434681419880919 0.9504608641947823
o 7080 0 0.0020713641682286897
o 7090 0.08006013772215985 0.11265751980145022
o 7100 0.00029995700032200127 0.005405172829997085
o 7110 0.9903882232524459 0.9932046682070498
o 7120 0.9972299702688214 0.9986392778683405
o 7130 0.9999239938640181 1
o 7140 0.9981861524596591 0.9992819780723441
o 7150 0.006145812368990528 0.01796554861443722
o 7160 0.999599491460172 0.9999830535762632
o 7170 0.9999239938640181 1
o 7180 0.9999239938640181 1
o 7190 0.9949434816817062 0.9969273383152467
o 7200 0.03750384945846765 0.06142040802704929
o 7210 0.20369266378921133 0.2499662332158079
o 7220 0.9995668564461039 0.999976016692425
o 7230 0.9999239938640181 1
o 7240 0.046838981772091025 0.07303830175850523
o 7250 0.9999239938640181 1
o 7260 0.999784848241918 0.9999999949993749
o 7270 0.999784848241918 0.9999999949993749
o 7280 0.863004701054952 0.8735510557940667
o 7290 0 0.0020713641682286897
o 7300 0.000503951780243514 0.006191718166968396
o 7310 0 0.0020713641682286897
o 7320 0.8050459030807869 0.8172491656798695
o 7330 0.02253204153662087 0.04197188108239602
o 7340 0.012162651048216183 0.02740371884715831
o 7350 0.999599491460172 0.9999830535762632
o 7360 6.250781184823253e-08 0.0026863809835053765
o 7370 0 0.0020713641682286897
o 7380 0.9999239938640181 1
o 7390 0.002473307911623104 0.011178161154966837
o 7400 0.9997041638433971 0.9999976422569008
o 7410 0 0.0020713641682286897
o 7420 0 0.0020713641682286897
o 7430 0.9646918837426518 0.9702300326007849
o 7440 0.9999239938640181 1
o 7450 0.9999239938640181 1
o 7460 0.9999239938640181 1
o 7470 0.13380751960893106 0.17366321158726095
o 7480 0.028107075654712297 0.049366305685734635
o 7490 0.9999239938640181 1
o 7500 0.9999239938640181 1
o 7510 0.9999239938640181 1
o 7520 0.999599491460172 0.9999830535762632
o 7530 0.5282014164789511 0.5437464577589104
o 7540 0.9999239938640181 1
o 7550 0.9999239938640181 1
o 7560 0.9998341327646891 1
o 7570 0.9999239938640181 1
o 7580 0.9997427320109885 0.9999995494141014
o 7590 0 0.0020713641682286897
o 7600 0 0.0020713641682286897
o 7610 0.9997427320109885 0.9999995494141014
o 7620 0 0.0020713641682286897
o 7630 0.9999239938640181 1
o 7640 0.9325379344796115 0.9401547071981436
o 7650 0.8676219605974523 0.8780122598178364
o 7660 0.9572968782061833 0.9633875165624532
o 7670 0.9989698028369101 0.9997365968529978
o 7680 0.023809906910792288 0.04368689084149224
o 7690 0.9999239938640181 1
o 7700 0.9999239938640181 1
o 7710 0.9998341327646891 1
o 7720 0.8289935774442487 0.8405735062009808
o 7730 0.04795864367919236 0.07441309362114834
o 7740 0.9494534680334069 0.9560735446414649
o 7750 0 0.0020713641682286897
o 7760 0.03354744263975405 0.05639721730029923
o 7770 0.9999239938640181 1
o 7780 0 0.0020713641682286897
o 7790 0.9960059934406409 0.9977441940439223
o 7800 0.9996678275924519 0.9999940967944916
o 7810 0.9999239938640181 1
o 7820 0.9948986110824958 0.9968922334240068
o 7830 0 0.0020713641682286897
o 7840 0.9999239938640181 1
o 7850 0.8649367765753933 0.8754183373223807
o 7860 0.9997041638433971 0.9999976422569008
o 7870 0.9999239938640181 1
o 7880 0.9970894973736582 0.998539877255987
o 7890 0.9999239938640181 1
o 7900 0.0003978010923757274 0.005802461929785063
o 7910 0.050427436732192805 0.07743212681169287
o 7920 0.9977509012387209 0.9989978077068434
o 7930 0.8231549536432897 0.8348940760994467
o 7940 0.03332854465103779 0.056117254815446715
o 7950 0.9999239938640181 1
o 7960 0.9603882903731477 0.9662550698981869
o 7970 0 0.0020713641682286897
o 7980 0.9992409148798167 0.9998643624923798
o 7990 0.10911283049845728 0.14597024810523807
o 8000 0.9999239938640181 1
o 8010 0.0029630738907729026 0.012181603848747558
o 8020 0.005048157084681375 0.016073311665877
o 8030 0.9999239938640181 1
o 8040 0.9998341327646891 1
o 8050 0.9990229026390082 0.9997633135035773
o 8060 0.9996678275924519 0.9999940967944916
o 8070 0.999784848241918 0.9999999949993749
o 8080 0.8885198483626435 0.8981474216668259
o 8090 0.49814685239108847 0.5137311457553202
o 8100 0 0.0020713641682286897
o 8110 0 0.0020713641682286897
o 8120 0.5164323584818508 0.5319994790612631
o 8130 0.9995349878824064 0.9999681957182619
o 8140 0.012363657020590167 0.02770138152192947
o 8150 0.9999239938640181 1
o 8160 0.9999239938640181 1
o 8170 0.9998341327646891 1
o 8180 0.997323963754113 0.9987051958885018
o 8190 0.0001356941374873465 0.004579646877598709
o 8200 0 0.0020713641682286897
o 8210 0.9999239938640181 1
o 8220 0.8448804103643766 0.8560013804082816
o 8230 0.9999239938640181 1
o 8240 0.9999239938640181 1
o 8250 0.9998341327646891 1
o 8260 0.9999239938640181 1
o 8270 0.9999239938640181 1
o 8280 0 0.0020713641682286897
o 8290 0.09813883728204117 0.13349470883992343
o 8300 6.250781184823253e-08 0.0026863809835053765
o 8310 0.9833760316101646 0.9871394804012125
o 8320 0.002473307911623104 0.011178161154966837
o 8330 0.9999239938640181 1
o 8340 0.9966482500970695 0.9982214850281281
o 8350 0.9977748368846215 0.9990138439272586
o 8360 0.9999239938640181 1
o 8370 0.8909674427939829 0.9004990135502843
o 8380 0.9999239938640181 1
o 8390 0.9999239938640181 1
o 8400 0.9897597892642745 0.9926733523329196
o 8410 0.4982668545847144 0.5138511031201431
o 8420 0 0.0020713641682286897
o 8430 0.9999239938640181 1
o 8440 0.9949434816817062 0.9969273383152467
o 8450 0.001549745385653557 0.009117358764871297
o 8460 0.9999239938640181 1
o 8470 0.9995349878824064 0.9999681957182619
o 8480 0.9975602862033369 0.9988686350034939
o 8490 0.6964876730938603 0.7107236858381817
o 8500 0.9999239938640181 1
o 8510 0.9999239938640181 1
o 8520 0.28240649617860675 0.296544478400822
o 8530 0.40725513322987 0.4226135405552768
o 8540 0.8445758753733679 0.8557060168247451
o 8550 0.9999239938640181 1
o 8560 0.9999239938640181 1
o 8570 0.9912798280218552 0.9939526992962495
o 8580 0.9700729060626804 0.9751671957437259
o 8590 0.9945628341288062 0.9966281894626924
o 8600 0.9885722854206941 0.9916613172757114
o 8610 0.9998341327646891 1
o 8620 0.17611842667212996 0.22016265810609548
o 8630 0.9999239938640181 1
o 8640 0.9999239938640181 1
o 8650 0.8954771701873464 0.9048277871017749
o 8660 0.9996330653686861 0.9999891487861118
o 8670 0 0.0020713641682286897
o 8680 0.0007367092911671631 0.006950583915315112
o 8690 0.9998341327646891 1
o 8700 0.9995668564461039 0.999976016692425
o 8710 0.9345526789280586 0.9420592929420369
o 8720 0 0.0020713641682286897
o 8730 0 0.0020713641682286897
o 8740 0.4274838558582715 0.44293798288126907
o 8750 0.9999239938640181 1
o 8760 0.9999239938640181 1
o 8770 5.632956977929134e-06 0.003211834795377788
o 8780 0.9987102018538886 0.9995969315746592
o 8790 0.22151962052823476 0.2690607458596317
o 8800 0.9999239938640181 1
o 8810 0 0.0020713641682286897
o 8820 0.9999239938640181 1
o 8830 0.9999239938640181 1
o 8840 0.26411009472201014 0.27796709867221525
o 8850 0.9999239938640181 1
o 8860 0.9999239938640181 1
o 8870 0.9975840325399995 0.9988848632863743
o 8880 0.9999239938640181 1
o 8890 0.9999239938640181 1
o 8900 0.013373587127474456 0.029184866067126114
o 8910 0.9343264814758331 0.941845565599644
o 8920 0.9999239938640181 1
o 8930 0.9818056727482859 0.9857503956665763
o 8940 0 0.0020713641682286897
o 8950 0.9999239938640181 1
o 8960 0.9998341327646891 1
o 8970 0.9999239938640181 1
o 8980 0.9999239938640181 1
o 8990 0.9999239938640181 1
o 9000 0.9999239938640181 1
o 9010 0.647323384514356 0.6621444545433749
o 9020 0.9999239938640181 1
o 9030 0.48149089936045514 0.497072713413529
o 9040 0 0.0020713641682286897
o 9050 0 0.0020713641682286897
o 9060 0.9986592401095487 0.9995680130057608
o 9070 0.998088544558281 0.9992197297420591
o 9080 0.9995668564461039 0.999976016692425
o 9090 0.432133936998193 0.4476063311953494
o 9100 0.04460462335828104 0.07028377861776147
o 9110 0.9999239938640181 1
o 9120 0.9596409163642335 0.9655626941849352
o 9130 0.9992130705901301 0.9998523473218889
o 9140 0.9988130027235841 0.999653867701341
o 9150 0.9997427320109885 0.9999995494141014
o 9160 0.9631729299202467 0.9688294966505694
o 9170 6.250781184823253e-08 0.0026863809835053765
o 9180 0.9999239938640181 1
o 9190 0.9981861524596591 0.9992819780723441
o 9200 0.9999239938640181 1
o 9210 0.9998341327646891 1
o 9220 0.9999239938640181 1
o 9230 0.0031296724325380458 0.01251285411303471
o 9240 0.9997041638433971 0.9999976422569008
o 9250 0.0072704566109117125 0.019831421084042122
o 9260 0.9997427320109885 0.9999995494141014
o 9270 0.9999239938640181 1
o 9280 0.08190574594663105 0.11480325942077774
o 9290 0.001697465373872955 0.009466791134274843
o 9300 0.026381692746174308 0.04710099982143978
o 9310 0.3374974323417109 0.3523148499611042
o 9320 0.9999239938640181 1
o 9330 0.9993545677321735 0.9999100498624319
o 9340 0.9999239938640181 1
o 9350 0.9793946222691893 0.9836022895607931
o 9360 0.14327104679253028 0.18415699476261604
o 9370 0.07361796174821801 0.10513003469084647
o 9380 0 0.0020713641682286897
o 9390 0.9999239938640181 1
o 9400 0.9991579479265237 0.999827728109528
o 9410 0.9999239938640181 1
o 9420 0.9999239938640181 1
o 9430 0.9997041638433971 0.9999976422569008
o 9440 0.9999239938640181 1
o 9450 0.9692581065718907 0.9744222708413548
o 9460 0.02062634406793118 0.039388372400076865
o 9470 0.9999239938640181 1
o 9480 0.2963467240322673 0.3106795161996262
o 9490 0.999103496509203 0.9998024115070666
o 9500 0.9958921299523205 0.9976581311058543
o 9510 0.9998341327646891 1
o 9520 0.9989698028369101 0.9997365968529978
o 9530 0.9999239938640181 1
o 9540 0.9999239938640181 1
o 9550 0.9999239938640181 1
o 9560 0 0.0020713641682286897
o 9570 0.9999239938640181 1
o 9580 0.9999239938640181 1
o 9590 0.9999239938640181 1
o 9600 0.9962802289563542 0.9979497738504909
o 9610 0.9993257723589525 0.9998990270247117
o 9620 0.9946075303645595 0.9966634698045075
o 9630 0.9995668564461039 0.999976016692425
o 9640 0.9992130705901301 0.9998523473218889
o 9650 0.9999239938640181 1
o 9660 0.9999239938640181 1
o 9670 0.9999239938640181 1
o 9680 0.9999239938640181 1
o 9690 0.991323423552558 0.9939890856380003
o 9700 0.9999239938640181 1
o 9710 0.9992689677678922 0.9998761603306536
o 9720 0.9223968101679597 0.9305392018248609
o 9730 0.9999239938640181 1
o 9740 0 0.0020713641682286897
o 9750 0.9986592401095487 0.9995680130057608
o 9760 0.9861257834540738 0.989548734920843
o 9770 0 0.0020713641682286897
o 9780 0.0006172318585809055 0.00657412054291362
o 9790 0.7735150094151936 0.7864305848057433
o 9800 0.9999239938640181 1
o 9810 0.999103496509203 0.9998024115070666
o 9820 0.0023137429626986735 0.010840119172526475
o 9830 0.9287168256004017 0.9365370861676615
o 9840 0 0.0020713641682286897
o 9850 0 0.0020713641682286897
o 9860 0.12720044203438885 0.16630020396801215
o 9870 0.9999239938640181 1
o 9880 0.3587335781074359 0.3737515105157796
o 9890 0.9999239938640181 1
o 9900 0.9998341327646891 1
o 9910 0.0020008968191498324 0.010157982346741812
o 9920 0.9999239938640181 1
o 9930 0.0001356941374873465 0.004579646877598709
o 9940 0.1314461495351828 0.17103526228529842
o 9950 0.10443637330492195 0.1406681645564002
o 9960 0 0.0020713641682286897
o 9970 0 0.0020713641682286897
o 9980 0.9999239938640181 1
o 9990 0.9999239938640181 1
