
x disttype general-gaussian
x k 1530
x std 0.25
x N 100000
x alpha 0.001

o 0 0.9633859910415838 0.967203468665432
o 10 0.999565558673665 0.9998960216619766
o 20 0.9714166551221451 0.974791586068756
o 30 0.9999000177236425 0.9999999949987496
o 40 0.9997474636700737 0.9999730088185749
o 50 0.9999239938640181 1
o 60 0.9999000177236425 0.9999999949987496
o 70 0.21574720077605997 0.260250988721214
o 80 0.9996892172795872 0.9999517166583664
o 90 0.9350958531586401 0.940137862045894
o 100 0.5036125171634549 0.5140261489292204
o 110 0.0031066310291481196 0.011824341251265746
o 120 0.9805540150583976 0.9833328204246811
o 130 0.20272118563053945 0.2463285053862967
o 140 0.9324476973582723 0.9375864151058712
o 150 0.9999239938640181 1
o 160 0.6935743338234428 0.7031356617060492
o 170 0.9996610130687411 0.9999401001755236
o 180 0.9845058633691931 0.9869803498265176
o 190 0.9503699691656299 0.954801452310745
o 200 0.9991242454921062 0.9996383565757581
o 210 0.0006752903406776944 0.006301857709340886
o 220 0.9999239938640181 1
o 230 0.9999239938640181 1
o 240 0.9999239938640181 1
o 250 0.8941771144392596 0.9005027356688573
o 260 0.4756076588447598 0.48601524338905555
o 270 0.02575844300601907 0.04502908007529782
o 280 0.9999239938640181 1
o 290 0.9999239938640181 1
o 300 0.9999239938640181 1
o 310 0.9997934737315558 0.9999865160465087
o 320 0.34545197762464463 0.3553906473448639
o 330 0.9999239938640181 1
o 340 0.00015818935869794096 0.004345911904070632
o 350 0.9991242454921062 0.9996383565757581
o 360 0.9831933810950109 0.9857730403467023
o 370 0.8691479974116761 0.8760956058762981
o 380 0.9158195019996779 0.9215171037509423
o 390 0.9999239938640181 1
o 400 0.9999239938640181 1
o 410 0.990058931275742 0.992026369285596
o 420 0.9995924018266042 0.9999090646014682
o 430 0.02792906919063703 0.0478478851149049
o 440 0.996387280815993 0.9975367468894076
o 450 0.9965516075540612 0.9976723745819928
o 460 0.9999239938640181 1
o 470 0.694146858438271 0.7037030508518338
o 480 0.04229060632988523 0.06591957945127569
o 490 0.9999239938640181 1
o 500 0.0016493249080622365 0.008803341649747276
o 510 0.9999239938640181 1
o 520 0.9492458333156251 0.9537257571792057
o 530 0.9999239938640181 1
o 540 0.9998606673855076 0.9999985029476508
o 550 0 0.0018984213292246109
o 560 0.9999239938640181 1
o 570 0.9997474636700737 0.9999730088185749
o 580 0.9978835388815344 0.9987399821725043
o 590 0.9999239938640181 1
o 600 0.9939869758836998 0.9954976032301155
o 610 0.9995389947463791 0.9998826879485003
o 620 0.9887434245612073 0.9908420988159824
o 630 1.2503125260320302e-07 0.002496859604380064
o 640 1.2503125260320302e-07 0.002496859604380064
o 650 0.9999239938640181 1
o 660 0.9999239938640181 1
o 670 0.9999239938640181 1
o 680 0.7696022302935348 0.7783163228473978
o 690 0.00015818935869794096 0.004345911904070632
o 700 0.9998259044303537 0.9999936749830985
o 710 0.012267477350824068 0.026591976281593377
o 720 0.910609748994887 0.9164676377301821
o 730 0.03142669472902917 0.05233355342056667
o 740 0 0.0018984213292246109
o 750 0.9999239938640181 1
o 760 0.8917347313934069 0.8981254848808682
o 770 0.31938764656596397 0.329138935744144
o 780 0.9977934804902744 0.9986700796584935
o 790 0 0.0018984213292246109
o 800 0.9999239938640181 1
o 810 0.47959592854327876 0.49000637025498306
o 820 0.026625169455815355 0.046158112911812155
o 830 0.9646076959544281 0.9683615789485028
o 840 0.9999239938640181 1
o 850 0 0.0018984213292246109
o 860 0.9995522439324256 0.9998893888980779
o 870 0.019968892167743387 0.037347833363866934
o 880 0.9999239938640181 1
o 890 0.8245882554397825 0.8324420351547442
o 900 0.017646124018831314 0.03418287941103704
o 910 0.96612801389938 0.9698010307891443
o 920 0.977342317934765 0.9803450153536306
o 930 0.9908293890159632 0.9927157780017251
o 940 0.9999239938640181 1
o 950 0.22106300989502678 0.265914206863606
o 960 0.9999239938640181 1
o 970 0.9999239938640181 1
o 980 1.2503125260320302e-07 0.002496859604380064
o 990 0.9997035245559214 0.9999573086101283
o 1000 0.9999239938640181 1
o 1010 0.9999239938640181 1
o 1020 0.9999239938640181 1
o 1030 0.9005136574887692 0.9066652426866854
o 1040 0 0.0018984213292246109
o 1050 0.012064453855217315 0.02629622681015087
o 1060 0.9999239938640181 1
o 1070 0.8350844836349826 0.8427442310498748
o 1080 0.9997625252542223 0.9999778024249072
o 1090 0.9987198340595758 0.9993631939942338
o 1100 0.9974354030802423 0.9983882977313596
o 1110 0.9999239938640181 1
o 1120 0.9037594772507409 0.9098189363549444
o 1130 0.00015818935869794096 0.004345911904070632
o 1140 0.8724055726531604 0.879277542043246
o 1150 0 0.0018984213292246109
o 1160 0.85132459796062 0.8586616792677507
o 1170 0.9997934737315558 0.9999865160465087
o 1180 0.9996332781059027 0.9999279902963232
o 1190 0.9986381404199947 0.9993049515903288
o 1200 0.9377452532465301 0.9426880644244795
o 1210 0.9999239938640181 1
o 1220 0.00033728716014957494 0.005154702728076721
o 1230 0.5645579279304743 0.5748715277098695
o 1240 0 0.0018984213292246109
o 1250 0.9996610130687411 0.9999401001755236
o 1260 0.0056105476602690794 0.016295299336843594
o 1270 0.9896901374496669 0.9916952261737091
o 1280 0.07877316909732207 0.10927896678183324
o 1290 0.9994349747337248 0.999827034081556
o 1300 7.991222603902014e-06 0.003009067182210501
o 1310 0.9999239938640181 1
o 1320 0.3143779995109696 0.3240893437542707
o 1330 0.017646124018831314 0.03418287941103704
o 1340 0.9999239938640181 1
o 1350 0.0008012396235490344 0.006671700522780322
o 1360 0.9999000177236425 0.9999999949987496
o 1370 0.9186847537126476 0.9242914224995459
o 1380 0 0.0018984213292246109
o 1390 0.9999239938640181 1
o 1400 0.13149784546254598 0.16883693721792103
o 1410 0.9999239938640181 1
o 1420 0.08201535705124198 0.11302314887291631
o 1430 0.9094829073412093 0.9153746483013295
o 1440 0.9985336929709294 0.9992294739003873
o 1450 0.9237778063829675 0.9292176062512959
o 1460 0.9999239938640181 1
o 1470 0.010853627969684755 0.024514534203403326
o 1480 0.9847457026537467 0.9872004722767322
o 1490 0.9999239938640181 1
o 1500 0.9996332781059027 0.9999279902963232
o 1510 0.12984098284430617 0.16700052319054337
o 1520 0.999717988398479 0.9999627351752136
o 1530 0.34171466400640305 0.3516285282208078
o 1540 0.9999239938640181 1
o 1550 0.9998429101352648 0.9999964480564058
o 1560 0.9999239938640181 1
o 1570 0.9876625107164062 0.9898631919661571
o 1580 1.2503125260320302e-07 0.002496859604380064
o 1590 0.007697854424170423 0.019691587766545893
o 1600 0 0.0018984213292246109
o 1610 0 0.0018984213292246109
o 1620 0.21985442993976304 0.2646275529047657
o 1630 0.9998794920615223 0.9999996803882305
o 1640 0.027711444508842775 0.0475665618577662
o 1650 0.9999239938640181 1
o 1660 0.8992967447708176 0.9054823378311597
o 1670 1.2503125260320302e-07 0.002496859604380064
o 1680 0.9999239938640181 1
o 1690 0.36667626780642293 0.376743136770475
o 1700 0.9400594605466147 0.9449135097992859
o 1710 0.9918137103979051 0.9935912816716022
o 1720 0.9906603681148167 0.9925648284266868
o 1730 7.991222603902014e-06 0.003009067182210501
o 1740 0.47959592854327876 0.49000637025498306
o 1750 0.9924825580168476 0.9941823116274352
o 1760 0.851536786605644 0.8588694587822704
o 1770 0.6265658552999949 0.6366142409668225
o 1780 0.9997934737315558 0.9999865160465087
o 1790 0.06243801482831461 0.09018362164255911
o 1800 0.18396413051320423 0.22616001838722843
o 1810 0.9965735461617428 0.9976904297659097
o 1820 0.996420116828843 0.9975639018975835
o 1830 0 0.0018984213292246109
o 1840 0.00024191906793809685 0.004755907633505085
o 1850 0 0.0018984213292246109
o 1860 0.9999000177236425 0.9999999949987496
o 1870 0.9845371420151349 0.9870090661941854
o 1880 0.9999239938640181 1
o 1890 0.9969365876027007 0.9979872806698704
o 1900 0.9999239938640181 1
o 1910 0.9956790115096636 0.9969451972178689
o 1920 0.9991607391340973 0.9996618107824726
o 1930 0.8199473925744489 0.827883594938579
o 1940 0.9973797300769236 0.99834399084297
o 1950 0.19742354236907514 0.2406471410055122
o 1960 0 0.0018984213292246109
o 1970 0.9999239938640181 1
o 1980 0.9999239938640181 1
o 1990 0.29369901616518085 0.3032314694337148
o 2000 0.9946525894466246 0.9960718514107427
o 2010 0.716421992184128 0.7257645626400133
o 2020 0.9999239938640181 1
o 2030 0.8458490060881126 0.8532980928505187
o 2040 0.9993713852765496 0.999790780467655
o 2050 0.9997778469385978 0.9999823205027085
o 2060 0.07900454322345758 0.10954661840209856
o 2070 0.01472778940101976 0.030117304234747233
o 2080 0.5847803784327219 0.5950260235744825
o 2090 0.9999239938640181 1
o 2100 0.9715403037083947 0.9749079186352102
o 2110 0.9298108952585751 0.9350436126908834
o 2120 1.2503125260320302e-07 0.002496859604380064
o 2130 0.9989440095309458 0.9995188105517668
o 2140 0.9999239938640181 1
o 2150 0.9999239938640181 1
o 2160 0.9125084498099479 0.9183086522914542
o 2170 0.9999239938640181 1
o 2180 0.9998259044303537 0.9999936749830985
o 2190 0.9343725824604961 0.9394412412524913
o 2200 0.7611267223916257 0.7699531053349546
o 2210 0.8490007980904827 0.8563858278514682
o 2220 0.9999239938640181 1
o 2230 0.9812183168659335 0.9839484149070684
o 2240 0.9979851502583181 0.998818324470548
o 2250 0.7810109195965897 0.7895659182674841
o 2260 0.621592434916711 0.6316684115954492
o 2270 0.9847665622233809 0.9872196093757151
o 2280 0.091078758161359 0.12342187666145898
o 2290 0.999565558673665 0.9998960216619766
o 2300 0.5699557294613609 0.5802529109774855
o 2310 0.21091906883520092 0.2550981913432411
o 2320 8.882678547898962e-05 0.003921732017860169
o 2330 0.9884493300589238 0.9905762423990777
o 2340 0.9999239938640181 1
o 2350 1.2503125260320302e-07 0.002496859604380064
o 2360 0.941456651329652 0.9462561092752764
o 2370 0.9994094264948036 0.9998126484893034
o 2380 0.9973574798370872 0.9983262490058391
o 2390 0.766843895223224 0.7755950727002028
o 2400 0.9995258073724307 0.9998759227757309
o 2410 0.9998606673855076 0.9999985029476508
o 2420 0.025974928248011304 0.045311532919699915
o 2430 0.9969586585858599 0.9980052028082426
o 2440 0.999565558673665 0.9998960216619766
o 2450 0.9999239938640181 1
o 2460 0.8761193180177052 0.8829032397116688
o 2470 0.9999239938640181 1
o 2480 0.9999000177236425 0.9999999949987496
o 2490 0.9775699443596393 0.9805573538138669
o 2500 0.9016191461105094 0.9077395883436253
o 2510 0.998967851134707 0.9995349432565738
o 2520 0.9641559011221402 0.9679334421414998
o 2530 0.9993336475888702 0.9997686002519833
o 2540 3.7434621427565704e-05 0.0034787482068516784
o 2550 0.8638180603792831 0.8708863424060815
o 2560 0.9837139294488904 0.9862524096197356
o 2570 0.001802363746780083 0.009147509219049055
o 2580 0.8754716173789439 0.8822710374857122
o 2590 0.00015818935869794096 0.004345911904070632
o 2600 0.9999239938640181 1
o 2610 0.9999239938640181 1
o 2620 0.9938263598891883 0.995358251524648
o 2630 0.7965559029967785 0.8048785984840201
o 2640 0.9999239938640181 1
o 2650 0 0.0018984213292246109
o 2660 0.04363401647478295 0.06757012263740214
o 2670 0.69719042607935 0.7067190247758831
o 2680 0.9999239938640181 1
o 2690 0.00033728716014957494 0.005154702728076721
o 2700 0.9813636955853982 0.9840830134504033
o 2710 0.9999239938640181 1
o 2720 0.8926974330175962 0.8990626389252657
o 2730 0.9579721957633625 0.9620580812226144
o 2740 0.9868978797558524 0.9891679481557337
o 2750 0.9999239938640181 1
o 2760 0.9991363912921909 0.9996461937765692
o 2770 0.006738990384453779 0.018157667893533347
o 2780 0.9999239938640181 1
o 2790 0.9999239938640181 1
o 2800 0.9668577222342755 0.9704912118534025
o 2810 0 0.0018984213292246109
o 2820 0.9999239938640181 1
o 2830 0.9999239938640181 1
o 2840 0.9999239938640181 1
o 2850 0.9999239938640181 1
o 2860 0.3723205726137791 0.38241797584403714
o 2870 0.9965187124199525 0.9976452789682672
o 2880 0.9999239938640181 1
o 2890 0.892403546985229 0.8987765690178275
o 2900 1.2503125260320302e-07 0.002496859604380064
o 2910 0.9994349747337248 0.999827034081556
o 2920 0.005240619619556983 0.01566845076104484
o 2930 0.05696336886633621 0.08368194669582951
o 2940 0 0.0018984213292246109
o 2950 0.6271976006153902 0.6372424003575398
o 2960 0.9997625252542223 0.9999778024249072
o 2970 0.8764128175272453 0.8831896961866024
o 2980 0.9882078976438113 0.9903577149344511
o 2990 0.9922487863398568 0.9939761264722183
o 3000 0.9999239938640181 1
o 3010 0.9999239938640181 1
o 3020 0.9999239938640181 1
o 3030 0.9918879394716361 0.9936570391688684
o 3040 0.9999239938640181 1
o 3050 0.9906181267693849 0.9925270771296096
o 3060 0.9999239938640181 1
o 3070 0.9999000177236425 0.9999999949987496
o 3080 0.9963653980592071 0.997518635596431
o 3090 0.9995522439324256 0.9998893888980779
o 3100 0.9999239938640181 1
o 3110 3.7434621427565704e-05 0.0034787482068516784
o 3120 1.2503125260320302e-07 0.002496859604380064
o 3130 0.038054005654712286 0.0606754331432775
o 3140 0.9996610130687411 0.9999401001755236
o 3150 0.6814127407173772 0.6910790869665765
o 3160 0.0027692496387491357 0.011165993402577401
o 3170 0.9999239938640181 1
o 3180 0.9844120358671282 0.9868941922792883
o 3190 0.7275597884855353 0.7367850896944105
o 3200 0.34263152029556876 0.35255153276372264
o 3210 0.9999239938640181 1
o 3220 8.882678547898962e-05 0.003921732017860169
o 3230 0.09014715217564497 0.12235736084963633
o 3240 0.0764612628552251 0.10660062166668383
o 3250 0 0.0018984213292246109
o 3260 0.9991242454921062 0.9996383565757581
o 3270 0.9878092846002754 0.9899963939018634
o 3280 0.0005553247091641557 0.005926367721586501
o 3290 0.9999000177236425 0.9999999949987496
o 3300 0.9865735066053183 0.9888723740865567
o 3310 0.9594066490885672 0.9634234115759015
o 3320 0 0.0018984213292246109
o 3330 0.9946418298357893 0.9960626133202795
o 3340 0.9945665357534298 0.9959979234245467
o 3350 0.9999239938640181 1
o 3360 0.84311184227079 0.8506156674713933
o 3370 0.9999239938640181 1
o 3380 0.9998429101352648 0.9999964480564058
o 3390 0 0.0018984213292246109
o 3400 0 0.0018984213292246109
o 3410 0.9999239938640181 1
o 3420 0.03318573799439579 0.05456623603366195
o 3430 0.9997326272886489 0.9999679765707885
o 3440 0.00015818935869794096 0.004345911904070632
o 3450 8.882678547898962e-05 0.003921732017860169
o 3460 0.9996610130687411 0.9999401001755236
o 3470 0.9969255552289567 0.9979783164661415
o 3480 0.9999239938640181 1
o 3490 0 0.0018984213292246109
o 3500 0.9451096318974892 0.9497625801440156
o 3510 0.9339345897534127 0.9390192996663419
o 3520 0.9999239938640181 1
o 3530 0.9999239938640181 1
o 3540 0.9998606673855076 0.9999985029476508
o 3550 0 0.0018984213292246109
o 3560 0.2500011118824705 0.2590760211748766
o 3570 0.7146631909065816 0.7240236287195636
o 3580 0.8306531979080715 0.8383961820401303
o 3590 0.9999239938640181 1
o 3600 0 0.0018984213292246109
o 3610 0.9878092846002754 0.9899963939018634
o 3620 0.7677498884647131 0.7764889432176456
o 3630 0.9999239938640181 1
o 3640 0 0.0018984213292246109
o 3650 0.9999239938640181 1
o 3660 0.9561698419370558 0.9603407066604699
o 3670 0.9691512780266626 0.9726573079220645
o 3680 0.0006752903406776944 0.006301857709340886
o 3690 0.9999239938640181 1
o 3700 0.9991729421784531 0.9996695895522608
o 3710 0.9177193931112367 0.9233569278232443
o 3720 0.9999000177236425 0.9999999949987496
o 3730 0.9993840302011118 0.9997981063300013
o 3740 0.9999000177236425 0.9999999949987496
o 3750 0.30531647752851254 0.3149522424562474
o 3760 0.9999239938640181 1
o 3770 0.9901116468344168 0.992073644670187
o 3780 0.35275815043819597 0.36274336575066246
o 3790 0.9851630177537458 0.9875830904222006
o 3800 0.9976588190754329 0.9985647965108426
o 3810 0.8436269227575198 0.8511205096772657
o 3820 0.9001181449885117 0.9062808144776751
o 3830 0.9188880028347369 0.9244881429069405
o 3840 0.0006752903406776944 0.006301857709340886
o 3850 0.9987081371720828 0.9993549003642447
o 3860 0.9999239938640181 1
o 3870 0.7695216911970109 0.7782368740546088
o 3880 0.7057700165161146 0.7152181422092221
o 3890 0.9990276955776715 0.9995750304676024
o 3900 0.0009324348934342627 0.007036589240053792
o 3910 0.17676951616446998 0.21838329501351916
o 3920 0.9717360988950141 0.9750920935973205
o 3930 0.9999239938640181 1
o 3940 0.34651841965446617 0.3564640434587455
o 3950 0.998178034038101 0.9989653451204188
o 3960 0.9995789431075351 0.9999025818545951
o 3970 0.11661929404295492 0.15227606620913425
o 3980 0.9906392467555006 0.9925459534658704
o 3990 0.973303294040261 0.9765646591904106
o 4000 0 0.0018984213292246109
o 4010 0.9927059227739693 0.9943789052038517
o 4020 0.9985452679415159 0.9992378909752331
o 4030 0.990554775001534 0.9924704399166084
o 4040 0.9999000177236425 0.9999999949987496
o 4050 0 0.0018984213292246109
o 4060 0.998406824694827 0.999136424498611
o 4070 0.9999239938640181 1
o 4080 0.9999239938640181 1
o 4090 0.44420293261520605 0.45456472303686624
o 4100 0.9999239938640181 1
o 4110 0.9997778469385978 0.9999823205027085
o 4120 0.998967851134707 0.9995349432565738
o 4130 0.9995126784110874 0.999869096973979
o 4140 0.8504455586623082 0.8578008504738123
o 4150 0.9999239938640181 1
o 4160 0.7524423468813907 0.7613787871089442
o 4170 0.1942957248114048 0.23728736617433055
o 4180 0.6037388759658444 0.6139046643999576
o 4190 0 0.0018984213292246109
o 4200 0.5979262319073257 0.608118185716376
o 4210 0.019968892167743387 0.037347833363866934
o 4220 0 0.0018984213292246109
o 4230 0.9915593666958371 0.9933656711178006
o 4240 0.0012082691108402533 0.007753650918513988
o 4250 0.18756564283205246 0.23004418038755903
o 4260 0.9999239938640181 1
o 4270 0.9995258073724307 0.9998759227757309
o 4280 0.0009324348934342627 0.007036589240053792
o 4290 0.9962451532088131 0.9974189126833434
o 4300 0.9999000177236425 0.9999999949987496
o 4310 0.12109839050956106 0.15727868348524598
o 4320 0.0012082691108402533 0.007753650918513988
o 4330 0.9999239938640181 1
o 4340 0.9998259044303537 0.9999936749830985
o 4350 0.9998606673855076 0.9999985029476508
o 4360 0.9990276955776715 0.9995750304676024
o 4370 0.9999239938640181 1
o 4380 0.9993211301255228 0.999761143401458
o 4390 0.9999239938640181 1
o 4400 0.00260308669127485 0.010834387960955594
o 4410 0.9456915215269035 0.9503206031037381
o 4420 0.9338734771358136 0.9389604214516631
o 4430 0.9996332781059027 0.9999279902963232
o 4440 0.996672356333951 0.9977715912406057
o 4450 0.8922312725258486 0.8986088693051163
o 4460 0.9998606673855076 0.9999985029476508
o 4470 0.9988019775638949 0.9994209804708137
o 4480 0.9999239938640181 1
o 4490 0.9833182805789868 0.9858881211229573
o 4500 0.11661929404295492 0.15227606620913425
o 4510 0.999717988398479 0.9999627351752136
o 4520 0 0.0018984213292246109
o 4530 0.9996610130687411 0.9999401001755236
o 4540 0.9999239938640181 1
o 4550 0 0.0018984213292246109
o 4560 0.9999239938640181 1
o 4570 0.9666418675061127 0.9702870993058621
o 4580 0.31724626715559345 0.3269806404117189
o 4590 0 0.0018984213292246109
o 4600 0.0006752903406776944 0.006301857709340886
o 4610 0.9860716194690083 0.9884143425243506
o 4620 0.0013519994656032701 0.008106672415363447
o 4630 0.39122331513790587 0.4014123670636892
o 4640 0.9699644327759107 0.9734240295353372
o 4650 0.9522613070846674 0.9566098299128187
o 4660 0.49273257455615194 0.5031477369913044
o 4670 0.9999239938640181 1
o 4680 0.9994478100027654 0.9998341637972972
o 4690 0.21912940601251404 0.26385543660778366
o 4700 0.1288946030219445 0.16595074570923152
o 4710 0.2805131590006006 0.2899193313880113
o 4720 0.999565558673665 0.9998960216619766
o 4730 0.41778039432461456 0.42807126318722966
o 4740 0.004511585210395064 0.014404234093439272
o 4750 0.08085671020351097 0.11168666122938409
o 4760 0.7064532556403265 0.7158948001962442
o 4770 0.9645358137618413 0.9682934720190559
o 4780 0.9947064001009194 0.9961180292250148
o 4790 0.754223296136559 0.7631375699497313
o 4800 0.9999239938640181 1
o 4810 0.9986731000629289 0.9993299652120586
o 4820 0.8855246895633485 0.8920764577946435
o 4830 7.991222603902014e-06 0.003009067182210501
o 4840 0.9999239938640181 1
o 4850 0.09480955186853098 0.12767558249277333
o 4860 0.9998606673855076 0.9999985029476508
o 4870 0.9969586585858599 0.9980052028082426
o 4880 0.14003244362093248 0.17826778755861206
o 4890 0.9999239938640181 1
o 4900 0.4504362645455666 0.46081044737222565
o 4910 0.9881029667244211 0.9902626632448129
o 4920 0.9999000177236425 0.9999999949987496
o 4930 0.38956713283577377 0.3997488004424684
o 4940 0.9624418935100503 0.9663077089022727
o 4950 0.9999239938640181 1
o 4960 0.8746822736872482 0.881500499556714
o 4970 0.0024387518563765537 0.010501026607640851
o 4980 0.00015818935869794096 0.004345911904070632
o 4990 0.7812022795583449 0.7897545295391954
o 5000 0.9999239938640181 1
o 5010 0.9999000177236425 0.9999999949987496
o 5020 0.9993967101316772 0.9998053961676073
o 5030 0.9998259044303537 0.9999936749830985
o 5040 0.9975916667458962 0.9985119752773413
o 5050 0.10697966016013985 0.14145521775550918
o 5060 0.9860507169028087 0.9883952484675643
o 5070 0.11003216643194841 0.14489017229305134
o 5080 0.9999239938640181 1
o 5090 0.9620623004310886 0.9659473593345744
o 5100 0.9999239938640181 1
o 5110 0.9998429101352648 0.9999964480564058
o 5120 0.9936765866204058 0.9952280545914401
o 5130 0.00015818935869794096 0.004345911904070632
o 5140 0.9994736123112946 0.9998482871313812
o 5150 0.9231269990415182 0.9285885111711081
o 5160 0.996507750747265 0.9976362437091827
o 5170 0.9999239938640181 1
o 5180 0.00015818935869794096 0.004345911904070632
o 5190 0.9499815947708667 0.9544298851043174
o 5200 0.9999239938640181 1
o 5210 0.9999000177236425 0.9999999949987496
o 5220 0.9994736123112946 0.9998482871313812
o 5230 0.5039525550710506 0.514366059601161
o 5240 0.254544295471902 0.26367214596355915
o 5250 0.9989917465252612 0.9995510212653725
o 5260 0.9999239938640181 1
o 5270 0.9999239938640181 1
o 5280 0 0.0018984213292246109
o 5290 0.02060635146140078 0.03820707016614944
o 5300 0.9999000177236425 0.9999999949987496
o 5310 0.9868874131011409 0.9891584165165689
o 5320 0.9994221808168059 0.9998198616983294
o 5330 0.010253261634256623 0.023618727152898256
o 5340 0 0.0018984213292246109
o 5350 0.9995924018266042 0.9999090646014682
o 5360 0.9999239938640181 1
o 5370 0.0073124777534387805 0.019079809559212957
o 5380 0.00044226519601315694 0.005544357862371729
o 5390 0.9995924018266042 0.9999090646014682
o 5400 0.9999239938640181 1
o 5410 0.0012082691108402533 0.007753650918513988
o 5420 0.9918137103979051 0.9935912816716022
o 5430 0.9999000177236425 0.9999999949987496
o 5440 0.9999239938640181 1
o 5450 0.07161756194887456 0.1009648335589236
o 5460 0.9977036519182175 0.9985999455855752
o 5470 0.9999239938640181 1
o 5480 0.9956898663636761 0.996954339744824
o 5490 0.9950621005105278 0.9964222510073004
o 5500 0.9425787725826238 0.9473338195461475
o 5510 0.8476369729767431 0.8550498576329401
o 5520 0.9572040199753667 0.9613263727978494
o 5530 0.44243497372286855 0.45279294962389205
o 5540 0.40763877396049875 0.417894420203465
o 5550 0.7575641149209216 0.7664362486440512
o 5560 0.05174350022834285 0.07742462772879588
o 5570 0.9925250868663325 0.9942197748773083
o 5580 0.07253895018298095 0.10203953415996225
o 5590 0.1383711987063187 0.17643574760289504
o 5600 0.42572755166608767 0.4360429019479263
o 5610 0.9324069658470041 0.9375471527268603
o 5620 0 0.0018984213292246109
o 5630 0 0.0018984213292246109
o 5640 0.48500411228036727 0.4954173683266412
o 5650 0.0013519994656032701 0.008106672415363447
o 5660 0.9962342309085002 0.9974098378746368
o 5670 0.10956230452329611 0.14436196272518576
o 5680 3.7434621427565704e-05 0.0034787482068516784
o 5690 0.2975412350243122 0.30710866656421154
o 5700 0.061980786368645804 0.08964281907368887
o 5710 0.013697532120813774 0.028653469456324965
o 5720 0.9999239938640181 1
o 5730 0 0.0018984213292246109
o 5740 0.35373506137197386 0.36372630657785765
o 5750 0.968256174151988 0.9718125477624843
o 5760 0.9893006623842371 0.9913447673092532
o 5770 0.9999239938640181 1
o 5780 0.9999239938640181 1
o 5790 0.9999239938640181 1
o 5800 0.9664157570559635 0.970073244028295
o 5810 0.9999239938640181 1
o 5820 0.737554764603846 0.7466686093288136
o 5830 0 0.0018984213292246109
o 5840 0.9795376717795411 0.9823893218306294
o 5850 0 0.0018984213292246109
o 5860 0.997135537593538 0.9981482670612255
o 5870 0.7514362065603116 0.7603850787864362
o 5880 0.9963325856459402 0.9974914568825959
o 5890 0.2700476105999843 0.2793464716258284
o 5900 0.9565486600924348 0.9607018314342779
o 5910 7.991222603902014e-06 0.003009067182210501
o 5920 0.9999239938640181 1
o 5930 0 0.0018984213292246109
o 5940 0.5881065627087686 0.5983393371568024
o 5950 0.9870549040738837 0.9893108982168842
o 5960 0 0.0018984213292246109
o 5970 0.9999239938640181 1
o 5980 0.9999239938640181 1
o 5990 0.8823145471079638 0.8889470815933918
o 6000 0.9635399537061741 0.9673494827200575
o 6010 0.0021160690975945565 0.00982856282591027
o 6020 0.9998094654176469 0.9999903279212801
o 6030 0.8590661715039358 0.8662389441574504
o 6040 0 0.0018984213292246109
o 6050 0 0.0018984213292246109
o 6060 0.014314859436919573 0.029532585666127265
o 6070 0.7059307775020317 0.7153773570142881
o 6080 0.9985800372278933 0.9992630973009762
o 6090 0.9990517359552183 0.9995909609264688
o 6100 0.9997934737315558 0.9999865160465087
o 6110 0.9999239938640181 1
o 6120 0.9996332781059027 0.9999279902963232
o 6130 0.9721483734030847 0.9754797562049012
o 6140 0.9999239938640181 1
o 6150 0.9939976890868939 0.9955068878591873
o 6160 0.48995298436835266 0.5003677476169364
o 6170 0.9957332976815773 0.996990897906064
o 6180 0.997692438742789 0.9985911633173263
o 6190 0.9747894577284287 0.9779582680124838
o 6200 0.9979964608247334 0.9988270085895469
o 6210 0 0.0018984213292246109
o 6220 0.0713873072939925 0.10069606633836403
o 6230 0.732858560311174 0.7420255203589385
o 6240 0.9926527207212648 0.9943321172199285
o 6250 0.08016190474698416 0.11088438721919303
o 6260 0.0036239843026437506 0.012800989324400214
o 6270 0.001068276358234717 0.007397085257802805
o 6280 0.03384700379180946 0.05540187931863272
o 6290 0.009063820827199639 0.021816026451220605
o 6300 0.9984528651741528 0.9991703551211992
o 6310 0.9999239938640181 1
o 6320 0.9996610130687411 0.9999401001755236
o 6330 0.9985800372278933 0.9992630973009762
o 6340 0.9827251833262888 0.9853413119804914
o 6350 0.9999239938640181 1
o 6360 0.9852987022719615 0.9877073841497551
o 6370 0.00033728716014957494 0.005154702728076721
o 6380 0.5918337794728147 0.6020515577488731
o 6390 0.9999239938640181 1
o 6400 0.8003151265449184 0.8085788100680774
o 6410 0.9999239938640181 1
o 6420 0.9999239938640181 1
o 6430 0.9977597686841915 0.998643805666305
o 6440 0.017016942588284577 0.03331546004620689
o 6450 0.9999239938640181 1
o 6460 0.9361758387993938 0.9411777143684553
o 6470 0.28737914984844576 0.2968522965184024
o 6480 0.9982921512935677 0.9990511656445621
o 6490 0.0013519994656032701 0.008106672415363447
o 6500 0.0013519994656032701 0.008106672415363447
o 6510 0 0.0018984213292246109
o 6520 0.14549651152587512 0.18428166578347294
o 6530 0.6766736727610052 0.6863788689971548
o 6540 0.9999000177236425 0.9999999949987496
o 6550 0.9999239938640181 1
o 6560 0.9996059399519922 0.9999154644598418
o 6570 0.05514464170676716 0.08150859402458566
o 6580 0.6106148032362892 0.62074769953201
o 6590 0.06403968971586083 0.09207506099270724
o 6600 0.9999239938640181 1
o 6610 0.9999239938640181 1
o 6620 0.9999000177236425 0.9999999949987496
o 6630 0.9996059399519922 0.9999154644598418
o 6640 0 0.0018984213292246109
o 6650 0.9990276955776715 0.9995750304676024
o 6660 0.9999239938640181 1
o 6670 0.32198733905843874 0.3317588484082111
o 6680 0.8800972901754814 0.8867846710090254
o 6690 0.9992342708494422 0.9997081631039612
o 6700 0.9998094654176469 0.9999903279212801
o 6710 0.9998794920615223 0.9999996803882305
o 6720 0.999565558673665 0.9998960216619766
o 6730 0.9997474636700737 0.9999730088185749
o 6740 0.9699644327759107 0.9734240295353372
o 6750 0.049934613103144836 0.07524148195279878
o 6760 0.970551359881058 0.9739770131135393
o 6770 0.9999000177236425 0.9999999949987496
o 6780 0.9999239938640181 1
o 6790 0 0.0018984213292246109
o 6800 0.8447480306598495 0.8522192335137058
o 6810 0.9995389947463791 0.9998826879485003
o 6820 0.9999239938640181 1
o 6830 0.9777251687943284 0.9807021054205661
o 6840 0.999647091932423 0.9999341015602782
o 6850 0.9995389947463791 0.9998826879485003
o 6860 0.9992219613154416 0.9997004931760775
o 6870 0.9980871009964017 0.99889632457896
o 6880 0.99247192702072 0.994172944596164
o 6890 0.90980774792222 0.9156897590256713
o 6900 0.9999239938640181 1
o 6910 0.9902909390297431 0.9922343215876228
o 6920 0 0.0018984213292246109
o 6930 7.991222603902014e-06 0.003009067182210501
o 6940 0.9999239938640181 1
o 6950 0.0008012396235490344 0.006671700522780322
o 6960 0.7250162723843179 0.7342689886503649
o 6970 0 0.0018984213292246109
o 6980 0.5953308273257446 0.6055339820358226
o 6990 0.9999239938640181 1
o 7000 0.0029371308414261844 0.011495946574351712
o 7010 0.9509934943481227 0.9553978333585846
o 7020 0.9999239938640181 1
o 7030 0.9953971861501792 0.9967070892036329
o 7040 0 0.0018984213292246109
o 7050 0.9873062401375214 0.9895395210432033
o 7060 0.9998094654176469 0.9999903279212801
o 7070 0.8949575740271605 0.9012621590756896
o 7080 0 0.0018984213292246109
o 7090 0.1500166922140638 0.18924327769211913
o 7100 0.010053943484575811 0.02331933510981521
o 7110 0.9509219370929067 0.9553294013757752
o 7120 0.9923125195972131 0.9940323814886113
o 7130 0.9999239938640181 1
o 7140 0.9928762556289626 0.9945285402776798
o 7150 0.020819192167419606 0.03849313196488546
o 7160 0.9992466035921717 0.9997158092851735
o 7170 0.9999000177236425 0.9999999949987496
o 7180 0.9999239938640181 1
o 7190 0.97591541986864 0.9790121330665464
o 7200 0.050838601769175006 0.07633350747062362
o 7210 0.18204445865569335 0.22408733206178455
o 7220 0.9989917465252612 0.9995510212653725
o 7230 0.9998606673855076 0.9999985029476508
o 7240 0.10533759002098445 0.13960404358575962
o 7250 0.9999239938640181 1
o 7260 0.9993840302011118 0.9997981063300013
o 7270 0.9992837483903975 0.9997385977610909
o 7280 0.7900365522623708 0.7984589289547888
o 7290 0 0.0018984213292246109
o 7300 0.0016493249080622365 0.008803341649747276
o 7310 0 0.0018984213292246109
o 7320 0.6812822078048258 0.6909496395466291
o 7330 0.037165721194493045 0.05956779370924148
o 7340 0.024678043195531876 0.04361480773292903
o 7350 0.9984413453868268 0.9991618822380575
o 7360 0.0005553247091641557 0.005926367721586501
o 7370 0 0.0018984213292246109
o 7380 0.9999239938640181 1
o 7390 0.008475317778145777 0.02090857829713111
o 7400 0.9990276955776715 0.9995750304676024
o 7410 0.001068276358234717 0.007397085257802805
o 7420 0 0.0018984213292246109
o 7430 0.8563976475203731 0.8636278685081972
o 7440 0.9998606673855076 0.9999985029476508
o 7450 0.9999239938640181 1
o 7460 0.9999239938640181 1
o 7470 0.15287442426555475 0.19237405102836047
o 7480 0.05855734923744994 0.08558104784231013
o 7490 0.9999000177236425 0.9999999949987496
o 7500 0.9999239938640181 1
o 7510 0.9999239938640181 1
o 7520 0.9970691415350228 0.9980946847680788
o 7530 0.49671226779751887 0.5071274418281746
o 7540 0.9999239938640181 1
o 7550 0.9999239938640181 1
o 7560 0.9976252286403242 0.9985384002643557
o 7570 0.9999239938640181 1
o 7580 0.9996750511339219 0.9999459758541345
o 7590 0 0.0018984213292246109
o 7600 1.2503125260320302e-07 0.002496859604380064
o 7610 0.9998094654176469 0.9999903279212801
o 7620 0 0.0018984213292246109
o 7630 0.9999239938640181 1
o 7640 0.9070571234226841 0.9130207958525965
o 7650 0.78232025177596 0.790856389263085
o 7660 0.9009700371970509 0.9071087945634015
o 7670 0.991803107947941 0.9935818860367185
o 7680 0.0347300138178389 0.05651475746742951
o 7690 0.9999239938640181 1
o 7700 0.9999239938640181 1
o 7710 0.9994221808168059 0.9998198616983294
o 7720 0.758399377420064 0.7672608605122003
o 7730 0.07993036737870883 0.11061689830715171
o 7740 0.9382141284697181 0.9431391188376687
o 7750 0 0.0018984213292246109
o 7760 0.06908683476368792 0.09800632771454276
o 7770 0.9999239938640181 1
o 7780 0 0.0018984213292246109
o 7790 0.9846309864504654 0.987095206791272
o 7800 0.999565558673665 0.9998960216619766
o 7810 0.9999239938640181 1
o 7820 0.9818830958037023 0.9845635318703555
o 7830 0 0.0018984213292246109
o 7840 0.9999239938640181 1
o 7850 0.7777277957232481 0.7863295357038401
o 7860 0.9967383107939043 0.997825617481739
o 7870 0.9999000177236425 0.9999999949987496
o 7880 0.9908927951152977 0.9927723607912782
o 7890 0.9998794920615223 0.9999996803882305
o 7900 0.006549125926640963 0.017849019642076414
o 7910 0.09154472737205158 0.12395396882482612
o 7920 0.9933774114465764 0.9949672884334565
o 7930 0.6955330069502483 0.7050766935485716
o 7940 0.06724924298537434 0.09585176098716441
o 7950 0.9999239938640181 1
o 7960 0.9142247509353669 0.9199720938819919
o 7970 0.0013519994656032701 0.008106672415363447
o 7980 0.9974242629841317 0.9983794418843119
o 7990 0.12842152287259287 0.16542574742319782
o 8000 0.9999000177236425 0.9999999949987496
o 8010 0.013082806626720506 0.027771789344781972
o 8020 0.06312418693732058 0.0909944974328617
o 8030 0.9999239938640181 1
o 8040 0.9998606673855076 0.9999985029476508
o 8050 0.9899640629040409 0.9919412539285691
o 8060 0.9991851653448052 0.9996773477700754
o 8070 0.9998606673855076 0.9999985029476508
o 8080 0.8285943471715643 0.8363753418953817
o 8090 0.4762573543345456 0.4866654495951961
o 8100 0 0.0018984213292246109
o 8110 0 0.0018984213292246109
o 8120 0.4643043692220272 0.47470024350676776
o 8130 0.9986265038159704 0.9992965968956327
o 8140 0.012064453855217315 0.02629622681015087
o 8150 0.9999239938640181 1
o 8160 0.9999239938640181 1
o 8170 0.9990637794704803 0.9995989024000052
o 8180 0.9850795336746271 0.9875065878738721
o 8190 0.0012082691108402533 0.007753650918513988
o 8200 0 0.0018984213292246109
o 8210 0.9999239938640181 1
o 8220 0.7638945802286078 0.7726848312262519
o 8230 0.9999239938640181 1
o 8240 0.9999239938640181 1
o 8250 0.9998429101352648 0.9999964480564058
o 8260 0.9999239938640181 1
o 8270 0.9999239938640181 1
o 8280 3.7434621427565704e-05 0.0034787482068516784
o 8290 0.09201080648332281 0.12448595139972418
o 8300 8.882678547898962e-05 0.003921732017860169
o 8310 0.9549927160542258 0.9592180098318371
o 8320 0.010053943484575811 0.02331933510981521
o 8330 0.9999239938640181 1
o 8340 0.9613545573266782 0.9652752093380274
o 8350 0.9952133100199361 0.9965510075042034
o 8360 0.9999239938640181 1
o 8370 0.8214000758456156 0.8293106935089816
o 8380 0.9999239938640181 1
o 8390 0.9999239938640181 1
o 8400 0.9730660548293018 0.9763419346594364
o 8410 0.4948423708728232 0.5052576215653963
o 8420 0 0.0018984213292246109
o 8430 0.9999239938640181 1
o 8440 0.9798590584056104 0.9826878852684575
o 8450 0.0071206863685036636 0.018773043506264964
o 8460 0.9999239938640181 1
o 8470 0.9989559237480858 0.9995268835988521
o 8480 0.9884493300589238 0.9905762423990777
o 8490 0.6530369711103349 0.6629191332537181
o 8500 0.9999239938640181 1
o 8510 0.9999239938640181 1
o 8520 0.2754690043048887 0.28482425323952354
o 8530 0.37371680354036246 0.3838215331583862
o 8540 0.7982086812947398 0.80650557182995
o 8550 0.9999239938640181 1
o 8560 0.9999239938640181 1
o 8570 0.9681327431492096 0.9716959975041015
o 8580 0.9391723952029585 0.9440607082875616
o 8590 0.9892270214548147 0.9912784206742029
o 8600 0.9669502380421688 0.9705786820178217
o 8610 0.9997326272886489 0.9999679765707885
o 8620 0.19213146842368004 0.2349602138255673
o 8630 0.9999239938640181 1
o 8640 0.9999000177236425 0.9999999949987496
o 8650 0.752774380413692 0.7617067036288333
o 8660 0.9966613703158965 0.9977625804435469
o 8670 0.00033728716014957494 0.005154702728076721
o 8680 0.0031066310291481196 0.011824341251265746
o 8690 0.9986265038159704 0.9992965968956327
o 8700 0.9984643915450886 0.999178821348288
o 8710 0.8972587359030632 0.903500652220227
o 8720 0 0.0018984213292246109
o 8730 8.882678547898962e-05 0.003921732017860169
o 8740 0.4465503249684024 0.45691697527037767
o 8750 0.9999239938640181 1
o 8760 0.9999239938640181 1
o 8770 0.0021160690975945565 0.00982856282591027
o 8780 0.9966613703158965 0.9977625804435469
o 8790 0.2643784589945387 0.2736164857733332
o 8800 0.9999000177236425 0.9999999949987496
o 8810 0 0.0018984213292246109
o 8820 0.9999239938640181 1
o 8830 0.9999239938640181 1
o 8840 0.20898901697676203 0.25303587274562844
o 8850 0.9999239938640181 1
o 8860 0.9998429101352648 0.9999964480564058
o 8870 0.9891323600672867 0.9911930980215942
o 8880 0.9999239938640181 1
o 8890 0.9999239938640181 1
o 8900 0.016181160481881257 0.03215581329857775
o 8910 0.9114016699260904 0.9172355980868029
o 8920 0.9999239938640181 1
o 8930 0.9491027844789472 0.9535888275207227
o 8940 0 0.0018984213292246109
o 8950 0.9999239938640181 1
o 8960 0.999308641751924 0.9997536566961236
o 8970 0.9999000177236425 0.9999999949987496
o 8980 0.9999239938640181 1
o 8990 0.9999239938640181 1
o 9000 0.9999239938640181 1
o 9010 0.5491490702585263 0.5595027129886685
o 9020 0.9999239938640181 1
o 9030 0.5586300766767036 0.5689602743178265
o 9040 0 0.0018984213292246109
o 9050 0 0.0018984213292246109
o 9060 0.994824858849113 0.9962195448786645
o 9070 0.9884598300535523 0.9905857406561598
o 9080 0.9983608843737154 0.9991023926489613
o 9090 0.4509857161778082 0.46136091255853107
o 9100 0.0822471810871876 0.11329035203646787
o 9110 0.9999239938640181 1
o 9120 0.8527089238344323 0.8600171456691992
o 9130 0.9925569886424028 0.9942478671648972
o 9140 0.9905442175617036 0.9924609991909813
o 9150 0.9996059399519922 0.9999154644598418
o 9160 0.9143872592010005 0.9201295612551597
o 9170 0.0016493249080622365 0.008803341649747276
o 9180 0.9999239938640181 1
o 9190 0.9933240372930198 0.9949206729419205
o 9200 0.9999239938640181 1
o 9210 0.9998429101352648 0.9999964480564058
o 9220 0.9999239938640181 1
o 9230 0.0054251615024280015 0.01598228581462402
o 9240 0.9994865835970232 0.9998552762881997
o 9250 0.022099803812841226 0.040205972668573065
o 9260 0.9979286594250477 0.9987748413646883
o 9270 0.9999239938640181 1
o 9280 0.10369665731474477 0.13775173477782598
o 9290 0.014521189756054445 0.029825077734057515
o 9300 0.06541421893587776 0.09369463640196585
o 9310 0.3619001270871273 0.37194000202402344
o 9320 0.9999239938640181 1
o 9330 0.9974911457860921 0.9984325344670717
o 9340 0.9999239938640181 1
o 9350 0.9569070431086326 0.9610433944180322
o 9360 0.17341597403908937 0.21475021816516693
o 9370 0.10322803130363783 0.13722229231208583
o 9380 8.882678547898962e-05 0.003921732017860169
o 9390 0.9999239938640181 1
o 9400 0.9974019910744819 0.9983617218544342
o 9410 0.9999239938640181 1
o 9420 0.9999239938640181 1
o 9430 0.9994478100027654 0.9998341637972972
o 9440 0.9999239938640181 1
o 9450 0.8929811923366863 0.8993388370643927
o 9460 0.0347300138178389 0.05651475746742951
o 9470 0.9999239938640181 1
o 9480 0.3895471792061266 0.399728757097083
o 9490 0.994964993429255 0.9963393796179671
o 9500 0.9895637780901685 0.9915816070256267
o 9510 0.9997035245559214 0.9999573086101283
o 9520 0.9963107184293682 0.9974733299800852
o 9530 0.9999239938640181 1
o 9540 0.9998429101352648 0.9999964480564058
o 9550 0.9999000177236425 0.9999999949987496
o 9560 0 0.0018984213292246109
o 9570 0.9999239938640181 1
o 9580 0.9998606673855076 0.9999985029476508
o 9590 0.9999239938640181 1
o 9600 0.9887959624149948 0.9908895521689378
o 9610 0.9978948131536477 0.9987487028811188
o 9620 0.9823716123366875 0.9850149386203437
o 9630 0.9985568502389814 0.9992463006371575
o 9640 0.9942228299941751 0.9957017009893144
o 9650 0.9999239938640181 1
o 9660 0.9999239938640181 1
o 9670 0.9999239938640181 1
o 9680 0.9999000177236425 0.9999999949987496
o 9690 0.969789420505231 0.9732590684262052
o 9700 0.9998606673855076 0.9999985029476508
o 9710 0.9981438982898482 0.9989394985991623
o 9720 0.7138692465596911 0.7232376926047365
o 9730 0.9999239938640181 1
o 9740 0 0.0018984213292246109
o 9750 0.9963216512701101 0.9974823942022671
o 9760 0.9850169275897517 0.9874492039809677
o 9770 0 0.0018984213292246109
o 9780 0.00260308669127485 0.010834387960955594
o 9790 0.6724672263336643 0.6822059493045634
o 9800 0.9999239938640181 1
o 9810 0.9939334202209915 0.9954511697040436
o 9820 0.014314859436919573 0.029532585666127265
o 9830 0.8588639951646321 0.8660411508289779
o 9840 0 0.0018984213292246109
o 9850 0 0.0018984213292246109
o 9860 0.1483507045720635 0.18741597221556106
o 9870 0.9999239938640181 1
o 9880 0.5153252095216214 0.5257316855868017
o 9890 0.9999239938640181 1
o 9900 0.9996610130687411 0.9999401001755236
o 9910 0.0056105476602690794 0.016295299336843594
o 9920 0.9999239938640181 1
o 9930 0.0008012396235490344 0.006671700522780322
o 9940 0.15239798332092136 0.19185240749260413
o 9950 0.15144528351747075 0.19080893863204818
o 9960 0 0.0018984213292246109
o 9970 0 0.0018984213292246109
o 9980 0.9999239938640181 1
o 9990 0.9999239938640181 1
