
x disttype general-gaussian
x k 75260
x std 1.0
x N 100000
x alpha 0.001

o 0 3.743462142768721e-05 0.003478748206849307
o 50 1.2503125260416678e-07 0.002496859604378729
o 100 0.47163971001508853 0.4820437926303592
o 150 0.8093073892174072 0.8174251964207381
o 200 0 0.001898421329222681
o 250 0.026625169455816736 0.04615811291180658
o 300 0.06977657629276389 0.09881364805281315
o 350 0.6022856445962067 0.6124581150850468
o 400 0.4259272465052367 0.43624317686031083
o 450 0.865688885064908 0.8727152370828197
o 500 0.6706502603084461 0.6804031891506259
o 550 0.8462732531764088 0.8537137820922635
o 600 0 0.001898421329222681
o 650 0.9938691759467457 0.9953954268925891
o 700 0.6880705060555445 0.6976803185708406
o 750 0.04497990623406034 0.0692182003786079
o 800 0.2546337738813643 0.26376265393378157
o 850 0.9014365799910534 0.907562181831077
o 900 0.18132478763483315 0.22330986903183353
o 950 0.9946525894466195 0.9960718514107407
o 1000 0.2116430163232799 0.25587138296644724
o 1050 0.9883653389631408 0.9905002474692264
o 1100 0 0.001898421329222681
o 1150 0 0.001898421329222681
o 1200 0.9694188601092286 0.9729096851675979
o 1250 0.9948033130735418 0.9962010953324776
o 1300 0.34438556301855716 0.35431722380774405
o 1350 0.9976476190504199 0.9985560009980068
o 1400 1.2503125260416678e-07 0.002496859604378729
o 1450 0.9996750511339201 0.9999459758541347
o 1500 0.01597279639653893 0.031865327584043084
o 1550 0.3029468980200662 0.3125621820390691
o 1600 0 0.001898421329222681
o 1650 0 0.001898421329222681
o 1700 8.882678547916669e-05 0.0039217320178581766
o 1750 0.4555713879641242 0.46595454658623
o 1800 0 0.001898421329222681
o 1850 0.37498342309449056 0.3850947215090588
o 1900 0 0.001898421329222681
o 1950 0.9952457372237181 0.9965785729321439
o 2000 0 0.001898421329222681
o 2050 0.9370929737590967 0.9420604417932874
o 2100 0 0.001898421329222681
o 2150 0 0.001898421329222681
o 2200 0.9358090277331328 0.9408245804712783
o 2250 0.7872157094366137 0.7956801957500423
o 2300 0.9878722012678252 0.9900534668540022
o 2350 0 0.001898421329222681
o 2400 0 0.001898421329222681
o 2450 0.2932212554809957 0.30274930274182366
o 2500 0.004331804055572886 0.014085775144776002
o 2550 0.00293713084142772 0.011495946574351507
o 2600 0.000555324709164682 0.005926367721583822
o 2650 0.444143000720696 0.454504664005787
o 2700 0 0.001898421329222681
o 2750 0.6703591519330488 0.680114341397676
o 2800 0.9996059399519907 0.9999154644598416
o 2850 0 0.001898421329222681
o 2900 0.006929517397646259 0.018465669232222547
o 2950 0 0.001898421329222681
o 3000 0.45193478399560955 0.46231170106373976
o 3050 0.7725219268411341 0.7811961872829818
o 3100 0.00015818935869815347 0.00434591190406797
o 3150 0.02018119917578663 0.03763442311110862
o 3200 0.9951484825149923 0.9964958496554511
o 3250 0.15192160300126267 0.19133070343056674
o 3300 0 0.001898421329222681
o 3350 0.6732201372287072 0.682952924947362
o 3400 0 0.001898421329222681
o 3450 3.743462142768721e-05 0.003478748206849307
o 3500 0.99952580737243 0.9998759227757319
o 3550 0.9992096743120701 0.9996928002040409
o 3600 0.8429502513812247 0.8504572826139886
o 3650 0 0.001898421329222681
o 3700 0.36591843136815616 0.3759810881655958
o 3750 0.013492327518895342 0.028359867811596367
o 3800 0.12275039274241903 0.1591199480710143
o 3850 0.9621443699093181 0.9660252774574631
o 3900 0.2135740143749414 0.257932756376707
o 3950 0.11826864042185942 0.1541199809554949
o 4000 0.9969586585858529 0.9980052028082471
o 4050 0.015764672250054023 0.03157460504929644
o 4100 0.8449702404633717 0.852436990360459
o 4150 0.7579163312128617 0.7667839793745501
o 4200 0.06038189600017403 0.0877486067265535
o 4250 0.9702424274156938 0.973685992599485
o 4300 0.0018023637467814207 0.009147509219045969
o 4350 0.9554737513556962 0.9596769020901559
o 4400 0 0.001898421329222681
o 4450 0.729731479595622 0.7389330717148637
o 4500 0.946242856652787 0.950849185148437
o 4550 0 0.001898421329222681
o 4600 0.010053943484577447 0.023319335109816822
o 4650 0 0.001898421329222681
o 4700 0.04318593281916566 0.06702022022848134
o 4750 0.9859566644460777 0.988309316110712
o 4800 0.9999239938640173 1
o 4850 0.7818267267789569 0.7903699884483194
o 4900 0.20031248514365368 0.243746747072491
o 4950 0.9783669797398125 0.9813001952972111
o 5000 0.9997474636700726 0.9999730088185748
o 5050 0.6093618221033807 0.6195008697326423
o 5100 0.15621119097640737 0.1960238783845563
o 5150 0.40923573086881115 0.419497221301223
o 5200 0.6014137283229446 0.6115901629472462
o 5250 0 0.001898421329222681
o 5300 0.6780391078392003 0.6877332281702275
o 5350 0.08456712548302849 0.11596068497859897
o 5400 0 0.001898421329222681
o 5450 0.040057372467985665 0.06316292528695412
o 5500 0.6519332572167447 0.6618230135460428
o 5550 0.44069704484363786 0.4510511416611153
o 5600 0.1547807901282362 0.19446002405989993
o 5650 0.01764612401883467 0.03418287941103317
o 5700 0 0.001898421329222681
o 5750 0.002603086691275082 0.010834387960954059
o 5800 0.8951602998981261 0.9014594028126323
o 5850 0 0.001898421329222681
o 5900 0.6099131294554736 0.6200494791908127
o 5950 0.009260947803963445 0.022117568746385315
o 6000 0 0.001898421329222681
o 6050 0.00015818935869815347 0.00434591190406797
o 6100 0.5168557724565876 0.5272608912589543
o 6150 0 0.001898421329222681
o 6200 0 0.001898421329222681
o 6250 0.00044226519601354134 0.005544357862369048
o 6300 0 0.001898421329222681
o 6350 0.9961032765663204 0.9973008264248326
o 6400 0.9993713852765503 0.9997907804676541
o 6450 0.9997474636700726 0.9999730088185748
o 6500 0.0024387518563779645 0.010501026607640301
o 6550 0.515745359188857 0.5261514723999813
o 6600 0.6782599915250677 0.6879523112013741
o 6650 0.44158597747000217 0.45194207443092965
o 6700 0.07023659585269683 0.0993516704504579
o 6750 0.40422546580997676 0.41446824561821255
o 6800 0.9995389947463766 0.9998826879485021
o 6850 0 0.001898421329222681
o 6900 0.4553615763198262 0.46574438999062895
o 6950 0.998441345386829 0.9991618822380561
o 7000 0.9986032547892175 0.9992798630239588
o 7050 0.8422029120146324 0.8497247341494973
o 7100 0 0.001898421329222681
o 7150 0 0.001898421329222681
o 7200 8.882678547916669e-05 0.0039217320178581766
o 7250 0 0.001898421329222681
o 7300 0 0.001898421329222681
o 7350 0.6465154507568311 0.6564416368640129
o 7400 0.9398759170877672 0.9447370808083311
o 7450 0.00044226519601354134 0.005544357862369048
o 7500 0.006549125926642381 0.0178490196420725
o 7550 0.29692406397589816 0.30648593141672004
o 7600 0.9426195819494725 0.9473730040516578
o 7650 0.3179932466199034 0.3277335474852551
o 7700 0 0.001898421329222681
o 7750 0.015556791899113373 0.03128364191917683
o 7800 0.9829332374492551 0.985533225059039
o 7850 0.4664828678533557 0.47688141517735844
o 7900 0.46777202623448844 0.4781720616997449
o 7950 0.0031066310291481517 0.011824341251265606
o 8000 0.0966774976323905 0.1297998935320817
o 8050 0.5318238546098402 0.5422105465891489
o 8100 0.02188595422569447 0.03992090926485023
o 8150 0 0.001898421329222681
o 8200 0.023816243732144724 0.04248089274942717
o 8250 0 0.001898421329222681
o 8300 8.882678547916669e-05 0.0039217320178581766
o 8350 0 0.001898421329222681
o 8400 0 0.001898421329222681
o 8450 0.009458534533531484 0.022418660112773638
o 8500 0 0.001898421329222681
o 8550 0.049708760496589885 0.07496833174249443
o 8600 0 0.001898421329222681
o 8650 0 0.001898421329222681
o 8700 0.7766402219973345 0.7852572729370807
o 8750 0.011861766840993361 0.026000146230654213
o 8800 0.9782427306172982 0.9811844636346541
o 8850 0.12298647095107401 0.15938290814235848
o 8900 0.6436162095089917 0.6535613152764184
o 8950 0.9962233100853622 0.9974007615823824
o 9000 0 0.001898421329222681
o 9050 0.5208074517212429 0.5312086146067796
o 9100 0 0.001898421329222681
o 9150 0.001649324908062456 0.00880334164974328
o 9200 0 0.001898421329222681
o 9250 0.7590233236337431 0.7678768204516033
o 9300 0.02403147740126508 0.042764585657871106
o 9350 0.1991085592067306 0.24245544409419878
o 9400 0.39537401669646044 0.40558103630475745
o 9450 0 0.001898421329222681
o 9500 0.9945450305343205 0.9959794331995359
o 9550 0.9287727698593594 0.9340418937787204
o 9600 0 0.001898421329222681
o 9650 0 0.001898421329222681
o 9700 0 0.001898421329222681
o 9750 0.004692398882402076 0.014721691442485649
o 9800 0 0.001898421329222681
o 9850 0.013903025707613103 0.028946786326205474
o 9900 0.16122174052777388 0.20149322843125497
o 9950 0.18708528235967303 0.2295264507496353
o 10000 0.2092302355503378 0.2532937004383283
o 10050 0.0003372871601498705 0.005154702728074599
o 10100 0.01680765531955437 0.03302588579976607
o 10150 0.5807231605443677 0.5909838540114615
o 10200 0.7764388241684609 0.7850587010448664
o 10250 0.11238278959818115 0.14752990957302253
o 10300 0.4350342391979608 0.4453748048416655
o 10350 0.9830164741486158 0.9856099752267742
o 10400 0.0006752903406782928 0.006301857709341101
o 10450 0 0.001898421329222681
o 10500 0.5644577890816245 0.5747716816829305
o 10550 0.8015750491170456 0.8098186981897582
o 10600 0 0.001898421329222681
o 10650 0 0.001898421329222681
o 10700 0.0024387518563779645 0.010501026607640301
o 10750 0.17054356168743676 0.21163410281436415
o 10800 0.031646220691033886 0.05261299055240118
o 10850 0.9470597791385142 0.951632139917506
o 10900 0.9999000177236429 0.9999999949987496
o 10950 0.9414260516720558 0.9462267135268175
o 11000 0.6137223489663999 0.6238396849116905
o 11050 0.9616212209492055 0.9655285054432831
o 11100 1.2503125260416678e-07 0.002496859604378729
o 11150 0.01597279639653893 0.031865327584043084
o 11200 0 0.001898421329222681
o 11250 0.10322803130364552 0.13722229231207903
o 11300 0.5218979724902424 0.532297928988898
o 11350 0.1935742002367311 0.2365117543761696
o 11400 0.3270278440964742 0.3368375778997968
o 11450 0.47993579644202644 0.4903464509356222
o 11500 0.9837972503616684 0.986329075496209
o 11550 0 0.001898421329222681
o 11600 0.5714279656031388 0.581720452507108
o 11650 0.04497990623406034 0.0692182003786079
o 11700 0 0.001898421329222681
o 11750 0.8239021508751362 0.8317682427464261
o 11800 0 0.001898421329222681
o 11850 0.12062656644591996 0.1567524316872693
o 11900 0.14977864748866823 0.18898228046594068
o 11950 0.9999239938640173 1
o 12000 0 0.001898421329222681
o 12050 0.005056954818930068 0.015353762737390843
o 12100 1.2503125260416678e-07 0.002496859604378729
o 12150 0.6893258707308101 0.6989247647787005
o 12200 0.9914640484249242 0.9932810064289183
o 12250 0.001499117649117805 0.008456476299684032
o 12300 0 0.001898421329222681
o 12350 0.7256998864246254 0.7349452717090421
o 12400 0.38977664648512766 0.3999592550303777
o 12450 0.00024191906793846123 0.004755907633503291
o 12500 0 0.001898421329222681
o 12550 0.9998259044303538 0.9999936749830982
o 12600 0.11073712445986067 0.14568232186712954
o 12650 0.11426483856158427 0.149640152528815
o 12700 8.882678547916669e-05 0.0039217320178581766
o 12750 0.748045754578188 0.7570360408296583
o 12800 0.9862911413231864 0.9886147851615911
o 12850 0.017226451977274 0.03360481492431495
o 12900 0.004511585210396028 0.014404234093439409
o 12950 0.19237189424284656 0.2352188333646939
o 13000 0.8850993233175655 0.8916618878201168
o 13050 0.0018023637467814207 0.009147509219045969
o 13100 0.6687731505811345 0.6785405817735597
o 13150 0.8721121580911815 0.8789910006119005
o 13200 0.0384986408874928 0.06122876304311582
o 13250 0 0.001898421329222681
o 13300 0.8488795648961764 0.8562670792388128
o 13350 0.8765140257289505 0.8832884728069825
o 13400 0.07946739000538301 0.11008182343677324
o 13450 0 0.001898421329222681
o 13500 0.6995611663975523 0.7090679273878352
o 13550 1.2503125260416678e-07 0.002496859604378729
o 13600 0 0.001898421329222681
o 13650 0.13220819873148115 0.1696237030327542
o 13700 0.954931312291093 0.9591594228410301
o 13750 0.9932173327704299 0.9948273980704502
o 13800 0.7435793694033949 0.7526230979911888
o 13850 0.8443440198303844 0.8518233049784931
o 13900 0.6335255911331751 0.6435334553789752
o 13950 0.39913592056204444 0.40935856223033346
o 14000 0.7121809178699643 0.721566275500532
o 14050 0 0.001898421329222681
o 14100 0.6963365948836127 0.705872984576134
o 14150 0.013082806626724312 0.027771789344780362
o 14200 0.9999239938640173 1
o 14250 0.023601156885822417 0.042197054416257374
o 14300 0.9958637086203597 0.9971004549579517
o 14350 0.036278784405700606 0.05845881546185503
o 14400 0 0.001898421329222681
o 14450 0.19597969074474775 0.23909671893167897
o 14500 0.9927591375570387 0.9944256804297646
o 14550 0.6135218555716073 0.6236402085575614
o 14600 0 0.001898421329222681
o 14650 0.9513717481088985 0.9557595227062654
o 14700 0.49135275788419897 0.5017677623698188
o 14750 0.0037991358003279675 0.013123930847528333
o 14800 0.03650039002918681 0.058736187742151
o 14850 0 0.001898421329222681
o 14900 7.991222603921683e-06 0.0030090671822076954
o 14950 0.03783181038182003 0.060398646636323376
o 15000 0.1746133741050733 0.21604803875815573
o 15050 0.9690895335988103 0.9725990617331775
o 15100 0.08642526455982165 0.11809477450097251
o 15150 0 0.001898421329222681
o 15200 0 0.001898421329222681
o 15250 0.005796747293370727 0.01660752086558132
o 15300 0.02252798432028497 0.04077562299650758
o 15350 0.18348413797509835 0.22564192128312247
o 15400 1.2503125260416678e-07 0.002496859604378729
o 15450 0.9983723603332887 0.9991109098276831
o 15500 0.0003372871601498705 0.005154702728074599
o 15550 0 0.001898421329222681
o 15600 0.0019580104226592436 0.009489188433561148
o 15650 0 0.001898421329222681
o 15700 0.049708760496589885 0.07496833174249443
o 15750 0.03672208180152392 0.05901347444862615
o 15800 0.7825116210535852 0.7910449912183589
o 15850 0.69123410465522 0.7008162433944803
o 15900 0.07923595023208062 0.1098142372480433
o 15950 0.261683464315021 0.27089189055034274
o 16000 0.9069353436628613 0.9129025938676656
o 16050 0.8880265495142677 0.8945142227232061
o 16100 0.01680765531955437 0.03302588579976607
o 16150 0.071847853711564 0.1012335638059431
o 16200 0.9999239938640173 1
o 16250 0.007312477753440096 0.019079809559213835
o 16300 0.9980644144149615 0.9988790223487661
o 16350 0.9996892172795865 0.9999517166583667
o 16400 0.9995924018266003 0.9999090646014688
o 16450 1.2503125260416678e-07 0.002496859604378729
o 16500 0.5012523203668313 0.5116667026444411
o 16550 0 0.001898421329222681
o 16600 0 0.001898421329222681
o 16650 0.013903025707613103 0.028946786326205474
o 16700 0.0012082691108408566 0.007753650918513041
o 16750 0.0356144910765893 0.05762617860497377
o 16800 0.07323037539980064 0.10284517694366625
o 16850 0.11803295839540598 0.15385662554488494
o 16900 0 0.001898421329222681
o 16950 0.11450019008338976 0.1499038377130043
o 17000 0.9999239938640173 1
o 17050 0 0.001898421329222681
o 17100 8.882678547916669e-05 0.0039217320178581766
o 17150 0.00015818935869815347 0.00434591190406797
o 17200 0.002116069097594998 0.009828562825908676
o 17250 0 0.001898421329222681
o 17300 0.08085671020351685 0.11168666122937765
o 17350 0.00044226519601354134 0.005544357862369048
o 17400 0.3607834444098891 0.3708168541134592
o 17450 0 0.001898421329222681
o 17500 0.9980757554426084 0.9988876757467106
o 17550 0.9411710619736603 0.945981741505895
o 17600 0.5661201217325349 0.5764290979687485
o 17650 0.013287417199446861 0.028065976219162892
o 17700 0.004511585210396028 0.014404234093439409
o 17750 0.027711444508845284 0.047566561857760405
o 17800 0 0.001898421329222681
o 17850 0.05901320457479516 0.08612321769981009
o 17900 0.861350942596353 0.8684738302944678
o 17950 0.0790045432234623 0.10954661840209469
o 18000 0.09574331653795506 0.12873794566007066
o 18050 0 0.001898421329222681
o 18100 0.99970352455592 0.9999573086101285
o 18150 0.06679024283919852 0.09531272302606353
o 18200 0.5009123015694673 0.5113267728622737
o 18250 0 0.001898421329222681
o 18300 0.06701972277010773 0.09558226207112627
o 18350 0.11308839817964182 0.14832141009773048
o 18400 3.743462142768721e-05 0.003478748206849307
o 18450 0.19020848897881812 0.23289083092465107
o 18500 0.9859044194698215 0.9882615695168278
o 18550 0.7633510530345966 0.7721484401617917
o 18600 0.002603086691275082 0.010834387960954059
o 18650 0.5520021822375214 0.5623491699741195
o 18700 0 0.001898421329222681
o 18750 0.5505505774278596 0.5609009940827114
o 18800 0.7896738552729738 0.798101680455495
o 18850 0 0.001898421329222681
o 18900 0.01764612401883467 0.03418287941103317
o 18950 0.9298923240523744 0.9351221716848107
o 19000 0.5729403111102046 0.5832278786212042
o 19050 3.743462142768721e-05 0.003478748206849307
o 19100 0.5117640886755181 0.5221733448368824
o 19150 0.40179039648145454 0.41202368399074646
o 19200 0.000555324709164682 0.005926367721583822
o 19250 0.02640829281683592 0.045876048013652734
o 19300 3.743462142768721e-05 0.003478748206849307
o 19350 0.9997625252542228 0.9999778024249069
o 19400 0.5013823281899548 0.5117966751605476
o 19450 0 0.001898421329222681
o 19500 0 0.001898421329222681
o 19550 0 0.001898421329222681
o 19600 7.991222603921683e-06 0.0030090671822076954
o 19650 0.8846942262735297 0.8912670456051184
o 19700 0 0.001898421329222681
o 19750 0 0.001898421329222681
o 19800 0.9999239938640173 1
o 19850 0 0.001898421329222681
o 19900 0.2753794697314554 0.2847338014313088
o 19950 0.12275039274241903 0.1591199480710143
o 20000 0.0003372871601498705 0.005154702728074599
o 20050 0 0.001898421329222681
o 20100 0 0.001898421329222681
o 20150 0.10369665731475272 0.13775173477781735
o 20200 0.8835701512878773 0.8901712891389801
o 20250 0.1806052296633382 0.2225322931007134
o 20300 0 0.001898421329222681
o 20350 0.9405183484914883 0.9453545529719276
o 20400 0 0.001898421329222681
o 20450 0.3739761084905527 0.3840821888815593
o 20500 7.991222603921683e-06 0.0030090671822076954
o 20550 0.6724270714884236 0.6821661102011904
o 20600 0.3850179363380307 0.3951786866486849
o 20650 0 0.001898421329222681
o 20700 0.5876156347763954 0.5978503392006146
o 20750 0 0.001898421329222681
o 20800 0.99322800062653 0.9948367281598701
o 20850 0.3628573068676807 0.37290267703337493
o 20900 0.026625169455816736 0.04615811291180658
o 20950 0.006171472835004008 0.01722969751751762
o 21000 0 0.001898421329222681
o 21050 0.005610547660270857 0.016295299336841672
o 21100 0 0.001898421329222681
o 21150 0.023816243732144724 0.04248089274942717
o 21200 0.03473001381784401 0.05651475746742224
o 21250 0.9999239938640173 1
o 21300 0.8665384170279651 0.8735455776877774
o 21350 0 0.001898421329222681
o 21400 0.9001080038440188 0.9062709571424691
o 21450 0.9992961814835846 0.9997461411602934
o 21500 0.45373306982630435 0.4641131430031523
o 21550 0.8516075167388404 0.8589387180355939
o 21600 0.6122487436905664 0.6223735125326355
o 21650 0.31710683257640604 0.3268400961705319
o 21700 0.011255794560458702 0.025109849774674436
o 21750 0 0.001898421329222681
o 21800 0.47665717132276153 0.48706557211214035
o 21850 0.9222017342277415 0.927693914710614
o 21900 0 0.001898421329222681
o 21950 0.41307863654613064 0.4233537333282472
o 22000 7.991222603921683e-06 0.0030090671822076954
o 22050 0.05969734095222633 0.08693612064843904
o 22100 0.9565384211732435 0.9606920718960893
o 22150 0.005796747293370727 0.01660752086558132
o 22200 0.11897580778168872 0.15490992616977622
o 22250 0.48698359990717316 0.4973975812510879
o 22300 0.012878501439092999 0.027477301685655788
o 22350 0 0.001898421329222681
o 22400 0.3657489171464466 0.3758106281013596
o 22450 0 0.001898421329222681
o 22500 0.005056954818930068 0.015353762737390843
o 22550 0.62586392684848 0.6359162753003407
o 22600 0 0.001898421329222681
o 22650 0.8549725916151846 0.8622331382300475
o 22700 0 0.001898421329222681
o 22750 0.2864138506391479 0.29587774249349713
o 22800 0 0.001898421329222681
o 22850 0 0.001898421329222681
o 22900 0.006929517397646259 0.018465669232222547
o 22950 0.0012082691108408566 0.007753650918513041
o 23000 0 0.001898421329222681
o 23050 0.8174861238349187 0.8254652333209487
o 23100 0.0010682763582352591 0.0073970852578007515
o 23150 0 0.001898421329222681
o 23200 0 0.001898421329222681
o 23250 0.9972463848475951 0.9982373826441283
o 23300 0.9965296757728223 0.9976543125393118
o 23350 0 0.001898421329222681
o 23400 0.9795895016313816 0.9824374839296176
o 23450 0.027493941428826846 0.047285118022374534
o 23500 0 0.001898421329222681
o 23550 0.9998094654176473 0.9999903279212801
o 23600 0.9183900519815003 0.9240061684112261
o 23650 0.010653112877213745 0.024216317951865195
o 23700 0 0.001898421329222681
o 23750 0.9999239938640173 1
o 23800 0.7795807985331015 0.788156254320962
o 23850 0.7406825905924195 0.7497603126722677
o 23900 0.04520445566611456 0.06949264684371247
o 23950 0 0.001898421329222681
o 24000 0 0.001898421329222681
o 24050 7.991222603921683e-06 0.0030090671822076954
o 24100 0 0.001898421329222681
o 24150 0.17916645476562446 0.2209768006433825
o 24200 0.10697966016014009 0.14145521775550554
o 24250 0.00024191906793846123 0.004755907633503291
o 24300 0.32192757408040934 0.33169862246311543
o 24350 0.0006752903406782928 0.006301857709341101
o 24400 0 0.001898421329222681
o 24450 0.05924120314411675 0.08639423203638504
o 24500 0.06541421893588051 0.09369463640195423
o 24550 0.8773135972141292 0.8840687814134144
o 24600 0 0.001898421329222681
o 24650 0 0.001898421329222681
o 24700 0 0.001898421329222681
o 24750 0 0.001898421329222681
o 24800 0.09948249156493676 0.13298329303868336
o 24850 0.20754193419877517 0.25148867817358317
o 24900 0.9727257301875298 0.9760223112890046
o 24950 0 0.001898421329222681
o 25000 0.5959420868334171 0.6061426302657508
o 25050 0 0.001898421329222681
o 25100 0.0006752903406782928 0.006301857709341101
o 25150 0.998979791965597 0.9995429892428129
o 25200 0 0.001898421329222681
o 25250 0.11897580778168872 0.15490992616977622
o 25300 0.11803295839540598 0.15385662554488494
o 25350 0.9570913702565699 0.9612190394932374
o 25400 0.8896272045492883 0.8960733276998247
o 25450 7.991222603921683e-06 0.0030090671822076954
o 25500 0.44588105654051136 0.45624634502881994
o 25550 0.6936245549309277 0.7031854330337783
o 25600 0 0.001898421329222681
o 25650 0 0.001898421329222681
o 25700 0.9999239938640173 1
o 25750 0 0.001898421329222681
o 25800 0 0.001898421329222681
o 25850 0.5698455640030724 0.5801430930726212
o 25900 0.9060321934222957 0.9120258794935725
o 25950 1.2503125260416678e-07 0.002496859604378729
o 26000 0.1547807901282362 0.19446002405989993
o 26050 0.05196986465207202 0.07769726867270156
o 26100 0.01912151413224519 0.03619964481054848
o 26150 0.6704796103126813 0.68023386486426
o 26200 7.991222603921683e-06 0.0030090671822076954
o 26250 0.2097127052520584 0.25380932330423184
o 26300 0 0.001898421329222681
o 26350 0 0.001898421329222681
o 26400 0.0018023637467814207 0.009147509219045969
o 26450 0.41874875638676223 0.42904275441828066
o 26500 0 0.001898421329222681
o 26550 0 0.001898421329222681
o 26600 0.00080123962354896 0.006671700522778359
o 26650 0.9715918265808313 0.9749563879083071
o 26700 0 0.001898421329222681
o 26750 1.2503125260416678e-07 0.002496859604378729
o 26800 0 0.001898421329222681
o 26850 1.2503125260416678e-07 0.002496859604378729
o 26900 0.9689248914004007 0.972443728948944
o 26950 0.8211579551475499 0.8290728505672093
o 27000 0.8418797476249403 0.8494079470439287
o 27050 0 0.001898421329222681
o 27100 0.09038001190184919 0.12262353145286163
o 27150 0 0.001898421329222681
o 27200 0.0037991358003279675 0.013123930847528333
o 27250 0 0.001898421329222681
o 27300 0.7017813622706777 0.7112673971360045
o 27350 0.36732442795433173 0.3773948783044368
o 27400 0.9561391289114605 0.9603114243128053
o 27450 0.056508386148721584 0.08313890808760419
o 27500 0 0.001898421329222681
o 27550 0.8572769990062052 0.8644883850875305
o 27600 0.9999239938640173 1
o 27650 7.991222603921683e-06 0.0030090671822076954
o 27700 0.7482570182409138 0.7572447453831501
o 27750 0.6774367041348557 0.6871357226462065
o 27800 0 0.001898421329222681
o 27850 0.8891915616797917 0.8956490358852085
o 27900 0 0.001898421329222681
o 27950 0.26790913375995434 0.27718527380677194
o 28000 0.16289333057984043 0.2033149404030969
o 28050 0 0.001898421329222681
o 28100 0.8757347420512466 0.8825278733525818
o 28150 0 0.001898421329222681
o 28200 0 0.001898421329222681
o 28250 0.9992342708494394 0.9997081631039617
o 28300 0.21550569332846795 0.25999344959766235
o 28350 0 0.001898421329222681
o 28400 0.01912151413224519 0.03619964481054848
o 28450 0.9268597990880142 0.9321951514190308
o 28500 0 0.001898421329222681
o 28550 0.16504353098835983 0.20565612983055395
o 28600 1.2503125260416678e-07 0.002496859604378729
o 28650 0.6749468671052841 0.6846659348627483
o 28700 0.9969365876027052 0.9979872806698711
o 28750 0 0.001898421329222681
o 28800 0 0.001898421329222681
o 28850 0.4611866910125446 0.4715783935786406
o 28900 0 0.001898421329222681
o 28950 0.9992837483903957 0.9997385977610901
o 29000 0.025109792089089606 0.044180923958659336
o 29050 0.9671558430979736 0.9707730457828649
o 29100 0.049257231061972793 0.07442185643843324
o 29150 0.99952580737243 0.9998759227757319
o 29200 0 0.001898421329222681
o 29250 8.882678547916669e-05 0.0039217320178581766
o 29300 0.7961326482020228 0.8044619168811851
o 29350 0 0.001898421329222681
o 29400 0.1175616552663929 0.1533298539324195
o 29450 0.19862706858128387 0.24193884324560722
o 29500 0.46748221240438687 0.47788191938873487
o 29550 0.9163477686372495 0.9220287579207485
o 29600 0 0.001898421329222681
o 29650 1.2503125260416678e-07 0.002496859604378729
o 29700 0.0019580104226592436 0.009489188433561148
o 29750 0.37811522247794466 0.38824244718398
o 29800 0 0.001898421329222681
o 29850 0 0.001898421329222681
o 29900 0.99840682469483 0.9991364244986128
o 29950 0 0.001898421329222681
o 30000 0 0.001898421329222681
o 30050 0 0.001898421329222681
o 30100 0.5785294063564771 0.5887979394277814
o 30150 0.9658916814404356 0.9695773990535681
o 30200 0 0.001898421329222681
o 30250 0 0.001898421329222681
o 30300 0.15907358016805054 0.19915000203791794
o 30350 0.7305056812580234 0.7396987535283406
o 30400 1.2503125260416678e-07 0.002496859604378729
o 30450 0 0.001898421329222681
o 30500 0.021245391644076714 0.039064742973822
o 30550 0.9238489920618113 0.9292864098991055
o 30600 0.9997326272886438 0.9999679765707888
o 30650 0.30881138094478167 0.3184768080130167
o 30700 0.014934653809118556 0.030409269628743043
o 30750 0.9999239938640173 1
o 30800 0 0.001898421329222681
o 30850 8.882678547916669e-05 0.0039217320178581766
o 30900 0 0.001898421329222681
o 30950 8.882678547916669e-05 0.0039217320178581766
o 31000 0.012878501439092999 0.027477301685655788
o 31050 0.9554123387064332 0.9596183239883829
o 31100 0.9999239938640173 1
o 31150 0 0.001898421329222681
o 31200 0 0.001898421329222681
o 31250 0.754364166608805 0.763276678287114
o 31300 0 0.001898421329222681
o 31350 0.028146814293391567 0.04812908895816058
o 31400 0 0.001898421329222681
o 31450 0 0.001898421329222681
o 31500 0 0.001898421329222681
o 31550 0 0.001898421329222681
o 31600 0.0651850258792597 0.09342481160342189
o 31650 0.014934653809118556 0.030409269628743043
o 31700 0 0.001898421329222681
o 31750 0.00044226519601354134 0.005544357862369048
o 31800 0.8622811213019275 0.8693835120452383
o 31850 0 0.001898421329222681
o 31900 0 0.001898421329222681
o 31950 0 0.001898421329222681
o 32000 0.9809795298189161 0.983727239267837
o 32050 0.9889536150172044 0.9910318731324259
o 32100 0.9991607391340954 0.9996618107824711
o 32150 0.0037991358003279675 0.013123930847528333
o 32200 0.8962753598361509 0.9025441757091701
o 32250 0.9803153933204258 0.9831114793449921
o 32300 0.003277660147417376 0.01215126261019966
o 32350 0.7273587130615431 0.7365861953838403
o 32400 0.43335650202260234 0.44369279610235407
o 32450 0.8662956887003916 0.873308342424963
o 32500 0 0.001898421329222681
o 32550 0 0.001898421329222681
o 32600 0.16982575887162715 0.2108547741281291
o 32650 0.9157788675353034 0.9214777443068516
o 32700 0.9603804327273453 0.9643494810008921
o 32750 0.018698970318708992 0.03562441823100069
o 32800 0.9771664538078659 0.9801809065952978
o 32850 0.0006752903406782928 0.006301857709341101
o 32900 0.9999239938640173 1
o 32950 0.5634163577548535 0.5737332703020929
o 33000 0.8354781997186674 0.843130455861795
o 33050 0.9459671803558451 0.9505849028623996
o 33100 0 0.001898421329222681
o 33150 0.5168657762965856 0.5272708859065856
o 33200 0.042066952580517444 0.06564424242380422
o 33250 0.00015818935869815347 0.00434591190406797
o 33300 0.015141778547267329 0.03070097825085983
o 33350 1.2503125260416678e-07 0.002496859604378729
o 33400 0 0.001898421329222681
o 33450 0.36126201912759803 0.3712982067904559
o 33500 0.7117889959232235 0.7211782564590248
o 33550 0.00024191906793846123 0.004755907633503291
o 33600 0.005425161502427581 0.015982285814620384
o 33650 0 0.001898421329222681
o 33700 0 0.001898421329222681
o 33750 0 0.001898421329222681
o 33800 0 0.001898421329222681
o 33850 0.6306472932665789 0.6406721873683969
o 33900 0.7697230393649444 0.7784354956100891
o 33950 0.8415565888842236 0.8490911542889398
o 34000 1.2503125260416678e-07 0.002496859604378729
o 34050 0 0.001898421329222681
o 34100 0.2824036611460828 0.29182854175418577
o 34150 0 0.001898421329222681
o 34200 1.2503125260416678e-07 0.002496859604378729
o 34250 0.7957094005894966 0.8040452280957081
o 34300 0 0.001898421329222681
o 34350 0.9999239938640173 1
o 34400 0.9998094654176473 0.9999903279212801
o 34450 0 0.001898421329222681
o 34500 0.5643776781569125 0.5746918047070594
o 34550 0 0.001898421329222681
o 34600 0.001499117649117805 0.008456476299684032
o 34650 0 0.001898421329222681
o 34700 0.9999239938640173 1
o 34750 0.30032858743046936 0.30992089053068306
o 34800 0 0.001898421329222681
o 34850 0 0.001898421329222681
o 34900 0.019756767715734654 0.03706106305971297
o 34950 0.32753591469503723 0.33734943014988594
o 35000 0.010452987822398792 0.023917718462629512
o 35050 0.9997625252542228 0.9999778024249069
o 35100 0.03894359843927516 0.06178177267868016
o 35150 0 0.001898421329222681
o 35200 0.006929517397646259 0.018465669232222547
o 35250 0.674916749075317 0.684636057431242
o 35300 0 0.001898421329222681
o 35350 0.9642175044759863 0.9679918294678275
o 35400 0.00080123962354896 0.006671700522778359
o 35450 0.28429426470636543 0.2937376507086846
o 35500 1.2503125260416678e-07 0.002496859604378729
o 35550 0 0.001898421329222681
o 35600 0.0024387518563779645 0.010501026607640301
o 35650 0.03694385907101622 0.05929067622566101
o 35700 0.3261511884995531 0.3359543666209601
o 35750 0.011861766840993361 0.026000146230654213
o 35800 0.018277218227021996 0.0350484090550465
o 35850 0.07438347094995788 0.10418719727343076
o 35900 0 0.001898421329222681
o 35950 0.035393236741674966 0.057348457412097174
o 36000 0.00024191906793846123 0.004755907633503291
o 36050 0 0.001898421329222681
o 36100 0.34371782206643303 0.3536450661097386
o 36150 0.9955271653607983 0.9968170795824777
o 36200 0 0.001898421329222681
o 36250 0.19597969074474775 0.23909671893167897
o 36300 0.5389493488540826 0.5493239755254286
o 36350 0.9992961814835846 0.9997461411602934
o 36400 0.025758443006020277 0.04502908007529015
o 36450 0 0.001898421329222681
o 36500 0.00015818935869815347 0.00434591190406797
o 36550 0 0.001898421329222681
o 36600 0.7791779611315981 0.7877591522823421
o 36650 0.009063820827200562 0.02181602645121949
o 36700 0.1362365301851824 0.17407905208433808
o 36750 0.05901320457479516 0.08612321769981009
o 36800 0.997024922330555 0.9980589181524085
o 36850 0.568092966739983 0.578395955012059
o 36900 0.5784693049688951 0.5887380498901029
o 36950 0.15692659083367788 0.19680560642940825
o 37000 0.00024191906793846123 0.004755907633503291
o 37050 0 0.001898421329222681
o 37100 0 0.001898421329222681
o 37150 0.00080123962354896 0.006671700522778359
o 37200 0 0.001898421329222681
o 37250 0 0.001898421329222681
o 37300 0.9999239938640173 1
o 37350 0 0.001898421329222681
o 37400 0.43936867118055084 0.44971971647394177
o 37450 3.743462142768721e-05 0.003478748206849307
o 37500 7.991222603921683e-06 0.0030090671822076954
o 37550 0.0006752903406782928 0.006301857709341101
o 37600 0 0.001898421329222681
o 37650 0.12227829452365711 0.1585939698511777
o 37700 0.5475674191794464 0.5579246030272985
o 37750 0.6183239225287805 0.6284174170832649
o 37800 0.9988019775638902 0.9994209804708095
o 37850 0.9840576888264919 0.9865685956900324
o 37900 0.023816243732144724 0.04248089274942717
o 37950 0.09714474282159347 0.13033071324215365
o 38000 0 0.001898421329222681
o 38050 0 0.001898421329222681
o 38100 0.5428528105623984 0.5532199239838851
o 38150 0.9938370629026152 0.9953675463701923
o 38200 0 0.001898421329222681
o 38250 0.852668503963111 0.859977571605647
o 38300 0.7143315410940969 0.7236953284658534
o 38350 0.7031577502973527 0.7126308018228009
o 38400 0 0.001898421329222681
o 38450 0 0.001898421329222681
o 38500 8.882678547916669e-05 0.0039217320178581766
o 38550 0.9894795617201226 0.9915058376891921
o 38600 0 0.001898421329222681
o 38650 0.004153101605383015 0.013766270526943094
o 38700 0.004874202103358465 0.015038188227973245
o 38750 0.008475317778149754 0.020908578297128586
o 38800 0 0.001898421329222681
o 38850 0.6332748606540839 0.6432842236737791
o 38900 0 0.001898421329222681
o 38950 0.9995522439324211 0.9998893888980793
o 39000 0.5743725777459565 0.5846553957057199
o 39050 0.980761559658302 0.9835252434550622
o 39100 0 0.001898421329222681
o 39150 0.9394068917370012 0.9442861765579258
o 39200 0 0.001898421329222681
o 39250 0.11073712445986067 0.14568232186712954
o 39300 0 0.001898421329222681
o 39350 0 0.001898421329222681
o 39400 1.2503125260416678e-07 0.002496859604378729
o 39450 0.7421208889564583 0.7511817978878859
o 39500 0 0.001898421329222681
o 39550 0.000555324709164682 0.005926367721583822
o 39600 0.042514331698279194 0.06619484528031767
o 39650 3.743462142768721e-05 0.003478748206849307
o 39700 0.45105564684238625 0.46143097130726257
o 39750 0.0006752903406782928 0.006301857709341101
o 39800 0.978625875608514 0.9815412593667265
o 39850 0.0010682763582352591 0.0073970852578007515
o 39900 0.7729246673006399 0.7815933862683098
o 39950 0.8285640715134426 0.8363456220992592
o 40000 0.8866185564853832 0.8931424268598152
o 40050 0.3335934096160281 0.34345101547478124
o 40100 0.9409364831482907 0.9457563555466291
o 40150 0.022956794066340117 0.041344650350975176
o 40200 3.743462142768721e-05 0.003478748206849307
o 40250 0.431489091435675 0.4418204895109798
o 40300 0.37603065594513 0.38614732983998773
o 40350 0.011861766840993361 0.026000146230654213
o 40400 0 0.001898421329222681
o 40450 0.5172259159265522 0.527630691831213
o 40500 0 0.001898421329222681
o 40550 7.991222603921683e-06 0.0030090671822076954
o 40600 0.9998259044303538 0.9999936749830982
o 40650 0 0.001898421329222681
o 40700 1.2503125260416678e-07 0.002496859604378729
o 40750 0.6411685627081023 0.6511293311682469
o 40800 0.5127743798152445 0.5231829009477771
o 40850 0.12369482145559056 0.1601716727185394
o 40900 0 0.001898421329222681
o 40950 0 0.001898421329222681
o 41000 0.035835834255660184 0.05790381155935254
o 41050 0.99970352455592 0.9999573086101285
o 41100 0.9317145724616929 0.9368796499679646
o 41150 0 0.001898421329222681
o 41200 0.5230285385874445 0.5334271919932323
o 41250 0.6284611188810201 0.6384986915035409
o 41300 0.2261418394532474 0.27131536249875365
o 41350 0 0.001898421329222681
o 41400 0.287229875071465 0.2967015939910336
o 41450 0.9593246614338657 0.9633454115986145
o 41500 0.00080123962354896 0.006671700522778359
o 41550 0 0.001898421329222681
o 41600 0.9997474636700726 0.9999730088185748
o 41650 0.685017631683959 0.6946536528700276
o 41700 0.013492327518895342 0.028359867811596367
o 41750 0 0.001898421329222681
o 41800 0 0.001898421329222681
o 41850 0 0.001898421329222681
o 41900 0 0.001898421329222681
o 41950 0.005425161502427581 0.015982285814620384
o 42000 0 0.001898421329222681
o 42050 8.882678547916669e-05 0.0039217320178581766
o 42100 0.8671149126199468 0.874108995621432
o 42150 0 0.001898421329222681
o 42200 0.2237227894499707 0.26874394281537456
o 42250 0 0.001898421329222681
o 42300 0.6938656171833666 0.7034243344700122
o 42350 0 0.001898421329222681
o 42400 0 0.001898421329222681
o 42450 0.7081413136338202 0.7175664880051729
o 42500 0.28515004476096895 0.2946017405302063
o 42550 0.0006752903406782928 0.006301857709341101
o 42600 0.9879036626873573 0.9900820002403639
o 42650 0.7296912618169342 0.7388932955467322
o 42700 0.40810787426821193 0.41836524881001597
o 42750 0 0.001898421329222681
o 42800 0.03473001381784401 0.05651475746742224
o 42850 0 0.001898421329222681
o 42900 0.12865805376820263 0.16568825572711568
o 42950 0.9483263225099532 0.9528454062047647
o 43000 0 0.001898421329222681
o 43050 0.9652444631081223 0.9689647154064079
o 43100 0.7261120721264749 0.7353530239637018
o 43150 0.9946848733082393 0.9960995606378975
o 43200 0 0.001898421329222681
o 43250 0.7084829540505997 0.7179047961433541
o 43300 0.1504928279090355 0.1897652259769284
o 43350 0.001649324908062456 0.00880334164974328
o 43400 0 0.001898421329222681
o 43450 0 0.001898421329222681
o 43500 0.0003372871601498705 0.005154702728074599
o 43550 0.4038761650673386 0.4141175992974011
o 43600 0.11332364378712532 0.1485852009565152
o 43650 0.16169926679865976 0.20201378834570802
o 43700 0.9835681401315531 0.986118222034863
o 43750 0.0012082691108408566 0.007753650918513041
o 43800 0 0.001898421329222681
o 43850 0.975863750007416 0.9789638108671515
o 43900 0.8281200336871186 0.8359097265962603
o 43950 0 0.001898421329222681
o 44000 0.025542090957778922 0.04474649522742024
o 44050 0.9976140382043497 0.9985295950950045
o 44100 3.743462142768721e-05 0.003478748206849307
o 44150 0.6187851089084876 0.6288761611252878
o 44200 0.7209048234801902 0.7302010564639356
o 44250 0 0.001898421329222681
o 44300 0.016181160481881566 0.03215581329857458
o 44350 0.3351776744279781 0.34504651013828935
o 44400 0 0.001898421329222681
o 44450 0.3115199029946719 0.3212078744607667
o 44500 0.2135740143749414 0.257932756376707
o 44550 0.9630267818782433 0.9668627321354943
o 44600 0 0.001898421329222681
o 44650 0.9827771918538799 0.9853892952577534
o 44700 0.01105452459589066 0.024812375486899494
o 44750 0.5940181503113006 0.6042268571872724
o 44800 0.01806664605587708 0.034760104146370596
o 44850 0.9992589602564732 0.9997234309807926
o 44900 0 0.001898421329222681
o 44950 0 0.001898421329222681
o 45000 0.8390321040828301 0.8466160180151328
o 45050 0.5875655403855479 0.5978004411538498
o 45100 0.9999000177236429 0.9999999949987496
o 45150 0 0.001898421329222681
o 45200 0 0.001898421329222681
o 45250 0.9986265038159631 0.9992965968956333
o 45300 0.9263104310873334 0.93166460179835
o 45350 0.029237306140069697 0.04953335639705944
o 45400 0 0.001898421329222681
o 45450 0.6429641585719235 0.6529134645371595
o 45500 0.00080123962354896 0.006671700522778359
o 45550 0.22662577062279024 0.27182952538345967
o 45600 7.991222603921683e-06 0.0030090671822076954
o 45650 0 0.001898421329222681
o 45700 0.9920682984694709 0.9938166473850795
o 45750 0.9989321082177406 0.9995107243878824
o 45800 0.9999000177236429 0.9999999949987496
o 45850 0.6801074313681529 0.6897845929902221
o 45900 0.7194774915510915 0.7287886032672364
o 45950 0.9354524290882229 0.9404812326187684
o 46000 0.1921314684236866 0.23496021382556243
o 46050 7.991222603921683e-06 0.0030090671822076954
o 46100 0.9234523952597165 0.9289030661650831
o 46150 0 0.001898421329222681
o 46200 0.19525792122031269 0.2383213517913958
o 46250 0.3247167028719104 0.3345090700892142
o 46300 0.9997934737315562 0.9999865160465087
o 46350 0.7379771543413953 0.7470861560290267
o 46400 1.2503125260416678e-07 0.002496859604378729
o 46450 0.24143349234231995 0.2504049453322582
o 46500 0.22589988896846944 0.27105826597090515
o 46550 0 0.001898421329222681
o 46600 0.008867165282056994 0.02151402190484947
o 46650 0.8088234132255798 0.8169492451160001
o 46700 7.991222603921683e-06 0.0030090671822076954
o 46750 0.022313814480869523 0.0404908766198247
o 46800 0.6170406467509992 0.6271408864697485
o 46850 0 0.001898421329222681
o 46900 0.021032206283281108 0.038779022191625406
o 46950 0.3307638081709251 0.34060104653937584
o 47000 0.03916619663858958 0.0620581588280243
o 47050 0.9195994171565423 0.9251766219311898
o 47100 0.7273587130615431 0.7365861953838403
o 47150 3.743462142768721e-05 0.003478748206849307
o 47200 0 0.001898421329222681
o 47250 0.16576051522573143 0.2064362759103196
o 47300 0.9999239938640173 1
o 47350 7.991222603921683e-06 0.0030090671822076954
o 47400 0.7781306117358398 0.7867266591323985
o 47450 0.9852778258733225 0.9876882638971298
o 47500 0.4198169731136025 0.4301143758604558
o 47550 0.029455750038181915 0.04981386716185965
o 47600 0 0.001898421329222681
o 47650 0.3995251009095314 0.4097493228959393
o 47700 0 0.001898421329222681
o 47750 0.86298890320118 0.8700756239679972
o 47800 0.9960705698528338 0.9972735415563113
o 47850 0.040949775049328924 0.06426647254977043
o 47900 7.991222603921683e-06 0.0030090671822076954
o 47950 0.0750757543310996 0.10499198490962279
o 48000 0.4733787705302443 0.48378446896239446
o 48050 0 0.001898421329222681
o 48100 0.03827628268832574 0.060952138415970226
o 48150 0.9994606885152229 0.9998412488613994
o 48200 1.2503125260416678e-07 0.002496859604378729
o 48250 0.002769249638749699 0.011165993402573597
o 48300 0 0.001898421329222681
o 48350 0 0.001898421329222681
o 48400 0.32709757889321056 0.3369078325136524
o 48450 0.7465267102038992 0.7555353137428041
o 48500 0 0.001898421329222681
o 48550 0.16074427124102156 0.2009726116193187
o 48600 0 0.001898421329222681
o 48650 0.9997625252542228 0.9999778024249069
o 48700 0.9996332781059007 0.9999279902963235
o 48750 0 0.001898421329222681
o 48800 0.009458534533531484 0.022418660112773638
o 48850 0.94251755919042 0.9472750421296559
o 48900 0.495992298868835 0.5064075196472104
o 48950 0.9679167569712929 0.9714920164665806
o 49000 0.9968924704317214 0.9979514114652562
o 49050 0.0013519994656035678 0.008106672415360571
o 49100 0.4020299057108623 0.41226413846186055
o 49150 0.9588225375281296 0.9628676112401688
o 49200 0.9999239938640173 1
o 49250 0.7327881726216401 0.7419559186418024
o 49300 0.9998606673855057 0.9999985029476508
o 49350 7.991222603921683e-06 0.0030090671822076954
o 49400 0 0.001898421329222681
o 49450 0.9940941394234468 0.9955904179289844
o 49500 0 0.001898421329222681
o 49550 0.8650922186497412 0.8721319930010307
o 49600 0.964587157962063 0.9683421200489604
o 49650 0.9988373331200908 0.9994455927520951
o 49700 0.9866362736285762 0.9889295968650971
o 49750 0.8022806343911307 0.8105130069025273
o 49800 0.001499117649117805 0.008456476299684032
o 49850 0.054917529203077894 0.08123669759692448
o 49900 0.9455077586150257 0.9501443936212036
o 49950 0 0.001898421329222681
