
x disttype general-gaussian
x k 75260
x std 0.2
x N 50000
x alpha 0.0005

o 0 0.36482674552016 0.3798962801661064
o 50 0 0.0020713641682267793
o 100 0.9998341327646891 1
o 150 0.9998341327646891 1
o 200 0 0.0020713641682267793
o 250 0.01748369527515504 0.03504935914766927
o 300 0.9302982517332284 0.9380351344221625
o 350 0.02659691126380236 0.047384613654068215
o 400 0.9998341327646891 1
o 450 0.9998341327646891 1
o 500 0.9998341327646891 1
o 550 0.9998341327646891 1
o 600 0.2087453709679201 0.25539123374302103
o 650 0.9998341327646891 1
o 700 0.9998341327646891 1
o 750 0.9995349878824095 0.9999681957182616
o 800 0.9998341327646891 1
o 850 0.9998341327646891 1
o 900 0.9494328066701918 0.9560542128913239
o 950 0.9998341327646891 1
o 1000 0.9998341327646891 1
o 1050 0.9998341327646891 1
o 1100 0 0.0020713641682267793
o 1150 0.9051389293072482 0.9140828170123579
o 1200 0.9998341327646891 1
o 1250 0.9998341327646891 1
o 1300 0.8859710813027675 0.8956970361196624
o 1350 0.9998341327646891 1
o 1400 0.006331522703298389 0.01827821939550237
o 1450 0.9998341327646891 1
o 1500 0.9942282900275594 0.9963629052366137
o 1550 0.9983090111814497 0.9993589235528288
o 1600 0 0.0020713641682267793
o 1650 0.08306032316747781 0.11614327793171197
o 1700 5.632956977942948e-06 0.0032118347953750117
o 1750 0.6996692778128815 0.7138610155416905
o 1800 0 0.0020713641682267793
o 1850 0.9998341327646891 1
o 1900 0.010172570958342354 0.024407422471889283
o 1950 0.9998341327646891 1
o 2000 0.052678085589198474 0.08017044157933298
o 2050 0.9998341327646891 1
o 2100 0 0.0020713641682267793
o 2150 0 0.0020713641682267793
o 2200 0.9859119871646614 0.9893626095837217
o 2250 0.9998341327646891 1
o 2300 0.9727720379904621 0.9776271480158973
o 2350 0 0.0020713641682267793
o 2400 0.24216252337974148 0.2556421380250938
o 2450 0.9998341327646891 1
o 2500 0.9012562177583474 0.9103668188401757
o 2550 0.64241991332237 0.6572895708272418
o 2600 0.2328908601648176 0.2461969589872942
o 2650 0.9341002974936381 0.941631824781272
o 2700 0 0.0020713641682267793
o 2750 0.92912752848477 0.9369262467836387
o 2800 0.24687922834456202 0.26044382732783905
o 2850 0.12178459975988515 0.16024064144191127
o 2900 0.00822489233438099 0.021369445153623583
o 2950 0 0.0020713641682267793
o 3000 0 0.0020713641682267793
o 3050 0.9998341327646891 1
o 3100 0.8762317980875045 0.8863195581098021
o 3150 0.04282213236022369 0.06807519139473661
o 3200 0.9998341327646891 1
o 3250 0.6850130966020307 0.6994021063111198
o 3300 0 0.0020713641682267793
o 3350 0.07614548054500135 0.10809058600400433
o 3400 0 0.0020713641682267793
o 3450 0.9958693839527153 0.9976408916037268
o 3500 0.9998341327646891 1
o 3550 0.9998341327646891 1
o 3600 0.9998341327646891 1
o 3650 0.5214556956191432 0.5370144501086691
o 3700 0.6799618973120173 0.6944149982127431
o 3750 0.9995349878824095 0.9999681957182616
o 3800 0.9995037605889316 0.9999597116202773
o 3850 0.9998341327646891 1
o 3900 0.9986085425177147 0.9995388235318347
o 3950 0.9951907220735848 0.9971199601512749
o 4000 0.9998341327646891 1
o 4050 0.9998341327646891 1
o 4100 0.9998341327646891 1
o 4150 0.9997041638433968 0.9999976422569008
o 4200 0.9994730802517788 0.9999506585660495
o 4250 0.9998341327646891 1
o 4300 0.9997041638433968 0.9999976422569008
o 4350 0.9998341327646891 1
o 4400 0.016033583751389944 0.0330082146209298
o 4450 0.9998341327646891 1
o 4500 0.9998341327646891 1
o 4550 0.9961886593866796 0.9978814063409852
o 4600 0.9973710703762769 0.9987380436441122
o 4650 0.7761219020957161 0.788982821415761
o 4700 0.9998341327646891 1
o 4750 0.9998341327646891 1
o 4800 0.9998341327646891 1
o 4850 0.9998341327646891 1
o 4900 0.949370823559213 0.9559962166616027
o 4950 0.9998341327646891 1
o 5000 0.9998341327646891 1
o 5050 0.9998341327646891 1
o 5100 0.9998341327646891 1
o 5150 0.9998341327646891 1
o 5200 0.017691765615135285 0.03534005038344528
o 5250 0.6249632015688587 0.6399921412754521
o 5300 0.9997427320109892 0.9999995494141014
o 5350 0.8952526387039557 0.9046123932155232
o 5400 0 0.0020713641682267793
o 5450 0.9468926737904078 0.9536751921321818
o 5500 0.9998341327646891 1
o 5550 0.9918473843023254 0.9944249042949578
o 5600 0.9998341327646891 1
o 5650 0.9998341327646891 1
o 5700 0 0.0020713641682267793
o 5750 0.9998341327646891 1
o 5800 0.9998341327646891 1
o 5850 5.632956977942948e-06 0.0032118347953750117
o 5900 0.9998341327646891 1
o 5950 0.9986338594808787 0.9995534508999316
o 6000 0 0.0020713641682267793
o 6050 0.04818276845357834 0.07468786058498252
o 6100 0.9998341327646891 1
o 6150 0 0.0020713641682267793
o 6200 5.632956977942948e-06 0.0032118347953750117
o 6250 0.10233514072077173 0.13827906143732913
o 6300 0.9984828397939827 0.9994647833575536
o 6350 0.9998341327646891 1
o 6400 0.9998341327646891 1
o 6450 0.9998341327646891 1
o 6500 0.9993545677321739 0.9999100498624323
o 6550 0.9914324568552242 0.9940800068520929
o 6600 0.9998341327646891 1
o 6650 0.9998341327646891 1
o 6700 0 0.0020713641682267793
o 6750 0.9998341327646891 1
o 6800 0.9998341327646891 1
o 6850 0.9965329270499893 0.9981368947272514
o 6900 0.9998341327646891 1
o 6950 0.9998341327646891 1
o 7000 0.9998341327646891 1
o 7050 0.9998341327646891 1
o 7100 0.9997041638433968 0.9999976422569008
o 7150 0.9997848482419177 0.9999999949993749
o 7200 0.9954839710957365 0.997346541069976
o 7250 0.011961986560252047 0.02710571979410768
o 7300 0.8243914012719181 0.8360972163051089
o 7350 0.9998341327646891 1
o 7400 0.9998341327646891 1
o 7450 0.9989698028369127 0.9997365968529984
o 7500 0 0.0020713641682267793
o 7550 0.9998341327646891 1
o 7600 0.9998341327646891 1
o 7650 6.250781184871417e-08 0.0026863809835039826
o 7700 0.9991854194751925 0.9998401310800595
o 7750 0.8328265381592301 0.8442992681656715
o 7800 0.9998341327646891 1
o 7850 0.9998341327646891 1
o 7900 0.9997848482419177 0.9999999949993749
o 7950 0.9998341327646891 1
o 8000 0.9998341327646891 1
o 8050 6.250781184871417e-08 0.0026863809835039826
o 8100 0.9998341327646891 1
o 8150 0.000617231858581449 0.006574120542913898
o 8200 0.5263196775990577 0.541868830230591
o 8250 0 0.0020713641682267793
o 8300 0.9997848482419177 0.9999999949993749
o 8350 0 0.0020713641682267793
o 8400 2.947816983711372e-05 0.003692940350408797
o 8450 0.9842907452973392 0.9879444393090696
o 8500 0 0.0020713641682267793
o 8550 0.9983090111814497 0.9993589235528288
o 8600 0.9267049473943227 0.9346296329973993
o 8650 5.632956977942948e-06 0.0032118347953750117
o 8700 0.9995349878824095 0.9999681957182616
o 8750 0.9495567773006788 0.9561702009396745
o 8800 0.9998341327646891 1
o 8850 0.9998341327646891 1
o 8900 0.9998341327646891 1
o 8950 0.9998341327646891 1
o 9000 0.01915419722294795 0.0373690165936654
o 9050 0.9998341327646891 1
o 9100 0.7520872495858582 0.7654255048109342
o 9150 0 0.0020713641682267793
o 9200 6.250781184871417e-08 0.0026863809835039826
o 9250 0.9997848482419177 0.9999999949993749
o 9300 0 0.0020713641682267793
o 9350 0.9552868863997935 0.9615181800485928
o 9400 0.9544999764691556 0.9607853527704501
o 9450 0 0.0020713641682267793
o 9500 0.9998341327646891 1
o 9550 0.9997427320109892 0.9999995494141014
o 9600 0 0.0020713641682267793
o 9650 0.000617231858581449 0.006574120542913898
o 9700 0 0.0020713641682267793
o 9750 0.9600145658551953 0.9659089195830409
o 9800 0 0.0020713641682267793
o 9850 6.250781184871417e-08 0.0026863809835039826
o 9900 0.7135886569021428 0.7275769759414323
o 9950 0.9978708418570422 0.9990777223722845
o 10000 0.9968566305867094 0.9983729405286069
o 10050 0.9981861524596644 0.9992819780723425
o 10100 0.9996330653686876 0.9999891487861117
o 10150 0.9919348635956496 0.9944973876467749
o 10200 0.9965098982706067 0.9981199404896446
o 10250 0.9960287934415566 0.9977613791038696
o 10300 0.9998341327646891 1
o 10350 0.9997848482419177 0.9999999949993749
o 10400 0.9929664007685888 0.9953453963518445
o 10450 0.8526385584631926 0.8635206489022421
o 10500 0.9985580909074137 0.9995093820155713
o 10550 0.9998341327646891 1
o 10600 0.2904479535074862 0.3047002896610804
o 10650 0 0.0020713641682267793
o 10700 0.8775555342649504 0.8875953816557214
o 10750 0.9931206664299435 0.9954710602649198
o 10800 0.9997848482419177 0.9999999949993749
o 10850 0.9998341327646891 1
o 10900 0.9998341327646891 1
o 10950 0.9994730802517788 0.9999506585660495
o 11000 0.9998341327646891 1
o 11050 0.9998341327646891 1
o 11100 0.33292195709337374 0.34769187594522105
o 11150 0.9998341327646891 1
o 11200 0 0.0020713641682267793
o 11250 0.11332962957692287 0.15073415423233688
o 11300 0.9965098982706067 0.9981199404896446
o 11350 0.9997427320109892 0.9999995494141014
o 11400 0.9998341327646891 1
o 11450 0.9998341327646891 1
o 11500 0.888540241800848 0.8981670214486808
o 11550 0 0.0020713641682267793
o 11600 0.9998341327646891 1
o 11650 0.9725206796913876 0.9773985918037705
o 11700 0.08190574594664105 0.11480325942077396
o 11750 0.032672454544769074 0.0552767677117997
o 11800 0.012564997929673732 0.027998714211979296
o 11850 0.04015727030653605 0.06475348630815157
o 11900 0.9974655152195582 0.9988035045674097
o 11950 0.9998341327646891 1
o 12000 0 0.0020713641682267793
o 12050 0.9998341327646891 1
o 12100 0.9812337946393025 0.9852424748888068
o 12150 0.9998341327646891 1
o 12200 0.9998341327646891 1
o 12250 0.9998341327646891 1
o 12300 0 0.0020713641682267793
o 12350 0.9998341327646891 1
o 12400 0.9818692491843676 0.9858067968264546
o 12450 0.8206013225220414 0.8324085585327272
o 12500 0.0005039517802439839 0.006191718166965772
o 12550 0.9998341327646891 1
o 12600 0.9977509012387189 0.9989978077068437
o 12650 0.9983832285394977 0.9994045786411974
o 12700 0.7330413028182841 0.7467178205868013
o 12750 0.9998341327646891 1
o 12800 0.9998341327646891 1
o 12850 0.24981284648777163 0.2634292107036849
o 12900 0.9772655313217767 0.9816921171327642
o 12950 0.15632755082935282 0.19854186771217486
o 13000 0.9991579479265259 0.9998277281095277
o 13050 0.9604298199969461 0.9662935263634298
o 13100 0.9998341327646891 1
o 13150 0.9998341327646891 1
o 13200 0.9965329270499893 0.9981368947272514
o 13250 0.026381692746177906 0.047100999821437235
o 13300 0.9994130827814862 0.9999311292217218
o 13350 0.9997041638433968 0.9999976422569008
o 13400 0.9998341327646891 1
o 13450 2.947816983711372e-05 0.003692940350408797
o 13500 0.9998341327646891 1
o 13550 0 0.0020713641682267793
o 13600 0 0.0020713641682267793
o 13650 0.9998341327646891 1
o 13700 0.9998341327646891 1
o 13750 0.9998341327646891 1
o 13800 0.9998341327646891 1
o 13850 0.9998341327646891 1
o 13900 0.9998341327646891 1
o 13950 0.9997427320109892 0.9999995494141014
o 14000 0.9998341327646891 1
o 14050 0 0.0020713641682267793
o 14100 0.9998341327646891 1
o 14150 0.9997848482419177 0.9999999949993749
o 14200 0.9998341327646891 1
o 14250 0.9982106455758774 0.9992974473203098
o 14300 0.9998341327646891 1
o 14350 0.9998341327646891 1
o 14400 0.9997848482419177 0.9999999949993749
o 14450 0.7142737561472767 0.7282516473671037
o 14500 0.9998341327646891 1
o 14550 0.9998341327646891 1
o 14600 0 0.0020713641682267793
o 14650 0.9998341327646891 1
o 14700 0.9998341327646891 1
o 14750 0.24410456507499592 0.2576194351356673
o 14800 0.9995668564461055 0.9999760166924246
o 14850 0 0.0020713641682267793
o 14900 0.15704111023491174 0.1993251129070224
o 14950 0.7910632252645156 0.8035965094970529
o 15000 0.9998341327646891 1
o 15050 0.9998341327646891 1
o 15100 0.9594956282661307 0.965428030922456
o 15150 0 0.0020713641682267793
o 15200 0 0.0020713641682267793
o 15250 0.858064293110999 0.8687731080328113
o 15300 0.9997848482419177 0.9999999949993749
o 15350 0.9998341327646891 1
o 15400 0.9974891765373637 0.9988198190301234
o 15450 0.9998341327646891 1
o 15500 0.9998341327646891 1
o 15550 0.9490196135431631 0.9556675437310346
o 15600 0.1775528683606769 0.2217218361328322
o 15650 0.9745752420821037 0.9792633291951166
o 15700 0.9562605618870343 0.9624241792698663
o 15750 0.9913234235525651 0.9939890856379938
o 15800 0.9998341327646891 1
o 15850 0.9998341327646891 1
o 15900 0.9996330653686876 0.9999891487861117
o 15950 0.9863824963889307 0.98977192758153
o 16000 0.9998341327646891 1
o 16050 0.9994428736959391 0.9999411111022777
o 16100 0.9997427320109892 0.9999995494141014
o 16150 0.9998341327646891 1
o 16200 0.9998341327646891 1
o 16250 0.9480901636471847 0.9547973033459114
o 16300 0.9985329522208015 0.9994945720557049
o 16350 0.9998341327646891 1
o 16400 0.9998341327646891 1
o 16450 0.08329133600289977 0.11641118454121582
o 16500 0.9973004383367916 0.9986887437647798
o 16550 0.23631770392842744 0.2496889478955971
o 16600 0.0001356941374875258 0.004579646877596001
o 16650 0.9932309668614495 0.995560709010878
o 16700 0.9998341327646891 1
o 16750 0.8760078005046263 0.8861036301968954
o 16800 0.9998341327646891 1
o 16850 0.9988909714709537 0.999695676843098
o 16900 0 0.0020713641682267793
o 16950 0.9998341327646891 1
o 17000 0.9998341327646891 1
o 17050 0.9997848482419177 0.9999999949993749
o 17100 0.949040271661384 0.9556868787280679
o 17150 0.007081356017377874 0.0195220662490478
o 17200 0.9998341327646891 1
o 17250 0 0.0020713641682267793
o 17300 0.9058339780903162 0.9147475372660825
o 17350 0.9994730802517788 0.9999506585660495
o 17400 0.9956197351732944 0.9974506954889344
o 17450 0.0011254779614795 0.008050954653532552
o 17500 0.9998341327646891 1
o 17550 0.9998341327646891 1
o 17600 0.9998341327646891 1
o 17650 0 0.0020713641682267793
o 17700 0.9989962943624098 0.9997500155155601
o 17750 0.9997848482419177 0.9999999949993749
o 17800 0 0.0020713641682267793
o 17850 0.9998341327646891 1
o 17900 0.00039780109237607124 0.005802461929782443
o 17950 0.9998341327646891 1
o 18000 0.9998341327646891 1
o 18050 0.04930433403816247 0.07606075843704505
o 18100 0.9998341327646891 1
o 18150 0.9998341327646891 1
o 18200 0.9998341327646891 1
o 18250 0.9998341327646891 1
o 18300 0.9927903109592645 0.9952015656674656
o 18350 0.9998341327646891 1
o 18400 0.9998341327646891 1
o 18450 0.0893086697804646 0.12336578911264373
o 18500 0.9998341327646891 1
o 18550 0.9998341327646891 1
o 18600 0.968130784225326 0.973389973951615
o 18650 0.9998341327646891 1
o 18700 0.009975735489535082 0.024105655668209307
o 18750 0.9994730802517788 0.9999506585660495
o 18800 0.9996330653686876 0.9999891487861117
o 18850 0.9997848482419177 0.9999999949993749
o 18900 0.9171501876675525 0.9255475676248348
o 18950 0.9998341327646891 1
o 19000 0.9973239637541158 0.9987051958885027
o 19050 0 0.0020713641682267793
o 19100 0.9998341327646891 1
o 19150 0 0.0020713641682267793
o 19200 0.7234640934905654 0.7372982341855305
o 19250 0.0005039517802439839 0.006191718166965772
o 19300 0.051102018406038514 0.07825423129249622
o 19350 0.9998341327646891 1
o 19400 0.9998341327646891 1
o 19450 0 0.0020713641682267793
o 19500 0.9997848482419177 0.9999999949993749
o 19550 0 0.0020713641682267793
o 19600 0 0.0020713641682267793
o 19650 0.9254120815190988 0.9334029285133612
o 19700 0 0.0020713641682267793
o 19750 0 0.0020713641682267793
o 19800 0.9998341327646891 1
o 19850 0 0.0020713641682267793
o 19900 0.9998341327646891 1
o 19950 0.9998341327646891 1
o 20000 0.9629025803835009 0.9685799369268426
o 20050 0 0.0020713641682267793
o 20100 0.9957104012102842 0.9975199739418511
o 20150 0.9398620730416114 0.9470681330937818
o 20200 0.9998341327646891 1
o 20250 0.0937187093785788 0.1284352794554925
o 20300 0.9653373638022974 0.9708243354937511
o 20350 0.9998341327646891 1
o 20400 0 0.0020713641682267793
o 20450 0.9143036597373566 0.9228350413495483
o 20500 0.9068562490453767 0.9157249266180073
o 20550 0.9998341327646891 1
o 20600 0.9994428736959391 0.9999411111022777
o 20650 0 0.0020713641682267793
o 20700 0.9998341327646891 1
o 20750 0.005048157084681507 0.016073311665877735
o 20800 0.9998341327646891 1
o 20850 0.8650588147514002 0.8755362585365705
o 20900 0 0.0020713641682267793
o 20950 6.250781184871417e-08 0.0026863809835039826
o 21000 0.9858478710599943 0.9893067491495364
o 21050 0.8920691152147856 0.9015569749082579
o 21100 0.9710974059806736 0.9761023487606267
o 21150 0 0.0020713641682267793
o 21200 0.18736767714831687 0.23236344532295386
o 21250 0.9998341327646891 1
o 21300 0.9998341327646891 1
o 21350 0.3398053546423874 0.35464614556213453
o 21400 0.9998341327646891 1
o 21450 0.9998341327646891 1
o 21500 0.9993836603972313 0.9999207619417313
o 21550 0.9998341327646891 1
o 21600 0.9998341327646891 1
o 21650 0.24196436623494555 0.25544036263950337
o 21700 0.7126416407314881 0.7266443091238515
o 21750 0 0.0020713641682267793
o 21800 0.9998341327646891 1
o 21850 0.9998341327646891 1
o 21900 0.6031219145713165 0.618320762947272
o 21950 0.9998341327646891 1
o 22000 0.8752543947720635 0.8853772865258924
o 22050 0.9642547760451319 0.969827287199934
o 22100 0.9998341327646891 1
o 22150 0.00029995700032225335 0.005405172829995002
o 22200 0.050877098616604055 0.07798025541071582
o 22250 0 0.0020713641682267793
o 22300 0.9998341327646891 1
o 22350 0 0.0020713641682267793
o 22400 0.9998341327646891 1
o 22450 0.6947359512548517 0.7089959944090644
o 22500 6.250781184871417e-08 0.0026863809835039826
o 22550 0.9998341327646891 1
o 22600 0.9998341327646891 1
o 22650 0.9998341327646891 1
o 22700 0.9998341327646891 1
o 22750 0.9997427320109892 0.9999995494141014
o 22800 0 0.0020713641682267793
o 22850 0.9839289070885431 0.9876264073575766
o 22900 0.9977269908240748 0.9989817458746689
o 22950 0 0.0020713641682267793
o 23000 0.002798082592817977 0.011848799571119218
o 23050 0.9998341327646891 1
o 23100 0.9994130827814862 0.9999311292217218
o 23150 0 0.0020713641682267793
o 23200 0 0.0020713641682267793
o 23250 0.9998341327646891 1
o 23300 0.9998341327646891 1
o 23350 0 0.0020713641682267793
o 23400 0.9998341327646891 1
o 23450 0 0.0020713641682267793
o 23500 0 0.0020713641682267793
o 23550 0.9998341327646891 1
o 23600 0.9998341327646891 1
o 23650 0.8905798552646872 0.9001267299257797
o 23700 0.03223557273136373 0.05471593499218935
o 23750 0.9998341327646891 1
o 23800 0.9998341327646891 1
o 23850 0.9998341327646891 1
o 23900 0.9916725594185718 0.9942798033644066
o 23950 0 0.0020713641682267793
o 24000 0 0.0020713641682267793
o 24050 0.9769287851890146 0.9813889792132233
o 24100 0 0.0020713641682267793
o 24150 0.9998341327646891 1
o 24200 0 0.0020713641682267793
o 24250 0.995123215051994 0.9970675052663163
o 24300 0.008032869078573026 0.02106295381068159
o 24350 0.9994428736959391 0.9999411111022777
o 24400 0.9925265848321876 0.9949854092341149
o 24450 0.9998341327646891 1
o 24500 0.9990764961900913 0.9997895193987295
o 24550 0.9998341327646891 1
o 24600 0.9997427320109892 0.9999995494141014
o 24650 0 0.0020713641682267793
o 24700 0 0.0020713641682267793
o 24750 0.06926303456408063 0.10000560540664355
o 24800 0.9550797777140226 0.9613253579077785
o 24850 0.9062837566033998 0.9151776092941827
o 24900 0.9998341327646891 1
o 24950 0 0.0020713641682267793
o 25000 0.9998341327646891 1
o 25050 0 0.0020713641682267793
o 25100 0.9998341327646891 1
o 25150 0.9998341327646891 1
o 25200 0.9737990474934207 0.9785597887219037
o 25250 0.9998341327646891 1
o 25300 0.9998341327646891 1
o 25350 0.9998341327646891 1
o 25400 0.9998341327646891 1
o 25450 0.04082244975256129 0.06558494263655006
o 25500 0.9998341327646891 1
o 25550 0.9997848482419177 0.9999999949993749
o 25600 0 0.0020713641682267793
o 25650 0.9998341327646891 1
o 25700 0.9998341327646891 1
o 25750 0 0.0020713641682267793
o 25800 0 0.0020713641682267793
o 25850 0.9998341327646891 1
o 25900 0.9998341327646891 1
o 25950 0 0.0020713641682267793
o 26000 0.9997848482419177 0.9999999949993749
o 26050 0 0.0020713641682267793
o 26100 0.9998341327646891 1
o 26150 0.9927463231219644 0.9951655732255656
o 26200 0 0.0020713641682267793
o 26250 0.9998341327646891 1
o 26300 0.5005269796390568 0.5161102164174062
o 26350 0 0.0020713641682267793
o 26400 0 0.0020713641682267793
o 26450 0.9070811713009219 0.9159399296232946
o 26500 0 0.0020713641682267793
o 26550 0 0.0020713641682267793
o 26600 0.623939028494525 0.6389766581740901
o 26650 0.9998341327646891 1
o 26700 0.9676092012258247 0.9729117329198195
o 26750 0.9665874714220267 0.9719738070910572
o 26800 0 0.0020713641682267793
o 26850 0.999667827592453 0.9999940967944916
o 26900 0.9998341327646891 1
o 26950 0.9995994914601743 0.999983053576263
o 27000 0.9998341327646891 1
o 27050 0.04104433247683375 0.06586193942123021
o 27100 0.016860824610016138 0.03417596064129381
o 27150 0.9997041638433968 0.9999976422569008
o 27200 7.381303257431036e-05 0.004146138037869025
o 27250 0.000617231858581449 0.006574120542913898
o 27300 0.9998341327646891 1
o 27350 0.9998341327646891 1
o 27400 0.9998341327646891 1
o 27450 0.09604387064491109 0.1310993556353212
o 27500 0.3513080499355735 0.3662595533737951
o 27550 0.9998341327646891 1
o 27600 0.9998341327646891 1
o 27650 0.013373587127475387 0.029184866067127228
o 27700 0.9995037605889316 0.9999597116202773
o 27750 0 0.0020713641682267793
o 27800 0 0.0020713641682267793
o 27850 0.9998341327646891 1
o 27900 0 0.0020713641682267793
o 27950 0.9998341327646891 1
o 28000 0.9137304387139572 0.9222884528332862
o 28050 0 0.0020713641682267793
o 28100 0.9998341327646891 1
o 28150 0.9615930369897485 0.9673699195687134
o 28200 0.9185228016957739 0.9268544975260062
o 28250 0.9998341327646891 1
o 28300 0.9998341327646891 1
o 28350 0 0.0020713641682267793
o 28400 0.007650494951947706 0.02044833171916564
o 28450 0.9998341327646891 1
o 28500 0.005048157084681507 0.016073311665877735
o 28550 0 0.0020713641682267793
o 28600 0.017900054036406904 0.03563052603176117
o 28650 0.9997848482419177 0.9999999949993749
o 28700 0.9998341327646891 1
o 28750 0.9658164463336308 0.9712650917730525
o 28800 0.0034673555456172247 0.013171012725494915
o 28850 0.9989962943624098 0.9997500155155601
o 28900 0.9690283870810151 0.9742120679725605
o 28950 0.9998341327646891 1
o 29000 0 0.0020713641682267793
o 29050 0.9998341327646891 1
o 29100 0.8084067928011835 0.8205271548275606
o 29150 0.9998341327646891 1
o 29200 0 0.0020713641682267793
o 29250 0 0.0020713641682267793
o 29300 0.9997848482419177 0.9999999949993749
o 29350 0 0.0020713641682267793
o 29400 0.9997848482419177 0.9999999949993749
o 29450 0.9997848482419177 0.9999999949993749
o 29500 0.04259964583331202 0.06779879495009956
o 29550 0.9998341327646891 1
o 29600 0.9995994914601743 0.999983053576263
o 29650 0.9997041638433968 0.9999976422569008
o 29700 0.35355740072397895 0.3685294407562937
o 29750 0.9998341327646891 1
o 29800 0 0.0020713641682267793
o 29850 0 0.0020713641682267793
o 29900 0.006331522703298389 0.01827821939550237
o 29950 0.9998341327646891 1
o 30000 0.020837393278331375 0.039676116970114604
o 30050 0.3270545470273103 0.3417612750463575
o 30100 0.9998341327646891 1
o 30150 0.9998341327646891 1
o 30200 0.9639842463062978 0.9695779078267541
o 30250 0.0005039517802439839 0.006191718166965772
o 30300 0.9998341327646891 1
o 30350 0.9998341327646891 1
o 30400 0.5188738821145149 0.5344371331126498
o 30450 0 0.0020713641682267793
o 30500 0.14019230878121586 0.18074960141437657
o 30550 0.9998341327646891 1
o 30600 0.9998341327646891 1
o 30650 0.999667827592453 0.9999940967944916
o 30700 0.9989962943624098 0.9997500155155601
o 30750 0.9998341327646891 1
o 30800 0 0.0020713641682267793
o 30850 0.026381692746177906 0.047100999821437235
o 30900 0.590602500529023 0.6058843834358787
o 30950 7.381303257431036e-05 0.004146138037869025
o 31000 0.0012634637878653678 0.008409713721628458
o 31050 0.9998341327646891 1
o 31100 0.9998341327646891 1
o 31150 0.9898896710111115 0.9927834192764732
o 31200 0 0.0020713641682267793
o 31250 0.9998341327646891 1
o 31300 0 0.0020713641682267793
o 31350 0.5653786054816028 0.5807967584270711
o 31400 0 0.0020713641682267793
o 31450 0.9998341327646891 1
o 31500 0 0.0020713641682267793
o 31550 0.9684647040798979 0.9736959413760735
o 31600 0.9998341327646891 1
o 31650 0 0.0020713641682267793
o 31700 0 0.0020713641682267793
o 31750 0.9997848482419177 0.9999999949993749
o 31800 0.9998341327646891 1
o 31850 0.992834312502699 0.9952375443419499
o 31900 0.9997848482419177 0.9999999949993749
o 31950 0 0.0020713641682267793
o 32000 0.9998341327646891 1
o 32050 0.9998341327646891 1
o 32100 0.9998341327646891 1
o 32150 0 0.0020713641682267793
o 32200 0.9998341327646891 1
o 32250 0.9998341327646891 1
o 32300 0.8702468263853107 0.8805465207142534
o 32350 0.9497427443078423 0.9563441719443223
o 32400 0 0.0020713641682267793
o 32450 0.9998341327646891 1
o 32500 0 0.0020713641682267793
o 32550 0.10420280395658853 0.14040280747343317
o 32600 0.8607476831411593 0.8713688248588254
o 32650 0.9998341327646891 1
o 32700 6.250781184871417e-08 0.0026863809835039826
o 32750 0.9708464257818212 0.9758734140401424
o 32800 0.10396925921937622 0.14013742583915842
o 32850 0.9994428736959391 0.9999411111022777
o 32900 0.9998341327646891 1
o 32950 0.9998341327646891 1
o 33000 0.9998341327646891 1
o 33050 0.9998341327646891 1
o 33100 0.8263983284204343 0.8380496201996621
o 33150 0.05538631545296151 0.08344900286979269
o 33200 0.5690867131708213 0.5844874037132723
o 33250 0.9988648919050603 0.9996818331281274
o 33300 0.002473307911623271 0.011178161154965364
o 33350 0.7222344722727325 0.7360882668785143
o 33400 0.9647543377023802 0.9702875576466375
o 33450 0.9998341327646891 1
o 33500 0.9998341327646891 1
o 33550 0.9998341327646891 1
o 33600 0.5041075032947602 0.5196884862560935
o 33650 0 0.0020713641682267793
o 33700 0.8903758697076738 0.8999307832946295
o 33750 0.6994074847130722 0.7136028963164985
o 33800 0 0.0020713641682267793
o 33850 0.9994130827814862 0.9999311292217218
o 33900 0.9998341327646891 1
o 33950 0.9998341327646891 1
o 34000 0.0048682594885901005 0.015754969810488965
o 34050 0 0.0020713641682267793
o 34100 0.98648951192276 0.9898648725934984
o 34150 0.26226540041158763 0.27609242031430886
o 34200 0.9998341327646891 1
o 34250 0.9998341327646891 1
o 34300 0 0.0020713641682267793
o 34350 0.9998341327646891 1
o 34400 0.9998341327646891 1
o 34450 0.32174515540868925 0.3363924669591494
o 34500 0.9892409452150422 0.9922323995286272
o 34550 0 0.0020713641682267793
o 34600 0.04171044205042309 0.06669247105462023
o 34650 0 0.0020713641682267793
o 34700 0.9998341327646891 1
o 34750 0.9997848482419177 0.9999999949993749
o 34800 0 0.0020713641682267793
o 34850 0 0.0020713641682267793
o 34900 5.632956977942948e-06 0.0032118347953750117
o 34950 0.9998341327646891 1
o 35000 0.9995037605889316 0.9999597116202773
o 35050 0.9998341327646891 1
o 35100 0 0.0020713641682267793
o 35150 0 0.0020713641682267793
o 35200 0.9992130705901283 0.9998523473218875
o 35250 0.9998341327646891 1
o 35300 0.9918473843023254 0.9944249042949578
o 35350 0.9998341327646891 1
o 35400 0.0001356941374875258 0.004579646877596001
o 35450 0.9237298535467046 0.9318057154916997
o 35500 0.8890704898207291 0.8986765971459958
o 35550 0.006705084918636512 0.018901467609813177
o 35600 0 0.0020713641682267793
o 35650 0.9746382040678345 0.9793203456954322
o 35700 0.9998341327646891 1
o 35750 0.8666657892490772 0.8770887493162993
o 35800 0.9998341327646891 1
o 35850 0.6492930536726185 0.6640941246418031
o 35900 0 0.0020713641682267793
o 35950 0.9998341327646891 1
o 36000 0.2207957232661686 0.26828782559235226
o 36050 0.9998341327646891 1
o 36100 0.9998341327646891 1
o 36150 0.9998341327646891 1
o 36200 0 0.0020713641682267793
o 36250 0.9971596588721745 0.9985896533979244
o 36300 0.9998341327646891 1
o 36350 0.9998341327646891 1
o 36400 0.9994730802517788 0.9999506585660495
o 36450 0 0.0020713641682267793
o 36500 0 0.0020713641682267793
o 36550 0 0.0020713641682267793
o 36600 0.9998341327646891 1
o 36650 0 0.0020713641682267793
o 36700 0.9998341327646891 1
o 36750 0 0.0020713641682267793
o 36800 0.9998341327646891 1
o 36850 0.9998341327646891 1
o 36900 0.9998341327646891 1
o 36950 0.9998341327646891 1
o 37000 0 0.0020713641682267793
o 37050 0.24099342411537417 0.2544516353623941
o 37100 0 0.0020713641682267793
o 37150 0.914406026900107 0.9229326401739836
o 37200 0 0.0020713641682267793
o 37250 0 0.0020713641682267793
o 37300 0.9998341327646891 1
o 37350 0 0.0020713641682267793
o 37400 0.9998341327646891 1
o 37450 0.8803054659008496 0.8902445354614513
o 37500 0 0.0020713641682267793
o 37550 0.9451180205297185 0.9520104363954837
o 37600 0 0.0020713641682267793
o 37650 0.9997848482419177 0.9999999949993749
o 37700 0 0.0020713641682267793
o 37750 0.9996330653686876 0.9999891487861117
o 37800 0.9998341327646891 1
o 37850 0.9998341327646891 1
o 37900 0.9981372773655357 0.999250926354604
o 37950 0.9791835465362813 0.9834134386229123
o 38000 0 0.0020713641682267793
o 38050 0 0.0020713641682267793
o 38100 0.9998341327646891 1
o 38150 0.9998341327646891 1
o 38200 0 0.0020713641682267793
o 38250 0.9966482500970759 0.9982214850281314
o 38300 0.9997848482419177 0.9999999949993749
o 38350 0.9998341327646891 1
o 38400 0.30157139464527627 0.31597307200732
o 38450 0.9998341327646891 1
o 38500 0.9991854194751925 0.9998401310800595
o 38550 0.9998341327646891 1
o 38600 0.928634689782247 0.9364592492838484
o 38650 0.9997041638433968 0.9999976422569008
o 38700 0.9998341327646891 1
o 38750 0.6169515127576529 0.6320465199746897
o 38800 0 0.0020713641682267793
o 38850 0.9269307243013004 0.9348437810589497
o 38900 0.00039780109237607124 0.005802461929782443
o 38950 0.9998341327646891 1
o 39000 0.8766390806926914 0.8867121400393554
o 39050 0.9998341327646891 1
o 39100 0.00029995700032225335 0.005405172829995002
o 39150 0.9998341327646891 1
o 39200 0 0.0020713641682267793
o 39250 0.9995668564461055 0.9999760166924246
o 39300 5.632956977942948e-06 0.0032118347953750117
o 39350 0 0.0020713641682267793
o 39400 6.250781184871417e-08 0.0026863809835039826
o 39450 0 0.0020713641682267793
o 39500 0.04482775277826996 0.0705595357177573
o 39550 0.9998341327646891 1
o 39600 0.9968566305867094 0.9983729405286069
o 39650 0.9992689677678938 0.9998761603306524
o 39700 0.999667827592453 0.9999940967944916
o 39750 0.01317096789062077 0.028888793313932844
o 39800 0.9998341327646891 1
o 39850 0.008610537935773608 0.02198085951972012
o 39900 0.9998341327646891 1
o 39950 0.9998341327646891 1
o 40000 0.9998341327646891 1
o 40050 0.769029579540077 0.7820375130296192
o 40100 0.9991579479265259 0.9998277281095277
o 40150 0 0.0020713641682267793
o 40200 0.7075445217728054 0.7216231345087574
o 40250 0.8566212326730582 0.8673766488233687
o 40300 0.9998341327646891 1
o 40350 0 0.0020713641682267793
o 40400 0.9976078010658791 0.9989010690693864
o 40450 0.9997848482419177 0.9999999949993749
o 40500 0.9998341327646891 1
o 40550 0.9998341327646891 1
o 40600 0.9998341327646891 1
o 40650 0 0.0020713641682267793
o 40700 0.20128842202355798 0.24738109233876773
o 40750 0.9997427320109892 0.9999995494141014
o 40800 0.9998341327646891 1
o 40850 0.7242704384488556 0.738091619404988
o 40900 0 0.0020713641682267793
o 40950 0 0.0020713641682267793
o 41000 0.3106724682039166 0.32518890999453504
o 41050 0.9998341327646891 1
o 41100 0.9998341327646891 1
o 41150 0 0.0020713641682267793
o 41200 0.9997848482419177 0.9999999949993749
o 41250 0.9998341327646891 1
o 41300 0.9982351769925621 0.9993128775364319
o 41350 0.000617231858581449 0.006574120542913898
o 41400 0.005410690075298789 0.01670732743509437
o 41450 0.9998341327646891 1
o 41500 0.39744481835248363 0.41274717194085575
o 41550 0.1828166122513477 0.2274347032713349
o 41600 0.9861685569028715 0.9895859457654059
o 41650 0.9998341327646891 1
o 41700 0.23526779847343807 0.24861921096606937
o 41750 0 0.0020713641682267793
o 41800 0 0.0020713641682267793
o 41850 0 0.0020713641682267793
o 41900 0 0.0020713641682267793
o 41950 0.9998341327646891 1
o 42000 0.9998341327646891 1
o 42050 0.8580439669763508 0.8687534409332314
o 42100 0.9434887599194839 0.9504802394005588
o 42150 0.978529607104443 0.9828276047938267
o 42200 0.9998341327646891 1
o 42250 0.99305453075004 0.9954172262285579
o 42300 0.732597636051425 0.7462816357685389
o 42350 0 0.0020713641682267793
o 42400 0.9826751719903277 0.9865205891571344
o 42450 0.9998341327646891 1
o 42500 0.9959148847383079 0.9976753617509267
o 42550 0 0.0020713641682267793
o 42600 0.9998341327646891 1
o 42650 0.9998341327646891 1
o 42700 0.9866608015051405 0.9900135197336718
o 42750 0 0.0020713641682267793
o 42800 0.9692998782203252 0.9744604850721091
o 42850 0 0.0020713641682267793
o 42900 0.05787560442607175 0.08644763601621319
o 42950 0.9998341327646891 1
o 43000 0 0.0020713641682267793
o 43050 0.9997427320109892 0.9999995494141014
o 43100 0.9964868811160716 0.9981029745163158
o 43150 0.9998341327646891 1
o 43200 0.8927424387444787 0.9022034275568438
o 43250 0 0.0020713641682267793
o 43300 0.9957557829105014 0.9975545641136533
o 43350 0.9998341327646891 1
o 43400 0 0.0020713641682267793
o 43450 0.2639712414154612 0.2778259991969264
o 43500 0.9994428736959391 0.9999411111022777
o 43550 0.9993836603972313 0.9999207619417313
o 43600 0.03905023286100846 0.0633661402965192
o 43650 0.9998341327646891 1
o 43700 0.9998341327646891 1
o 43750 0.9962802289563546 0.9979497738504884
o 43800 0.0009913927362599764 0.007688463700958955
o 43850 0.9998341327646891 1
o 43900 0.9998341327646891 1
o 43950 0 0.0020713641682267793
o 44000 0 0.0020713641682267793
o 44050 0.9998341327646891 1
o 44100 0.09418352080375887 0.12896831492729843
o 44150 0.9998341327646891 1
o 44200 0.9998341327646891 1
o 44250 0 0.0020713641682267793
o 44300 0.9998341327646891 1
o 44350 0.9998341327646891 1
o 44400 0 0.0020713641682267793
o 44450 0.9998341327646891 1
o 44500 0.9970194794753271 0.9984899558577296
o 44550 0.9998341327646891 1
o 44600 0 0.0020713641682267793
o 44650 0.9998341327646891 1
o 44700 0.9998341327646891 1
o 44750 0.7241091671733904 0.7379329446450624
o 44800 0.9994130827814862 0.9999311292217218
o 44850 0.9998341327646891 1
o 44900 0 0.0020713641682267793
o 44950 0 0.0020713641682267793
o 45000 0.9998341327646891 1
o 45050 0.9748900938512884 0.9795483698056122
o 45100 0.9998341327646891 1
o 45150 0 0.0020713641682267793
o 45200 0 0.0020713641682267793
o 45250 0.9998341327646891 1
o 45300 0.9998341327646891 1
o 45350 0.9997848482419177 0.9999999949993749
o 45400 0 0.0020713641682267793
o 45450 0.052227492982510504 0.07962323926104116
o 45500 0.18784700651795627 0.232881990705041
o 45550 0.028107075654713258 0.0493663056857302
o 45600 0.9516651980517514 0.9581410771852177
o 45650 0.9997848482419177 0.9999999949993749
o 45700 0.9998341327646891 1
o 45750 0.9998341327646891 1
o 45800 0.9998341327646891 1
o 45850 0.9998341327646891 1
o 45900 0.9998341327646891 1
o 45950 0.9998341327646891 1
o 46000 0 0.0020713641682267793
o 46050 0.9867893218198975 0.9901249518358097
o 46100 0.9998341327646891 1
o 46150 0.6602091752879614 0.6748943418617734
o 46200 0.9993257723589519 0.9998990270247116
o 46250 5.632956977942948e-06 0.0032118347953750117
o 46300 0.9998341327646891 1
o 46350 0.9998341327646891 1
o 46400 0 0.0020713641682267793
o 46450 0.2573866330569288 0.2711328471144787
o 46500 0.013983254317274527 0.030071300002679765
o 46550 0.9981372773655357 0.999250926354604
o 46600 0.9998341327646891 1
o 46650 0.10210179526154085 0.13801348101447272
o 46700 0.00398401291346306 0.014148429407498173
o 46750 0.1484877422881378 0.18991684039686194
o 46800 0.9998341327646891 1
o 46850 0.9931868354253965 0.9955248608293056
o 46900 0.5061079696748056 0.521687345850098
o 46950 0.8612763100752115 0.8718800219877049
o 47000 0.996740732159925 0.9982889314230388
o 47050 0.9998341327646891 1
o 47100 0.9998341327646891 1
o 47150 0.9998341327646891 1
o 47200 0.023383326440600958 0.043115840457510275
o 47250 0.9998341327646891 1
o 47300 0.9998341327646891 1
o 47350 6.250781184871417e-08 0.0026863809835039826
o 47400 0.9998341327646891 1
o 47450 0.9998341327646891 1
o 47500 0.9997848482419177 0.9999999949993749
o 47550 0.9998341327646891 1
o 47600 0 0.0020713641682267793
o 47650 0.9998341327646891 1
o 47700 5.632956977942948e-06 0.0032118347953750117
o 47750 0.9998341327646891 1
o 47800 0.9998341327646891 1
o 47850 0.9991579479265259 0.9998277281095277
o 47900 0 0.0020713641682267793
o 47950 0.9994730802517788 0.9999506585660495
o 48000 0.9989434220919949 0.9997230637730918
o 48050 0 0.0020713641682267793
o 48100 0.9995994914601743 0.999983053576263
o 48150 0.9998341327646891 1
o 48200 0.4945269969698643 0.510112221161449
o 48250 0.06127985591593974 0.09052695649860938
o 48300 0 0.0020713641682267793
o 48350 0 0.0020713641682267793
o 48400 0.9998341327646891 1
o 48450 0.9998341327646891 1
o 48500 0 0.0020713641682267793
o 48550 0.9998341327646891 1
o 48600 0 0.0020713641682267793
o 48650 0.9998341327646891 1
o 48700 0.9998341327646891 1
o 48750 0 0.0020713641682267793
o 48800 0.0011254779614795 0.008050954653532552
o 48850 0.9998341327646891 1
o 48900 0.45383675941131674 0.4693761819331749
o 48950 0.9998341327646891 1
o 49000 0.9998341327646891 1
o 49050 0.04015727030653605 0.06475348630815157
o 49100 0.9996330653686876 0.9999891487861117
o 49150 0.2627017658144694 0.2765359065094346
o 49200 0.9998341327646891 1
o 49250 0.9998341327646891 1
o 49300 0.9998341327646891 1
o 49350 0.9995668564461055 0.9999760166924246
o 49400 0.9906053334597118 0.993387470409354
o 49450 0.9997848482419177 0.9999999949993749
o 49500 0.9663582049631428 0.9717631507646111
o 49550 0.9998341327646891 1
o 49600 0.9997848482419177 0.9999999949993749
o 49650 0.9998341327646891 1
o 49700 0.9998341327646891 1
o 49750 0.9998341327646891 1
o 49800 0.9998341327646891 1
o 49850 0.9995668564461055 0.9999760166924246
o 49900 0.047510585395948664 0.07386336940235934
o 49950 0 0.0020713641682267793
