
x disttype L1-general-gaussian
x k 75260
x std 0.75
x N 100000
x alpha 0.001

o 0 0.08694965390099492 0.09291243138751137
o 500 0.9970359738317937 0.9980678631245689
o 1000 0.9448544412230092 0.949517809150222
o 1500 0.9126810797258103 0.9184759964974704
o 2000 0.00465104398682129 0.006184342459996106
o 2500 0.07973265740689953 0.08547054345336103
o 3000 0.006117668850038007 0.007857398869214882
o 3500 0.9999239938640181 1
o 4000 0.9999000177236425 0.9999999949987496
o 4500 0.9966943338088791 0.997789607369149
o 5000 0.9999000177236425 0.9999999949987496
o 5500 0.9722514579334965 0.9755766559448683
o 6000 0 7.600613598195117e-05
o 6500 0.7290477839213944 0.7382568702929069
o 7000 0.9995789431075351 0.9999025818545951
o 7500 0.014390024773241195 0.016983525851397396
o 8000 0.9549415461734733 0.9591691874176232
o 8500 0.0016028492271814494 0.00255345403601126
o 9000 0.01881553636534513 0.021757269382688738
o 9500 0.9997934737315558 0.9999865160465087
o 10000 0.41190077670830416 0.4221717716356327
o 10500 0.8975831685599556 0.9038161709266419
o 11000 0.8468591347814596 0.8542878125607474
o 11500 0.5577389610580425 0.5680715245417038
o 12000 5.989982447642937e-05 0.0003389869312588889
o 12500 0.014821855849479855 0.017451621002065654
o 13000 0.9535397909618076 0.957831153651727
o 13500 0.9911359726350916 0.9929891404691831
o 14000 0.944844233899142 0.949508018007347
o 14500 0.9906498072632175 0.9925553911185063
o 15000 0.9922806508740988 0.9940042560791353
o 15500 0.9360026194313725 0.9410109597266568
o 16000 0.9995522439324256 0.9998893888980779
o 16500 0.24499144894265648 0.25400644689569496
o 17000 0.9999239938640181 1
o 17500 0.9999000177236425 0.9999999949987496
o 18000 0.9291289702870389 0.9343856399323408
o 18500 0.9820077971319816 0.9846788109772396
o 19000 0.8399610749226527 0.8475269077340875
o 19500 0.8677723471661587 0.8747514624614041
o 20000 0.7710419051077563 0.7797364315543143
o 20500 0.045873264214846055 0.050335208277130006
o 21000 0.3041217128877053 0.31374718864669493
o 21500 0.9023900176396109 0.9084886012557493
o 22000 0.04898442391621661 0.053583560362345906
o 22500 0.5647181505341528 0.5750312809071797
o 23000 0.026042386615599006 0.02946923725432793
o 23500 6.325016901498972e-06 0.00017409556964631534
o 24000 0.1370843188128517 0.14433005597420667
o 24500 0.12200700140470047 0.12890968663247937
o 25000 0.9964529672860731 0.997591042395597
o 25500 0.9249066930137092 0.9303085503566372
o 26000 0.8013936162333796 0.8096401583337426
o 26500 0.07317130166001679 0.07869291526950906
o 27000 0.9944482968511198 0.995896187267895
o 27500 0.40827755003293287 0.4185355473333797
o 28000 0.9015684329659938 0.9076903090904518
o 28500 1.4970523492445002e-06 0.00013933261449239343
o 29000 0.020659329181076044 0.02373317190505564
o 29500 0.986437535452134 0.98874836730814
o 30000 0.006080145224794197 0.007814930270808484
o 30500 0.8677521179755655 0.8747316946864009
o 31000 0.2149412989551617 0.22356117583150692
o 31500 0 7.600613598195117e-05
o 32000 0.9981552719912345 0.998948119032298
o 32500 0.015282766627533684 0.01795063178820222
o 33000 0.9778079634014579 0.9807792980298903
o 33500 0.9537546215379852 0.9580362907408669
o 34000 0.004520968110086836 0.006034448446158747
o 34500 0.9547368744482133 0.9589738899606606
o 35000 0.07360395062027518 0.07914019925051474
o 35500 0.01475466449662376 0.017378823815091704
o 36000 0.04742852327053363 0.05195970502502412
o 36500 0.34089748322506214 0.35080583304319257
o 37000 0.05305804476221884 0.057829301837368896
o 37500 0.001103675421040018 0.0019128990035982563
o 38000 1.4970523492445002e-06 0.00013933261449239343
o 38500 0.5783090349842367 0.5885783440740684
o 39000 0.1534631919496965 0.16104867382717625
o 39500 3.196117695385182e-07 0.00012050793847773189
o 40000 0.9805540150583976 0.9833328204246811
o 40500 0.06410211518101826 0.06930350968999788
o 41000 0.5411212354180499 0.551491760772352
o 41500 0.47905614330231966 0.48946623716381166
o 42000 0.7367200581364948 0.7458434414065438
o 42500 0.4621059851899792 0.4724989602621915
o 43000 0 7.600613598195117e-05
o 43500 0.5547453366485279 0.5650856011629392
o 44000 0.007661760825927521 0.009592998622664606
o 44500 0.9094727562634616 0.915364800900782
o 45000 0.9699129568721473 0.9733755132693751
o 45500 0.03122982568848018 0.03496096469589882
o 46000 0.21724483990969307 0.22589728364674933
o 46500 0.3317302342104966 0.34157447376304073
o 47000 0.910812798810099 0.916664557476973
o 47500 0.9909562141191177 0.9928289306541392
o 48000 0.6768443495403677 0.6865481664992529
o 48500 5.001250404704258e-09 9.998227635754642e-05
o 49000 0.9996892172795872 0.9999517166583664
o 49500 0.25254600975938585 0.26165073586568066
