
x disttype gaussian
x k None
x std 0.5
x N 50000
x alpha 0.0005

o 0 0.08977013023010462 0.09888678564714382
o 10 0.9827813027071018 0.9866144208021582
o 20 0.6751128671323307 0.6896256535215821
o 30 0.995597088530767 0.9974333558587295
o 40 0.546423998190869 0.5619177422823876
o 50 0.9998341327646891 1
o 60 0.9832697797098506 0.9870457701619012
o 70 0.45729221611221216 0.4728395591522413
o 80 0.9993545677321735 0.9999100498624319
o 90 0.7665246655116381 0.7795832639302986
o 100 0.548527276968347 0.5640137557549895
o 110 0.1356332696658538 0.1464878138267257
o 120 0.9997041638433971 0.9999976422569008
o 130 0.11521168656812794 0.12535642895730958
o 140 0.10926497595155317 0.11918519206986944
o 150 0.9998341327646891 1
o 160 0.9930765723074023 0.9954351745937398
o 170 0.8771685757268827 0.8872224688943874
o 180 0.9996330653686861 0.9999891487861118
o 190 0.2578427317061836 0.27159659331052344
o 200 0.0065577320797429355 0.009329490473437563
o 210 0.0024454358863469678 0.004244217089496405
o 220 0.9998341327646891 1
o 230 0.9995349878824064 0.9999681957182619
o 240 0.9998341327646891 1
o 250 0.010693250850463151 0.014152128940001951
o 260 0.4271046952347913 0.4425572715754905
o 270 0.667167219296616 0.6817739648552532
o 280 0.9998341327646891 1
o 290 0.9998341327646891 1
o 300 0.9084308785839367 0.9172297738532871
o 310 0.9998341327646891 1
o 320 0.007088259566571023 0.009958710290190909
o 330 0.8655876639495378 0.8760472333592854
o 340 0.0083202354954707 0.011406170058058773
o 350 0.9912580340273267 0.9939345023407039
o 360 0.48658874274298647 0.5021731512666896
o 370 0.09037665563443396 0.09952004978855133
o 380 0.9051389293072483 0.9140828170123849
o 390 0.9998341327646891 1
o 400 0.9998341327646891 1
o 410 0.17591922503855303 0.18794804311922775
o 420 0.20184012697443912 0.21449828167525375
o 430 0.06538983557950989 0.07331557720796145
o 440 0.9735264750702936 0.978312454061794
o 450 0.641937650932874 0.6568119950272405
o 460 0.9998341327646891 1
o 470 0.0034777824684113132 0.0055711244494914824
o 480 0.015228304216104127 0.019295240835218275
o 490 0.9998341327646891 1
o 500 0.058504199088940265 0.06604363078500797
o 510 0.9998341327646891 1
o 520 0.9849086567218699 0.9884863050779251
o 530 0.9771602832240953 0.9815974014841505
o 540 0.04876423644091548 0.05570703194577109
o 550 0.0001975884929334221 0.0008965034907969516
o 560 0.9998341327646891 1
o 570 0.9926803667673133 0.995111559048686
o 580 0.3116066053906435 0.3261344558797087
o 590 0.9740507188517886 0.9787880315173038
o 600 0.9680264514680715 0.97329434191782
o 610 0.9998341327646891 1
o 620 0.23207880551369273 0.24536929029570598
o 630 0.02752842487923229 0.03287047924795028
o 640 5.000625091698381e-09 0.00021515175808195508
o 650 0.9997427320109885 0.9999995494141014
o 660 0.9998341327646891 1
o 670 0.9985832870189011 0.9995241331856756
o 680 0.999297246851899 0.9998877222821806
o 690 5.000625091698381e-09 0.00021515175808195508
o 700 0.9977748368846215 0.9990138439272586
o 710 0.0012128305386860678 0.0025581257262045076
o 720 0.04375247697079841 0.05036057233820446
o 730 0.3458148191744195 0.3607146449134693
o 740 5.000625091698381e-09 0.00021515175808195508
o 750 0.9998341327646891 1
o 760 0.013291768746079754 0.017112545421061665
o 770 0.7850973143433021 0.7977644120242927
o 780 0.9735893698535811 0.9783695378437731
o 790 0 0.00016586723531085122
o 800 0.9998341327646891 1
o 810 0.9870036256442971 0.990310568459844
o 820 0.03801912704993613 0.04421597257111676
o 830 0.9938061226491837 0.9960252811397775
o 840 0.9998341327646891 1
o 850 0 0.00016586723531085122
o 860 0.9960972496712833 0.9978128775862452
o 870 0.0002235160297511361 0.0009503658054283992
o 880 0.9998341327646891 1
o 890 0.951086239967766 0.9576002283557148
o 900 2.398330757498869e-05 0.00043314355389612036
o 910 0.23762521082003946 0.2510209956778835
o 920 0.21661674810796028 0.2295966182652861
o 930 0.9797747203008724 0.9839420592936774
o 940 0.9989962943624112 0.9997500155155598
o 950 0.015473285719387688 0.01957016319698124
o 960 0.9998341327646891 1
o 970 0.9998341327646891 1
o 980 0 0.00016586723531085122
o 990 0.9083081655235569 0.9171125276889356
o 1000 0.9998341327646891 1
o 1010 0.9998341327646891 1
o 1020 0.99678705109857 0.9983225759189072
o 1030 0.0010504526913592692 0.0023207562004931015
o 1040 0 0.00016586723531085122
o 1050 0.0030726616847531977 0.00505651831829379
o 1060 0.9998341327646891 1
o 1070 0.11042257725000211 0.12038719103655249
o 1080 0.9998341327646891 1
o 1090 0.17147843788851078 0.18339035015855365
o 1100 5.000625091698381e-09 0.00021515175808195508
o 1110 0.9998341327646891 1
o 1120 0.07601341473579105 0.0844882855686322
o 1130 0 0.00016586723531085122
o 1140 0.8353418895320218 0.8467430786739809
o 1150 0 0.00016586723531085122
o 1160 0.6881529890137887 0.7025011618910572
o 1170 0.7794770518645409 0.7922665511458
o 1180 0.8867458204783555 0.896442039357065
o 1190 0.9836949223682587 0.9874204758079095
o 1200 0.8989276820036285 0.9081361284570564
o 1210 0.8329685209168943 0.844437238096762
o 1220 0.013216735782987233 0.01702760855322516
o 1230 0.43880092308516067 0.4542970937849533
o 1240 0 0.00016586723531085122
o 1250 0.934223668909006 0.9417484123487456
o 1260 0.0002235160297511361 0.0009503658054283992
o 1270 0.001147615386186907 0.002463438328694445
o 1280 0.00033210463993232117 0.0011610963483328351
o 1290 0.9936509981065429 0.9959004803202396
o 1300 0.018876379300706687 0.023365754992843546
o 1310 0.9996678275924519 0.9999940967944916
o 1320 0.2442234715632353 0.25774048816664563
o 1330 0.4527382825520576 0.46827502951225963
o 1340 0.998088544558281 0.9992197297420591
o 1350 0.0001238396693464139 0.0007310322321077978
o 1360 0.986489511922755 0.9898648725935079
o 1370 0.9852926251940278 0.9888221974105836
o 1380 4.934143394975716e-05 0.0005269197482213883
o 1390 0.9987102018538886 0.9995969315746592
o 1400 0.6461175333002178 0.6609507102915229
o 1410 0.9998341327646891 1
o 1420 0.007675647409704985 0.010651049905217369
o 1430 0.3927601188997208 0.40803345552381354
o 1440 0.7192514027519017 0.7331523347138558
o 1450 0.0021871224137547263 0.0039027503287166754
o 1460 0.9986846867396864 0.9995825074237993
o 1470 0.0172291198580442 0.02153364634611965
o 1480 0.4712976439800421 0.48686940632978737
o 1490 0.9726672981484407 0.9775319234862746
o 1500 0.18111174938260238 0.19327374241173212
o 1510 0.3493574313499098 0.3642908326661082
o 1520 0.9513343482668556 0.957832037315296
o 1530 2.357743099213211e-06 0.0002958361566028911
o 1540 0.999784848241918 0.9999999949993749
o 1550 0.5277609995716768 0.5433070229536561
o 1560 0.9998341327646891 1
o 1570 0.7707670519266073 0.7837394602136603
o 1580 0.0011638875009322325 0.0024871414296815386
o 1590 0 0.00016586723531085122
o 1600 0 0.00016586723531085122
o 1610 0 0.00016586723531085122
o 1620 0.4805313959080282 0.4961125403983009
o 1630 0.7142737561472924 0.7282516473671758
o 1640 0.03361033659614857 0.03946635182395597
o 1650 0.9998341327646891 1
o 1660 0.18440984940439598 0.19665451454807037
o 1670 0.0409513783689082 0.04736267069241151
o 1680 0.9998341327646891 1
o 1690 0.6185576906008194 0.6336398028112655
o 1700 0.013892516759953623 0.01779155692315737
o 1710 0.1405926561132845 0.15160672297947597
o 1720 0.0033012721778978606 0.005347751209762608
o 1730 0 0.00016586723531085122
o 1740 0.0013112562352185406 0.0026995616632110586
o 1750 0.9935624490461487 0.9958290715514998
o 1760 0.034571969077541176 0.040504371733874
o 1770 0.5337471857847446 0.5492788213737323
o 1780 0.7689285685919871 0.7819385577231606
o 1790 0.020356640100491968 0.025004932144468195
o 1800 0.00010097297528831012 0.0006742276410476311
o 1810 0.005303521811671613 0.007824330623878994
o 1820 0.6424801967016572 0.6573492672215847
o 1830 0 0.00016586723531085122
o 1840 4.5058589854506926e-07 0.0002572679890114893
o 1850 0 0.00016586723531085122
o 1860 0.9998341327646891 1
o 1870 0.4978868491762985 0.5134712365932832
o 1880 0.9987614482791993 0.999625557902435
o 1890 0.701944981670273 0.7161045495792612
o 1900 0.9998341327646891 1
o 1910 0.4482049714946062 0.46372987063522997
o 1920 0.9977748368846215 0.9990138439272586
o 1930 0.5206150823186853 0.5361753465021518
o 1940 0.00026340314700223097 0.001030197163089941
o 1950 0.011663089798176747 0.015261886764838084
o 1960 0.0014435142497940508 0.002887131717500435
o 1970 0.9981128936006963 0.9992353457234481
o 1980 0.9998341327646891 1
o 1990 0 0.00016586723531085122
o 2000 0.5313445680811013 0.5468822479214237
o 2010 5.000625091698381e-09 0.00021515175808195508
o 2020 0.9998341327646891 1
o 2030 1.694642373683569e-05 0.00040050853982798174
o 2040 0.0002235160297511361 0.0009503658054283992
o 2050 0.9998341327646891 1
o 2060 0.9998341327646891 1
o 2070 0.00031816687187396863 0.0011351080949426606
o 2080 0.9688195869863447 0.9740209386143448
o 2090 0.9997427320109885 0.9999995494141014
o 2100 0.14378202453836433 0.1548962590684192
o 2110 0.6551626940187276 0.6699025155157335
o 2120 0 0.00016586723531085122
o 2130 0.7981846067900615 0.8105527512491484
o 2140 0.999442873695936 0.9999411111022777
o 2150 0.9996330653686861 0.9999891487861118
o 2160 0 0.00016586723531085122
o 2170 0.9998341327646891 1
o 2180 0.16307445567388865 0.17475721054408944
o 2190 0.9291686009621536 0.936965160655433
o 2200 0.9998341327646891 1
o 2210 5.000625091698381e-09 0.00021515175808195508
o 2220 0.999784848241918 0.9999999949993749
o 2230 0.29837289151703505 0.31273266085574003
o 2240 0.9998341327646891 1
o 2250 0.36311415581074175 0.3781694496508674
o 2260 0.2922353091178233 0.3065123270917709
o 2270 0.9851219299827149 0.9886729545758292
o 2280 0.0002235160297511361 0.0009503658054283992
o 2290 0.9315720471798712 0.9392409155749485
o 2300 0.007528617560242397 0.0104781473311657
o 2310 0.8540607779618076 0.8648979559077904
o 2320 0.058309880935614136 0.06583801729782035
o 2330 0.34432228055702874 0.35920768918428525
o 2340 0.9998341327646891 1
o 2350 0.0005054279442954438 0.0014670477792010361
o 2360 0.9673797680416609 0.9727012434709942
o 2370 0.6663828410727619 0.6809986060512802
o 2380 0.9995037605889281 0.9999597116202779
o 2390 0.4937670791378474 0.5093523951228702
o 2400 0.9992130705901301 0.9998523473218889
o 2410 0.9981616966934683 0.9992664707710186
o 2420 0.18909161384878753 0.2014511496581597
o 2430 0.8272701149095688 0.8388975431408143
o 2440 0.9179696150633151 0.9263278679630851
o 2450 0.9998341327646891 1
o 2460 0.8728927677687973 0.8830996990982583
o 2470 0.9998341327646891 1
o 2480 0.9997041638433971 0.9999976422569008
o 2490 0.5214356807601315 0.5369944717079322
o 2500 0.6596059610495871 0.6742977583793921
o 2510 0.9287989630013 0.9366149214681223
o 2520 0.7305205871654591 0.7442393794973734
o 2530 0.9994130827814863 0.9999311292217226
o 2540 5.000625091698381e-09 0.00021515175808195508
o 2550 0.884890647714203 0.8946578289452032
o 2560 0.8578610334935108 0.8685764353077176
o 2570 0.9750580579332797 0.9797003482736851
o 2580 0.4079531418902139 0.4233152959671267
o 2590 4.028837972215593e-05 0.0004962394110719082
o 2600 0.9998341327646891 1
o 2610 0.9998341327646891 1
o 2620 0.769554845112954 0.782552071979629
o 2630 0.006594261510428823 0.009372943420317581
o 2640 0.9998341327646891 1
o 2650 0 0.00016586723531085122
o 2660 0.0026534589300175595 0.004516028904264391
o 2670 0.7852590748205955 0.7979225975401649
o 2680 0.9998341327646891 1
o 2690 2.398330757498869e-05 0.00043314355389612036
o 2700 0.9864681063452484 0.9898462860675704
o 2710 0.9998341327646891 1
o 2720 0.10430296388032784 0.1140289186972242
o 2730 0.9976315921770181 0.9989172519476788
o 2740 0.9865751466801107 0.9899392062209095
o 2750 0.9991854194751913 0.9998401310800589
o 2760 0.6092430763293208 0.6243975451025194
o 2770 0.0001848488648285143 0.0008693561352292045
o 2780 0.9998341327646891 1
o 2790 0.9998341327646891 1
o 2800 0.007620497386952596 0.010586225227778634
o 2810 2.357743099213211e-06 0.0002958361566028911
o 2820 0.9998341327646891 1
o 2830 0.9993257723589525 0.9998990270247117
o 2840 0.9998341327646891 1
o 2850 0.9998341327646891 1
o 2860 0 0.00016586723531085122
o 2870 0.6715320016155343 0.6860877193124686
o 2880 0.9998341327646891 1
o 2890 0.7571946788203423 0.7704363683888783
o 2900 0 0.00016586723531085122
o 2910 0.9598900077404511 0.9657935194075811
o 2920 0.08001567095208323 0.08868463505314284
o 2930 0.685516258485736 0.6998987758376831
o 2940 0.5818179121986915 0.5971519242924763
o 2950 0.01186861468730763 0.015496277342737286
o 2960 0.9927903109592581 0.9952015656674685
o 2970 0.0009063773600470337 0.0021050886337440344
o 2980 0.046808635080622114 0.05362332713217488
o 2990 0.93702118176251 0.9443899692873863
o 3000 0.9998341327646891 1
o 3010 0.998532952220799 0.9994945720557045
o 3020 0.995100725915886 0.9970500070111683
o 3030 0.6879718308469149 0.7023223807512452
o 3040 0.9998341327646891 1
o 3050 0.34267063156216376 0.3575398977724459
o 3060 0.9998341327646891 1
o 3070 0.9998341327646891 1
o 3080 0.06716186925559833 0.07518292298828078
o 3090 0.9978468002059815 0.9990617938017794
o 3100 0.9998341327646891 1
o 3110 0.000780270257940891 0.001911455441719001
o 3120 2.357743099213211e-06 0.0002958361566028911
o 3130 0 0.00016586723531085122
o 3140 0.999784848241918 0.9999999949993749
o 3150 0.041762356999107034 0.04823140225236899
o 3160 5.903205508420937e-06 0.0003321724075481258
o 3170 0.8272498401759735 0.8388778246318898
o 3180 0.5192141091951361 0.5347767914469688
o 3190 0.02873490822693858 0.03418355366636039
o 3200 0.05494997814450157 0.06227910351003463
o 3210 0.9995037605889281 0.9999597116202779
o 3220 0.6572937636044944 0.6720107312226719
o 3230 0.0022386208961311434 0.003971206558449625
o 3240 0.2239997318115214 0.23713111723646796
o 3250 5.000625091698381e-09 0.00021515175808195508
o 3260 0.9435918516562559 0.9505771133485647
o 3270 0.999784848241918 0.9999999949993749
o 3280 0 0.00016586723531085122
o 3290 0.9998341327646891 1
o 3300 0.6843690638236619 0.6987663548835465
o 3310 0.990323132354739 0.9931497852413586
o 3320 0 0.00016586723531085122
o 3330 1.694642373683569e-05 0.00040050853982798174
o 3340 0.8795924375380958 0.8895578009501548
o 3350 0.9998341327646891 1
o 3360 0.00011227771781942915 0.0007027531481009763
o 3370 0.9998341327646891 1
o 3380 0.9761295575812836 0.9806684814771681
o 3390 0 0.00016586723531085122
o 3400 5.000625091698381e-09 0.00021515175808195508
o 3410 0.6980180140746072 0.7122328323041719
o 3420 0 0.00016586723531085122
o 3430 0.9998341327646891 1
o 3440 0.0026534589300175595 0.004516028904264391
o 3450 0 0.00016586723531085122
o 3460 0.9997427320109885 0.9999995494141014
o 3470 0.6675895863304987 0.682191456220594
o 3480 0.9998341327646891 1
o 3490 0 0.00016586723531085122
o 3500 0.9866608015051525 0.9900135197336657
o 3510 0.2842925206838636 0.29845781317983033
o 3520 0.9998341327646891 1
o 3530 0.9998341327646891 1
o 3540 0.9818904428885085 0.9858255956516295
o 3550 0.0011313649965060946 0.002439713796663079
o 3560 5.903205508420937e-06 0.0003321724075481258
o 3570 0 0.00016586723531085122
o 3580 0.05211724461954113 0.05927283705205788
o 3590 0.9965559675880834 0.9981538370932204
o 3600 0 0.00016586723531085122
o 3610 0.815313097361429 0.8272585469337589
o 3620 0.6778893798852033 0.692368210202451
o 3630 0.9998341327646891 1
o 3640 0 0.00016586723531085122
o 3650 0.9998341327646891 1
o 3660 0.21087869563936293 0.22373662809798733
o 3670 0.9972769311337085 0.9986722731996572
o 3680 0.003495463160749242 0.005593432284956235
o 3690 0.9300722970840196 0.9378211641737991
o 3700 0.03823118049385758 0.04444384300262394
o 3710 0.9869821893754152 0.9902920126980463
o 3720 0.9998341327646891 1
o 3730 0.9580640889773308 0.9641000492302065
o 3740 0.9993836603972324 0.9999207619417313
o 3750 0.6903471185509156 0.7046662972842671
o 3760 0.9998341327646891 1
o 3770 0.9982597477012427 0.9993282676995614
o 3780 0.07757489446986209 0.08612626159622161
o 3790 0.9044848355272447 0.9134571281491771
o 3800 0.9091876645039935 0.917952736468895
o 3810 0.260222532005174 0.274015983519857
o 3820 0.9748691004637569 0.9795293703718064
o 3830 0.7872407617181956 0.7998602490465377
o 3840 5.000625091698381e-09 0.00021515175808195508
o 3850 0.9993836603972324 0.9999207619417313
o 3860 0.9998341327646891 1
o 3870 0.01728584988696869 0.021596894427286184
o 3880 0.00641170534567195 0.009155588008771587
o 3890 0.9732958941372263 0.9781031135507527
o 3900 0 0.00016586723531085122
o 3910 0.03343730482791909 0.03927944620831936
o 3920 0.011289728260272563 0.014835402656052876
o 3930 0.9996678275924519 0.9999940967944916
o 3940 0.5108895894123078 0.5264641151888709
o 3950 0.9998341327646891 1
o 3960 0.7042813230806684 0.7184074258177076
o 3970 3.180428173812004e-05 0.0004650121175936439
o 3980 0.37213626427618957 0.38726428728887474
o 3990 0.8288921912424663 0.8404749261921274
o 4000 5.000625091698381e-09 0.00021515175808195508
o 4010 0.40647737092902475 0.4218315657475721
o 4020 0.9168429354310931 0.9252549219498508
o 4030 0.9345115511136285 0.9420204344306056
o 4040 0.999784848241918 0.9999999949993749
o 4050 0 0.00016586723531085122
o 4060 0.6461979217617713 0.6610302948611186
o 4070 0.7193118665455727 0.7332118506843054
o 4080 0.6895016516085598 0.7038320474656556
o 4090 0.05549354084319492 0.06285534916783031
o 4100 0.9998341327646891 1
o 4110 0.9998341327646891 1
o 4120 0.026858686222294304 0.03214046407341453
o 4130 0.9998341327646891 1
o 4140 0.055998360979644696 0.06339035111491853
o 4150 0.9997041638433971 0.9999976422569008
o 4160 0.0002235160297511361 0.0009503658054283992
o 4170 0.09260761109323713 0.10184832053998416
o 4180 0.7997023417548773 0.8120345098358687
o 4190 0.006466448158480777 0.009220818586236246
o 4200 0.34547650338588715 0.36037307531651264
o 4210 0.024336490151987026 0.02938359208470931
o 4220 0 0.00016586723531085122
o 4230 0.739737729558455 0.7532991540496936
o 4240 0.01916080642123858 0.023681219482125093
o 4250 0.02576882096256354 0.030950731040397694
o 4260 0.9691745674095092 0.9743458382413144
o 4270 0.9994730802517786 0.9999506585660503
o 4280 0.9313049279808252 0.9389881235652564
o 4290 0.6266300703033825 0.6416447129810879
o 4300 0.9997427320109885 0.9999995494141014
o 4310 0.06949977374552752 0.07764420063444089
o 4320 0 0.00016586723531085122
o 4330 0.9998341327646891 1
o 4340 0.9881202178383257 0.9912735571030566
o 4350 0.825607686071316 0.8372805260820393
o 4360 0.8181494545284463 0.8300212439986848
o 4370 0.999784848241918 0.9999999949993749
o 4380 0.9990764961900899 0.99978951939873
o 4390 0.9998341327646891 1
o 4400 0.006101899088547247 0.008785546470935102
o 4410 0.933750766769976 0.9413014717107975
o 4420 0.172701982120219 0.18464638709503411
o 4430 0.9975840325399995 0.9988848632863743
o 4440 0.2626224260086188 0.2764552732973875
o 4450 0.7220933724251278 0.735949413944307
o 4460 0.4410368758552611 0.45654038608425396
o 4470 0.990866160144025 0.9936065376155375
o 4480 0.9584166896997787 0.9644273305587167
o 4490 0.1479571257990841 0.15919972442868946
o 4500 0.3538360938561224 0.3688106532387021
o 4510 0.9998341327646891 1
o 4520 1.0851213888255374e-05 0.0003669346313138755
o 4530 0.5131305936702129 0.5287023560199583
o 4540 0.9998341327646891 1
o 4550 0 0.00016586723531085122
o 4560 0.9997041638433971 0.9999976422569008
o 4570 0.3915641423549501 0.40682983653013227
o 4580 0.6198426961861611 0.6349143657677199
o 4590 0 0.00016586723531085122
o 4600 5.000625091698381e-09 0.00021515175808195508
o 4610 0.9361570168404102 0.9435744215815118
o 4620 0 0.00016586723531085122
o 4630 0.44836472473418565 0.463890063472587
o 4640 0.054464733958003816 0.06176451884375489
o 4650 0.6792173817378437 0.6936797632910462
o 4660 0.19298427732529672 0.20543715597613055
o 4670 0.9898247213393182 0.9927283946305603
o 4680 0.013010466640205717 0.016793960791641194
o 4690 0.321685505375302 0.33633213722081756
o 4700 0.4653830473189532 0.48094599811654115
o 4710 0.17244542367289223 0.18438303336079753
o 4720 0.9651499382678387 0.9706518240661349
o 4730 0.1723664835550671 0.18430200049978596
o 4740 0.4982468541879177 0.5138311102571098
o 4750 0.05728018119885846 0.06474807942183591
o 4760 0.75109821161473 0.7644548734106889
o 4770 0.9133824405527523 0.9219565666217506
o 4780 0.9375768262879851 0.944914139972443
o 4790 0.011495025235796135 0.015070020678705442
o 4800 0.9998341327646891 1
o 4810 0.9998341327646891 1
o 4820 0.09221615838389184 0.10143990898648314
o 4830 0 0.00016586723531085122
o 4840 0.9998341327646891 1
o 4850 4.5058589854506926e-07 0.0002572679890114893
o 4860 0.9998341327646891 1
o 4870 0.9222532738911431 0.9304027857963308
o 4880 0.12375624528458151 0.13420892509231153
o 4890 0.9998341327646891 1
o 4900 0.3582159178851506 0.37322934602227753
o 4910 0.99678705109857 0.9983225759189072
o 4920 0.9991854194751913 0.9998401310800589
o 4930 0.9934960807069686 0.9957754712998993
o 4940 0.5940127251452995 0.6092730128457435
o 4950 0.9971128682824996 0.998556485750206
o 4960 0.13366590333808454 0.1444558566147578
o 4970 0.22906855712622912 0.24230056436498537
o 4980 0 0.00016586723531085122
o 4990 0.3072542145376067 0.32172832349738956
o 5000 0.9998341327646891 1
o 5010 0.999297246851899 0.9998877222821806
o 5020 0.929640963236447 0.9374126413847408
o 5030 0.999297246851899 0.9998877222821806
o 5040 0.997894911366256 0.9990936226399529
o 5050 1.0851213888255374e-05 0.0003669346313138755
o 5060 0.99561973517329 0.9974506954889379
o 5070 4.934143394975716e-05 0.0005269197482213883
o 5080 0.9998341327646891 1
o 5090 0.4948069712299103 0.510392152537951
o 5100 0.9981861524596591 0.9992819780723441
o 5110 0.9998341327646891 1
o 5120 0.8038313004740938 0.8160641734937423
o 5130 0 0.00016586723531085122
o 5140 0.9989434220919977 0.9997230637730928
o 5150 3.180428173812004e-05 0.0004650121175936439
o 5160 0.17001821923395766 0.18189106872744698
o 5170 0.9998341327646891 1
o 5180 0.04487390133216995 0.05155874865812016
o 5190 0.40250909769405974 0.41784118040952967
o 5200 0.9998341327646891 1
o 5210 0.9917380981304329 0.994334236913034
o 5220 0.9998341327646891 1
o 5230 0.05236936546895482 0.05954062710778529
o 5240 0.19326094965116858 0.20572038912191015
o 5250 0.9992409148798167 0.9998643624923798
o 5260 0.9998341327646891 1
o 5270 0.9998341327646891 1
o 5280 0 0.00016586723531085122
o 5290 0.005412072671498217 0.007955723035510731
o 5300 0.8808351822391821 0.8907546429638779
o 5310 0.6679918468575881 0.6825890608352606
o 5320 0.9998341327646891 1
o 5330 0 0.00016586723531085122
o 5340 0 0.00016586723531085122
o 5350 0.9990229026390082 0.9997633135035773
o 5360 0.9998341327646891 1
o 5370 0.8984784067800047 0.9077055529975719
o 5380 0 0.00016586723531085122
o 5390 0.9998341327646891 1
o 5400 0.9851219299827149 0.9886729545758292
o 5410 0 0.00016586723531085122
o 5420 0.9811914550613007 0.9852048293278227
o 5430 0.9888093654679451 0.9918641462272642
o 5440 0.9998341327646891 1
o 5450 0.16346889109501175 0.17516263998154846
o 5460 0.99294437724161 0.9953274298730065
o 5470 0.9998341327646891 1
o 5480 0.8105532842280758 0.8226199474505344
o 5490 0.07876584874850268 0.0873748924416835
o 5500 0.8801017375180982 0.890048331595798
o 5510 0.8114646216059297 0.8235083061203539
o 5520 2.357743099213211e-06 0.0002958361566028911
o 5530 0 0.00016586723531085122
o 5540 0.011009987656731682 0.014515259613677722
o 5550 0.4791721485005353 0.49475224614332625
o 5560 0.001115136713625694 0.002415967460000501
o 5570 0.9832272851597632 0.9870082798445644
o 5580 0.035591919543983504 0.041604053258094575
o 5590 0.0001975884929334221 0.0008965034907969516
o 5600 0.0005054279442954438 0.0014670477792010361
o 5610 0.11589887329566538 0.12606900520116293
o 5620 0 0.00016586723531085122
o 5630 0 0.00016586723531085122
o 5640 0.060039696896620344 0.0676675931030537
o 5650 0.0002235160297511361 0.0009503658054283992
o 5660 0.9923729611989206 0.9948591004358006
o 5670 0.0016606220868165885 0.003189769386394814
o 5680 0 0.00016586723531085122
o 5690 0.8576374523465026 0.8683600908769885
o 5700 0.6421184983614443 0.6569910869196998
o 5710 0 0.00016586723531085122
o 5720 0.9998341327646891 1
o 5730 0 0.00016586723531085122
o 5740 0.1208678629809716 0.13121830247005062
o 5750 0.2390318666873824 0.25245386075538023
o 5760 0.9955065793665261 0.9973639193559748
o 5770 0.9998341327646891 1
o 5780 0.9998341327646891 1
o 5790 0.9802818503212721 0.9843947524503339
o 5800 0.17027473299434295 0.18215446714280004
o 5810 0.9927023488544208 0.995129567153622
o 5820 0.409508761335345 0.4248791507410108
o 5830 0 0.00016586723531085122
o 5840 0.38875378538542005 0.40400114398921694
o 5850 0 0.00016586723531085122
o 5860 0.21121501324759742 0.2240801957427594
o 5870 0.9782344700883144 0.9825628439333737
o 5880 0.9193014617717071 0.9275955787271821
o 5890 0.0009222776277140118 0.0021291581429572215
o 5900 0.8701654244899252 0.8804679496913379
o 5910 0.00013563750762027172 0.0007590851201833004
o 5920 0.9998341327646891 1
o 5930 0 0.00016586723531085122
o 5940 1.694642373683569e-05 0.00040050853982798174
o 5950 0.33522949180269274 0.35002355912168537
o 5960 0.003055118545361456 0.005034073772220871
o 5970 0.999784848241918 0.9999999949993749
o 5980 0.9998341327646891 1
o 5990 0.6827590526015164 0.6971769055869657
o 6000 0.4556343489612024 0.4711779857516163
o 6010 0.005285440451645033 0.007802421481194699
o 6020 0.9439217685992994 0.9508870865846849
o 6030 0.011962075310458549 0.015602778376641369
o 6040 0 0.00016586723531085122
o 6050 0.0009063773600470337 0.0021050886337440344
o 6060 0.007014977712577282 0.009872026653801935
o 6070 0.021478257943209882 0.026242891540995905
o 6080 0.9179901024007942 0.9263473738183322
o 6090 0.9997427320109885 0.9999995494141014
o 6100 0.9965790200213357 0.9981707674489865
o 6110 0.9998341327646891 1
o 6120 0.9998341327646891 1
o 6130 0.22736559825993433 0.24056410356920666
o 6140 0.9998341327646891 1
o 6150 0 0.00016586723531085122
o 6160 0 0.00016586723531085122
o 6170 0.9639842463062939 0.9695779078267477
o 6180 0.1854171971706705 0.19768682236806034
o 6190 0.05603719659280129 0.06343150181740442
o 6200 0.59234768533387 0.6076186121632852
o 6210 0 0.00016586723531085122
o 6220 4.5058589854506926e-07 0.0002572679890114893
o 6230 0 0.00016586723531085122
o 6240 0.3835921881052287 0.3988044872217428
o 6250 0.9028090245866338 0.9118534959792034
o 6260 4.028837972215593e-05 0.0004962394110719082
o 6270 0 0.00016586723531085122
o 6280 0.0005954213588024984 0.001616771460508759
o 6290 0.027662418841714977 0.03301643609442506
o 6300 0.08638644332605815 0.09535164733487034
o 6310 0.9998341327646891 1
o 6320 0.9998341327646891 1
o 6330 0.5929695569933887 0.6082365315318423
o 6340 0.9302366265144806 0.9379767801238952
o 6350 0.9998341327646891 1
o 6360 0.9913670292074385 0.994025461818258
o 6370 0.009875048164174628 0.013210678180113122
o 6380 0.012654436239199924 0.016390135190624155
o 6390 0.9998341327646891 1
o 6400 0.11193359474356974 0.1219556519101409
o 6410 0.9578567059434183 0.9639075016251797
o 6420 0.9492055424230057 0.9558415528851135
o 6430 0.7846524806867686 0.7973293941987883
o 6440 0 0.00016586723531085122
o 6450 0.9998341327646891 1
o 6460 0.000276936226907186 0.0010565779080022875
o 6470 0.8649571161688329 0.8754379909606926
o 6480 0.985847871059998 0.9893067491495369
o 6490 1.0851213888255374e-05 0.0003669346313138755
o 6500 0.0028101950419103317 0.004719174169603879
o 6510 0 0.00016586723531085122
o 6520 0.02242998545883817 0.027290807156374886
o 6530 3.180428173812004e-05 0.0004650121175936439
o 6540 0.9998341327646891 1
o 6550 0.957172492921164 0.9632719434329099
o 6560 0.99678705109857 0.9983225759189072
o 6570 0.001115136713625694 0.002415967460000501
o 6580 0.49948690233755927 0.5150706442119517
o 6590 0.24965426202951194 0.263267849133101
o 6600 0.9998341327646891 1
o 6610 0.991040229953649 0.9937523964205358
o 6620 0.999784848241918 0.9999999949993749
o 6630 0.5963399218894223 0.6115850341375838
o 6640 0 0.00016586723531085122
o 6650 0.7837628469728578 0.7964593249450439
o 6660 0.9990496341945716 0.9997764839702489
o 6670 0.0021871224137547263 0.0039027503287166754
o 6680 0.6978770576575234 0.7120938359302935
o 6690 0.9673172019873189 0.972643830619281
o 6700 0.9799859775677082 0.9841307284231373
o 6710 0.8736663376532569 0.8838458718860955
o 6720 0.9983584448714474 0.9993894057514955
o 6730 0.999784848241918 0.9999999949993749
o 6740 0.038481819951395886 0.04471311360021435
o 6750 0.3525819964534163 0.36754517537673537
o 6760 0.7558419930921766 0.7691095062287815
o 6770 0.9852072689865071 0.9887475846132617
o 6780 0.9998341327646891 1
o 6790 0 0.00016586723531085122
o 6800 0.9990229026390082 0.9997633135035773
o 6810 0.9993257723589525 0.9998990270247117
o 6820 0.9998341327646891 1
o 6830 0.025004662273886265 0.03011517227039129
o 6840 0.9853779987636234 0.9888967928089134
o 6850 0.9735055110102608 0.9782934252657798
o 6860 0.999442873695936 0.9999411111022777
o 6870 0.9687778310274449 0.9739827086787104
o 6880 0.40559991929434785 0.4209493139782795
o 6890 0.37721616641920086 0.3923826661026757
o 6900 0.19243094704883357 0.20487067531075986
o 6910 0.9976315921770181 0.9989172519476788
o 6920 0 0.00016586723531085122
o 6930 0 0.00016586723531085122
o 6940 0.9998341327646891 1
o 6950 0.044912580763790295 0.051600055462386885
o 6960 5.000625091698381e-09 0.00021515175808195508
o 6970 0.8538169560582483 0.8646618589842702
o 6980 4.5058589854506926e-07 0.0002572679890114893
o 6990 0.9998341327646891 1
o 7000 0.3925209197777514 0.4077927355379781
o 7010 0.9998341327646891 1
o 7020 0.9979190093140644 0.999109494009705
o 7030 0.8379794774913119 0.8493046119627085
o 7040 0 0.00016586723531085122
o 7050 1.694642373683569e-05 0.00040050853982798174
o 7060 0.992175669376121 0.9946964781883282
o 7070 0.048376871397484096 0.05529453431814568
o 7080 1.694642373683569e-05 0.00040050853982798174
o 7090 0.18073656252193718 0.19288905759532282
o 7100 0.4011931012455303 0.41651762175596585
o 7110 0.053009461700034524 0.06022030476004403
o 7120 0.9389766169306868 0.9462338837528246
o 7130 0.9998341327646891 1
o 7140 0.9620917927372407 0.9678309965819649
o 7150 4.5058589854506926e-07 0.0002572679890114893
o 7160 0.7254598494528517 0.7392618104094955
o 7170 0.9592258369926838 0.9651779125045677
o 7180 0.9998341327646891 1
o 7190 0.5226566100621909 0.5382131312468112
o 7200 0.00467257012699366 0.007055622758390001
o 7210 0.2033033790053976 0.21599453008505143
o 7220 0.8234589880416081 0.8351899403503016
o 7230 0.999784848241918 0.9999999949993749
o 7240 0.00467257012699366 0.007055622758390001
o 7250 0.9998341327646891 1
o 7260 0.05545471183557746 0.062814191862823
o 7270 0.8006940049514507 0.8130025157509805
o 7280 0.9637137623810542 0.9693284826017907
o 7290 0.00044654910006778687 0.001366140519119985
o 7300 0.0039925344767277795 0.00621605100431144
o 7310 0 0.00016586723531085122
o 7320 0.5882356279894883 0.6035320514106555
o 7330 0.49708685248570195 0.5126715028938518
o 7340 0.0010021922931565453 0.0022490987612791002
o 7350 0.9998341327646891 1
o 7360 2.398330757498869e-05 0.00043314355389612036
o 7370 0 0.00016586723531085122
o 7380 0.9983832285394911 0.9994045786411975
o 7390 1.694642373683569e-05 0.00040050853982798174
o 7400 0.9859119871646659 0.9893626095837204
o 7410 0.0010021922931565453 0.0022490987612791002
o 7420 0 0.00016586723531085122
o 7430 0.5127504122775326 0.5283226654779788
o 7440 0.6201639563908201 0.6352329976981983
o 7450 0.9998341327646891 1
o 7460 0.9998341327646891 1
o 7470 0.007179907523340278 0.010067019341593375
o 7480 3.180428173812004e-05 0.0004650121175936439
o 7490 0.938338407186728 0.945632305777826
o 7500 0.9998341327646891 1
o 7510 0.9998341327646891 1
o 7520 0.7951090929064141 0.8075492914861284
o 7530 0.18352106864978146 0.19574359920363404
o 7540 0.9998341327646891 1
o 7550 0.9998341327646891 1
o 7560 0.5745795333225626 0.5899527366018211
o 7570 0.999784848241918 0.9999999949993749
o 7580 0.9979914799067023 0.9991569284568658
o 7590 0.10124500978579008 0.11084793036870477
o 7600 0.002204279030700915 0.003925578536130403
o 7610 0.8584301701161668 0.8691271092425287
o 7620 4.028837972215593e-05 0.0004962394110719082
o 7630 0.9998341327646891 1
o 7640 0.9960287934415504 0.997761379103869
o 7650 0.008615583647989858 0.01175069043301391
o 7660 0.2071796277005117 0.21995695829548012
o 7670 0.9040147470504152 0.9130073728392791
o 7680 0.014381234182947953 0.018342645172187533
o 7690 0.9998341327646891 1
o 7700 0.9998341327646891 1
o 7710 0.16449447836697115 0.1762167013496848
o 7720 0.8052281015172753 0.8174269064613688
o 7730 0.004744471527153772 0.007143681542542635
o 7740 0.35652363292703315 0.37152220402724645
o 7750 0 0.00016586723531085122
o 7760 0.0062476035794642 0.008959770046350957
o 7770 0.9998341327646891 1
o 7780 0 0.00016586723531085122
o 7790 0.8839122647732346 0.8937165372042831
o 7800 0.9976792437995069 0.9989495473086407
o 7810 0.9998341327646891 1
o 7820 0.23825918435321167 0.25166680623156557
o 7830 0 0.00016586723531085122
o 7840 0.9998341327646891 1
o 7850 0.0013442155242978542 0.002746558132236565
o 7860 0.5238775859549998 0.5394317441945848
o 7870 0.9998341327646891 1
o 7880 0.6525292421479562 0.6672968506470266
o 7890 0.9968102306136053 0.9983393779131835
o 7900 0 0.00016586723531085122
o 7910 0 0.00016586723531085122
o 7920 0.024183828089236102 0.02921631082745424
o 7930 0 0.00016586723531085122
o 7940 1.0851213888255374e-05 0.0003669346313138755
o 7950 0.9998341327646891 1
o 7960 0.9991854194751913 0.9998401310800589
o 7970 0.9522442929211828 0.958681789145873
o 7980 0.39718564574340165 0.412486432182257
o 7990 0.7284235693680425 0.7421770988693852
o 8000 0.999599491460172 0.9999830535762632
o 8010 0 0.00016586723531085122
o 8020 0.8753969261955757 0.8855147076932511
o 8030 0.017815585063551145 0.02218695530486492
o 8040 0.5818379654700129 0.5971718642802084
o 8050 0.8226685122535108 0.8344206796487255
o 8060 0.9658997807856016 0.9713417292743319
o 8070 0.9848233767183776 0.9884116159170213
o 8080 0.3020680934155071 0.31647620464893156
o 8090 0.5522534286993381 0.5677263502908032
o 8100 0.0019650041047284397 0.003605073843765516
o 8110 0 0.00016586723531085122
o 8120 0.0668307714992166 0.07483413664808347
o 8130 0.9977269908240753 0.9989817458746678
o 8140 0 0.00016586723531085122
o 8150 0.9996330653686861 0.9999891487861118
o 8160 0.9910184629177633 0.9937341724089743
o 8170 0.8598938035454541 0.8705429886501624
o 8180 0.2625629213413322 0.2763947982013475
o 8190 0.017569579837910163 0.021913055140024063
o 8200 1.0851213888255374e-05 0.0003669346313138755
o 8210 0.9998341327646891 1
o 8220 0.8196488945647631 0.8314813040271734
o 8230 0.9998341327646891 1
o 8240 0.9998341327646891 1
o 8250 0.9940947906981642 0.9962564714166792
o 8260 0.9972299702688214 0.9986392778683405
o 8270 0.9992689677678922 0.9998761603306536
o 8280 0 0.00016586723531085122
o 8290 0 0.00016586723531085122
o 8300 0.00056521870835256 0.0015670639793761154
o 8310 0.006996662380048795 0.009850350630160487
o 8320 0.5623923956118863 0.57782397265145
o 8330 0.9998341327646891 1
o 8340 0.36225789925587276 0.3773059960947096
o 8350 0.9997427320109885 0.9999995494141014
o 8360 0.9989171466500022 0.9997094220119266
o 8370 0.33483162698477464 0.34962155878625223
o 8380 0.9990229026390082 0.9997633135035773
o 8390 0.9934518554915925 0.9957397173533522
o 8400 0.005502612353223729 0.008065136404353468
o 8410 0.2986907367680036 0.3130547077060991
o 8420 0 0.00016586723531085122
o 8430 0.9978227858521463 0.9990458375033571
o 8440 0.5582442409873787 0.5736935225795111
o 8450 4.934143394975716e-05 0.0005269197482213883
o 8460 0.9998341327646891 1
o 8470 0.9998341327646891 1
o 8480 0.6067141819808958 0.6218872888550755
o 8490 0.0807578939664412 0.08946215369205468
o 8500 0.7664842663517595 0.7795436765878692
o 8510 0.9998341327646891 1
o 8520 0.040391601652669716 0.04676264763028337
o 8530 0.0020673025400162136 0.003742678787396203
o 8540 0.20168194517841534 0.2143365174785118
o 8550 0.9998341327646891 1
o 8560 0.9998341327646891 1
o 8570 0.9341825446601161 0.9417095502701951
o 8580 0 0.00016586723531085122
o 8590 0.9441486072875861 0.9511001723838193
o 8600 0.6734430771558246 0.6879760031794158
o 8610 0.857088681886842 0.867829044006148
o 8620 0.0010665884959096196 0.0023445937185850863
o 8630 0.9956877226395184 0.9975026664820278
o 8640 0.9998341327646891 1
o 8650 0.09110065080860258 0.10027580344849096
o 8660 0.48249041265076137 0.49807286311054
o 8670 0.0631126674872902 0.07091354359362845
o 8680 0.0002499844844402703 0.001003705637588781
o 8690 0.9953936121760423 0.9972769532249312
o 8700 0.9930545307500314 0.9954172262285641
o 8710 0.8592229465612697 0.8698940689219778
o 8720 0 0.00016586723531085122
o 8730 5.888889772228268e-05 0.0005571263040640151
o 8740 0.16220673947510214 0.17386522405967098
o 8750 0.9978227858521463 0.9990458375033571
o 8760 0.9998341327646891 1
o 8770 0.00031816687187396863 0.0011351080949426606
o 8780 0.9786139534334936 0.9829032292559474
o 8790 0.06404672887572409 0.07189915463633179
o 8800 0.9998341327646891 1
o 8810 0 0.00016586723531085122
o 8820 0.999784848241918 0.9999999949993749
o 8830 0.9998341327646891 1
o 8840 0 0.00016586723531085122
o 8850 0.9972065160734749 0.9986227536460907
o 8860 0.9986592401095487 0.9995680130057608
o 8870 0.9998341327646891 1
o 8880 0.9987614482791993 0.999625557902435
o 8890 0.9998341327646891 1
o 8900 0.005738346600549215 0.008349281390902186
o 8910 0.24184547287310038 0.2553192964831593
o 8920 0.9998341327646891 1
o 8930 0.5249785058181485 0.5405304536136323
o 8940 0 0.00016586723531085122
o 8950 0.9997427320109885 0.9999995494141014
o 8960 0.9998341327646891 1
o 8970 0.8757634458388831 0.8858680661386268
o 8980 0.9998341327646891 1
o 8990 0.9998341327646891 1
o 9000 0.9998341327646891 1
o 9010 0.44950298989750226 0.4650314141072581
o 9020 0.9004799502114488 0.9096233443655657
o 9030 0.9359101503303366 0.9433413701807479
o 9040 0 0.00016586723531085122
o 9050 0 0.00016586723531085122
o 9060 0.014343621795739002 0.018300272475718082
o 9070 0.9182974222011101 0.9266399519064846
o 9080 0.043462542595482836 0.05005061003726441
o 9090 0.34975550574901926 0.3646926234285016
o 9100 1.694642373683569e-05 0.00040050853982798174
o 9110 0.9998341327646891 1
o 9120 0.08513516714892408 0.09404335825525034
o 9130 0.26268193083630825 0.27651574823313974
o 9140 0.8301899921625092 0.8417366927595504
o 9150 0.999784848241918 0.9999999949993749
o 9160 0.9878836915278659 0.9910701729119886
o 9170 0.003495463160749242 0.005593432284956235
o 9180 0.9998341327646891 1
o 9190 0.8199123257719095 0.8317377849914465
o 9200 0.9998341327646891 1
o 9210 0.24872260252419215 0.26231982572072554
o 9220 0.9998341327646891 1
o 9230 0.005466387802726708 0.008021379700008602
o 9240 0.9974182533663415 0.9987708140525817
o 9250 0 0.00016586723531085122
o 9260 0.99863385948088 0.9995534508999322
o 9270 0.9234837249513166 0.9315719258737066
o 9280 0.6662420576702317 0.6808594366538097
o 9290 0 0.00016586723531085122
o 9300 0.9950332974105176 0.9969974730832851
o 9310 0.010302450567822415 0.013703093949300027
o 9320 0.9997041638433971 0.9999976422569008
o 9330 0.6755957177555918 0.6901026410617992
o 9340 0.9998341327646891 1
o 9350 0.9652124108723807 0.9707093304511911
o 9360 4.5058589854506926e-07 0.0002572679890114893
o 9370 0.01417440434837029 0.018109557111491648
o 9380 0.9940947906981642 0.9962564714166792
o 9390 0.9998341327646891 1
o 9400 0.7954732687500882 0.8079049941039286
o 9410 0.9998341327646891 1
o 9420 0.9806836070770028 0.9847528552733716
o 9430 0.9998341327646891 1
o 9440 0.9998341327646891 1
o 9450 0.24192473503720885 0.25540000733121027
o 9460 0.00467257012699366 0.007055622758390001
o 9470 0.9998341327646891 1
o 9480 0.01579382261380022 0.01992950086559342
o 9490 0.9984578626277146 0.999449808165806
o 9500 0.6783924029161738 0.6928650185890096
o 9510 0.8616219652302154 0.872214251794221
o 9520 0.6945950134766631 0.7088569793952697
o 9530 0.9998341327646891 1
o 9540 0.9995349878824064 0.9999681957182619
o 9550 0.8213511507673059 0.8331384803054653
o 9560 0 0.00016586723531085122
o 9570 0.9998341327646891 1
o 9580 0.822871194127372 0.8346179302086993
o 9590 0.9952582896159897 0.9971723541024977
o 9600 0.9997041638433971 0.9999976422569008
o 9610 0.47393558714677836 0.48951057344668425
o 9620 0.0625095413103075 0.07027688137439836
o 9630 0.9972534418677634 0.9986557844757022
o 9640 0.0006717323004385943 0.0017402522987572944
o 9650 0.9998341327646891 1
o 9660 0.9998341327646891 1
o 9670 0.9915197299412335 0.9941526972061495
o 9680 0.9960744214638696 0.9977957209692991
o 9690 0.10489117675408853 0.11464050247765933
o 9700 0.9998341327646891 1
o 9710 0.055726524842539024 0.06310228304865784
o 9720 0.1822373666984575 0.19442774013410047
o 9730 0.9998341327646891 1
o 9740 0 0.00016586723531085122
o 9750 0.6305264996528872 0.6455069757319869
o 9760 0.8617236306947661 0.8723125524944372
o 9770 5.000625091698381e-09 0.00021515175808195508
o 9780 0 0.00016586723531085122
o 9790 0.2300389150634086 0.2432898757760079
o 9800 0.9998341327646891 1
o 9810 0.7578205791629873 0.7710502588575348
o 9820 0.3852063365682967 0.4004297927246605
o 9830 0.023878575801291775 0.028881676550048363
o 9840 0 0.00016586723531085122
o 9850 0 0.00016586723531085122
o 9860 0.09031795702179167 0.09945876876702386
o 9870 0.8872147778693529 0.8968929260495956
o 9880 0.9959148847383061 0.9976753617509324
o 9890 0.99612008746949 0.9978300245310231
o 9900 0.02485189815834554 0.029947992961643632
o 9910 4.5058589854506926e-07 0.0002572679890114893
o 9920 0.9998341327646891 1
o 9930 0 0.00016586723531085122
o 9940 0.00980078584804569 0.013124972279378255
o 9950 0.008523243675890064 0.011643071371603364
o 9960 0 0.00016586723531085122
o 9970 0 0.00016586723531085122
o 9980 0.9998341327646891 1
o 9990 0.9998341327646891 1
