0 1.9550323486328125e-05
500 0.0003447532653808594
1000 9.036064147949219e-05
1500 7.939338684082031e-05
2000 3.5762786865234375e-06
2500 2.86102294921875e-06
3000 2.6226043701171875e-06
3500 7.796287536621094e-05
4000 7.605552673339844e-05
4500 7.557868957519531e-05
5000 7.557868957519531e-05
5500 7.534027099609375e-05
6000 3.337860107421875e-06
6500 8.606910705566406e-05
7000 7.319450378417969e-05
7500 3.0994415283203125e-06
8000 7.390975952148438e-05
8500 3.0994415283203125e-06
9000 2.6226043701171875e-06
9500 7.367134094238281e-05
10000 7.319450378417969e-05
10500 7.271766662597656e-05
11000 7.271766662597656e-05
11500 7.295608520507812e-05
12000 3.337860107421875e-06
12500 2.86102294921875e-06
13000 7.390975952148438e-05
13500 7.319450378417969e-05
14000 7.271766662597656e-05
14500 7.319450378417969e-05
15000 7.2479248046875e-05
15500 7.2479248046875e-05
16000 7.319450378417969e-05
16500 7.295608520507812e-05
17000 7.200241088867188e-05
17500 9.942054748535156e-05
18000 7.486343383789062e-05
18500 7.510185241699219e-05
19000 7.43865966796875e-05
19500 3.0994415283203125e-06
20000 7.557868957519531e-05
20500 3.0994415283203125e-06
21000 2.384185791015625e-06
21500 7.62939453125e-05
22000 3.0994415283203125e-06
22500 2.6226043701171875e-06
23000 2.6226043701171875e-06
23500 2.6226043701171875e-06
24000 2.6226043701171875e-06
24500 2.384185791015625e-06
25000 7.653236389160156e-05
25500 7.510185241699219e-05
26000 7.62939453125e-05
26500 3.337860107421875e-06
27000 7.486343383789062e-05
27500 2.86102294921875e-06
28000 7.653236389160156e-05
28500 2.86102294921875e-06
29000 2.6226043701171875e-06
29500 7.605552673339844e-05
30000 3.337860107421875e-06
30500 7.581710815429688e-05
31000 3.0994415283203125e-06
31500 2.384185791015625e-06
32000 7.653236389160156e-05
32500 3.337860107421875e-06
33000 7.748603820800781e-05
33500 7.557868957519531e-05
34000 3.0994415283203125e-06
34500 7.557868957519531e-05
35000 3.0994415283203125e-06
35500 2.6226043701171875e-06
36000 2.6226043701171875e-06
36500 7.748603820800781e-05
37000 3.337860107421875e-06
37500 2.86102294921875e-06
38000 3.5762786865234375e-06
38500 2.6226043701171875e-06
39000 7.82012939453125e-05
39500 3.0994415283203125e-06
40000 7.581710815429688e-05
40500 7.557868957519531e-05
41000 7.534027099609375e-05
41500 7.486343383789062e-05
42000 7.486343383789062e-05
42500 7.43865966796875e-05
43000 3.0994415283203125e-06
43500 7.462501525878906e-05
44000 3.0994415283203125e-06
44500 7.510185241699219e-05
45000 7.462501525878906e-05
45500 3.0994415283203125e-06
46000 3.337860107421875e-06
46500 2.6226043701171875e-06
47000 7.62939453125e-05
47500 7.557868957519531e-05
48000 7.414817810058594e-05
48500 3.0994415283203125e-06
49000 7.534027099609375e-05
49500 3.337860107421875e-06
0 1.5497207641601562e-05
500 0.0001468658447265625
1000 8.511543273925781e-05
1500 7.915496826171875e-05
2000 3.5762786865234375e-06
2500 3.0994415283203125e-06
3000 2.86102294921875e-06
3500 8.034706115722656e-05
4000 7.677078247070312e-05
4500 7.653236389160156e-05
5000 7.534027099609375e-05
5500 7.510185241699219e-05
6000 3.337860107421875e-06
6500 7.510185241699219e-05
7000 7.510185241699219e-05
7500 3.337860107421875e-06
8000 7.724761962890625e-05
8500 3.5762786865234375e-06
9000 3.0994415283203125e-06
9500 7.653236389160156e-05
10000 7.581710815429688e-05
10500 7.367134094238281e-05
11000 7.271766662597656e-05
11500 7.271766662597656e-05
12000 3.337860107421875e-06
12500 2.86102294921875e-06
13000 7.486343383789062e-05
13500 7.343292236328125e-05
14000 7.2479248046875e-05
14500 7.390975952148438e-05
15000 7.343292236328125e-05
15500 7.367134094238281e-05
16000 7.367134094238281e-05
16500 7.43865966796875e-05
17000 8.320808410644531e-05
17500 7.390975952148438e-05
18000 7.271766662597656e-05
18500 7.390975952148438e-05
19000 7.367134094238281e-05
19500 3.337860107421875e-06
20000 7.462501525878906e-05
20500 3.337860107421875e-06
21000 3.0994415283203125e-06
21500 7.390975952148438e-05
22000 3.337860107421875e-06
22500 2.86102294921875e-06
23000 2.6226043701171875e-06
23500 2.6226043701171875e-06
24000 2.86102294921875e-06
24500 2.86102294921875e-06
25000 7.796287536621094e-05
25500 7.390975952148438e-05
26000 7.486343383789062e-05
26500 3.0994415283203125e-06
27000 7.510185241699219e-05
27500 3.0994415283203125e-06
28000 7.43865966796875e-05
28500 3.337860107421875e-06
29000 2.86102294921875e-06
29500 7.557868957519531e-05
30000 3.0994415283203125e-06
30500 7.43865966796875e-05
31000 3.0994415283203125e-06
31500 2.384185791015625e-06
32000 7.534027099609375e-05
32500 3.337860107421875e-06
33000 7.414817810058594e-05
33500 7.367134094238281e-05
34000 3.0994415283203125e-06
34500 7.343292236328125e-05
35000 3.337860107421875e-06
35500 2.86102294921875e-06
36000 2.6226043701171875e-06
36500 7.486343383789062e-05
37000 3.337860107421875e-06
37500 2.86102294921875e-06
38000 3.337860107421875e-06
38500 2.6226043701171875e-06
39000 7.486343383789062e-05
39500 3.0994415283203125e-06
40000 7.343292236328125e-05
40500 7.295608520507812e-05
41000 7.390975952148438e-05
41500 7.343292236328125e-05
42000 7.224082946777344e-05
42500 9.059906005859375e-05
43000 3.337860107421875e-06
43500 7.510185241699219e-05
44000 3.337860107421875e-06
44500 7.486343383789062e-05
45000 7.581710815429688e-05
45500 3.0994415283203125e-06
46000 3.5762786865234375e-06
46500 3.0994415283203125e-06
47000 7.700920104980469e-05
47500 7.534027099609375e-05
48000 7.414817810058594e-05
48500 3.5762786865234375e-06
49000 7.677078247070312e-05
49500 3.337860107421875e-06
