0 2.4000000000000004 0.06320142620399061 0.027046159182356536
10 2.5 0.11287309337921414 0.047284077384472684
20 0.9761697861492007 0.0 0.0
30 1.9500000000000002 0.046115435973179686 0.024221760522940006
40 1.8 0.052552094164793894 0.030073625651046928
50 2.0500000000000003 0.08606392701153087 0.04382216315247455
60 2.7 0.10527840350559359 0.04057406530543769
70 2.75 0.14732527765188586 0.05660533619005992
80 0.088240059255071 0.0 0.0
90 1.85 0.04594450615853285 0.02546734638450665
100 1.4000000000000001 0.06359155123260307 0.047583918891904005
110 1.4000000000000001 0.01747781063122078 0.01264197476584492
120 1.0 0.01939262502646799 0.01977613622066775
130 2.35 0.07941229216446244 0.03497433368921171
140 1.5 0.041659252514002265 0.028566199350746904
150 1.2000000000000002 0.026936181545895277 0.022962247340807512
160 1.3 0.00947269380997029 0.007340173094001499
170 0.9 0.005183424222325317 0.005792722623427559
180 2.2 0.0921589212397862 0.04372194951907478
190 1.8 0.06822757262573109 0.03939753950764676
200 1.85 0.06862616684640699 0.038524292638180864
210 1.2132910240524053 0.0 0.0
220 1.25 0.01699965913361745 0.0137872298734909
230 1.35 0.044467868119253406 0.03406110583827079
240 1.4500000000000002 0.04202781873886652 0.029849892844631215
250 0.4 0.0010987019058156244 0.0027543202066898525
260 1.8 0.06872550179624626 0.039696479020254104
270 1.9000000000000001 0.03255303934899856 0.017431841457842746
280 1.75 0.03586796294431194 0.020924854193800167
290 0.3592423633330417 0.0 0.0
300 0.0 0.0 0.0
310 1.3 0.015242471039479177 0.011864083841416866
320 0.0 0.0 0.0
330 2.4000000000000004 0.13345418647122553 0.058879986309851515
340 0.0 0.0 0.0
350 1.9000000000000001 0.0907637963614134 0.05016691362845644
360 2.4000000000000004 0.051476687409720334 0.021918746615695563
370 1.7000000000000002 0.052895908692020877 0.032114490499514085
380 2.45 0.09748736541821268 0.04143967772378968
390 2.2 0.11041824882721674 0.05284227274919691
400 1.8 0.017803344597333792 0.009989551121288204
410 2.45 0.11798303929440745 0.05059270206109891
420 0.45 0.002265586623016791 0.005060112770713502
430 2.45 0.1338129570521538 0.057772949494548594
440 3.25 0.11318696263928096 0.03608342648770526
450 1.129797712907747 0.0 0.0
460 0.4599048199324928 0.0 0.0
470 1.6 0.023372125238931396 0.014824122808607162
480 2.15 0.11150178240252062 0.054698003383065845
490 1.2000000000000002 0.016133064521979712 0.013627430616149036
500 2.75 0.09753075375476428 0.036769796254122904
510 1.6 0.04027378034893081 0.02582105746606002
520 1.1 0.029326355449938113 0.027390564435031153
530 0.4750703885096915 0.0 0.0
540 1.3 0.017514405775751696 0.01365661014410523
550 0.4 0.001684330658052513 0.0042286326843108514
560 0.8500000000000001 0.0013283365470471153 0.001565194885431394
570 1.6500000000000001 0.07205164592459234 0.04566159959450048
580 1.9000000000000001 0.05448759147147908 0.029524370153069614
590 2.3000000000000003 0.0673693334791694 0.030174867025432768
600 2.25 0.1242376791831088 0.05844382411264423
610 0.45782541503894536 0.0 0.0
620 1.75 0.06266511709733913 0.03713851810468033
630 1.1020259367499632 0.0 0.0
640 2.15 0.09382271799580488 0.04562968320725443
650 1.55 0.039116091334691516 0.025889541287951148
660 1.55 0.06956788111578271 0.0469916048350904
670 1.4000000000000001 0.03544294883024768 0.025973958948703958
680 2.3000000000000003 0.13029175827361028 0.060050358738527876
690 2.15 0.09039759077102039 0.04389079677026649
700 2.3000000000000003 0.13471005965961824 0.0622134048424212
710 1.6500000000000001 0.05635536325375479 0.035362565752937176
720 0.20194763130390952 0.0 0.0
730 1.4500000000000002 0.015098244341734013 0.010522145005535687
740 0.0 0.0 0.0
750 2.2 0.08329115257548114 0.03934936667214515
760 0.019145371196724166 0.0 0.0
770 1.9500000000000002 0.02498230738634266 0.01297770274122696
780 1.5 0.02818115766319096 0.01914716461874322
790 2.2 0.05553264176440997 0.02589577386251322
800 0.2519035960866203 0.0 0.0
810 0.7308651342763641 0.0 0.0
820 2.5 0.1331865210002423 0.056272504015199565
830 0.33731252038051107 0.0 0.0
840 2.15 0.08990598487472212 0.04364169024065379
850 2.5 0.1424411051937451 0.06041889579409678
860 2.9000000000000004 0.08732245655962467 0.031046024725896834
870 1.063779456026842 0.0 0.0
880 2.1 0.09750039337568239 0.04868934458371363
890 0.8240238600160663 0.0 0.0
900 0.7396452968855052 0.0 0.0
910 1.6 0.008099287394154109 0.005087809390383438
920 1.9500000000000002 0.05341825029732661 0.028165540613106166
930 0.48037426623103496 0.0 0.0
940 1.0700356920836855 0.0 0.0
950 0.1362648626969894 0.0 0.0
960 0.1430516916556043 0.0 0.0
970 1.55 0.07691226993241207 0.05221160176854042
980 2.1 0.10734330229653288 0.05386944094296113
990 0.5581522305349448 0.0 0.0
1000 0.815017022652112 0.0 0.0
1010 1.75 0.037312080552331484 0.02178568560486163
1020 1.8 0.045837371541588734 0.026130628254161025
1030 2.35 0.11810756371981634 0.05291812535404351
1040 2.2 0.10192135458846296 0.04857842426992108
1050 0.4654956879565773 0.0 0.0
1060 2.6 0.1052351790724173 0.04218240460569331
1070 2.0 0.09047558762993146 0.04738121547115218
1080 0.9606371039115267 0.0 0.0
1090 1.2000000000000002 0.025077232523442294 0.021343728471022786
1100 2.6 0.06134628686356658 0.024164889660266035
1110 2.4000000000000004 0.16514549030557912 0.07389541000955807
1120 1.3 0.04065417163142171 0.03228197586050467
1130 1.3 0.008868851232872732 0.0068690552786534525
1140 1.7000000000000002 0.022439057914177774 0.013376001640976338
1150 1.6500000000000001 0.011359173876022144 0.006932070588581027
1160 1.4500000000000002 0.024739741866921516 0.01735805213521328
1170 1.55 0.039453334779778304 0.026118580569655176
1180 2.45 0.12457978704183326 0.05357302148989034
1190 1.85 0.06889985918756003 0.038683877233388855
1200 0.0011941518867712693 0.0 0.0
1210 2.5500000000000003 0.11736543527160537 0.048246225295540554
1220 2.1 0.11155764742607399 0.056103033251966763
1230 1.6500000000000001 0.0009734921898811866 0.0005903435665045608
1240 1.9500000000000002 0.07666573460929271 0.04092474900271101
1250 0.9 0.030388520279751474 0.03494493919230157
1260 0.0 0.0 0.0
1270 0.0 0.0 0.0
1280 2.3000000000000003 0.10275178244708227 0.04676384835643069
1290 0.634094509735353 0.0 0.0
1300 1.2000000000000002 0.025800134012802456 0.021972523383922575
1310 0.9500000000000001 0.009557778243718063 0.010163067993553978
1320 0.4601775637564285 0.0 0.0
1330 1.35 0.04471453026589001 0.03425651422826186
1340 1.4500000000000002 0.019863690217452046 0.013889368503952127
1350 2.45 0.1338129570521538 0.057772949494548594
1360 2.15 0.08941383550959525 0.04339242738325763
1370 1.2033571283274989 0.0 0.0
1380 1.0 0.022927969612052346 0.023465997284712742
1390 2.8000000000000003 0.14753075375476454 0.05562015618601615
1400 2.1 0.1098765248830611 0.05521090839682939
1410 0.9107923582689323 0.0 0.0
1420 2.25 0.09155956382891972 0.04241931456368556
1430 2.45 0.11416293159258029 0.048874526882312426
1440 0.11025670844718197 0.0 0.0
1450 2.3000000000000003 0.09384187412408362 0.042536331835609176
1460 1.4500000000000002 0.028117930060149288 0.01977514918754039
1470 0.7180675724468923 0.0 0.0
1480 2.15 0.05352737779554717 0.025532113908200163
1490 1.3566792587086154 0.0 0.0
1500 0.0 0.0 0.0
1510 1.3 0.03868622736674454 0.030671374725401573
1520 1.8 0.0479129038686259 0.027346188425460168
1530 0.0 0.0 0.0
1540 1.75 0.06836941916862571 0.04065662217847207
1550 1.4500000000000002 0.04260102991313097 0.030269334295804907
1560 2.0 0.0709360052925847 0.036772240572217875
1570 0.8208492869145348 0.0 0.0
1580 1.1500000000000001 0.0240052975558378 0.02131919226949313
1590 2.0 0.0982128186025748 0.05164238121029317
1600 1.032890059396182 0.0 0.0
1610 2.9000000000000004 0.0949797270012338 0.03386062051512152
1620 1.7000000000000002 0.0064376814869286925 0.003801266370038809
1630 2.3000000000000003 0.08685436997373364 0.03924476039685776
1640 0.30000000000000004 0.0037747417544254924 0.012742808553132166
1650 2.1 0.06290472491737953 0.030879618487568403
1660 0.468406564114008 0.0 0.0
1670 0.8039271801197305 0.0 0.0
1680 1.1 0.007931862760071517 0.007263157388803917
1690 1.6 0.052056403602114054 0.03362939303683349
1700 2.2 0.14333538346061347 0.06969312463876313
1710 1.85 0.012507016786101222 0.006806565739492299
1720 2.5 0.08077619722371665 0.03338930326785743
1730 0.784791665891301 0.0 0.0
1740 0.55 0.009046647414480358 0.016723525921858794
1750 0.5022993658674463 0.0 0.0
1760 2.1 0.06243772979822504 0.030643348039636586
1770 2.0 0.07314698559574673 0.03796189177323544
1780 2.35 0.15342925497613802 0.06984944842942961
1790 0.0 0.0 0.0
1800 0.5 0.00021718429208217316 0.00043455734222182544
1810 1.9500000000000002 0.08320194657222624 0.04456933433129129
1820 2.45 0.08318652100024249 0.035147053934895645
1830 2.35 0.12686760660359964 0.057067049619018456
1840 2.45 0.0779457780573658 0.03286003217646972
1850 0.0 0.0 0.0
1860 0.9 0.013828058721703673 0.01560426151809411
1870 2.75 0.10216910082984754 0.03858596138517305
1880 0.9258563867711381 0.0 0.0
1890 3.0 0.11779522102566631 0.04086983058420475
1900 1.75 0.06289446654908604 0.037279509373926156
1910 0.8 0.015753150338670974 0.020086979431889144
1920 0.9 0.002689252020396382 0.00299701304865849
1930 1.05 0.01772002263969208 0.017165907533152766
1940 1.55 0.05461198699023018 0.03652027869362985
1950 2.4000000000000004 0.14845170157779863 0.06593316327339185
1960 1.7000000000000002 0.06470981087396144 0.03957084271908023
1970 0.1763250299772994 0.0 0.0
1980 1.5 0.03620863235355065 0.02473619748951556
1990 1.85 0.034945470473098705 0.019253124302666173
2000 1.4500000000000002 0.047311392377364925 0.03372907723086968
2010 1.9000000000000001 0.09823008582008952 0.05451866248127453
2020 1.75 0.025894580766447906 0.015019140058128983
2030 1.7000000000000002 0.03645159595847591 0.021911953911240706
2040 0.75 0.010815323208735128 0.014631422360760354
2050 1.85 0.07298971909006213 0.041074449525799556
2060 2.7 0.126236268436406 0.04904734140445591
2070 0.0 0.0 0.0
2080 1.55 0.06715380706281038 0.04528710218407316
2090 0.35000000000000003 0.006560109557088356 0.019101186960630047
2100 1.25 0.03125492782613648 0.02564517267781635
2110 0.6793478657346198 0.0 0.0
2120 1.4500000000000002 0.03351453128535198 0.023660342464200387
2130 0.0 0.0 0.0
2140 2.85 0.1360261257275428 0.050120646708144055
2150 2.2 0.08940708321065749 0.04236112160684427
2160 2.0500000000000003 0.12461561749581351 0.06472246198119483
2170 2.9000000000000004 0.14702260042170945 0.05340494275188412
2180 1.3 0.03833843043157992 0.030387253885124237
2190 1.8 0.08875233792912529 0.051864110552952467
2200 0.9110230751765158 0.0 0.0
2210 1.3 0.014883254338872831 0.0115812469093741
2220 2.8000000000000003 0.11823289385680358 0.044087681434366276
2230 1.9000000000000001 0.05604005452301464 0.030391145241779372
2240 2.7 0.10132531830445046 0.03899115153511213
2250 1.4000000000000001 0.056727266136777255 0.04223063917454119
2260 1.8 0.0832111508458997 0.048469065305788574
2270 2.0500000000000003 0.09199400766968169 0.04698351691977976
2280 0.5519773077133057 0.0 0.0
2290 1.1015537172591503 0.0 0.0
2300 2.0500000000000003 0.10401469429678123 0.05345091455312584
2310 1.4000000000000001 0.022836496593369837 0.016582269670144593
2320 0.6255533567783279 0.0 0.0
2330 1.3699502817036977 0.0 0.0
2340 2.5500000000000003 0.10085811194385386 0.0411809999394946
2350 1.75 0.06105780230937885 0.0361515050028748
2360 1.7000000000000002 0.050330947696759054 0.030509724133145254
2370 1.5 0.02277219653480622 0.01541549413122915
2380 0.7111050263502616 0.0 0.0
2390 1.9000000000000001 0.07638792990405441 0.04188825636585933
2400 1.4500000000000002 0.019863690217452046 0.013889368503952127
2410 1.9000000000000001 0.07935538645338913 0.043586423106926425
2420 1.85 0.0921860020644878 0.05244354759534106
2430 0.24429644073911289 0.0 0.0
2440 1.9500000000000002 0.07896407441433206 0.042203398307071455
2450 1.1500000000000001 0.027015263639940557 0.024056661471201623
2460 0.9500000000000001 0.005442019153262367 0.005761445314753398
2470 2.15 0.10584430973172632 0.05177898642242626
2480 0.9724052773425212 0.0 0.0
2490 1.35 0.03290738715289265 0.024984869577058855
2500 0.4216723094951451 0.0 0.0
2510 1.75 0.06995545686709836 0.04163904888893441
2520 1.3 0.053944508035627114 0.043292219635086275
2530 1.1080962964733136 0.0 0.0
2540 1.85 0.0919242771945672 0.05228687024235787
2550 1.1104792276551325 0.0 0.0
2560 0.7141940595335532 0.0 0.0
2570 1.1500000000000001 0.018734999174645717 0.016561105630402192
2580 1.75 0.06791518643124705 0.04037560168393442
2590 2.15 0.06978375970626205 0.03354639693439188
2600 2.25 0.11615494359309597 0.054434572577956815
2610 0.17568476983332396 0.0 0.0
2620 2.6 0.10817186566964532 0.04341064465054491
2630 1.502337625548788 0.0 0.0
2640 1.35 0.025726931057909574 0.019427210037928057
2650 0.4643435168055363 0.0 0.0
2660 1.5 0.07370876799436887 0.05167862379040262
2670 1.25 0.034749498365514775 0.028594514726616005
2680 1.3 0.029000162855198575 0.022816810834803174
2690 0.9648407378625874 0.0 0.0
2700 1.4500000000000002 0.02753186193554602 0.019354993759655312
2710 0.8 0.0015423419708165964 0.0019316515475892952
2720 0.5445624445188202 0.0 0.0
2730 0.0 0.0 0.0
2740 0.8133359781572193 0.0 0.0
2750 1.3 0.05109977902373308 0.04091582190912603
2760 0.1769709197257444 0.0 0.0
2770 0.7000000000000001 0.0036621345381008252 0.0052591345663381885
2780 0.5017957781476938 0.0 0.0
2790 2.0500000000000003 0.10782814504318505 0.05551936342192676
2800 1.4000000000000001 0.05633686905685553 0.04192782235329441
2810 0.0 0.0 0.0
2820 0.70795856476445 0.0 0.0
2830 2.9000000000000004 0.16259837870677618 0.05939880266088255
2840 1.6 0.05025874810193298 0.032430412522334216
2850 0.75 0.008577776852753516 0.011569354930233821
2860 1.4000000000000001 0.038658517640777434 0.028397369904413487
2870 1.55 0.040296001287212 0.026691325797354577
2880 2.4000000000000004 0.1136655078123896 0.04971516993720029
2890 2.0500000000000003 0.07763364768448655 0.039360663191879336
2900 2.0 0.08152952003038161 0.04249714597207289
2910 1.9000000000000001 0.03546915836515252 0.019023100918005006
2920 0.6751498506466997 0.0 0.0
2930 0.38961147364002613 0.0 0.0
2940 1.8 0.056897325685878464 0.032641408061786434
2950 2.45 0.09748736541821268 0.04143967772378968
2960 1.8 0.048947179399521756 0.027952999945904878
2970 0.009478922462092221 0.0 0.0
2980 2.7 0.14772707695278253 0.05788059561295183
2990 0.9500000000000001 0.02825981955080692 0.030659203265973514
3000 1.7000000000000002 0.050330947696759054 0.030509724133145254
3010 1.3 0.03473440175349207 0.027452261249835127
3020 1.9500000000000002 0.07336521891356895 0.03909403132297057
3030 0.0 0.0 0.0
3040 1.7000000000000002 0.017687929046476647 0.010514059401863082
3050 2.4000000000000004 0.10941523882612003 0.047767382670461336
3060 0.0 0.0 0.0
3070 2.2 0.1056589145582949 0.05044971675948906
3080 2.0 0.09611543597317951 0.05048385694660504
3090 1.85 0.1002380326932335 0.05728666788175758
3100 0.2956130553841889 0.0 0.0
3110 1.0261988764767196 0.0 0.0
3120 1.9500000000000002 0.04224501438693151 0.022143836449393852
3130 0.3248922541016922 0.0 0.0
3140 2.25 0.12251860446793206 0.0575885668026211
3150 1.1500000000000001 0.028274590621742535 0.025206338721893075
3160 0.0 0.0 0.0
3170 2.85 0.13032922921036993 0.047920958157935456
3180 1.85 0.07081253638573459 0.039800491985192525
3190 1.6 0.035125458585959723 0.02244618188638938
3200 2.25 0.06740466426279834 0.030882804136494448
3210 1.7000000000000002 0.06866174777563305 0.04208921582143445
3220 2.45 0.1338129570521538 0.057772949494548594
3230 2.35 0.11662921640667223 0.052221161512207334
3240 0.0 0.0 0.0
3250 0.8500000000000001 0.008458355768776404 0.010051024600812707
3260 1.25 0.01733426294974527 0.014062419704490065
3270 2.25 0.12594991421478063 0.05929705474351818
3280 0.55 0.004806253441197561 0.00881567969466645
3290 1.9000000000000001 0.07310374069968995 0.040015266508722405
3300 1.2000000000000002 0.010990107222817569 0.009243074670428404
3310 2.3000000000000003 0.13533725573373756 0.06252117383745692
3320 2.2 0.06848031203714156 0.032127459307021336
3330 0.0 0.0 0.0
3340 1.75 0.04471238457695015 0.026219849468535457
3350 2.15 0.12805743977947737 0.0633338663020728
3360 1.85 0.050788997121946844 0.02822848295208498
3370 1.4000000000000001 0.00198695223907408 0.001421268737267085
3380 2.3000000000000003 0.14890739800705166 0.0692240761132699
3390 1.9000000000000001 0.039332545326195456 0.02113894410707091
3400 2.5500000000000003 0.13435034403279822 0.055616651073934674
3410 0.9 0.0021590853411349586 0.0024047526748714764
3420 2.0 0.08297175788576694 0.04328144784881201
3430 1.6500000000000001 0.028118319637355782 0.017336850140059954
3440 1.1500000000000001 0.0052090581319441664 0.004550226544808337
3450 0.9017089406513077 0.0 0.0
3460 0.4686823211956803 0.0 0.0
3470 1.6500000000000001 0.04873732281286136 0.03043680684450591
3480 2.25 0.08219083880208933 0.03791424091808499
3490 0.0 0.0 0.0
3500 2.4000000000000004 0.04848872083806954 0.020620237405516818
3510 1.5 0.03291554238523853 0.022436024193694885
3520 0.0 0.0 0.0
3530 1.2000000000000002 0.014562233243450962 0.01228426632913373
3540 2.75 0.17807906203450008 0.06923971083472273
3550 0.373300069851819 0.0 0.0
3560 2.7 0.09327707730527379 0.03578327274187149
3570 2.0500000000000003 0.1318900157145202 0.0687604031025629
3580 0.04256054409272324 0.0 0.0
3590 1.6 0.07217456541281386 0.04724006013966851
3600 1.3 0.004019666067163863 0.0031016412532786017
3610 1.5 0.015377962964690406 0.010358166981947246
3620 2.4000000000000004 0.11197085606371093 0.04893768786138713
3630 2.45 0.11703153015663936 0.0501642142486808
3640 0.6651754835531904 0.0 0.0
3650 2.4000000000000004 0.11451013135936439 0.05010310171598911
3660 2.75 0.10674311139956405 0.04038317723105714
3670 1.9500000000000002 0.07994514568922595 0.04275016078001116
3680 2.5 0.11506367306488485 0.04824601469036003
3690 1.4000000000000001 0.014020841696302355 0.010116199520245664
3700 1.4500000000000002 0.011201348931567878 0.007785209503254614
3710 0.61676095076062 0.0 0.0
3720 1.8 0.017529071408991737 0.009834141543530227
3730 0.0 0.0 0.0
3740 2.2 0.074808833618067 0.035200990292758715
3750 1.25 0.05898741888337611 0.04952711652136617
3760 1.7000000000000002 0.07811831963735583 0.048165239538243615
3770 1.9000000000000001 0.034499032788454675 0.018493173359230175
3780 0.0 0.0 0.0
3790 2.6 0.12390415097605034 0.05004012709156312
3800 1.1500000000000001 0.017755154998386757 0.015681374109821147
3810 1.05 0.0007354446240359636 0.000700914388337882
3820 1.7000000000000002 0.11137818689126444 0.07010994433804932
3830 2.8000000000000003 0.11566885026538154 0.043090380364142825
3840 1.7000000000000002 0.0634558533723577 0.03877429979699509
3850 0.2882094835112351 0.0 0.0
3860 1.4500000000000002 0.0669264132435674 0.04838962574690072
3870 2.5 0.09371693772229239 0.038946763658629195
3880 1.25 0.03985399755406194 0.032933214234901684
3890 2.25 0.12251860446793206 0.0575885668026211
3900 2.0 0.07680966611900741 0.039938671053949056
3910 2.6 0.13628200781072186 0.055315587353250865
3920 2.75 0.10674311139956405 0.04038317723105714
3930 2.25 0.09402319226206268 0.043610484085268214
3940 2.45 0.15425347552098057 0.06719098727852185
3950 0.6850712371962216 0.0 0.0
3960 2.3000000000000003 0.1409415432779615 0.06527916964876629
3970 1.1500000000000001 0.007495445704481574 0.006560539016059635
3980 3.1 0.10507997573936612 0.03508607070911937
3990 2.1 0.0803096575699973 0.03976335177865546
4000 0.0 0.0 0.0
4010 2.35 0.14660422674550455 0.06653558499341442
4020 2.15 0.0723495035942947 0.034822749889578605
4030 1.0 0.005615610978640495 0.005647324154160541
4040 1.6 0.03197729444188724 0.02039338737158492
4050 1.9000000000000001 0.07489809079843446 0.041037758177131275
4060 1.3 0.0015826609758460286 0.0012189154659899277
4070 2.95 0.14497972700123363 0.051685803627451135
4080 1.6 0.05259456998628087 0.03398887516235132
4090 1.7000000000000002 0.06762439740527837 0.041426983653631476
4100 1.5 0.03165618291812189 0.021559107989458485
4110 1.75 0.031755120941240556 0.018481138124290964
4120 1.5 0.03886214780937802 0.026597180923835253
4130 2.25 0.07965646815523275 0.03670223952404699
4140 0.06335304863847599 0.0 0.0
4150 3.3000000000000003 0.052134371880411035 0.016051886946626907
4160 1.9000000000000001 0.05665896740754728 0.030737105291831313
4170 2.0500000000000003 0.1009420047846965 0.05179014941191932
4180 1.2003598162484057 0.0 0.0
4190 2.2 0.0844095390194699 0.0398988086665639
4200 2.15 0.06771942611831694 0.03252175857938192
4210 1.6 0.04173697772768814 0.026784295803173114
4220 2.0500000000000003 0.039646944539293294 0.019721383978600474
4230 1.25 0.014764936831097142 0.01195313934274081
4240 1.85 0.04708857311242198 0.026118073472811944
4250 2.4000000000000004 0.10251800829327662 0.044621898523400115
4260 1.7000000000000002 0.055023506915100606 0.033449418363366706
4270 1.35 0.06212306653810762 0.04823680347400663
4280 1.35 0.019367008912759776 0.014554733756402118
4290 1.75 0.07893324587955464 0.04723524400501919
4300 0.0 0.0 0.0
4310 1.75 0.05782807924446054 0.0341738794593878
4320 3.1 0.08219970082850958 0.02723828374298881
4330 0.6722751565695642 0.0 0.0
4340 1.05 0.011597284773523509 0.011168388336690867
4350 0.9 0.015024761039064805 0.01697760612681733
4360 0.0 0.0 0.0
4370 0.6278505445299208 0.0 0.0
4380 0.0 0.0 0.0
4390 1.8 0.05357817416973609 0.030678827633332267
4400 0.30000000000000004 0.0011665520022615117 0.003903686183985468
4410 1.1 0.00877232518185389 0.008038950426468797
4420 0.9239125621096421 0.0 0.0
4430 2.75 0.10446394757445665 0.03948687355013723
4440 1.0020235141162899 0.0 0.0
4450 2.45 0.1611208108595914 0.07039288557649935
4460 1.5 0.04783106744959209 0.03293767438309508
4470 2.3000000000000003 0.10003078180290093 0.04546917337546992
4480 1.2000000000000002 0.017700159663094572 0.01497095665516691
4490 1.9000000000000001 0.037404624332198155 0.020081991408782147
4500 0.0 0.0 0.0
4510 2.75 0.11570620886176819 0.04392304656792802
4520 1.35 0.04754339320326806 0.03650286155804953
4530 1.8 0.04843029566493917 0.027649653647854402
4540 0.9 0.039193986149620774 0.04553172900629068
4550 1.6 0.03401567134312744 0.02172159115557836
4560 1.5 0.04057287771602258 0.027800550706860067
4570 1.2000000000000002 0.006130867944469376 0.0051352931237225495
4580 2.1 0.0803096575699973 0.03976335177865546
4590 1.4000000000000001 0.03758880058959435 0.027589908689726862
4600 2.4000000000000004 0.11619401584395339 0.050877358519091316
4610 1.4000000000000001 0.00564837928659645 0.004050900219635075
4620 1.2000000000000002 0.005601219149807823 0.004689572058856913
4630 0.531024279407841 0.0 0.0
4640 1.05 0.0008241758058815662 0.0007855459369878478
4650 2.5500000000000003 0.09298012263655098 0.03784264160545783
4660 0.9500000000000001 0.004250766532294281 0.004494602143856171
4670 2.45 0.10147668740972016 0.04320872050352247
4680 2.6 0.13492750486355387 0.05473571472229071
4690 0.0 0.0 0.0
4700 1.4000000000000001 0.03288622606952374 0.02405522254009281
4710 1.55 0.050816463307356896 0.033896092148572664
4720 1.8 0.056897325685878464 0.032641408061786434
4730 2.5 0.1424411051937451 0.06041889579409678
4740 0.0 0.0 0.0
4750 1.1 0.0008044811414289477 0.0007318817513597022
4760 1.7000000000000002 0.07155689869421522 0.043941909076735036
4770 2.1 0.057265496147595574 0.02803374400324577
4780 1.9000000000000001 0.10502536619901881 0.058510780164408464
4790 2.0500000000000003 0.07397320114170758 0.03743532283289263
4800 2.6500000000000004 0.13553520934737184 0.05390221006522574
4810 1.4500000000000002 0.0480217563355434 0.03425285417413133
4820 1.4500000000000002 0.03727926491282352 0.026388276173013824
4830 0.9114062265935032 0.0 0.0
4840 1.55 0.061972443837044144 0.04164737647523609
4850 1.6500000000000001 0.08104779210426316 0.051657272730419014
4860 0.12039888392557294 0.0 0.0
4870 2.85 0.14712333407415423 0.05443213000758896
4880 0.48009775634370877 0.0 0.0
4890 0.0 0.0 0.0
4900 0.7374772634397869 0.0 0.0
4910 1.25 0.04642807634793922 0.038575240445174304
4920 3.0500000000000003 0.19132250425796515 0.06692692846357719
4930 2.15 0.08842840676665187 0.04289368705743643
4940 2.0500000000000003 0.053942885075580094 0.027024720220805213
4950 0.0 0.0 0.0
4960 2.35 0.059415238826119765 0.02593889553149328
4970 1.75 0.035626899683552926 0.020781298818195845
4980 1.8 0.05101051550649971 0.029165707374891468
4990 0.0 0.0 0.0
5000 2.0500000000000003 0.06945863413268216 0.03507052936622955
5010 2.75 0.11790969169786836 0.04479697802387629
5020 0.8500000000000001 0.005294844379225561 0.006268275201107746
5030 2.45 0.18022371607517051 0.07940153280812902
5040 1.3546907989711063 0.0 0.0
5050 1.35 0.00711810162224058 0.0053006162573488065
5060 1.35 0.04001575649669231 0.030546746417100146
5070 1.6 0.035125458585959723 0.02244618188638938
5080 1.85 0.07731687666308917 0.043615734614513256
5090 2.0 0.0782671073243435 0.04072735998985326
5100 1.2000000000000002 0.02745213039644212 0.023412374972566166
5110 2.0 0.04041945879911779 0.020626587144179177
5120 2.5500000000000003 0.1060173237843327 0.043378917868801325
5130 1.3 0.023930982675629764 0.018753674253299914
5140 0.42619231485703585 0.0 0.0
5150 2.75 0.14732527765188586 0.05660533619005992
5160 2.3000000000000003 0.11147293640227174 0.05093514183874013
5170 1.85 0.07515780345236367 0.04234618919843021
5180 1.9500000000000002 0.07896407441433206 0.042203398307071455
5190 1.9000000000000001 0.11173190676862466 0.062480512397180145
5200 0.9783864514072864 0.0 0.0
5210 0.4294797228641363 0.0 0.0
5220 1.4000000000000001 0.010266307335372149 0.0073872479235125126
5230 2.6 0.19602258337167555 0.08154094211359321
5240 1.7000000000000002 0.039735832421930795 0.023933439748865946
5250 1.55 0.0682813921172758 0.046082563689231984
5260 1.013731900168285 0.0 0.0
5270 2.5500000000000003 0.11362134656534995 0.04663533987427359
5280 2.75 0.15330757737938328 0.05903955972754879
5290 2.75 0.085640166044751 0.03214286784890386
5300 1.85 0.09166242162038873 0.05213016132252594
5310 2.5 0.0890632527150057 0.03694134772108877
5320 2.5500000000000003 0.11362134656534995 0.04663533987427359
5330 1.85 0.060063665238250685 0.033556313748022495
5340 3.1500000000000004 0.04853435314445065 0.015648844343530827
5350 2.25 0.11323090591100371 0.05299164342288435
5360 0.7295600583340638 0.0 0.0
5370 2.4000000000000004 0.12614836624382786 0.05547783521629489
5380 0.6089154777236488 0.0 0.0
5390 2.75 0.09044851044409086 0.034008933761682465
5400 1.9000000000000001 0.0640348411704399 0.034878026340795336
5410 1.55 0.024598535783613817 0.016125942160577594
5420 1.3 0.029939389954631412 0.023573197781137332
5430 3.2 0.09853435314445047 0.03177025457120586
5440 0.9500000000000001 0.015151054538061759 0.01620695472954205
5450 1.8 0.045837371541588734 0.026130628254161025
5460 2.0500000000000003 0.08486942685313847 0.04318767821989193
5470 3.0 0.15458723388969187 0.05432857957582488
5480 1.7000000000000002 0.048829614778259645 0.029572729268458973
5490 2.3000000000000003 0.11213583702233576 0.051253564512762
5500 2.3000000000000003 0.1483005303212792 0.06892251097846046
5510 1.6 0.03807295270463751 0.0243756280234501
5520 2.45 0.14014772101797934 0.060673889102442556
5530 1.35 0.03777912660062355 0.028790219212680827
5540 2.3000000000000003 0.09797825150914408 0.04449467929928165
5550 2.5 0.1183253948552827 0.049681595714076536
5560 0.5535910629477673 0.0 0.0
5570 2.0500000000000003 0.11498907937710046 0.05942554543314117
5580 1.85 0.06477654774679387 0.03628484023388592
5590 2.3000000000000003 0.1034292549761382 0.04708669420752693
5600 0.0 0.0 0.0
5610 1.25 0.022778853967995838 0.018561327794625368
5620 0.005066475173750057 0.0 0.0
5630 1.85 0.06807747234132 0.038204507370345094
5640 1.25381753653683 0.0 0.0
5650 2.1 0.11323169954489831 0.05699290627848287
5660 2.3000000000000003 0.09314852915275251 0.042208789482778925
5670 1.4000000000000001 0.018029432165098225 0.013046176658700103
5680 1.3 0.006084719705178543 0.004702564223364088
5690 1.85 0.08294338992252848 0.04693872819325922
5700 1.85 0.055025366199018766 0.030655233317976642
5710 1.35 0.0641642820535413 0.04990083970914631
5720 0.0 0.0 0.0
5730 0.9500000000000001 0.009953183269638899 0.01058796550607737
5740 1.7000000000000002 0.021537752211176153 0.012831835949572056
5750 2.6500000000000004 0.1260588572459289 0.04994524440786925
5760 1.85 0.0427848219929996 0.023674448130843368
5770 2.3000000000000003 0.13471005965961824 0.0622134048424212
5780 1.05 0.00463632244596579 0.004435128697807794
5790 1.75 0.03923157003335387 0.022932133505712837
5800 1.55 0.030104921637250648 0.019807236740104494
5810 2.3000000000000003 0.14951445384338902 0.06952590502670622
5820 2.7 0.13893458345536835 0.05424874450993827
5830 2.6 0.0646694810751609 0.025507317721472217
5840 1.85 0.06089802197140459 0.03403831794904608
5850 2.5 0.07352209311416624 0.030299922742146553
5860 2.35 0.06787024595164981 0.02973987164018715
5870 1.5 0.04351667534104098 0.02987790838678539
5880 2.45 0.13014616112641386 0.056101017635493286
5890 1.05 0.03284545139394779 0.03229150519845825
5900 1.75 0.05481105548310605 0.03233330164191607
5910 1.105340038925271 0.0 0.0
5920 2.5 0.19014772101797917 0.08232029500249233
5930 2.95 0.09581000292709696 0.03356819378715303
5940 1.75 0.06472581131493227 0.03840669473816274
5950 0.9500000000000001 0.004488761531446062 0.004747443868268045
5960 1.3 0.030760454311930863 0.024235341875717614
5970 2.1 0.11281351127106021 0.05677047016519264
5980 2.4000000000000004 0.11703273362124289 0.05126343042442313
5990 2.8000000000000003 0.08318995604754287 0.030620453657671565
6000 1.1654657675773628 0.0 0.0
6010 2.3000000000000003 0.12965646815523302 0.05974006706902593
6020 1.3 0.05246673466178775 0.042056381276184863
6030 0.8 0.0058168316684531485 0.007324294823162006
6040 2.15 0.15437016961611594 0.07735411009887587
6050 1.6 0.05420616534042977 0.03506687898801691
6060 2.4000000000000004 0.149998142514578 0.06666578608171207
6070 1.55 0.042146090825436966 0.027951043910154922
6080 1.7000000000000002 0.060097735399777585 0.03664714458725885
6090 1.8 0.03320964556985917 0.01879659660048947
6100 2.4000000000000004 0.10164740859372223 0.04422620313949649
6110 1.9000000000000001 0.07430038385636561 0.04069693787486678
6120 2.25 0.14160974036063756 0.06716486177699366
6130 3.1500000000000004 0.013186962639281319 0.004203936441929828
6140 3.1 0.048280859189708814 0.015820872420418512
6150 2.15 0.05406123784450889 0.025793328899033102
6160 1.0005072419688288 0.0 0.0
6170 2.1 0.059153109252616964 0.028984589447057625
6180 2.75 0.20630120183284983 0.08110284204305131
6190 1.6500000000000001 0.035812392810162574 0.02218601645226907
6200 1.8 0.0714558288936491 0.04133873469250945
6210 1.35 0.051338373594557396 0.039531755270737115
6220 1.8 0.017529071408991737 0.009834141543530227
6230 1.6500000000000001 0.05207029423766141 0.03258609815556296
6240 2.6500000000000004 0.15523517907241757 0.06222437392503367
6250 2.0 0.042778346504895204 0.021856669339675377
6260 1.75 0.03029597998972222 0.017616973407750224
6270 2.35 0.08665886017273339 0.03828802412850014
6280 3.0500000000000003 0.1081195401799615 0.0367518468736746
6290 1.6500000000000001 0.04538498059234275 0.028284030775865845
6300 1.7000000000000002 0.03491233169842456 0.020967263383816822
6310 2.2 0.11720246537145673 0.05627165551276649
6320 2.45 0.1264440770362838 0.05441834895671598
6330 3.0500000000000003 0.15782691709749486 0.05457035681249896
6340 2.75 0.11125466656894556 0.04216195672974837
6350 2.45 0.15164740859372206 0.06598091570490258
6360 2.85 0.20446394757445674 0.0772863962246877
6370 1.1 0.01138052733831163 0.010454091281764505
6380 2.0500000000000003 0.04663452036669602 0.023278089215769054
6390 0.8500000000000001 0.025410448813326103 0.03081587533671474
6400 0.6815463367980352 0.0 0.0
6410 1.5 0.05682566774194786 0.03937547008131443
6420 1.4500000000000002 0.005916833186195625 0.004097293924733161
6430 2.45 0.15077488576988785 0.06557639129667141
6440 2.3000000000000003 0.062161178517261106 0.02777732601674797
6450 2.3000000000000003 0.10478035651918427 0.04773114928629234
6460 1.2000000000000002 0.024663021946099706 0.020983787974523056
6470 2.35 0.12396856197156714 0.05569039136363882
6480 1.8 0.13403036208471986 0.08045186360805438
6490 1.55 0.019390962616784746 0.012668788791379566
6500 2.0500000000000003 0.08246929475364384 0.04191512464519215
6510 3.1 0.048280859189708814 0.015820872420418512
6520 1.8 0.06673098555756574 0.03850007413825029
6530 1.3 0.018230041492907523 0.014222553252956934
6540 2.0500000000000003 0.07600990509085825 0.03850571757522259
6550 2.4000000000000004 0.10338669418580526 0.04501702307657432
6560 0.0 0.0 0.0
6570 0.5162930290702556 0.0 0.0
6580 2.15 0.07895275842576055 0.038122142672973106
6590 1.6500000000000001 0.011569273413102099 0.007061191678944319
6600 1.1 0.02053886834092422 0.019026964231085415
6610 0.9 0.006466346371096443 0.007236824651018688
6620 1.35 0.0493823285585715 0.037968366602187414
6630 2.25 0.1242376791831088 0.05844382411264423
6640 2.5500000000000003 0.06397250669025167 0.025732823495480533
6650 0.55 0.006125929019206833 0.01126350628953438
6660 2.1 0.09922724950030792 0.04959446267724606
6670 2.15 0.12488583861047742 0.06166854244147282
6680 2.0 0.07790292696523804 0.04053017303763884
6690 1.3194781401877227 0.0 0.0
6700 0.628939979915422 0.0 0.0
6710 1.6500000000000001 0.06387380063989845 0.040270314345521405
6720 2.15 0.10441911014344774 0.051046189696644165
6730 1.5 0.04041722178738549 0.027690941816181116
6740 0.5865046081739158 0.0 0.0
6750 2.9000000000000004 0.14702260042170945 0.05340494275188412
6760 2.75 0.049839000199987105 0.018457788333243248
6770 3.2 0.050179703385235364 0.015930973407964084
6780 1.2000000000000002 0.020825536101393816 0.01766111524544051
6790 1.7000000000000002 0.11444873472839268 0.07218229850725603
6800 1.9000000000000001 0.08844444695734044 0.048822376332202766
6810 1.75 0.04233624929118873 0.02479191191686065
6820 2.3000000000000003 0.083315691405899 0.03758572706220884
6830 2.0500000000000003 0.054796080009710924 0.02746389953462883
6840 2.1 0.09446265096132622 0.04710091836813987
6850 1.8 0.039034914501305584 0.02216677367583988
6860 1.9500000000000002 0.09411840792791093 0.05071358449265497
6870 0.6884797952784873 0.0 0.0
6880 1.55 0.017994711725583867 0.011745854836997544
6890 1.85 0.026090492650240327 0.014304707851515747
6900 1.6500000000000001 0.05285247461697362 0.03309179257207225
6910 1.1028767115584648 0.0 0.0
6920 2.0 0.09330374969992938 0.04893477379275566
6930 1.7000000000000002 0.052895908692020877 0.032114490499514085
6940 1.3 0.05109977902373308 0.04091582190912603
6950 1.8 0.08078280119210324 0.04698812997457095
6960 2.45 0.11703153015663936 0.0501642142486808
6970 2.2 0.14186865607975818 0.06893080779263229
6980 1.35 0.014879517291646716 0.011144700035957002
6990 0.23765755072670125 0.0 0.0
7000 2.3000000000000003 0.0889632911434517 0.04023600819791889
7010 1.4000000000000001 0.050714217741841816 0.037585972081442036
7020 2.7 0.13535430981191077 0.052777001645784444
7030 0.9 0.024403027546155087 0.027870159803963273
7040 2.45 0.09244110519374527 0.03921051787821492
7050 2.3000000000000003 0.13029175827361028 0.060050358738527876
7060 1.75 0.061977320310141026 0.036715928675512904
7070 1.6 0.03364579114586341 0.021480320961678855
7080 2.25 0.1236652433796217 0.058158877850530324
7090 1.2000000000000002 0.008987418883376286 0.007546031860511671
7100 2.25 0.1019319501230247 0.04745284961007756
7110 2.7 0.1494584220418247 0.05859870050088458
7120 2.6 0.1469408839103834 0.05990107737175922
7130 0.18024148676584334 0.0 0.0
7140 1.9000000000000001 0.1095057958547263 0.06115953662469461
7150 2.45 0.1611208108595914 0.07039288557649935
7160 1.85 0.07135747152250027 0.04011906292580418
7170 1.1 0.02576692554245197 0.02398634537990129
7180 2.1 0.06893499791986857 0.03394032089040392
7190 1.5 0.04613910822553313 0.03173557283683407
7200 1.55 0.038608763287113934 0.0255451813860479
7210 1.009387959730859 0.0 0.0
7220 1.4500000000000002 0.0060687499675551315 0.004202935539637893
7230 1.7000000000000002 0.01518186496770424 0.009010981453742021
7240 1.4000000000000001 0.03772235648222666 0.02769065224091707
7250 2.5 0.09023225561806969 0.03744437854163947
7260 1.7000000000000002 0.04039068309167959 0.02433746465518959
7270 2.5500000000000003 0.11362134656534995 0.04663533987427359
7280 2.25 0.0970825991569253 0.04509350851960605
7290 2.5 0.11940662538918145 0.05015834567241125
7300 1.2750046829929564 0.0 0.0
7310 2.5 0.1444675666898938 0.06133117279428885
7320 0.8828086818891008 0.0 0.0
7330 2.8000000000000003 0.09983900019998737 0.036975202666575044
7340 2.5500000000000003 0.1517237761945407 0.06326367859069766
7350 0.9538852886179998 0.0 0.0
7360 1.8 0.08369449570274745 0.04876433449242853
7370 1.0759715165386075 0.0 0.0
7380 1.75 0.06972904247982292 0.04149868934396886
7390 1.4061114163828319 0.0 0.0
7400 1.5 0.049670562135746055 0.034247779048662635
7410 1.6500000000000001 0.04637312916094838 0.028917655350016034
7420 1.7000000000000002 0.04689396691544512 0.028367186361267442
7430 0.7106546639610483 0.0 0.0
7440 1.8 0.1048110554831061 0.061828538831685126
7450 2.3000000000000003 0.1378372896478166 0.0637497302991434
7460 1.75 0.045186361887681326 0.026505162134739035
7470 2.5500000000000003 0.14255936841031458 0.059216151185493414
7480 2.45 0.1217665290102854 0.05229996498526557
7490 1.35 0.03403468504870011 0.02586290433495174
7500 1.6 0.04610352051361222 0.02966962157533872
7510 1.6 0.047190922489577236 0.030390679171735123
7520 1.9500000000000002 0.054796609016035225 0.028913313091733936
7530 1.4500000000000002 0.051986952239074125 0.037186314049312365
7540 2.4000000000000004 0.1374557735146107 0.06075274547367983
7550 2.1 0.06755122341318165 0.03323637190336645
7560 1.5 0.049057987517153734 0.03381112897351831
7570 2.3000000000000003 0.11411984571465394 0.05220773219928171
7580 0.6665425130327959 0.0 0.0
7590 2.25 0.12136837656929877 0.05701708798899181
7600 2.35 0.09689932154908609 0.04300709794100625
7610 2.0500000000000003 0.08407075075760861 0.04276387402548026
7620 1.55 0.06521593956376726 0.043922844608532956
7630 1.6500000000000001 0.04932744920159382 0.030816702127483584
7640 1.5 0.0186030811390272 0.01255779656496847
7650 2.0 0.02151615064640966 0.010875070146991298
7660 1.9500000000000002 0.03834422494372136 0.020058122097108468
7670 2.4000000000000004 0.15990808510388899 0.07138460883704632
7680 0.9500000000000001 0.014680154764411424 0.01569533121657841
7690 1.6500000000000001 0.03761951613310788 0.02333166179417333
7700 1.2000000000000002 0.0339208087792926 0.029089627046498163
7710 2.25 0.08908151522433183 0.04122391281852525
7720 0.9500000000000001 0.00876834061237075 0.009315815638920904
7730 1.8 0.04453653094912213 0.025370240813499575
7740 2.6 0.11253123117790631 0.04523925389069062
7750 2.4000000000000004 0.07644407703628397 0.03289960714127288
7760 1.9500000000000002 0.025713900643157483 0.013362826167975688
7770 1.7000000000000002 0.042349812533410525 0.02554809986667594
7780 3.2 0.0063011949651397 0.001973008523911484
7790 1.8 0.05101051550649971 0.029165707374891468
7800 1.0 0.006284382096579333 0.006324125316494837
7810 2.7 0.09327707730527379 0.03578327274187149
7820 2.7 0.14772707695278253 0.05788059561295183
7830 2.8000000000000003 0.14753075375476454 0.05562015618601615
7840 2.45 0.11127181023198496 0.04757791466267925
7850 0.903077258670478 0.0 0.0
7860 1.6500000000000001 0.06195558845249516 0.0390137630925077
7870 1.7000000000000002 0.05925547239849838 0.03611499011678565
7880 2.6 0.1037583988161388 0.04156584793993121
7890 2.15 0.07995994740316048 0.03862724651286419
7900 1.4000000000000001 0.009010301862713677 0.006477619406369167
7910 2.5500000000000003 0.11236544016832672 0.0460960974298321
7920 1.5 0.026277224782118136 0.0178305073545689
7930 2.25 0.11323090591100371 0.05299164342288435
7940 2.75 0.16496468356648464 0.06381525332275953
7950 2.35 0.05251800829327635 0.022858942304162504
7960 2.6500000000000004 0.13708970350307847 0.05455415726306902
7970 2.75 0.14327707730527361 0.054964444459313484
7980 2.3000000000000003 0.07902824169841915 0.03558273147914926
7990 1.0537187992814192 0.0 0.0
8000 1.55 0.016945209763071345 0.01105323167246522
8010 1.7000000000000002 0.05629636548847472 0.0342497055469521
8020 1.2000000000000002 0.0325902838214196 0.027916748824141368
8030 2.1 0.08075856638893741 0.039994507365330126
8040 2.9000000000000004 0.20253212773339424 0.07508231323741854
8050 2.3000000000000003 0.13845986041604164 0.06405611345375785
8060 1.85 0.07785589966230755 0.0439331652812385
8070 2.6 0.10670652062082775 0.04279741695205394
8080 2.25 0.06543676622680517 0.029954164390921415
8090 2.15 0.10631870576674407 0.052023133972380224
8100 2.25 0.05947626915022308 0.027151620552017603
8110 1.0620648364078225 0.0 0.0
8120 1.55 0.05329409915800776 0.03560759607350144
8130 2.45 0.1083595305388263 0.04627505031280934
8140 2.5 0.09255936841031431 0.03844720704460128
8150 1.4500000000000002 0.0024205972047051105 0.0016721688634356812
8160 0.9500000000000001 0.034134062987514646 0.03726971558616807
8170 1.85 0.08267613051816247 0.0467804073411866
8180 1.85 0.0781247672504799 0.0440915736088535
8190 2.3000000000000003 0.09175833873827077 0.04155267077328961
8200 2.6500000000000004 0.16826271886610922 0.06780037522313037
8210 1.3 0.023694809037024145 0.018565159183554166
8220 2.3000000000000003 0.08755890490480356 0.039575699935656856
8230 1.3 0.02888290840041763 0.022722460889949312
8240 2.5 0.19104464169078117 0.08274072558539097
8250 1.7000000000000002 0.040172485138612934 0.02420280708623375
8260 2.2 0.14915255285838214 0.07272727821187504
8270 1.8 0.08683113811886245 0.05068451805942696
8280 1.9500000000000002 0.08190144134029698 0.0438421414976405
8290 0.9173315048075226 0.0 0.0
8300 2.45 0.11030367381938255 0.04714444032121262
8310 2.0 0.11163129670045802 0.05911520165813219
8320 1.4000000000000001 0.01012648890530321 0.007285906828548269
8330 1.7000000000000002 0.07607609998824749 0.046847084390898436
8340 2.45 0.11320142620399043 0.04844295416532222
8350 2.0 0.01780699951958975 0.00898348420929445
8360 2.35 0.12758944724143406 0.05741038580070803
8370 2.45 0.06177303067706408 0.025865644878207188
8380 2.6500000000000004 0.1260588572459289 0.04994524440786925
8390 2.2 0.0816083885107668 0.03852374984311609
8400 1.9000000000000001 0.060667823035000845 0.03298361426760126
8410 0.22622106339666403 0.0 0.0
8420 2.4000000000000004 0.12120224454598771 0.05318692466494912
8430 1.3594730230306542 0.0 0.0
8440 1.55 0.028905103653239284 0.019002827320413182
8450 2.7 0.1168691895558176 0.04524323316623727
8460 3.1 0.048280859189708814 0.015820872420418512
8470 2.95 0.14873685391676528 0.05309635195277217
8480 2.95 0.10887969462810831 0.03832280330482393
8490 2.75 0.1453071948091358 0.055786691820069775
8500 2.5 0.12263138910113458 0.05158282503560462
8510 1.3040540861146876 0.0 0.0
8520 0.0 0.0 0.0
8530 0.9 0.014500883220996186 0.016375943178512743
8540 2.2 0.08496790908032903 0.040173342733245604
8550 2.95 0.12546033569518222 0.044417976238992136
8560 2.95 0.18062960454519672 0.06522406856145098
8570 2.0500000000000003 0.03210263800958968 0.01590895484293826
8580 2.4000000000000004 0.09549770245638367 0.041439621283161775
8590 1.7000000000000002 0.054173597608805135 0.032915742225363
8600 2.5 0.13732762487049754 0.05812385429146534
8610 1.25 0.02697353290077742 0.022054741762664642
8620 2.0500000000000003 0.07763364768448655 0.039360663191879336
8630 2.2 0.09815047296226664 0.04669719297203743
8640 1.3 0.016319676978433284 0.012713193998346504
8650 2.4000000000000004 0.13825110989126754 0.06112575560261297
8660 1.8 0.037453101817951806 0.0212494214233858
8670 1.4500000000000002 0.0470262049396033 0.03351894747084628
8680 1.7000000000000002 0.026702471358895252 0.01595799366331491
8690 1.85 0.05248756966466406 0.02920011499162329
8700 1.7000000000000002 0.06324645533615358 0.03864140422505884
8710 1.35 0.020005623547920237 0.015041885817057097
8720 2.5500000000000003 0.14945413664016804 0.06225839669273816
8730 3.0500000000000003 0.1367952305593465 0.04695695681756408
8740 2.5 0.12263138910113458 0.05158282503560462
8750 1.8 0.05101051550649971 0.029165707374891468
8760 2.45 0.09648339796136085 0.0409954184634967
8770 1.8 0.016704501818497697 0.009367209099967978
8780 2.8000000000000003 0.15900682428477175 0.06020720755619137
8790 2.25 0.10791631495775977 0.05037913117555524
8800 3.25 0.11318696263928096 0.03608342648770526
8810 2.4000000000000004 0.12037171267735225 0.0528032194313245
8820 2.7 0.10918569136954925 0.042143387507870715
8830 3.1 0.13940040362506512 0.047085193079047905
8840 2.2 0.09815047296226664 0.04669719297203743
8850 2.5 0.11615364591724431 0.048725307198725615
8860 2.5 0.10059066883408185 0.04192309645857839
8870 2.9000000000000004 0.27009880909807293 0.10270302551003532
8880 2.7 0.13893458345536835 0.05424874450993827
8890 2.6 0.1280771250176964 0.05181275124476257
8900 1.9000000000000001 0.09249684760073085 0.05117382366827469
8910 2.25 0.06609394062407592 0.03026409507877963
8920 1.5 0.05119942732551985 0.03533918214223639
8930 2.4000000000000004 0.14299150058883203 0.06335443602721795
8940 2.2 0.1274376638540904 0.061487976323583396
8950 2.8000000000000003 0.1428260997912001 0.053751130018241125
8960 1.9500000000000002 0.07402636334275603 0.03946023648533887
8970 2.6 0.13356794751803047 0.05415431873893347
8980 2.2 0.11408426703695573 0.05469265379905782
8990 2.8000000000000003 0.09438471376775759 0.03488475033684292
9000 2.5500000000000003 0.12716683091354897 0.052486829277435657
9010 0.4241475003572101 0.0 0.0
9020 2.0500000000000003 0.08166747028031707 0.04149068769998309
9030 2.2 0.0844095390194699 0.0398988086665639
9040 2.25 0.10313556630755771 0.04804009265278686
9050 2.15 0.10107506881344008 0.049330781852952595
9060 3.3000000000000003 0.07166935883139702 0.022200129663749027
9070 3.0500000000000003 0.14219861165196468 0.04890244987906474
9080 3.1500000000000004 0.03730103956805664 0.011983503718869247
9090 2.15 0.09818843896673668 0.047854511024048606
9100 2.35 0.09455895168838824 0.04192481632768615
9110 1.6500000000000001 0.03359555303358275 0.020784125592226074
9120 2.3000000000000003 0.08614971517290426 0.038913975241841
9130 2.3000000000000003 0.10880911976095442 0.04965752675507849
9140 2.35 0.11958057518417631 0.05361349253584923
9150 1.85 0.06422462982688071 0.035964562452585815
9160 2.25 0.07389794712784115 0.03395886099657224
9170 1.1500000000000001 0.024588983175762857 0.021848891478910303
9180 2.4000000000000004 0.1398376334419842 0.0618706140368764
9190 2.3000000000000003 0.11936334721597319 0.054737843218209487
9200 2.4000000000000004 0.16290944637925708 0.0728220170236682
9210 1.55 0.041305968466921916 0.0273786252239285
9220 3.25 0.05630119496513952 0.017628836782097545
9230 3.1 0.11932672144432699 0.04003347911454033
9240 1.9500000000000002 0.031167810589145306 0.016243114307309413
9250 1.85 0.0653278759877256 0.036604973602017386
9260 2.25 0.12878842996879847 0.06071456133293865
9270 2.1 0.05059508790975853 0.024687697199942436
9280 0.0 0.0 0.0
9290 1.5 0.01634703415631522 0.011018098256568657
9300 3.0 0.14581000292709678 0.05108629876659624
9310 2.75 0.10446394757445665 0.03948687355013723
9320 1.3 0.034500470015367934 0.027262333329975158
9330 1.2000000000000002 0.014876652711117488 0.012552830678046877
9340 2.0500000000000003 0.05437016961611629 0.027244616605905075
9350 1.1139234367556945 0.0 0.0
9360 1.9000000000000001 0.07280346294680862 0.03984435252062282
9370 2.15 0.07794327214835217 0.03761637946523086
9380 1.9500000000000002 0.07435752191873135 0.03964376089135978
9390 2.7 0.15630120183285 0.06144642673317772
9400 1.1731668181214836 0.0 0.0
9410 1.6500000000000001 0.043006952239265095 0.02676237604088776
9420 2.3000000000000003 0.09106148457415442 0.04122409199633124
9430 2.0500000000000003 0.08486942685313847 0.04318767821989193
9440 2.5500000000000003 0.11860509434684197 0.04878067897200782
9450 1.25 0.023221341163350395 0.018928713012803078
9460 2.4000000000000004 0.10855969462143333 0.04737618272953363
9470 2.0 0.09786435287598949 0.051449723380116635
9480 3.0 0.0193267214443269 0.006484012046329322
9490 1.85 0.06862616684640699 0.038524292638180864
9500 2.2 0.09652500309671774 0.04588835295823388
9510 2.85 0.1274421192157904 0.04680970058167571
9520 2.0500000000000003 0.06614848019051589 0.03334346322292726
9530 0.22311694361202317 0.0 0.0
9540 1.8 0.03824460595000301 0.021708238316832797
9550 1.75 0.020217353279025296 0.011687799803836562
9560 0.7029654225429455 0.0 0.0
9570 2.5 0.17176652901028522 0.07377547447476071
9580 1.1541042250221523 0.0 0.0
9590 2.4000000000000004 0.08924931560090865 0.03862351581391735
9600 1.8 0.058929053024756595 0.033846439817477765
9610 0.5869753600152164 0.0 0.0
9620 0.5542829208020292 0.0 0.0
9630 2.0 0.0709360052925847 0.036772240572217875
9640 1.4500000000000002 0.06332742965766114 0.04566862503238741
9650 2.0500000000000003 0.06697848192252254 0.033775973337625505
9660 2.0500000000000003 0.07600990509085825 0.03850571757522259
9670 0.6754625387833251 0.0 0.0
9680 0.45 0.001884781634596433 0.004206020142479379
9690 1.9500000000000002 0.06903940272531917 0.0367043322573318
9700 0.0 0.0 0.0
9710 2.15 0.11290472491737935 0.05542437130870089
9720 1.5 0.06300285059445176 0.04384340680182598
9730 1.9500000000000002 0.0893325453261955 0.0480110215835728
9740 0.5174788397813823 0.0 0.0
9750 2.2 0.11094377204681471 0.053107125869711586
9760 2.2 0.13096485074069175 0.06329754754895088
9770 0.0 0.0 0.0
9780 0.9 0.012929409672129077 0.014575401115879884
9790 1.5 0.04088335824971079 0.028019252936947518
9800 1.9000000000000001 0.052618602606952836 0.02848280419041036
9810 2.25 0.12708746064218612 0.0598646709584326
9820 1.4000000000000001 0.0192685810155504 0.013955343342387874
9830 1.105340038925271 0.0 0.0
9840 1.2000000000000002 0.02103368336452327 0.017840783971291903
9850 0.8723412167048279 0.0 0.0
9860 1.75 0.032725683322889054 0.019056759310424297
9870 1.1500000000000001 0.002516204351248552 0.002192801641983945
9880 1.0 0.025713859839178066 0.026392513225050672
9890 0.23600108008223253 0.0 0.0
9900 1.5 0.07030817007639101 0.0491771503514486
9910 1.3 0.03274982322504627 0.025843218509854025
9920 2.0500000000000003 0.07110537613221002 0.03593186583792577
9930 2.4000000000000004 0.140628279793666 0.06224220589112414
9940 0.8 0.018615646696797272 0.023823930717452937
9950 2.4000000000000004 0.1374557735146107 0.06075274547367983
9960 0.9500000000000001 0.0007497433739990234 0.0007898268857612938
9970 0.4856930011556036 0.0 0.0
9980 0.6084976309994354 0.0 0.0
9990 2.0500000000000003 0.06155764742607417 0.030957722936443836
